Epoch	AverageTestEnv0Ret	StdTestEnv0Ret	MaxTestEnv0Ret	MinTestEnv0Ret	AverageEnv0Ret	StdEnv0Ret	MaxEnv0Ret	MinEnv0Ret	AverageEpRet	StdEpRet	MaxEpRet	MinEpRet	AverageTestEpRet	StdTestEpRet	MaxTestEpRet	MinTestEpRet	EpLen	TestEpLen	TotalEnvInteracts	AverageQ1Vals	StdQ1Vals	MaxQ1Vals	MinQ1Vals	AverageQ2Vals	StdQ2Vals	MaxQ2Vals	MinQ2Vals	AverageLogPi	StdLogPi	MaxLogPi	MinLogPi	LossPi	LossQ	Time
1	-163.72037	12.243385	-133.27345	-176.7227	-302.27216	58.46644	-213.64996	-359.36203	-302.27216	58.46644	-213.64996	-359.36203	-163.72037	12.243385	-133.27345	-176.7227	1000.0	1000.0	3999	3.065816	3.2226124	21.501684	-6.018117	3.09266	3.1781938	21.462881	-1.0462266	-3.285412	1.3763278	10.295766	-11.21475	1.51035	1.1240933	124.15205192565918
2	-36.083	15.433549	-18.322113	-64.935974	-271.10522	47.778065	-215.56448	-332.09344	-271.10522	47.778065	-215.56448	-332.09344	-36.083	15.433549	-18.322113	-64.935974	1000.0	1000.0	7999	11.35308	7.603889	44.20126	-5.1820235	11.346114	7.610833	45.35088	-0.9371335	-1.4087992	2.8193526	18.450436	-13.774308	4.806406	3.9360726	287.12628054618835
3	112.61617	109.89973	386.47192	-5.980674	-214.27203	43.564884	-143.19078	-249.9211	-214.27203	43.564884	-143.19078	-249.9211	112.61617	109.89973	386.47192	-5.980674	1000.0	1000.0	11999	26.323603	11.879109	73.32423	0.61745375	26.323423	11.877552	77.544334	1.6433046	-0.6604299	3.4379916	22.286877	-12.942589	10.589624	6.3033986	450.33109498023987
4	686.69147	273.10992	1086.3414	92.94545	5.2909603	145.8467	178.86627	-172.11304	5.2909603	145.8467	178.86627	-172.11304	686.69147	273.10992	1086.3414	92.94545	1000.0	1000.0	15999	30.078558	13.692911	75.26729	6.090516	30.077898	13.692108	75.587906	6.967436	-2.5699627	2.2226336	11.709139	-11.872582	11.809565	3.6740556	616.1321926116943
5	1044.7228	191.76408	1372.142	766.6822	-7.2510557	99.209435	121.97138	-144.22691	-7.2510557	99.209435	121.97138	-144.22691	1044.7228	191.76408	1372.142	766.6822	1000.0	1000.0	19999	31.743202	13.894057	79.85071	11.68993	31.74283	13.893174	80.55615	11.899076	-2.7807887	2.1352184	15.006094	-12.124643	12.407203	3.2477217	783.3386173248291
6	1728.2025	109.95122	1907.7828	1561.3542	722.7555	280.4253	1017.9716	270.4468	722.7555	280.4253	1017.9716	270.4468	1728.2025	109.95122	1907.7828	1561.3542	1000.0	1000.0	23999	36.514534	15.012678	86.355576	15.621116	36.51423	15.012065	86.22385	15.752474	-2.778749	2.1066236	15.171089	-12.326928	14.329433	3.827587	949.2510960102081
7	2009.1155	80.53565	2173.1084	1877.525	947.86646	620.94104	1539.8417	-94.51317	947.86646	620.94104	1539.8417	-94.51317	2009.1155	80.53565	2173.1084	1877.525	1000.0	1000.0	27999	42.959427	17.087282	98.83754	19.07508	42.959484	17.087332	98.40625	18.780128	-2.4423685	2.3675666	15.7370205	-13.930986	16.462868	4.689631	1115.4580519199371
8	2152.0059	83.30107	2276.1475	2034.0758	1255.2646	390.70694	1568.4175	585.2956	1255.2646	390.70694	1568.4175	585.2956	2152.0059	83.30107	2276.1475	2034.0758	1000.0	1000.0	31999	51.10638	20.618721	112.28438	21.85521	51.10627	20.61872	110.874794	22.168901	-2.1095252	2.6079981	18.227047	-14.878356	19.315247	6.333361	1281.7152972221375
9	2451.9604	80.06283	2568.438	2329.1887	1673.3374	508.80084	2055.441	804.1853	1673.3374	508.80084	2055.441	804.1853	2451.9604	80.06283	2568.438	2329.1887	1000.0	1000.0	35999	61.14141	25.022766	133.32709	25.15779	61.14102	25.022406	132.78032	24.731813	-1.5953375	2.917664	18.759417	-14.279522	22.7769	7.9976926	1446.9143443107605
10	2380.446	924.3566	2867.4092	-379.11774	2137.016	84.333374	2239.9614	2005.7714	2137.016	84.333374	2239.9614	2005.7714	2380.446	924.3566	2867.4092	-379.11774	1000.0	1000.0	39999	71.86732	30.455078	152.13606	27.10564	71.866806	30.45419	150.64764	26.551268	-1.2441632	3.1675692	17.782345	-14.004326	26.359966	9.966012	1612.7491269111633
11	2648.11	999.54376	3278.054	-305.20535	2246.225	251.90382	2578.2046	1869.3159	2246.225	251.90382	2578.2046	1869.3159	2648.11	999.54376	3278.054	-305.20535	1000.0	1000.0	43999	83.98185	35.847424	175.66316	28.56968	83.98145	35.84512	179.55988	28.709986	-0.9622611	3.2961476	21.11391	-14.628321	30.34075	12.4875765	1779.9884045124054
12	2918.0308	87.20649	3053.3684	2789.185	2414.6733	289.39255	2695.56	1935.1305	2414.6733	289.39255	2695.56	1935.1305	2918.0308	87.20649	3053.3684	2789.185	1000.0	1000.0	47999	95.32391	40.82098	190.34293	27.819866	95.32411	40.81526	189.66278	27.846949	-0.7319299	3.404141	18.79203	-15.1086035	34.393738	14.926843	1950.5125215053558
13	3354.709	82.63662	3486.8547	3235.9612	2621.6387	117.1021	2810.5498	2497.1426	2621.6387	117.1021	2810.5498	2497.1426	3354.709	82.63662	3486.8547	3235.9612	1000.0	1000.0	51999	107.42601	45.83249	201.67159	28.958338	107.42645	45.8263	201.64124	24.879179	-0.46856672	3.490371	18.894154	-15.340305	38.467846	16.224497	2122.4147565364838
14	3571.3403	146.85815	3795.5842	3233.2896	2936.037	93.58849	3078.6409	2832.4583	2936.037	93.58849	3078.6409	2832.4583	3571.3403	146.85815	3795.5842	3233.2896	1000.0	1000.0	55999	119.85093	50.53496	214.37402	29.175102	119.85128	50.528877	212.3327	24.16032	-0.3299607	3.5332632	21.61096	-12.130619	42.890297	17.010756	2296.0705399513245
15	3863.8296	104.63216	4048.0085	3652.294	3058.0386	32.081665	3095.8342	3021.3599	3058.0386	32.081665	3095.8342	3021.3599	3863.8296	104.63216	4048.0085	3652.294	1000.0	1000.0	59999	131.86598	54.941067	225.17555	29.875587	131.86601	54.935806	225.36699	30.196268	-0.18905358	3.6063576	22.070112	-14.806179	47.38093	18.732887	2480.9074442386627
16	3783.3223	112.30995	3984.9453	3642.81	3197.7522	110.25169	3363.3567	3067.2847	3197.7522	110.25169	3363.3567	3067.2847	3783.3223	112.30995	3984.9453	3642.81	1000.0	1000.0	63999	143.75063	58.883503	245.20139	29.803612	143.75089	58.87834	241.93867	30.084017	-0.0032227305	3.6345155	21.940004	-13.785283	51.670788	20.446423	2696.6271550655365
17	3859.6406	117.29944	4111.216	3692.5225	3008.9067	381.10272	3331.3328	2398.4636	3008.9067	381.10272	3331.3328	2398.4636	3859.6406	117.29944	4111.216	3692.5225	1000.0	1000.0	67999	154.43752	62.469677	257.6932	29.281721	154.43787	62.46478	257.25638	29.52995	0.11202623	3.751596	19.147327	-13.828808	56.360344	22.449919	2931.3418827056885
18	3416.6108	1230.1864	4124.5264	399.08878	3458.1377	161.27754	3577.5125	3180.4436	3458.1377	161.27754	3577.5125	3180.4436	3416.6108	1230.1864	4124.5264	399.08878	1000.0	1000.0	71999	164.29314	65.87863	275.0558	28.421484	164.29391	65.87401	274.64465	28.73237	0.21820475	3.8445635	22.626429	-14.436773	60.218132	24.360691	3192.2934863567352
19	4046.888	120.47104	4234.203	3889.1492	3446.6606	149.71277	3696.552	3318.72	3446.6606	149.71277	3696.552	3318.72	4046.888	120.47104	4234.203	3889.1492	1000.0	1000.0	75999	173.95097	68.79577	282.8006	28.134909	173.95114	68.79144	283.03745	28.69407	0.35458758	3.91807	33.687313	-12.834386	63.43528	25.969254	3473.549557685852
20	4013.0122	716.887	4376.077	1871.5542	3709.5212	67.496895	3809.7188	3643.6355	3709.5212	67.496895	3809.7188	3643.6355	4013.0122	716.887	4376.077	1871.5542	1000.0	1000.0	79999	183.19579	71.368546	291.9101	27.272205	183.19548	71.36446	292.27603	27.733702	0.56528056	4.0108433	26.007572	-12.857672	67.257835	28.165634	3757.519952058792
21	4318.354	158.16135	4537.581	4043.352	3228.4688	1050.0559	4060.1902	1433.202	3228.4688	1050.0559	4060.1902	1433.202	4318.354	158.16135	4537.581	4043.352	1000.0	1000.0	83999	191.5733	74.01741	304.72278	26.966494	191.57372	74.014336	300.50006	27.081573	0.7315154	4.108988	27.722843	-13.464342	69.10314	30.486393	3963.89155960083
22	4521.0986	144.52203	4777.0674	4295.5063	3774.8928	93.79603	3894.1553	3664.8098	3774.8928	93.79603	3894.1553	3664.8098	4521.0986	144.52203	4777.0674	4295.5063	1000.0	1000.0	87999	198.94637	77.28546	312.46094	26.071985	198.94595	77.282265	313.1607	26.831568	0.7473585	4.1087813	35.45947	-13.360646	72.00101	31.330973	4169.100845575333
23	4287.1436	325.94135	4675.824	3425.204	4146.5444	214.36328	4366.987	3931.2217	4146.5444	214.36328	4366.987	3931.2217	4287.1436	325.94135	4675.824	3425.204	1000.0	1000.0	91999	207.8783	79.35555	326.9271	25.81591	207.8789	79.35163	325.6048	25.973625	1.0071125	4.1712446	22.58417	-13.295556	73.91638	33.1711	4372.726623296738
24	4517.9307	146.20049	4770.585	4287.0215	3332.4563	1556.4924	4304.865	638.50507	3332.4563	1556.4924	4304.865	638.50507	4517.9307	146.20049	4770.585	4287.0215	1000.0	1000.0	95999	217.0535	82.132126	333.27112	24.965572	217.05434	82.128075	337.9425	25.298912	1.1380525	4.213834	24.201153	-13.67384	76.46797	33.48018	4577.7691440582275
25	4640.275	61.229397	4742.285	4555.095	4205.867	92.93227	4283.63	4047.0745	4205.867	92.93227	4283.63	4047.0745	4640.275	61.229397	4742.285	4555.095	1000.0	1000.0	99999	223.99472	85.90247	343.96698	23.557074	223.99442	85.900604	344.0921	24.164482	1.1160736	4.3037186	31.731907	-13.349766	80.2475	36.19203	4825.013131856918
26	4978.675	108.478165	5106.7847	4787.1	4374.3784	150.61328	4564.6567	4142.7417	4374.3784	150.61328	4564.6567	4142.7417	4978.675	108.478165	5106.7847	4787.1	1000.0	1000.0	103999	231.89124	87.68211	356.6034	24.086336	231.89136	87.67837	358.10034	23.728466	1.2522753	4.2739244	24.255167	-13.026069	83.02181	38.17883	5069.153246164322
27	5018.4233	120.29483	5212.0176	4759.11	4576.936	157.30356	4743.3467	4385.0	4576.936	157.30356	4743.3467	4385.0	5018.4233	120.29483	5212.0176	4759.11	1000.0	1000.0	107999	240.15569	89.69243	365.72787	23.285627	240.15608	89.68916	365.64883	22.919388	1.4440731	4.2949076	36.05637	-12.3636	85.1358	38.291992	5326.381074428558
28	4750.459	1193.0018	5403.2227	1197.6619	4167.6616	892.18616	4745.1323	2626.904	4167.6616	892.18616	4745.1323	2626.904	4750.459	1193.0018	5403.2227	1197.6619	1000.0	1000.0	111999	248.6558	92.11334	376.66595	6.7982655	248.65466	92.1116	376.82053	6.219363	1.5393301	4.2836437	31.913372	-14.00054	82.80212	38.05649	5587.181906938553
29	5161.6533	586.5916	5477.719	3431.154	4713.1274	45.042133	4759.25	4657.756	4713.1274	45.042133	4759.25	4657.756	5161.6533	586.5916	5477.719	3431.154	1000.0	1000.0	115999	257.57047	94.537254	394.52924	6.535338	257.5704	94.53448	394.13376	5.55665	1.5896741	4.337567	41.720848	-13.373901	87.11825	40.526634	5848.800621509552
30	5521.5615	112.70756	5641.7793	5204.3276	4892.8857	146.92673	5140.1533	4767.66	4892.8857	146.92673	5140.1533	4767.66	5521.5615	112.70756	5641.7793	5204.3276	1000.0	1000.0	119999	265.183	96.52842	398.2392	7.7811513	265.183	96.52528	399.54022	4.94358	1.7229133	4.311827	36.939903	-17.055819	82.63022	39.779743	6112.590848445892
31	5409.77	75.01096	5531.061	5297.0547	4986.948	119.274635	5117.219	4792.5254	4986.948	119.274635	5117.219	4792.5254	5409.77	75.01096	5531.061	5297.0547	1000.0	1000.0	123999	273.803	98.531685	407.8255	8.807493	273.80325	98.52786	406.9033	7.454529	1.7580595	4.3700705	32.40536	-16.010162	89.00687	41.24322	6385.390456914902
32	5675.9194	136.9418	5928.955	5453.653	4550.9595	901.06213	5098.4907	2990.7124	4550.9595	901.06213	5098.4907	2990.7124	5675.9194	136.9418	5928.955	5453.653	1000.0	1000.0	127999	281.12613	100.77161	415.6301	7.8584976	281.12692	100.76801	416.4122	4.588442	1.9170374	4.390265	37.90059	-14.029752	90.76537	43.291958	6627.129192829132
33	5289.1533	1550.531	5979.79	646.8373	4990.6987	582.044	5417.717	4004.048	4990.6987	582.044	5417.717	4004.048	5289.1533	1550.531	5979.79	646.8373	1000.0	1000.0	131999	288.2362	102.37567	424.15964	7.550564	288.236	102.37249	423.3488	5.970993	1.8897083	4.4021487	40.639637	-15.142427	89.742035	45.541973	6851.834981441498
34	5972.9043	113.295334	6138.316	5752.5312	5262.648	90.924164	5398.5107	5149.3115	5262.648	90.924164	5398.5107	5149.3115	5972.9043	113.295334	6138.316	5752.5312	1000.0	1000.0	135999	295.06018	104.17624	431.31015	9.584171	295.06116	104.170296	431.34445	7.5929685	2.0386586	4.429077	43.33909	-12.962351	91.856064	47.234436	7059.421898603439
35	5952.7188	98.73781	6117.4565	5805.6465	5304.6387	178.84848	5574.053	5120.8975	5304.6387	178.84848	5574.053	5120.8975	5952.7188	98.73781	6117.4565	5805.6465	1000.0	1000.0	139999	302.0346	105.15786	435.66095	8.039539	302.03513	105.154015	436.2124	7.9010673	2.0260546	4.4084144	32.17846	-15.011249	95.64791	47.79536	7323.381618738174
36	6023.356	86.67284	6101.718	5871.954	5173.36	120.39471	5317.736	5037.6724	5173.36	120.39471	5317.736	5037.6724	6023.356	86.67284	6101.718	5871.954	1000.0	1000.0	143999	307.85123	106.02505	447.7529	7.2654023	307.85095	106.02059	449.93884	4.944104	2.1342297	4.4977384	35.37786	-13.489219	97.028404	50.36486	7612.589373826981
37	6078.1196	115.983536	6266.71	5906.185	5308.878	75.065346	5401.171	5219.6104	5308.878	75.065346	5401.171	5219.6104	6078.1196	115.983536	6266.71	5906.185	1000.0	1000.0	147999	313.52863	106.779076	454.11572	4.939123	313.52817	106.77744	455.35788	5.3431726	2.2195697	4.5046253	46.80076	-13.673051	96.68852	52.326046	7948.69166970253
38	6139.1226	133.21342	6386.9194	5980.4155	5284.3857	276.48907	5559.966	4827.61	5284.3857	276.48907	5559.966	4827.61	6139.1226	133.21342	6386.9194	5980.4155	1000.0	1000.0	151999	318.53793	107.72136	455.3147	3.354412	318.53925	107.71595	456.66083	3.0257165	2.1987724	4.462969	41.748596	-14.191765	99.0735	53.30857	8306.78652048111
39	6281.537	212.871	6717.915	5905.8535	5456.2197	80.3552	5585.7695	5382.474	5456.2197	80.3552	5585.7695	5382.474	6281.537	212.871	6717.915	5905.8535	1000.0	1000.0	155999	323.5894	107.5957	462.19177	2.045793	323.58954	107.59199	458.65063	1.1658133	2.365569	4.4697814	50.649025	-12.826765	100.478325	53.498547	8558.361349105835
40	5803.471	100.71436	5999.541	5580.101	5577.593	157.47173	5763.0815	5338.038	5577.593	157.47173	5763.0815	5338.038	5803.471	100.71436	5999.541	5580.101	1000.0	1000.0	159999	329.6965	109.661156	472.6302	2.0459175	329.69635	109.65973	474.17096	1.1985291	2.524219	4.5063176	53.113087	-14.314293	99.191666	50.190887	8780.933817386627
41	5848.254	150.24315	6040.6016	5548.621	5612.6313	297.20435	5995.275	5320.3335	5612.6313	297.20435	5995.275	5320.3335	5848.254	150.24315	6040.6016	5548.621	1000.0	1000.0	163999	337.92487	110.24371	482.08435	2.0592332	337.92496	110.240036	482.1788	1.2121392	2.4971786	4.502501	40.13076	-15.243181	98.791985	50.001858	9038.056809425354
42	6218.828	128.18973	6442.468	5898.0234	5525.9507	229.46056	5854.313	5206.248	5525.9507	229.46056	5854.313	5206.248	6218.828	128.18973	6442.468	5898.0234	1000.0	1000.0	167999	344.18295	110.94361	487.1885	2.574737	344.18277	110.9409	486.56412	1.2359418	2.5717156	4.547744	46.092506	-14.096908	100.77824	52.791004	9291.10062456131
43	6330.6816	101.89497	6471.9287	6150.883	5820.0283	168.28026	5931.844	5528.992	5820.0283	168.28026	5931.844	5528.992	6330.6816	101.89497	6471.9287	6150.883	1000.0	1000.0	171999	351.59213	111.84719	489.97382	2.1224275	351.5926	111.84392	493.88174	1.257642	2.6542869	4.48667	39.411247	-15.530845	98.99991	50.68078	9502.248095273972
44	6202.4834	91.686806	6372.932	6055.046	5961.3794	103.361435	6136.3506	5868.2754	5961.3794	103.361435	6136.3506	5868.2754	6202.4834	91.686806	6372.932	6055.046	1000.0	1000.0	175999	357.98505	113.49787	501.51456	2.1422887	357.98456	113.493515	499.0519	1.2814087	2.6930342	4.513655	38.29172	-13.073285	97.63269	55.132477	9712.874012470245
45	6497.1484	188.34596	6851.283	6258.565	5292.334	1156.5594	6339.0054	3333.2056	5292.334	1156.5594	6339.0054	3333.2056	6497.1484	188.34596	6851.283	6258.565	1000.0	1000.0	179999	363.12897	114.66699	506.5273	2.1577947	363.12973	114.663055	506.1942	1.3062396	2.8151696	4.546167	69.267845	-15.447244	99.85074	57.46708	10025.279235601425
46	6448.733	161.18558	6673.089	6260.677	5894.738	147.25064	6092.051	5676.947	5894.738	147.25064	6092.051	5676.947	6448.733	161.18558	6673.089	6260.677	1000.0	1000.0	183999	367.89627	115.22013	513.3356	2.172621	367.8966	115.21628	513.2871	1.3228633	2.838792	4.554729	57.040154	-14.571041	102.01069	55.476475	10235.789036273956
47	6880.9297	175.64137	7178.823	6651.017	6036.252	389.1335	6488.237	5442.8735	6036.252	389.1335	6488.237	5442.8735	6880.9297	175.64137	7178.823	6651.017	1000.0	1000.0	187999	373.2116	115.872154	517.9442	2.194309	373.21155	115.86918	519.51215	1.3460875	2.872966	4.5204086	56.736515	-15.522884	101.64953	55.622055	10445.986799955368
48	6766.5728	148.21405	7000.473	6557.6113	5806.149	151.65508	5946.922	5576.31	5806.149	151.65508	5946.922	5576.31	6766.5728	148.21405	7000.473	6557.6113	1000.0	1000.0	191999	379.06656	117.03142	523.4215	2.216032	379.06332	117.03966	522.4169	1.366554	2.8676724	4.604644	69.96415	-13.496691	115.55641	57.685383	10670.319967746735
49	5670.7544	121.4568	5866.0386	5445.2856	6052.871	289.22662	6461.629	5643.8164	6052.871	289.22662	6461.629	5643.8164	5670.7544	121.4568	5866.0386	5445.2856	1000.0	1000.0	195999	385.12488	117.423676	524.1892	2.2361102	385.12253	117.43138	528.6408	1.3914497	3.0205772	4.5353456	50.487804	-14.613874	111.94161	55.565662	10905.870152235031
50	6539.975	109.21523	6744.881	6355.637	5754.9946	584.7443	6198.966	4749.9165	5754.9946	584.7443	6198.966	4749.9165	6539.975	109.21523	6744.881	6355.637	1000.0	1000.0	199999	388.75467	118.475914	529.62744	2.2548366	388.75204	118.48235	531.5372	1.4139571	2.9361138	4.5730233	53.366673	-13.66481	118.922195	62.155888	11114.939915418625
51	6588.1016	92.29638	6739.2974	6393.2925	6130.76	104.53551	6214.0054	5955.0796	6130.76	104.53551	6214.0054	5955.0796	6588.1016	92.29638	6739.2974	6393.2925	1000.0	1000.0	203999	391.3082	118.557304	536.43304	2.2724218	391.30453	118.56717	534.1765	1.4354115	2.9179728	4.574201	37.975594	-13.228954	121.636375	63.930367	11324.623456001282
52	5778.2227	78.209045	5947.242	5649.6924	5083.1826	1591.5222	6138.008	2330.7107	5083.1826	1591.5222	6138.008	2330.7107	5778.2227	78.209045	5947.242	5649.6924	1000.0	1000.0	207999	394.1826	118.44176	534.53033	2.2915967	394.17917	118.4513	535.5801	1.4598584	2.9957838	4.5689454	55.404293	-15.336052	121.34631	61.62364	11532.418578147888
53	6692.9023	84.83013	6836.865	6554.9985	6198.4863	242.94313	6547.0674	5949.7617	6198.4863	242.94313	6547.0674	5949.7617	6692.9023	84.83013	6836.865	6554.9985	1000.0	1000.0	211999	396.3042	119.89911	540.50555	2.3106802	396.30035	119.90593	541.4712	1.4835713	3.153476	4.6046014	60.80814	-14.30365	112.95604	63.11762	11764.741745948792
54	7187.7437	132.70464	7467.44	6991.3994	6387.4326	263.24402	6649.1035	6014.3276	6387.4326	263.24402	6649.1035	6014.3276	7187.7437	132.70464	7467.44	6991.3994	1000.0	1000.0	215999	401.84363	120.08534	549.38855	2.3295639	401.83997	120.09473	547.6258	1.5074953	3.1880198	4.558649	43.80807	-13.305426	106.46747	60.50925	12053.20153927803
55	7109.868	114.85479	7252.3003	6855.8174	6529.9746	146.6275	6731.7544	6329.323	6529.9746	146.6275	6731.7544	6329.323	7109.868	114.85479	7252.3003	6855.8174	1000.0	1000.0	219999	407.46915	121.26683	555.4192	2.3470905	407.46628	121.27422	556.45636	1.5307431	3.1663828	4.5336857	42.13578	-12.138657	110.54339	58.430546	12327.787831544876
56	7162.0586	151.15744	7424.3013	6942.915	6609.826	45.08415	6654.463	6540.673	6609.826	45.08415	6654.463	6540.673	7162.0586	151.15744	7424.3013	6942.915	1000.0	1000.0	223999	412.78604	121.944275	564.6434	2.3651564	412.7826	121.953094	564.2199	1.5530863	3.291426	4.5462313	44.328743	-12.456682	100.93839	59.85595	12556.912180900574
57	7390.917	140.35103	7577.201	7048.43	6778.65	157.80116	6912.016	6522.6787	6778.65	157.80116	6912.016	6522.6787	7390.917	140.35103	7577.201	7048.43	1000.0	1000.0	227999	419.45105	122.95567	570.8717	2.3828993	419.448	122.96212	570.92633	1.5757962	3.4521763	4.5380373	43.669746	-12.939774	85.26339	57.353172	12785.79166150093
58	6654.5703	1215.177	7269.2783	3039.3652	6751.983	131.99599	6917.4585	6562.8115	6751.983	131.99599	6917.4585	6562.8115	6654.5703	1215.177	7269.2783	3039.3652	1000.0	1000.0	231999	427.99216	124.68174	583.13617	2.4021268	427.98856	124.688675	583.8199	1.6002488	3.5365906	4.571436	58.830185	-13.669157	74.81892	55.558727	13023.194422960281
59	7588.841	125.64736	7760.314	7396.4756	6838.4233	55.122253	6932.805	6799.424	6838.4233	55.122253	6932.805	6799.424	7588.841	125.64736	7760.314	7396.4756	1000.0	1000.0	235999	435.93713	125.15996	586.68945	2.4212422	435.9344	125.166595	586.52594	1.624488	3.598154	4.537292	55.36587	-16.44602	87.204254	59.426342	13264.987497329712
60	7615.225	167.27405	7856.28	7393.0015	6689.9326	116.59038	6888.3423	6590.753	6689.9326	116.59038	6888.3423	6590.753	7615.225	167.27405	7856.28	7393.0015	1000.0	1000.0	239999	442.75803	125.77855	592.70764	2.44026	442.75537	125.786514	593.1819	1.64789	3.5232878	4.515661	55.890266	-13.529328	90.649284	54.282997	13507.620661497116
61	7264.366	114.05641	7392.737	7057.521	6997.798	159.88896	7186.7197	6744.589	6997.798	159.88896	7186.7197	6744.589	7264.366	114.05641	7392.737	7057.521	1000.0	1000.0	243999	449.01443	126.93423	605.9574	2.4589977	449.0109	126.94162	610.9776	1.671217	3.5999455	4.5163994	68.62055	-12.37833	85.66515	56.71305	13752.889333724976
62	7310.3994	157.75127	7502.7764	6951.818	6971.6357	55.056564	7052.4614	6906.7485	6971.6357	55.056564	7052.4614	6906.7485	7310.3994	157.75127	7502.7764	6951.818	1000.0	1000.0	247999	456.05557	127.643814	608.6493	2.476946	456.0532	127.649765	608.4016	1.6946353	3.6720803	4.499817	68.68171	-12.217302	86.38017	54.916695	13998.111861467361
63	7351.3765	89.43533	7485.386	7170.3027	6927.6973	217.00148	7247.3936	6667.9023	6927.6973	217.00148	7247.3936	6667.9023	7351.3765	89.43533	7485.386	7170.3027	1000.0	1000.0	251999	462.05365	128.11014	622.42316	2.4957552	462.0512	128.11726	624.3264	1.717324	3.6934288	4.5099974	42.307377	-12.855821	83.897484	55.38567	14244.214554071426
64	7006.2085	1868.7295	7905.4824	1411.3462	7133.931	75.06614	7253.0703	7045.1646	7133.931	75.06614	7253.0703	7045.1646	7006.2085	1868.7295	7905.4824	1411.3462	1000.0	1000.0	255999	466.22372	128.46269	625.6607	2.5144393	466.22052	128.47118	625.47266	1.7406715	3.767573	4.551956	69.967026	-13.522336	79.833664	58.825176	14492.571896314621
65	7855.004	173.17336	8117.5156	7612.395	7294.912	143.31142	7474.083	7075.371	7294.912	143.31142	7474.083	7075.371	7855.004	173.17336	8117.5156	7612.395	1000.0	1000.0	259999	472.08124	129.31029	630.5916	2.5315042	472.07788	129.31761	630.2457	1.7619069	3.7429798	4.524958	63.921463	-15.1953125	68.69149	57.300335	14749.914924144745
66	7974.4453	122.35937	8148.5547	7794.8677	7268.4326	203.13913	7523.0635	7016.5317	7268.4326	203.13913	7523.0635	7016.5317	7974.4453	122.35937	8148.5547	7794.8677	1000.0	1000.0	263999	478.18353	129.82204	657.8366	2.5497265	478.18185	129.82782	658.10956	1.7847792	3.7237763	4.481949	46.07138	-12.678041	84.48657	58.18224	15037.677151203156
67	7802.337	226.95319	8093.8545	7315.403	7385.077	186.47865	7613.173	7144.24	7385.077	186.47865	7613.173	7144.24	7802.337	226.95319	8093.8545	7315.403	1000.0	1000.0	267999	482.62277	130.72017	664.67413	2.5689428	482.6201	130.72516	663.259	1.8077388	3.8360035	4.5072675	46.413467	-13.313934	74.990776	57.71561	15315.341864347458
68	7927.66	169.86554	8258.123	7623.399	7262.5957	111.01834	7381.8525	7097.5327	7262.5957	111.01834	7381.8525	7097.5327	7927.66	169.86554	8258.123	7623.399	1000.0	1000.0	271999	487.98117	131.14386	674.4973	2.5842679	487.97824	131.15147	672.3899	1.8273519	3.823721	4.499826	42.452587	-18.767242	78.532845	58.628796	15543.147124052048
69	7538.7812	252.97482	8022.6167	7102.8906	6501.57	1432.2395	7604.4126	4039.973	6501.57	1432.2395	7604.4126	4039.973	7538.7812	252.97482	8022.6167	7102.8906	1000.0	1000.0	275999	491.77347	131.81657	668.67944	2.6020348	491.7694	131.82866	668.07733	1.8490353	3.980473	4.4904237	46.479813	-12.965346	59.52279	61.310223	15771.228618144989
70	7940.746	96.296776	8082.3896	7778.2114	7429.629	227.9286	7671.0654	7069.511	7429.629	227.9286	7671.0654	7069.511	7940.746	96.296776	8082.3896	7778.2114	1000.0	1000.0	279999	494.3764	133.24791	675.1965	-9.945552	494.37296	133.25725	672.5105	1.8706917	3.9553988	4.4825797	65.22384	-14.633756	51.095554	61.539146	15992.190049409866
71	6008.0195	60.864502	6103.3237	5916.4946	7543.273	177.56598	7837.845	7364.436	7543.273	177.56598	7837.845	7364.436	6008.0195	60.864502	6103.3237	5916.4946	1000.0	1000.0	283999	499.90268	133.26189	679.58765	2.6336093	499.89948	133.272	675.784	1.891714	3.9279413	4.481237	60.63462	-12.989164	46.84776	57.486305	16207.5453915596
72	8370.052	207.65474	8665.228	8019.3926	7719.541	213.74399	7956.07	7372.657	7719.541	213.74399	7956.07	7372.657	8370.052	207.65474	8665.228	8019.3926	1000.0	1000.0	287999	504.73416	134.82149	688.8792	-10.283577	504.7303	134.8335	685.4641	1.9143966	3.9862273	4.5009713	75.796364	-13.08798	39.32395	57.20222	16423.404854297638
73	8493.002	227.79735	8871.123	8151.0195	7666.839	208.70532	7945.641	7357.5786	7666.839	208.70532	7945.641	7357.5786	8493.002	227.79735	8871.123	8151.0195	1000.0	1000.0	291999	509.96768	135.2498	689.0977	2.6655495	509.96405	135.26196	686.6704	1.9361773	4.047864	4.5231814	52.562096	-12.822212	39.29147	60.357655	16672.91301035881
74	8430.159	130.1489	8723.91	8250.27	7614.9727	257.254	7830.8647	7181.105	7614.9727	257.254	7830.8647	7181.105	8430.159	130.1489	8723.91	8250.27	1000.0	1000.0	295999	513.7283	135.71893	692.5411	2.681646	513.72485	135.7284	689.5906	1.9583855	4.0000224	4.524415	67.002304	-12.999731	47.530277	58.90619	16930.28437924385
75	8154.2485	1624.9949	9082.527	3317.8237	7876.6763	256.73523	8182.232	7477.3545	7876.6763	256.73523	8182.232	7477.3545	8154.2485	1624.9949	9082.527	3317.8237	1000.0	1000.0	299999	517.62427	135.13428	695.1328	2.697688	517.62067	135.14464	698.3364	1.9799274	3.9810863	4.4704475	56.262802	-12.280611	45.905678	57.406918	17187.854966640472
76	8417.5205	219.3345	8616.27	7818.7266	7545.143	187.11151	7781.5557	7263.276	7545.143	187.11151	7781.5557	7263.276	8417.5205	219.3345	8616.27	7818.7266	1000.0	1000.0	303999	522.49664	135.7378	698.46344	2.7134144	522.4932	135.74675	700.1372	2.0014215	4.036933	4.5290136	53.76637	-12.223651	56.2712	59.254936	17445.92146921158
77	8322.13	236.12756	8804.571	7970.002	7644.93	58.60397	7722.576	7583.0747	7644.93	58.60397	7722.576	7583.0747	8322.13	236.12756	8804.571	7970.002	1000.0	1000.0	307999	526.41644	136.23022	703.38153	2.7293315	526.41266	136.24309	699.7043	2.022646	4.0540485	4.540895	63.58126	-12.637178	61.423565	60.577328	17700.272367715836
78	8419.201	131.41849	8621.021	8184.201	7746.5425	83.468666	7824.7837	7609.4985	7746.5425	83.468666	7824.7837	7609.4985	8419.201	131.41849	8621.021	8184.201	1000.0	1000.0	311999	529.0712	135.95807	708.32715	2.7451518	529.0683	135.96594	709.088	2.0444238	4.0512238	4.517062	58.133232	-14.837318	62.28789	62.49704	17911.385006427765
79	8094.1187	140.24593	8309.034	7895.469	7830.888	202.47765	8032.708	7510.3765	7830.888	202.47765	8032.708	7510.3765	8094.1187	140.24593	8309.034	7895.469	1000.0	1000.0	315999	531.4174	135.6728	708.4147	2.7595623	531.4152	135.67957	710.53156	2.0630507	4.0433207	4.5163484	66.3801	-11.998185	85.424385	67.25	18121.92139029503
80	7631.997	103.263374	7828.7266	7458.9736	7687.618	206.92455	7875.637	7352.776	7687.618	206.92455	7875.637	7352.776	7631.997	103.263374	7828.7266	7458.9736	1000.0	1000.0	319999	530.98035	136.21286	716.302	2.775801	530.9773	136.22147	715.3614	2.0832999	4.1476583	4.5432057	64.55675	-14.124044	70.865166	64.61302	18352.788778305054
81	8825.446	143.52713	9045.576	8510.741	7730.3955	158.74045	7979.6357	7569.2573	7730.3955	158.74045	7979.6357	7569.2573	8825.446	143.52713	9045.576	8510.741	1000.0	1000.0	323999	532.6558	135.3593	713.31024	2.7884383	532.6529	135.3703	709.66797	2.0999777	4.1811423	4.567147	89.98815	-12.37003	57.747486	60.63852	18645.26863002777
82	8652.506	107.39798	8828.987	8474.619	7855.8184	183.48633	8096.607	7630.3086	7855.8184	183.48633	8096.607	7630.3086	8652.506	107.39798	8828.987	8474.619	1000.0	1000.0	327999	537.1528	135.55064	716.12103	2.8026457	537.1493	135.56151	716.67267	2.1187212	4.2583976	4.469287	66.54513	-13.663895	34.649742	56.97188	18921.100258350372
83	8173.2383	130.31462	8353.742	7900.2944	8063.6294	207.53154	8274.838	7840.9727	8063.6294	207.53154	8274.838	7840.9727	8173.2383	130.31462	8353.742	7900.2944	1000.0	1000.0	331999	541.5482	136.44205	724.54895	2.817202	541.54486	136.45139	722.8489	2.138932	4.2610464	4.521651	87.068115	-12.381594	37.258938	59.174564	19138.812222480774
84	8373.434	306.63684	8835.513	7857.3735	7993.1846	130.16878	8146.7354	7791.8755	7993.1846	130.16878	8146.7354	7791.8755	8373.434	306.63684	8835.513	7857.3735	1000.0	1000.0	335999	545.7973	136.08116	725.428	2.8338497	545.7945	136.09053	726.1105	2.1604774	4.247434	4.52116	77.4373	-13.403075	34.790657	59.07908	19354.96232318878
85	8892.346	215.88554	9218.808	8535.94	8177.2896	107.39579	8292.104	8014.386	8177.2896	107.39579	8292.104	8014.386	8892.346	215.88554	9218.808	8535.94	1000.0	1000.0	339999	550.0282	137.00668	737.56287	2.8482661	550.0253	137.01463	740.1108	2.18004	4.3380904	4.517268	83.35707	-12.568164	33.84893	56.89881	19587.88274717331
86	9017.692	153.43913	9311.982	8797.92	8007.315	133.60439	8228.474	7869.7363	8007.315	133.60439	8228.474	7869.7363	9017.692	153.43913	9311.982	8797.92	1000.0	1000.0	343999	554.37006	137.37833	748.612	2.86313	554.3673	137.3871	748.4081	2.1990707	4.401772	4.5320926	59.519123	-13.647923	41.000347	60.08541	19844.232218027115
87	8777.545	1133.7429	9385.357	5417.9165	7912.1504	412.98273	8346.115	7242.3164	7912.1504	412.98273	8346.115	7242.3164	8777.545	1133.7429	9385.357	5417.9165	1000.0	1000.0	347999	558.28217	137.60794	748.0069	-10.954706	558.2798	137.61581	742.1214	2.2186654	4.402055	4.498769	55.038513	-13.95168	27.928024	61.996414	20107.68895840645
88	8391.257	1414.1841	9156.721	4174.4834	8031.696	134.62288	8192.746	7819.2725	8031.696	134.62288	8192.746	7819.2725	8391.257	1414.1841	9156.721	4174.4834	1000.0	1000.0	351999	561.1588	138.10323	744.3221	2.8930976	561.1557	138.11107	746.8969	2.2372918	4.4152017	4.5071783	58.89952	-12.137274	15.653022	62.273556	20442.21934747696
89	9252.828	262.1042	9660.418	8932.699	8182.917	74.023315	8302.351	8118.324	8182.917	74.023315	8302.351	8118.324	9252.828	262.1042	9660.418	8932.699	1000.0	1000.0	355999	565.1263	138.43813	754.2023	2.90856	565.1232	138.4478	756.9946	2.2578566	4.515368	4.52243	52.496746	-12.258043	10.761838	62.191593	20773.74624991417
90	7821.831	175.83298	8221.763	7562.8315	8070.949	158.11761	8215.671	7822.1787	8070.949	158.11761	8215.671	7822.1787	7821.831	175.83298	8221.763	7562.8315	1000.0	1000.0	359999	568.1682	138.41905	758.21405	2.9237554	568.1656	138.42825	758.70593	2.2774673	4.402793	4.5395813	71.42042	-13.569708	23.009583	62.74006	21105.36017370224
91	8975.225	156.42418	9232.852	8744.513	8623.682	165.65535	8840.991	8445.074	8623.682	165.65535	8840.991	8445.074	8975.225	156.42418	9232.852	8744.513	1000.0	1000.0	363999	570.6249	138.55293	752.3335	2.9390652	570.62225	138.56201	752.9642	2.2973375	4.5156937	4.5064764	67.82004	-15.367825	14.948088	65.7433	21385.846832990646
92	8018.3857	1540.8391	8750.613	3417.1426	8445.357	171.63025	8721.907	8299.21	8445.357	171.63025	8721.907	8299.21	8018.3857	1540.8391	8750.613	3417.1426	1000.0	1000.0	367999	573.62994	138.3613	763.40027	-4.3644114	573.6272	138.37003	765.8897	2.3170068	4.459683	4.504654	77.721466	-12.555536	25.105036	65.202965	21609.59838962555
93	9398.461	238.69406	10043.28	9162.475	8457.648	135.42403	8667.933	8296.458	8457.648	135.42403	8667.933	8296.458	9398.461	238.69406	10043.28	9162.475	1000.0	1000.0	371999	575.7462	139.40692	758.4218	-3.6689584	575.7436	139.41185	762.03595	2.3351917	4.4909673	4.570707	91.5349	-13.988405	22.926317	69.85052	21833.34977865219
94	8959.402	165.1875	9187.467	8635.395	8409.115	173.597	8701.833	8269.494	8409.115	173.597	8701.833	8269.494	8959.402	165.1875	9187.467	8635.395	1000.0	1000.0	375999	579.08264	138.835	763.944	2.9830775	579.0812	138.83842	763.1752	2.3535378	4.511236	4.5067525	58.398987	-11.882936	16.677423	69.279366	22140.89044713974
95	9068.414	175.2246	9467.838	8766.019	8402.604	107.45387	8518.16	8247.442	8402.604	107.45387	8518.16	8247.442	9068.414	175.2246	9467.838	8766.019	1000.0	1000.0	379999	581.963	139.58398	766.2292	3.002965	581.9604	139.59106	769.5492	2.3759673	4.592435	4.5280514	82.70526	-13.152779	10.002885	65.2951	22471.56209588051
96	9219.041	195.27155	9521.613	8729.808	8490.195	190.50786	8659.361	8167.991	8490.195	190.50786	8659.361	8167.991	9219.041	195.27155	9521.613	8729.808	1000.0	1000.0	383999	585.41925	139.72473	783.48193	3.01843	585.4172	139.73404	780.9777	2.3951445	4.601948	4.5426555	90.20005	-15.82095	16.742569	67.66289	22787.99923849106
97	8847.752	122.88976	8999.141	8542.444	8424.389	242.77574	8735.541	8061.696	8424.389	242.77574	8735.541	8061.696	8847.752	122.88976	8999.141	8542.444	1000.0	1000.0	387999	588.1978	140.41554	772.09644	-28.912825	588.1954	140.4211	773.2343	2.4144835	4.5043354	4.5270004	81.0514	-13.75755	27.427446	69.9999	23098.28839945793
98	8686.361	168.0984	8972.588	8323.87	8267.719	264.93707	8525.135	7830.1865	8267.719	264.93707	8525.135	7830.1865	8686.361	168.0984	8972.588	8323.87	1000.0	1000.0	391999	590.91016	139.62453	778.1556	3.048598	590.90735	139.63623	778.5116	2.4331322	4.637826	4.5410733	88.96573	-15.305803	19.733873	66.545654	23318.41821551323
99	8647.463	1884.3439	9484.655	3007.881	8142.302	327.08868	8677.97	7791.332	8142.302	327.08868	8677.97	7791.332	8647.463	1884.3439	9484.655	3007.881	1000.0	1000.0	395999	593.24347	140.64067	782.836	3.0630448	593.24066	140.6502	777.81964	2.452597	4.611252	4.5620236	51.12091	-14.117222	39.440228	72.83443	23539.75239109993
100	9345.718	240.42993	9794.869	8931.243	8560.898	262.02057	8846.669	8230.217	8560.898	262.02057	8846.669	8230.217	9345.718	240.42993	9794.869	8931.243	1000.0	1000.0	399999	595.36224	140.0111	781.4926	3.080747	595.3602	140.01714	778.9522	2.473976	4.745748	4.5214787	52.42648	-14.146111	27.047817	72.49113	23794.79508638382
101	8609.389	2090.6624	9580.384	2358.9292	8519.479	183.30133	8813.323	8338.614	8519.479	183.30133	8813.323	8338.614	8609.389	2090.6624	9580.384	2358.9292	1000.0	1000.0	403999	596.3163	139.64734	779.1376	3.0963519	596.3128	139.65657	776.9868	2.4930866	4.686519	4.540207	54.18357	-12.233052	30.67809	72.24089	24111.809918165207
102	8953.655	150.29729	9205.028	8760.822	7374.8955	2368.1616	8850.01	3274.8564	7374.8955	2368.1616	8850.01	3274.8564	8953.655	150.29729	9205.028	8760.822	1000.0	1000.0	407999	597.72754	139.81969	787.0181	3.1099799	597.7264	139.82251	784.83167	2.5111103	4.7470875	4.549622	74.47833	-13.675146	21.326258	72.88876	24427.70376777649
103	9419.24	107.86398	9605.255	9280.241	8683.643	320.40067	9095.484	8263.681	8683.643	320.40067	9095.484	8263.681	9419.24	107.86398	9605.255	9280.241	1000.0	1000.0	411999	599.66833	141.7567	786.0077	3.1276314	599.6666	141.7619	786.9615	2.5305653	4.696732	4.525483	53.0909	-12.202112	7.485034	70.51336	24744.19680571556
104	9125.85	1135.3585	10000.072	5794.1426	8659.822	154.86433	8901.744	8476.028	8659.822	154.86433	8901.744	8476.028	9125.85	1135.3585	10000.072	5794.1426	1000.0	1000.0	415999	602.8299	141.91838	797.16345	3.1417124	602.82733	141.92674	793.87964	2.548266	4.776793	4.557203	51.92118	-13.062168	9.26917	72.18468	25067.297600269318
105	7776.478	1712.6351	9640.201	4167.8823	8850.266	136.82846	9013.813	8642.148	8850.266	136.82846	9013.813	8642.148	7776.478	1712.6351	9640.201	4167.8823	1000.0	1000.0	419999	606.08136	142.28896	796.834	3.1581132	606.0777	142.2976	797.8755	2.5684211	4.7875795	4.525131	69.505035	-14.959019	7.2511625	71.68875	25401.97665834427
106	9372.028	170.97327	9582.524	9060.4795	8893.049	178.50452	9071.556	8613.192	8893.049	178.50452	9071.556	8613.192	9372.028	170.97327	9582.524	9060.4795	1000.0	1000.0	423999	608.799	142.26137	806.4126	3.1737347	608.7977	142.26807	802.4738	2.5889833	4.818923	4.516687	51.31012	-13.133316	17.709253	74.39385	25677.27815580368
107	9683.791	229.45497	10008.581	9346.729	8787.717	231.50114	9101.446	8460.624	8787.717	231.50114	9101.446	8460.624	9683.791	229.45497	10008.581	9346.729	1000.0	1000.0	427999	610.16394	142.88489	798.654	3.1898334	610.1616	142.89067	798.65826	2.6081345	4.7734923	4.542482	61.657673	-15.968305	15.042842	76.67192	25930.80460047722
108	8539.393	2031.669	9576.006	2504.5427	7007.4956	3297.9636	9113.541	1302.1172	7007.4956	3297.9636	9113.541	1302.1172	8539.393	2031.669	9576.006	2504.5427	1000.0	1000.0	431999	611.3206	143.01039	810.47473	3.205394	611.3189	143.0132	805.7905	2.626759	4.863171	4.57698	80.603546	-12.055916	13.571188	78.42623	26164.14535856247
109	9058.8955	117.525085	9225.237	8894.529	8540.824	393.03378	8881.883	7871.72	8540.824	393.03378	8881.883	7871.72	9058.8955	117.525085	9225.237	8894.529	1000.0	1000.0	435999	612.6434	144.80678	802.6366	3.2203145	612.64105	144.815	801.4428	2.6442633	4.7713833	4.5765843	104.88709	-13.128216	25.106562	80.6113	26369.70680618286
110	9512.549	206.88571	9936.539	9271.334	8853.784	200.40202	9120.811	8579.763	8853.784	200.40202	9120.811	8579.763	9512.549	206.88571	9936.539	9271.334	1000.0	1000.0	439999	614.2418	144.7808	804.64777	3.2371972	614.2375	144.79333	811.6787	2.6651697	4.825989	4.487879	61.5632	-12.424028	13.005917	74.49419	26574.746571540833
111	9178.682	181.82463	9465.641	8926.828	8836.948	247.42796	9150.133	8479.809	8836.948	247.42796	9150.133	8479.809	9178.682	181.82463	9465.641	8926.828	1000.0	1000.0	443999	616.71234	144.6515	820.4455	3.2525713	616.7086	144.66216	819.1267	2.6863654	4.86509	4.488962	54.23776	-13.409712	26.232601	77.615486	26848.64409828186
112	9125.448	1939.5527	9898.147	3316.9753	8859.744	273.0912	9164.062	8433.183	8859.744	273.0912	9164.062	8433.183	9125.448	1939.5527	9898.147	3316.9753	1000.0	1000.0	447999	618.5094	145.71423	816.10034	3.267986	618.5074	145.72243	816.7759	2.7068195	4.9850917	4.540728	52.852173	-14.5936	3.7054305	82.27823	27195.330691576004
113	9574.606	160.70259	9750.891	9232.561	8752.49	319.0055	9060.852	8293.564	8752.49	319.0055	9060.852	8293.564	9574.606	160.70259	9750.891	9232.561	1000.0	1000.0	451999	620.8466	145.15991	820.1186	3.2840223	620.84357	145.16978	822.1824	2.7269826	4.9348364	4.5211186	52.918896	-13.30055	9.178619	76.714874	27466.360809087753
114	9904.791	218.1652	10330.538	9519.712	8266.699	1589.1951	9378.842	5523.273	8266.699	1589.1951	9378.842	5523.273	9904.791	218.1652	10330.538	9519.712	1000.0	1000.0	455999	622.89557	145.8604	818.8446	3.3013983	622.89307	145.86864	819.0998	2.7486014	4.96254	4.557466	71.919365	-12.650527	24.477497	77.57561	27708.135772943497
115	9981.282	382.3469	10460.919	9010.553	8913.864	167.84975	9175.661	8745.219	8913.864	167.84975	9175.661	8745.219	9981.282	382.3469	10460.919	9010.553	1000.0	1000.0	459999	624.8721	146.95232	823.8616	3.3176978	624.8688	146.96022	824.47235	2.7689972	4.988006	4.626022	84.616455	-14.665068	27.866049	82.03925	27978.027122974396
116	10162.771	241.59897	10496.415	9575.205	9067.457	185.62595	9324.183	8837.183	9067.457	185.62595	9324.183	8837.183	10162.771	241.59897	10496.415	9575.205	1000.0	1000.0	463999	627.21	145.5968	826.759	3.3330438	627.20746	145.60495	823.28973	2.7886438	4.99178	4.5357647	61.370125	-12.563869	12.59069	80.20293	28319.438868522644
117	9426.498	1858.1936	10215.472	3861.304	9143.179	179.75003	9331.026	8856.388	9143.179	179.75003	9331.026	8856.388	9426.498	1858.1936	10215.472	3861.304	1000.0	1000.0	467999	629.55725	146.8225	828.6909	3.347629	629.55414	146.82982	828.31946	2.807447	5.0543847	4.517104	64.732315	-13.310322	11.187893	83.97133	28654.322307109833
118	9695.108	451.96194	10091.908	8451.691	7273.9106	3005.107	9161.162	2075.5164	7273.9106	3005.107	9161.162	2075.5164	9695.108	451.96194	10091.908	8451.691	1000.0	1000.0	471999	630.45874	148.01057	830.8716	3.3653116	630.4554	148.02187	831.01263	2.828769	5.0046945	4.514188	95.79273	-13.450017	-6.328722	82.95657	28983.486474514008
119	10126.15	187.61324	10373.427	9818.186	9266.289	298.4739	9552.321	8771.815	9266.289	298.4739	9552.321	8771.815	10126.15	187.61324	10373.427	9818.186	1000.0	1000.0	475999	631.6893	149.93405	832.69244	3.3817036	631.68494	149.9461	835.3741	2.8509917	5.085576	4.503421	68.68682	-12.427818	-16.523964	78.828545	29235.231112241745
120	10161.747	175.8535	10376.042	9840.324	9453.943	148.14981	9675.432	9259.554	9453.943	148.14981	9675.432	9259.554	10161.747	175.8535	10376.042	9840.324	1000.0	1000.0	479999	635.9663	149.46246	839.2307	3.3957188	635.96313	149.47305	842.22046	2.8706937	5.166677	4.501092	60.547203	-13.496417	-9.026498	81.12746	29456.603466272354
121	9311.209	943.32404	9883.148	6537.678	8021.186	2098.971	9506.324	4422.1953	8021.186	2098.971	9506.324	4422.1953	9311.209	943.32404	9883.148	6537.678	1000.0	1000.0	483999	637.7691	150.39937	834.273	3.413066	637.76514	150.41423	837.1222	2.8927112	5.1021814	4.55076	65.37789	-12.8652	-22.442276	78.646065	29677.37101840973
122	9304.14	180.29219	9599.193	8951.179	8176.258	1543.9481	9192.065	5511.9844	8176.258	1543.9481	9192.065	5511.9844	9304.14	180.29219	9599.193	8951.179	1000.0	1000.0	487999	639.5523	151.59663	847.91296	3.428659	639.54913	151.60625	850.4092	2.9147954	5.200163	4.526437	83.17989	-14.139678	-18.457668	84.79897	30005.630967140198
123	10492.882	168.8216	10766.088	10205.376	9446.735	234.21829	9803.392	9208.972	9446.735	234.21829	9803.392	9208.972	10492.882	168.8216	10766.088	10205.376	1000.0	1000.0	491999	642.2472	152.0415	851.0709	2.3132527	642.244	152.05318	848.22577	2.9360259	5.130714	4.5564146	102.91566	-14.796989	-15.059583	83.01916	30325.574598312378
124	9898.199	216.9732	10181.079	9462.9795	9313.41	165.95003	9592.987	9157.3	9313.41	165.95003	9592.987	9157.3	9898.199	216.9732	10181.079	9462.9795	1000.0	1000.0	495999	644.04224	151.69415	850.1002	3.4600847	644.03766	151.70515	852.99786	2.956257	5.171548	4.581498	98.63759	-13.343994	-5.1437783	89.50364	30603.04254102707
125	10093.828	161.9096	10300.653	9764.909	9241.869	415.14108	9712.371	8756.0625	9241.869	415.14108	9712.371	8756.0625	10093.828	161.9096	10300.653	9764.909	1000.0	1000.0	499999	646.7424	152.5026	852.87354	3.4759824	646.7397	152.50993	853.82214	2.978385	5.1981297	4.5598145	81.20688	-11.727471	-6.3221827	87.506546	30884.29683637619
126	10226.68	237.99063	10710.989	9973.536	9561.654	266.8363	9849.011	9192.789	9561.654	266.8363	9849.011	9192.789	10226.68	237.99063	10710.989	9973.536	1000.0	1000.0	503999	647.779	152.48161	852.58075	-12.96694	647.776	152.49232	850.3298	2.9985845	5.236481	4.534307	62.171593	-13.2605295	-7.164863	99.643654	31126.137137174606
127	10180.799	183.9748	10416.535	9844.809	9201.429	176.23131	9383.668	8930.254	9201.429	176.23131	9383.668	8930.254	10180.799	183.9748	10416.535	9844.809	1000.0	1000.0	507999	650.29474	152.72621	858.4532	-69.33568	650.2919	152.73743	859.6963	3.019225	5.2816205	4.5204115	56.91835	-14.3790455	-20.325956	86.400345	31363.850741624832
128	10290.965	163.4226	10429.555	9965.696	9430.029	142.34001	9564.354	9192.537	9430.029	142.34001	9564.354	9192.537	10290.965	163.4226	10429.555	9965.696	1000.0	1000.0	511999	653.30334	152.35985	861.7218	3.5237691	653.2994	152.37247	861.94586	3.0393486	5.292557	4.5100975	81.25151	-12.284376	-22.382215	86.16077	31633.298339128494
129	9496.66	167.08052	9665.287	9190.305	9301.492	192.22392	9507.256	9021.762	9301.492	192.22392	9507.256	9021.762	9496.66	167.08052	9665.287	9190.305	1000.0	1000.0	515999	655.6501	153.26483	860.02325	3.5396202	655.6473	153.2707	865.813	3.0614412	5.2491193	4.5166507	86.29475	-12.817537	-14.398329	91.288086	31926.940979242325
130	9524.253	146.93163	9777.831	9296.011	9533.74	200.9406	9824.449	9346.276	9533.74	200.9406	9824.449	9346.276	9524.253	146.93163	9777.831	9296.011	1000.0	1000.0	519999	658.2524	152.83833	861.5549	3.5578456	658.2489	152.84956	860.41675	3.0837057	5.3287244	4.5455194	88.830666	-13.760232	-4.24363	87.87087	32175.910619735718
131	10013.308	171.30423	10376.699	9830.374	7945.5576	2689.168	9679.351	3291.847	7945.5576	2689.168	9679.351	3291.847	10013.308	171.30423	10376.699	9830.374	1000.0	1000.0	523999	659.0714	154.33423	866.36066	3.5743053	659.06714	154.34486	866.7176	3.105471	5.371412	4.5458174	76.24578	-14.39492	-4.3232393	87.970825	32387.293710708618
132	10350.72	151.54088	10587.518	10090.451	9481.271	317.88742	9969.6875	9086.751	9481.271	317.88742	9969.6875	9086.751	10350.72	151.54088	10587.518	10090.451	1000.0	1000.0	527999	660.22217	154.4985	870.571	3.5907874	660.21954	154.50732	870.51416	3.127269	5.372997	4.585262	108.180885	-15.273761	-3.428105	94.522675	32598.23335838318
133	8189.858	166.38904	8493.221	7955.293	9448.275	365.89755	9965.847	9015.27	9448.275	365.89755	9965.847	9015.27	8189.858	166.38904	8493.221	7955.293	1000.0	1000.0	531999	661.58374	154.99733	875.70776	3.6061316	661.58093	155.01054	876.715	3.1464214	5.3577194	4.580559	63.63255	-13.289333	-1.6831768	92.73993	32836.24497580528
134	9679.818	1098.6459	10466.598	6490.296	9319.357	256.05374	9657.743	9027.164	9319.357	256.05374	9657.743	9027.164	9679.818	1098.6459	10466.598	6490.296	1000.0	1000.0	535999	662.30835	155.56604	871.18536	-8.835625	662.30396	155.57887	870.46045	3.1692696	5.4510407	4.5669317	71.4272	-18.52296	-22.037785	94.39595	33083.709859371185
135	10051.449	125.39996	10307.342	9892.704	9661.612	102.24583	9783.137	9515.989	9661.612	102.24583	9783.137	9515.989	10051.449	125.39996	10307.342	9892.704	1000.0	1000.0	539999	666.05035	154.96777	874.7028	3.6390224	666.0476	154.97728	873.25806	3.1900523	5.4728894	4.483936	55.367374	-13.758973	-59.36346	87.65724	33331.76722097397
136	10193.705	139.12263	10353.1875	9860.012	9805.597	210.407	10014.612	9493.089	9805.597	210.407	10014.612	9493.089	10193.705	139.12263	10353.1875	9860.012	1000.0	1000.0	543999	669.89105	154.93886	875.8821	3.655122	669.88855	154.94977	876.34436	3.2108583	5.4894633	4.4861574	70.19252	-14.302226	-59.782085	79.86103	33577.691668987274
137	10468.523	207.26964	10793.836	10194.594	9704.971	229.6422	9935.518	9337.494	9704.971	229.6422	9935.518	9337.494	10468.523	207.26964	10793.836	10194.594	1000.0	1000.0	547999	673.5742	155.89648	889.0516	3.6704338	673.5698	155.91144	888.0169	3.2308383	5.4464154	4.5000453	77.63935	-12.740892	-53.45865	87.37706	33824.58478689194
138	10867.324	172.78432	11061.897	10508.967	9781.982	160.84341	9976.378	9622.184	9781.982	160.84341	9976.378	9622.184	10867.324	172.78432	11061.897	10508.967	1000.0	1000.0	551999	676.46136	156.07283	891.4237	3.68682	676.45807	156.08434	894.4277	3.2536578	5.556076	4.532157	68.2998	-11.570639	-69.09171	87.56141	34093.59621143341
139	10997.221	219.84908	11281.893	10581.358	10102.639	186.55605	10353.756	9839.415	10102.639	186.55605	10353.756	9839.415	10997.221	219.84908	11281.893	10581.358	1000.0	1000.0	555999	680.5886	156.68634	894.99316	2.5775518	680.58655	156.69655	900.13745	3.2742736	5.6726117	4.4935455	64.77533	-13.710228	-102.20042	85.87442	34353.49633026123
140	10372.416	188.3408	10601.93	9951.905	9867.779	259.35382	10107.199	9443.112	9867.779	259.35382	10107.199	9443.112	10372.416	188.3408	10601.93	9951.905	1000.0	1000.0	559999	684.9395	156.82372	897.7764	3.7202506	684.93536	156.83429	900.25464	3.296834	5.6629343	4.464827	62.595093	-12.247349	-79.41185	85.06727	34602.61415529251
141	9211.991	2845.2942	10921.503	725.352	9948.353	135.16397	10170.946	9831.663	9948.353	135.16397	10170.946	9831.663	9211.991	2845.2942	10921.503	725.352	1000.0	1000.0	563999	688.33453	158.09724	908.1783	-87.674934	688.33136	158.10901	905.1229	3.3204525	5.6637406	4.49874	92.22649	-13.383727	-75.67442	84.937706	34859.15836644173
142	10971.385	166.5037	11220.91	10692.132	8687.869	2082.791	10097.291	5091.2573	8687.869	2082.791	10097.291	5091.2573	10971.385	166.5037	11220.91	10692.132	1000.0	1000.0	567999	691.3098	158.90063	907.1715	3.7550771	691.30695	158.9104	907.6863	3.3440032	5.6625733	4.460681	70.326706	-13.773926	-92.48294	86.95828	35111.043806791306
143	11319.33	131.92853	11539.558	11099.591	10091.902	178.38417	10307.891	9811.867	10091.902	178.38417	10307.891	9811.867	11319.33	131.92853	11539.558	11099.591	1000.0	1000.0	571999	694.0252	159.81238	913.33093	3.771332	694.0222	159.82788	914.2578	3.3650186	5.6786194	4.501146	55.07293	-13.181362	-93.225945	84.14539	35350.31143474579
144	11026.131	87.325356	11201.328	10914.642	6293.9453	3793.054	10194.787	1838.5941	6293.9453	3793.054	10194.787	1838.5941	11026.131	87.325356	11201.328	10914.642	1000.0	1000.0	575999	695.75586	162.32628	919.2928	3.7870343	695.75287	162.33488	916.6707	3.3860292	5.77874	4.5168366	66.860306	-11.794016	-85.7245	89.96356	35589.42486786842
145	10508.116	965.3711	11047.466	7669.0977	10156.111	179.39185	10390.414	9943.183	10156.111	179.39185	10390.414	9943.183	10508.116	965.3711	11047.466	7669.0977	1000.0	1000.0	579999	698.06665	163.9898	918.35986	-36.050564	698.0628	163.99886	917.07294	3.4091682	5.758239	4.4729834	55.16513	-14.653151	-100.33027	94.95911	35808.40823984146
146	11127.66	191.98155	11478.666	10766.954	10281.829	159.09335	10453.081	10119.068	10281.829	159.09335	10453.081	10119.068	11127.66	191.98155	11478.666	10766.954	1000.0	1000.0	583999	700.31976	163.84074	925.35236	-68.75343	700.3175	163.85104	923.6684	3.4321456	5.8419423	4.5271163	57.764545	-11.627254	-105.009445	100.631294	36015.31896567345
147	11361.622	145.4464	11591.322	11066.362	10179.992	150.5007	10378.519	9998.859	10179.992	150.5007	10378.519	9998.859	11361.622	145.4464	11591.322	11066.362	1000.0	1000.0	587999	702.7243	165.5985	922.5842	3.8434286	702.7208	165.61128	923.9447	3.4571128	5.794019	4.4898686	64.54052	-12.355672	-113.83218	92.968956	36220.99910712242
148	11010.564	255.83267	11397.855	10409.522	10046.703	206.55922	10301.906	9787.999	10046.703	206.55922	10301.906	9787.999	11010.564	255.83267	11397.855	10409.522	1000.0	1000.0	591999	706.7871	164.25017	934.1217	3.8604703	706.78345	164.2619	932.5407	3.4799652	5.7529907	4.519959	67.63187	-16.622755	-102.54877	89.443405	36469.81724572182
149	11234.948	235.79675	11716.929	10946.796	10326.787	203.16643	10649.963	10130.604	10326.787	203.16643	10649.963	10130.604	11234.948	235.79675	11716.929	10946.796	1000.0	1000.0	595999	708.3443	164.43216	939.98145	-31.538765	708.3421	164.44089	937.15546	3.5027342	5.8873706	4.507228	61.43689	-11.554143	-108.93358	95.64833	36734.697053432465
150	10601.385	196.1895	11093.577	10366.222	10231.199	206.74518	10557.312	10007.386	10231.199	206.74518	10557.312	10007.386	10601.385	196.1895	11093.577	10366.222	1000.0	1000.0	599999	711.4164	164.17325	934.1018	-17.791056	711.41345	164.18462	939.7658	3.524222	5.8163924	4.446809	61.82548	-13.013346	-112.09026	88.576065	36997.01407122612
151	11150.811	247.94576	11661.695	10823.577	10362.555	135.4183	10495.244	10179.607	10362.555	135.4183	10495.244	10179.607	11150.811	247.94576	11661.695	10823.577	1000.0	1000.0	603999	713.9073	164.66992	940.4485	3.9126513	713.9045	164.67921	943.45276	3.547487	5.903352	4.460644	55.162895	-11.317597	-115.66678	92.58849	37252.743942976
152	11067.9795	271.7583	11458.737	10580.768	10372.58	298.6486	10843.568	10027.334	10372.58	298.6486	10843.568	10027.334	11067.9795	271.7583	11458.737	10580.768	1000.0	1000.0	607999	716.0363	165.03394	943.9355	3.9296288	716.0327	165.04976	940.287	3.568553	5.9799614	4.510386	64.3709	-11.70225	-126.193756	95.64654	37506.856137275696
153	10922.553	119.354164	11196.497	10742.072	10406.301	353.8536	10948.852	10030.152	10406.301	353.8536	10948.852	10030.152	10922.553	119.354164	11196.497	10742.072	1000.0	1000.0	611999	718.37445	166.56453	947.17004	-44.94801	718.371	166.57617	946.8906	3.5918546	5.8628473	4.4921494	89.08618	-12.679216	-126.091866	96.11309	37750.693036317825
154	11293.287	169.02715	11527.805	11011.299	10578.175	91.42259	10696.812	10469.958	10578.175	91.42259	10696.812	10469.958	11293.287	169.02715	11527.805	11011.299	1000.0	1000.0	615999	720.8849	166.43498	949.60803	3.966762	720.8823	166.44269	950.2349	3.6175053	5.993937	4.5202303	56.048767	-14.229907	-151.69725	92.12675	37995.92131614685
155	10470.55	1841.5494	11211.428	4950.3677	9376.61	1689.2576	10428.22	6453.0264	9376.61	1689.2576	10428.22	6453.0264	10470.55	1841.5494	11211.428	4950.3677	1000.0	1000.0	619999	722.9032	166.92061	951.0927	3.986698	722.90106	166.92883	951.4836	3.642106	5.9238462	4.5194225	92.07894	-14.157883	-140.49031	91.49305	38295.30127120018
156	10906.01	264.09882	11238.337	10439.751	9818.977	1149.7739	10598.951	7831.62	9818.977	1149.7739	10598.951	7831.62	10906.01	264.09882	11238.337	10439.751	1000.0	1000.0	623999	724.68933	168.01805	961.93225	4.0020313	724.6854	168.02937	961.88916	3.662126	5.8811083	4.475243	85.760414	-12.897439	-130.88243	96.554985	38613.72076702118
157	11683.216	215.58113	12012.732	11447.579	10382.783	182.55391	10564.877	10102.117	10382.783	182.55391	10564.877	10102.117	11683.216	215.58113	12012.732	11447.579	1000.0	1000.0	627999	727.5252	167.70886	956.75165	-27.99459	727.52264	167.71956	959.38873	3.6864622	5.9229517	4.4451156	83.40524	-13.204874	-156.23216	92.79529	38885.17770385742
158	11289.701	178.63206	11578.953	10959.178	10479.8955	179.6924	10677.621	10192.103	10479.8955	179.6924	10677.621	10192.103	11289.701	178.63206	11578.953	10959.178	1000.0	1000.0	631999	729.406	168.40697	960.2795	4.0380425	729.403	168.4133	959.5107	3.7101233	5.9952087	4.4905114	72.91076	-11.934285	-118.04579	97.75997	39143.896579265594
159	11234.723	163.37589	11448.076	10949.744	10255.836	121.06296	10419.276	10103.083	10255.836	121.06296	10419.276	10103.083	11234.723	163.37589	11448.076	10949.744	1000.0	1000.0	635999	731.42413	168.48666	959.9619	-243.74626	731.4216	168.49133	961.7859	3.7309442	6.0206985	4.4847326	63.171803	-12.791071	-125.25625	100.97932	39407.82971358299
160	10413.361	2427.2505	11319.117	3136.305	9121.783	2685.7104	10899.795	4482.4346	9121.783	2685.7104	10899.795	4482.4346	10413.361	2427.2505	11319.117	3136.305	1000.0	1000.0	639999	732.59393	169.07477	960.2883	4.072344	732.5926	169.08144	964.2406	3.7532368	6.0521193	4.472878	69.44474	-11.565576	-142.47826	103.143196	39676.44435548782
161	11655.381	191.94814	11919.548	11357.768	10551.445	244.87492	10927.934	10260.565	10551.445	244.87492	10927.934	10260.565	11655.381	191.94814	11919.548	11357.768	1000.0	1000.0	643999	733.10297	170.1334	966.68726	4.093926	733.0989	170.14476	967.58496	3.7787216	6.0625777	4.518917	60.91795	-14.682071	-139.52576	105.6572	39938.0482006073
162	9911.743	116.984215	10101.755	9720.793	10747.589	213.77298	11080.552	10509.284	10747.589	213.77298	11080.552	10509.284	9911.743	116.984215	10101.755	9720.793	1000.0	1000.0	647999	734.25073	170.90674	966.03827	-192.1094	734.24725	170.91776	970.87946	3.799192	6.051946	4.455445	68.86424	-11.830438	-133.94417	111.27183	40180.335208415985
163	10798.734	2773.363	11905.371	2489.2737	10617.94	325.43314	10953.73	10261.252	10617.94	325.43314	10953.73	10261.252	10798.734	2773.363	11905.371	2489.2737	1000.0	1000.0	651999	736.6027	169.9884	968.8261	4.1269383	736.59973	169.99602	966.8575	3.82402	6.143709	4.497337	76.0428	-16.172028	-121.867874	110.46833	40423.42166638374
164	11851.489	136.49612	12071.196	11619.0205	10793.77	266.61694	11005.433	10336.299	10793.77	266.61694	11005.433	10336.299	11851.489	136.49612	12071.196	11619.0205	1000.0	1000.0	655999	737.95245	170.48831	967.526	4.1456695	737.9511	170.49414	969.0774	3.847611	6.116335	4.5335345	91.60711	-12.078056	-161.04971	100.347	40699.83514904976
165	9999.532	2328.1147	11847.313	4708.6616	10160.514	855.2677	10899.879	8706.436	10160.514	855.2677	10899.879	8706.436	9999.532	2328.1147	11847.313	4708.6616	1000.0	1000.0	659999	740.25543	170.33331	969.7701	4.1627154	740.2517	170.34389	972.3697	3.8674362	6.13739	4.4857893	96.17569	-14.695217	-145.21037	106.69913	40975.134935855865
166	11595.593	190.36069	11986.468	11367.85	10666.066	364.51114	11139.969	10130.667	10666.066	364.51114	11139.969	10130.667	11595.593	190.36069	11986.468	11367.85	1000.0	1000.0	663999	740.01	170.95796	973.9185	4.1820736	740.008	170.9586	969.95825	3.8928597	6.0468125	4.489379	101.48282	-12.515879	-148.35812	114.87011	41242.12068247795
167	10945.309	106.27349	11123.22	10786.318	10834.284	88.757645	10940.963	10723.544	10834.284	88.757645	10940.963	10723.544	10945.309	106.27349	11123.22	10786.318	1000.0	1000.0	667999	741.714	170.43726	973.71497	-12.391517	741.7122	170.44824	976.077	3.9145448	6.116472	4.4782243	95.59842	-12.640137	-175.49776	113.38839	41527.54068040848
168	11324.068	123.81634	11539.468	11024.356	10655.202	201.59764	10992.31	10468.64	10655.202	201.59764	10992.31	10468.64	11324.068	123.81634	11539.468	11024.356	1000.0	1000.0	671999	743.3584	170.80975	977.1556	4.2220287	743.35626	170.81506	978.2158	3.9403386	6.1697	4.440247	81.18587	-14.51883	-162.7073	108.11862	41829.14894247055
169	10741.059	233.164	11177.418	10397.808	10752.619	275.45303	10991.273	10283.602	10752.619	275.45303	10991.273	10283.602	10741.059	233.164	11177.418	10397.808	1000.0	1000.0	675999	745.31696	170.46239	978.4254	-40.1903	745.31464	170.46648	978.8146	3.9635453	6.218859	4.4835835	102.09745	-11.746692	-132.45615	108.81536	42149.59516811371
170	11405.024	166.46391	11707.972	11161.262	10897.586	220.1238	11065.515	10519.747	10897.586	220.1238	11065.515	10519.747	11405.024	166.46391	11707.972	11161.262	1000.0	1000.0	679999	747.42645	170.79362	977.8194	-3.1734095	747.42413	170.7985	975.99036	3.9844298	6.1680427	4.4720163	70.60567	-12.724362	-140.73163	112.015625	42475.870869874954
171	11291.24	98.31865	11419.849	11116.489	10758.054	300.4341	11245.24	10424.247	10758.054	300.4341	11245.24	10424.247	11291.24	98.31865	11419.849	11116.489	1000.0	1000.0	683999	748.66626	170.74738	979.23303	4.2784033	748.6643	170.7585	981.43054	4.0066423	6.177	4.508811	67.07758	-12.494818	-100.4548	120.588356	42807.42763233185
172	11162.896	151.0244	11468.518	10926.035	10667.38	291.02826	11154.272	10398.027	10667.38	291.02826	11154.272	10398.027	11162.896	151.0244	11468.518	10926.035	1000.0	1000.0	687999	749.8589	171.564	984.524	4.297652	749.85754	171.56528	986.4386	4.0295467	6.209831	4.451627	66.886475	-14.05647	-127.629684	108.17156	43147.29524183273
173	11613.083	177.67514	11838.209	11301.439	10699.916	255.9578	11124.549	10438.313	10699.916	255.9578	11124.549	10438.313	11613.083	177.67514	11838.209	11301.439	1000.0	1000.0	691999	751.959	171.71617	985.59375	4.3147235	751.9575	171.72284	983.23724	4.048709	6.2617993	4.468741	74.78889	-20.399902	-129.4225	105.38047	43487.18168473244
174	11709.15	119.75353	11912.728	11568.816	10946.38	158.46004	11188.641	10803.26	10946.38	158.46004	11188.641	10803.26	11709.15	119.75353	11912.728	11568.816	1000.0	1000.0	695999	754.2772	172.16008	990.741	-50.400963	754.27423	172.16315	984.86487	4.0687294	6.373691	4.5032396	76.55283	-12.478361	-127.253365	109.061935	43743.301223516464
175	9805.486	189.38492	10049.805	9410.846	10856.937	201.59773	11033.284	10521.454	10856.937	201.59773	11033.284	10521.454	9805.486	189.38492	10049.805	9410.846	1000.0	1000.0	699999	757.26465	172.8236	990.7955	4.3494706	757.2613	172.83206	987.47363	4.091874	6.3361473	4.4782214	63.89739	-12.381848	-134.78378	102.67742	44000.06767439842
176	11687.368	218.16937	11936.709	11143.058	10830.085	174.1197	11059.714	10576.751	10830.085	174.1197	11059.714	10576.751	11687.368	218.16937	11936.709	11143.058	1000.0	1000.0	703999	759.72375	172.68944	993.1884	4.367942	759.7217	172.69392	994.81995	4.1155386	6.3229837	4.4914017	57.253918	-14.039856	-112.642296	108.85909	44256.881380558014
177	11606.958	218.85474	12003.168	11256.304	11133.408	151.97104	11339.921	10923.577	11133.408	151.97104	11339.921	10923.577	11606.958	218.85474	12003.168	11256.304	1000.0	1000.0	707999	760.42206	172.28183	996.0693	-23.893103	760.42035	172.28415	988.224	4.139164	6.350144	4.510223	81.59194	-12.921751	-139.87216	126.58308	44517.428794384
178	10440.367	178.82515	10720.293	10129.146	10857.2	322.2373	11242.727	10396.941	10857.2	322.2373	11242.727	10396.941	10440.367	178.82515	10720.293	10129.146	1000.0	1000.0	711999	761.4805	172.05603	990.0817	4.4048743	761.4793	172.06012	991.8182	4.1598253	6.3981767	4.5094166	84.52913	-11.075915	-151.01457	113.05089	44787.020844459534
179	11509.579	268.9889	11899.711	10929.835	10794.852	286.78314	11196.692	10492.912	10794.852	286.78314	11196.692	10492.912	11509.579	268.9889	11899.711	10929.835	1000.0	1000.0	715999	762.7791	172.00237	987.19934	-64.146164	762.7784	171.99854	987.3495	4.1821117	6.414819	4.47143	82.312874	-11.568597	-153.98149	117.19746	45071.6542198658
180	11273.225	247.4823	11637.874	10844.687	11056.229	291.66666	11501.24	10773.765	11056.229	291.66666	11501.24	10773.765	11273.225	247.4823	11637.874	10844.687	1000.0	1000.0	719999	764.7534	172.04283	996.70685	4.443978	764.75366	172.0356	1001.2818	4.2028527	6.455177	4.577079	102.87495	-13.23485	-151.0096	113.41031	45327.219420194626
181	11771.1	221.7129	12059.39	11468.691	10920.203	352.01917	11395.237	10402.608	10920.203	352.01917	11395.237	10402.608	11771.1	221.7129	12059.39	11468.691	1000.0	1000.0	723999	766.0034	172.13332	995.5877	4.464142	766.002	172.13391	991.6895	4.2226925	6.4762564	4.558722	78.3692	-11.905707	-137.9719	116.25789	45535.491040468216
182	11558.687	100.82016	11735.089	11435.563	11108.46	265.4272	11368.256	10739.261	11108.46	265.4272	11368.256	10739.261	11558.687	100.82016	11735.089	11435.563	1000.0	1000.0	727999	768.24866	172.98201	997.2924	4.4824953	768.2461	172.98575	994.0838	4.2437367	6.4652214	4.5223613	75.458206	-11.819793	-172.66936	112.31973	45743.67678952217
183	11606.498	236.33142	11963.716	11231.809	10978.431	298.11075	11469.641	10668.686	10978.431	298.11075	11469.641	10668.686	11606.498	236.33142	11963.716	11231.809	1000.0	1000.0	731999	771.14105	172.06267	1001.74664	4.5014596	771.13873	172.06789	997.89874	4.2669744	6.5658717	4.4975376	76.169426	-15.665575	-191.72472	110.582985	45951.68976187706
184	10747.719	176.17987	10945.827	10394.677	11299.871	106.56723	11460.758	11178.384	11299.871	106.56723	11460.758	11178.384	10747.719	176.17987	10945.827	10394.677	1000.0	1000.0	735999	774.0472	173.05762	1000.8978	4.5198245	774.0446	173.06293	1003.01935	4.2902784	6.537049	4.4869757	61.853294	-12.027395	-180.3025	99.86535	46159.730276584625
185	12063.037	141.66687	12291.164	11856.746	11362.652	204.70837	11568.373	11152.383	11362.652	204.70837	11568.373	11152.383	12063.037	141.66687	12291.164	11856.746	1000.0	1000.0	739999	776.66815	174.43126	1015.25696	4.538561	776.6664	174.43668	1010.83466	4.313173	6.5990486	4.4768357	65.11236	-13.649187	-187.6601	109.31478	46367.79265451431
186	11888.415	144.83931	12103.663	11597.39	11102.836	118.75425	11253.095	10920.815	11102.836	118.75425	11253.095	10920.815	11888.415	144.83931	12103.663	11597.39	1000.0	1000.0	743999	780.0983	173.6131	1014.71265	-236.15248	780.09686	173.61517	1019.50684	4.3368783	6.631674	4.5036674	81.92706	-11.867837	-194.40059	109.324165	46613.46287441254
187	11986.72	128.80884	12144.426	11704.699	11186.42	95.619835	11301.904	11062.399	11186.42	95.619835	11301.904	11062.399	11986.72	128.80884	12144.426	11704.699	1000.0	1000.0	747999	782.2552	174.36115	1018.7748	4.5773773	782.254	174.36313	1019.18933	4.3577714	6.5672245	4.533617	68.482796	-12.855242	-199.86566	112.68242	46899.4160592556
188	12125.7295	172.02092	12442.812	11902.406	10411.893	1754.2494	11675.893	7385.8267	10411.893	1754.2494	11675.893	7385.8267	12125.7295	172.02092	12442.812	11902.406	1000.0	1000.0	751999	785.1528	174.60522	1022.6546	4.5959415	785.1516	174.60474	1027.0426	4.379327	6.5908313	4.494134	71.26407	-18.793003	-217.49312	101.17617	47196.88305687904
189	11701.429	270.81216	12216.737	11327.866	11227.111	113.75559	11404.779	11092.756	11227.111	113.75559	11404.779	11092.756	11701.429	270.81216	12216.737	11327.866	1000.0	1000.0	755999	787.8363	175.94391	1023.4924	-11.223465	787.83386	175.9478	1025.2109	4.400559	6.6292596	4.513395	79.76595	-11.594442	-219.8179	106.835205	47522.395671606064
190	11828.279	259.2661	12320.907	11512.348	11257.898	177.79082	11524.198	11063.913	11257.898	177.79082	11524.198	11063.913	11828.279	259.2661	12320.907	11512.348	1000.0	1000.0	759999	790.09247	176.78355	1026.617	-91.616776	790.09265	176.78264	1032.0166	4.426893	6.635715	4.4992676	102.83697	-10.618	-198.56267	106.22647	47794.16213607788
191	12123.556	154.84459	12346.618	11905.948	11491.702	118.153435	11635.124	11307.7	11491.702	118.153435	11635.124	11307.7	12123.556	154.84459	12346.618	11905.948	1000.0	1000.0	763999	792.7582	176.629	1028.0323	4.6568995	792.7561	176.63512	1027.4835	4.446994	6.6234074	4.498841	77.962746	-11.648651	-226.51176	104.92792	48018.85479974747
192	11962.037	131.8792	12195.93	11762.772	11503.979	154.5825	11675.864	11334.977	11503.979	154.5825	11675.864	11334.977	11962.037	131.8792	12195.93	11762.772	1000.0	1000.0	767999	794.4341	176.49554	1034.9354	4.6760187	794.4331	176.49947	1032.4512	4.4703307	6.6458855	4.443876	72.65557	-13.142845	-236.12553	108.0804	48243.9257683754
193	11803.307	95.239685	11980.926	11662.49	11164.578	135.19725	11343.6875	10992.283	11164.578	135.19725	11343.6875	10992.283	11803.307	95.239685	11980.926	11662.49	1000.0	1000.0	771999	796.9138	176.20393	1038.87	-0.90083075	796.9136	176.20464	1033.823	4.490421	6.6907125	4.5034556	91.18747	-11.916124	-234.26743	112.70172	48453.230385780334
194	11139.691	143.8443	11428.845	10902.131	9744.188	2347.6626	11257.124	5690.3774	9744.188	2347.6626	11257.124	5690.3774	11139.691	143.8443	11428.845	10902.131	1000.0	1000.0	775999	797.04944	178.43822	1039.7217	-33.782646	797.04834	178.43916	1035.8763	4.5142665	6.704091	4.46807	82.560974	-11.791223	-216.56311	124.01315	48659.468754053116
195	12224.061	150.96521	12631.735	12106.21	11241.337	209.6501	11547.352	11021.836	11241.337	209.6501	11547.352	11021.836	12224.061	150.96521	12631.735	12106.21	1000.0	1000.0	779999	798.5136	177.10226	1037.1956	-90.05568	798.51013	177.11058	1042.7084	4.5399823	6.772078	4.4939013	60.62476	-12.847379	-229.87762	118.43747	48866.43177509308
196	11936.059	128.35513	12090.099	11605.492	11398.842	170.36658	11574.588	11135.754	11398.842	170.36658	11574.588	11135.754	11936.059	128.35513	12090.099	11605.492	1000.0	1000.0	783999	799.98895	177.67671	1040.6791	4.7580614	799.9879	177.67873	1039.7189	4.5619855	6.767324	4.520323	92.03472	-11.278487	-208.13861	116.04159	49149.640827178955
197	11937.13	223.88269	12187.46	11487.648	10222.781	2037.3733	11584.697	6706.2725	10222.781	2037.3733	11584.697	6706.2725	11937.13	223.88269	12187.46	11487.648	1000.0	1000.0	787999	800.4996	178.79184	1040.3829	4.7776203	800.49634	178.79675	1041.0232	4.5832825	6.739668	4.563316	77.831085	-13.566021	-243.70432	118.21058	49435.39844965935
198	12078.522	73.50578	12195.911	11960.289	11316.419	206.77808	11623.103	11042.359	11316.419	206.77808	11623.103	11042.359	12078.522	73.50578	12195.911	11960.289	1000.0	1000.0	791999	801.53064	179.19267	1040.9015	4.7989426	801.52985	179.19551	1038.2274	4.6105433	6.698116	4.5514097	109.54512	-12.160849	-240.77713	117.92836	49667.91350913048
199	12132.248	407.88995	12579.675	11100.755	11035.519	320.5651	11533.966	10712.16	11035.519	320.5651	11533.966	10712.16	12132.248	407.88995	12579.675	11100.755	1000.0	1000.0	795999	802.1316	179.6713	1042.8806	-28.17982	802.13104	179.66809	1044.4297	4.6318173	6.7161226	4.4852896	107.78372	-11.919009	-243.96504	119.20562	49887.50692367554
200	12053.383	520.4622	12559.395	10622.302	11329.731	360.64926	11621.955	10728.744	11329.731	360.64926	11621.955	10728.744	12053.383	520.4622	12559.395	10622.302	1000.0	1000.0	799999	804.36334	178.51633	1041.5784	-89.842735	804.36145	178.5202	1047.7686	4.654577	6.71653	4.529252	83.757675	-12.057133	-218.68607	123.299675	50123.18246459961
