Epoch	AverageTestEnv0Ret	StdTestEnv0Ret	MaxTestEnv0Ret	MinTestEnv0Ret	AverageEnv0Ret	StdEnv0Ret	MaxEnv0Ret	MinEnv0Ret	AverageTestEnv1Ret	StdTestEnv1Ret	MaxTestEnv1Ret	MinTestEnv1Ret	AverageEnv1Ret	StdEnv1Ret	MaxEnv1Ret	MinEnv1Ret	AverageEpRet	StdEpRet	MaxEpRet	MinEpRet	AverageTestEpRet	StdTestEpRet	MaxTestEpRet	MinTestEpRet	EpLen	TestEpLen	TotalEnvInteracts	AverageQ1Vals	StdQ1Vals	MaxQ1Vals	MinQ1Vals	AverageQ2Vals	StdQ2Vals	MaxQ2Vals	MinQ2Vals	AverageLogPi	StdLogPi	MaxLogPi	MinLogPi	LossPi	LossQ	Time
1	-10.785059	69.47572	170.37419	-88.72933	-299.3281	44.989815	-235.55652	-343.24045	-75.963295	27.456354	-25.67674	-119.42518	-156.8491	47.079704	-80.688126	-207.3703	-456.17725	90.32119	-316.24463	-547.4828	-86.74835	90.34805	134.49486	-208.15451	1000.0	1000.0	3999	10.10907	5.980968	42.997265	-0.09687476	10.107542	5.9852552	42.246914	-3.96479	-8.213848	2.0574756	10.914509	-17.354025	9.234137	1.1229203	191.89865708351135
2	-988.4753	97.42084	-729.15216	-1112.3646	-327.08676	18.011236	-303.83286	-352.87347	-287.51437	47.686398	-175.90536	-346.45004	-141.68011	34.06367	-105.55142	-186.7251	-468.76685	19.98614	-438.0318	-490.55795	-1275.9896	138.78333	-905.05756	-1440.5067	1000.0	1000.0	7999	35.050816	10.787266	87.84082	3.5961223	35.0493	10.789512	87.81903	2.9482696	-3.174901	4.9547343	57.93688	-19.49308	28.821812	4.666024	441.5002851486206
3	213.45882	85.75799	405.13788	103.413704	-676.4188	369.24884	-301.2198	-1181.0044	-130.09123	38.114338	-57.49736	-169.02875	-124.875305	42.586002	-78.016235	-169.04329	-801.2941	360.9319	-388.0448	-1259.0206	83.36758	82.68453	240.99603	-6.656005	1000.0	1000.0	11999	76.45188	12.7106	127.368484	40.470642	76.45059	12.715228	127.14386	39.427456	-0.2165275	6.0421224	48.487045	-19.359703	60.917267	10.059746	693.3932645320892
4	711.04004	64.15897	824.1053	591.61365	-631.83594	82.15993	-548.0895	-736.12695	-47.649178	31.631739	-4.2485595	-94.791405	-130.99411	12.002645	-121.26801	-151.53412	-762.8301	74.92015	-681.24756	-860.9095	663.3909	72.34438	819.47125	578.1065	1000.0	1000.0	15999	86.61192	7.9384923	129.86075	61.601715	86.61121	7.94279	130.06454	61.69602	-7.0321856	2.8474076	15.726797	-18.647835	66.32489	7.939101	948.4382767677307
5	652.15344	7.9708285	664.7331	639.20984	-453.29382	95.3414	-340.2303	-572.89856	47.700783	5.0797553	57.438557	41.073	-155.8267	29.364979	-117.75065	-197.78856	-609.12054	103.56221	-457.98093	-737.5312	699.8542	8.279093	717.0539	687.66315	1000.0	1000.0	19999	82.46803	10.4154	128.29594	51.804207	82.467316	10.417341	129.51341	52.198822	-8.240825	1.9156872	7.263445	-18.271032	63.045856	6.2072697	1249.7064096927643
6	817.95374	18.774277	870.3107	794.33923	-274.82486	30.020788	-235.40904	-319.1027	29.244244	14.807049	44.392372	-12.353446	-138.95615	17.240349	-118.40803	-165.78271	-413.781	24.545633	-374.92184	-437.5107	847.19806	6.4104595	857.95734	838.7316	1000.0	1000.0	23999	78.6561	9.798115	118.92154	51.30304	78.656044	9.798418	118.79127	51.301987	-8.659809	1.4861809	5.2492275	-17.955925	60.532787	4.7356415	1639.8570129871368
7	867.41815	11.902643	883.91113	842.0651	-234.60791	20.050646	-201.46199	-255.35187	2.5879688	15.7387495	39.45415	-16.880516	-117.05366	23.533257	-79.74972	-144.95549	-351.66156	11.61584	-335.1016	-362.93	870.0062	6.533132	881.5193	856.7865	1000.0	1000.0	27999	77.99414	8.606509	115.56278	50.32554	77.99387	8.60805	115.77099	50.254345	-8.705204	1.3897244	10.705435	-18.904484	60.030365	4.229941	2041.0141274929047
8	915.28894	9.013307	935.7147	906.4189	-137.70894	71.51947	-17.147617	-204.13596	-7.6510115	8.390888	11.802596	-20.126547	-109.42842	50.70728	-37.566967	-178.3275	-247.13739	85.4208	-114.467255	-347.9664	907.6379	15.950499	947.51733	889.0407	1000.0	1000.0	31999	79.04289	7.5324006	120.23078	50.915977	79.043144	7.5330825	119.59713	53.22484	-8.6554365	1.3662275	7.1438923	-17.057438	60.440716	4.135657	2450.5191991329193
9	900.41736	26.52602	940.6411	873.271	-47.15524	41.863777	5.0185986	-108.83592	-9.657228	7.082156	1.9954078	-18.36484	-98.541306	38.65401	-58.43013	-142.90378	-145.69655	68.37701	-53.411533	-239.82439	890.76025	32.785427	939.73413	856.5118	1000.0	1000.0	35999	81.08637	6.83766	119.99208	55.57136	81.08627	6.8394527	120.64088	55.491295	-8.585147	1.3748966	12.923279	-17.938477	62.311302	4.052371	2862.260728597641
10	870.4582	11.804617	887.38116	852.0861	-40.672203	34.050926	-4.586641	-85.49282	-8.567724	6.0554404	0.3043419	-17.586412	-69.339325	43.511288	-0.8075855	-119.70267	-110.011536	55.9694	-62.49588	-205.1955	861.8905	11.949116	886.832	846.46954	1000.0	1000.0	39999	84.05262	6.30324	123.140755	54.28325	84.05272	6.3029485	120.70866	55.25363	-8.493977	1.3973849	20.312885	-18.015598	64.35504	3.8220909	3230.0994765758514
11	883.8908	43.09878	945.9961	829.88074	10.339156	16.912258	30.902443	-15.796719	-12.826118	1.4437382	-9.882022	-14.531854	-59.443985	21.005957	-23.368587	-75.9216	-49.104828	7.6682296	-39.165306	-59.386	871.06476	42.13088	932.586	817.6282	1000.0	1000.0	43999	87.96419	5.9903054	124.75084	56.29392	87.96418	5.990917	122.39927	56.24098	-8.4029665	1.4240775	13.026422	-18.567356	67.58961	3.6365347	3602.737951517105
12	892.8096	14.300276	918.0018	870.90063	66.586716	32.439613	103.72844	20.49868	-10.30895	4.303633	1.9096277	-13.997826	-62.55266	5.5965405	-53.38933	-68.58294	4.0340466	35.250298	39.7612	-43.77246	882.5006	13.230557	906.6021	858.12537	1000.0	1000.0	47999	92.11816	5.844828	125.69713	58.071182	92.11826	5.843817	122.815475	56.487434	-8.335271	1.4297473	10.985954	-17.801373	69.47981	3.5908012	4050.50804066658
13	850.7284	10.704075	862.8773	829.55963	92.87659	32.52178	133.8528	52.224445	1.7911713	15.674638	31.783487	-12.310823	-62.06674	29.086676	-39.07568	-111.13862	30.809849	59.375317	94.777115	-58.914177	852.51965	10.078526	867.087	834.37665	1000.0	1000.0	51999	96.4812	5.909196	129.2496	60.98794	96.48138	5.9080734	127.95954	61.649826	-8.257685	1.4543699	7.354619	-22.126951	72.49122	3.6762414	4356.772518396378
14	879.6293	15.391022	902.248	852.84937	95.722565	28.51384	144.72705	75.78704	-26.788157	1.5749389	-24.893837	-29.672935	-46.8857	25.083765	-18.790956	-85.901695	48.83686	49.735584	125.93609	-10.114657	852.841	15.470984	875.7069	825.52374	1000.0	1000.0	55999	100.52953	6.092913	132.88951	66.795685	100.52955	6.091151	132.77914	65.456116	-8.214124	1.4613404	11.650622	-20.089737	76.14224	3.8727095	4642.363073825836
15	843.3242	6.8044577	857.8971	834.8243	103.410614	50.767426	143.63857	18.665709	-32.116653	2.4372647	-28.61433	-37.23759	-57.64728	9.43618	-48.829205	-73.346405	45.763336	49.998756	94.809364	-37.574608	811.2076	8.330727	828.0987	800.35425	1000.0	1000.0	59999	104.21891	6.406011	133.8131	67.282005	104.219	6.405796	132.5379	67.93755	-8.1287565	1.4988525	9.3704605	-19.252962	79.64217	3.9624941	4915.951006650925
16	692.27484	24.27408	756.0179	666.02795	143.89525	23.355846	179.11655	116.63544	-29.47324	2.7745922	-25.553352	-34.545895	-37.516533	32.3745	0.53050566	-73.184364	106.37871	29.616913	137.446	57.60181	662.80164	25.904406	729.55774	634.995	1000.0	1000.0	63999	107.65562	6.8452783	143.27116	65.56688	107.65566	6.845492	139.3057	63.945534	-8.0611515	1.5251753	11.649158	-19.23325	81.513725	4.207346	5194.547055244446
17	822.4757	24.798246	852.9117	786.7815	145.87914	36.364216	179.86934	85.99524	-22.494913	2.1093333	-19.93285	-25.541267	-46.298782	16.359867	-21.101477	-66.9192	99.58036	23.54153	131.307	64.89377	799.9808	23.062073	827.5876	766.6388	1000.0	1000.0	67999	110.81423	7.330191	138.43648	71.72908	110.81405	7.331998	137.35425	73.89401	-8.000677	1.5488137	11.424137	-20.419735	83.69903	4.335512	5514.735666513443
18	810.6363	46.071655	897.69965	739.46857	109.241554	83.48878	176.3323	-33.71251	-21.059973	4.257973	-10.349219	-25.244787	-43.66347	12.100637	-27.806126	-61.702328	65.57807	83.32582	131.96147	-74.48711	789.57623	48.99323	879.4036	714.22375	1000.0	1000.0	71999	113.63807	7.880787	138.57013	65.90096	113.63807	7.881094	139.35553	72.71238	-7.9966455	1.551891	16.870964	-19.353075	85.766396	4.351857	5864.185242891312
19	708.8051	21.240782	748.7528	688.04407	174.93216	19.126179	205.75577	157.46568	-19.030361	1.3831435	-17.114351	-21.199875	-29.598137	6.2956448	-22.56399	-37.257645	145.33401	13.707388	168.49812	133.1901	689.77484	20.955944	730.6007	669.45496	1000.0	1000.0	75999	116.19029	8.494793	141.26614	65.453476	116.19022	8.496847	139.29134	64.62536	-7.9601192	1.5629592	12.183762	-18.310152	86.400406	4.3865237	6248.899989128113
20	833.4247	18.131475	859.4162	808.66724	162.80615	33.197277	217.62064	128.28477	-2.4737372	0.866564	-1.2364477	-3.7390823	-47.146507	8.46315	-34.00288	-57.64155	115.659645	31.139688	169.36351	94.2819	830.951	18.202854	856.11926	805.4873	1000.0	1000.0	79999	118.64395	9.07263	147.7745	68.15133	118.64385	9.074263	141.43254	70.231804	-7.934354	1.5824324	11.164244	-19.956898	87.69337	4.39807	6612.521772384644
21	888.39716	7.2447476	905.3385	881.8372	155.1653	9.531238	170.08691	145.86949	-20.851046	3.3125286	-16.638554	-26.062971	-44.778694	18.818827	-19.76062	-72.75961	110.386604	24.795265	136.97849	73.10988	867.5461	6.7285237	883.6025	855.77423	1000.0	1000.0	83999	120.80887	9.532197	145.51744	70.12026	120.8089	9.534366	145.60129	69.03514	-7.9474664	1.5927786	11.611993	-19.267017	87.20431	4.4067254	6917.039356470108
22	772.38513	3.733693	776.654	765.0467	167.43152	53.619198	249.25931	98.75936	-28.099415	2.2017007	-25.518877	-32.578587	-9.009278	11.911109	6.933461	-23.613045	158.42223	46.59284	232.53922	105.692825	744.2857	4.335254	748.39874	733.8173	1000.0	1000.0	87999	122.82993	9.994793	143.07317	69.888	122.8299	9.996455	144.49525	69.549545	-7.8916073	1.6198437	12.797466	-20.07095	88.54272	4.3395696	7253.130890130997
23	867.0542	21.415215	897.12866	819.80066	156.97815	49.40789	226.93	101.069244	-18.307533	3.2619288	-10.792082	-22.05634	-42.178604	43.971428	-13.494614	-118.14793	114.79955	57.697166	211.702	60.50451	848.7466	18.35407	875.74506	809.00854	1000.0	1000.0	91999	124.52264	10.516731	146.48222	69.42516	124.52253	10.517558	145.84612	70.59358	-7.9258704	1.6106251	12.869633	-18.463367	88.72484	4.4614406	7645.8515791893005
24	912.95	12.034058	947.905	904.1828	178.2812	24.405323	220.29192	160.9748	-18.839947	1.2565889	-17.042027	-21.567097	-51.462734	40.93771	-11.478783	-107.81848	126.818474	57.036835	206.97238	55.569298	894.11017	12.77495	930.863	882.6157	1000.0	1000.0	95999	126.3068	10.873347	148.32156	72.181244	126.30675	10.874733	149.96123	69.08259	-7.8743415	1.6453916	20.728966	-19.472248	87.69555	4.4376736	8038.35169672966
25	776.4557	5.691085	786.4005	763.3514	208.70879	69.396385	287.1085	105.6029	-16.504438	3.4539495	-11.007465	-21.217968	-21.851557	15.362447	-3.2559178	-45.52119	186.85722	77.51456	271.33633	82.74595	759.9512	4.2845297	766.8246	752.34393	1000.0	1000.0	99999	128.04465	11.222384	149.56837	71.79267	128.04465	11.223264	152.03021	72.68455	-7.9001913	1.6342237	14.8773985	-19.805052	92.23002	4.44505	8402.308141469955
26	871.36365	8.278885	882.36487	855.5413	179.21341	29.19281	225.74207	147.04749	-19.82251	2.038814	-16.83248	-23.912357	-25.060265	27.864887	-2.8794262	-72.30285	154.15314	46.813824	222.86264	92.44311	851.5412	9.846167	865.53235	833.0057	1000.0	1000.0	103999	129.91261	11.509993	154.85413	70.75581	129.91263	11.509968	153.14496	72.08838	-7.9167757	1.6253651	20.253984	-20.059872	92.0093	4.370163	8715.757135391235
27	855.08954	46.933094	926.6421	756.7936	199.26279	44.13354	271.54584	160.2135	2.1420286	6.0654926	7.4549356	-13.688929	-6.730625	16.138456	11.297474	-32.193798	192.53217	28.347187	239.35205	168.50911	857.2316	50.46462	930.8608	752.7582	1000.0	1000.0	107999	131.56459	11.66701	154.39055	75.15294	131.56471	11.666543	155.08914	79.4286	-7.909388	1.6475632	14.56669	-18.71312	91.38817	4.463016	9075.574879407883
28	854.70135	20.924456	896.9335	815.49695	158.73447	38.447693	222.42691	120.49928	-17.391773	7.0386724	-1.9100184	-30.593636	-70.30405	48.37297	-20.170324	-119.74434	88.43043	78.0152	202.25658	0.754938	837.3096	26.337528	895.02344	784.9033	1000.0	1000.0	111999	132.96727	11.8520975	155.28975	73.60046	132.96725	11.85189	158.72855	75.265114	-7.8797255	1.651541	14.864664	-19.8853	91.70733	4.356808	9514.23553609848
29	802.5363	50.78818	940.07495	732.5775	203.07176	24.211185	231.82312	169.40823	-10.332171	6.7151566	-0.65117556	-25.422958	0.5774174	8.102333	12.18634	-8.804987	203.64919	30.584167	235.60677	164.5529	792.20416	53.517902	939.42377	715.76886	1000.0	1000.0	115999	134.48643	11.97757	156.99977	79.58365	134.48637	11.976951	159.63412	77.01659	-7.8918996	1.660952	21.743244	-19.161888	93.69539	4.3207407	9954.022675991058
30	757.9637	57.436462	862.3037	647.39734	176.70523	68.213524	271.78906	78.94012	-33.661564	36.153385	-6.3506856	-127.71054	-3.3504496	17.109152	11.857156	-32.356606	173.35477	84.253716	283.6462	46.58351	724.3021	89.1621	855.953	519.68677	1000.0	1000.0	119999	135.82878	12.155772	161.56546	78.913895	135.82887	12.154923	161.99988	80.83336	-7.872333	1.670732	10.546863	-18.619339	97.16658	4.5005302	10363.887861967087
31	742.33307	245.51418	1038.4764	426.09494	163.54544	52.709793	209.91765	73.967545	0.33002034	7.806846	15.437722	-13.764601	3.4948037	5.707178	10.596969	-4.469099	167.04025	57.32596	216.67632	69.49844	742.663	246.46434	1046.9889	419.0212	1000.0	1000.0	123999	137.154	12.34023	161.40016	74.91737	137.15399	12.338996	163.21349	75.84984	-7.8624043	1.6939087	19.763794	-18.27509	96.26482	4.376538	10770.303710222244
32	832.8294	48.28907	879.5635	743.1816	210.01022	18.865911	239.9743	189.84515	-19.371353	15.440989	1.2975149	-43.19036	-2.4281693	11.839617	13.145305	-19.619972	207.58206	27.42453	241.61916	170.22519	813.4581	61.600903	866.97034	708.3232	1000.0	1000.0	127999	138.33493	12.472228	162.44258	80.80976	138.33508	12.470331	163.64748	80.17719	-7.9178677	1.651152	14.900085	-18.977621	95.328636	4.327202	11240.01798248291
33	782.0722	106.560104	919.67377	653.01526	170.95547	17.333502	187.60745	145.90865	12.077947	19.932117	44.107296	-11.631699	-28.639412	60.228806	19.742783	-129.36552	142.31607	76.85607	206.33974	16.543123	794.1501	93.65555	914.23285	656.67224	1000.0	1000.0	131999	139.22026	12.791222	165.86998	76.58122	139.22041	12.788925	166.85786	78.17154	-7.9472814	1.6144642	15.839299	-19.726807	95.79689	4.367741	11751.772726297379
34	766.8812	118.4	1007.7503	656.10223	154.20374	9.609952	168.43477	141.7528	5.98694	7.2984543	25.169456	-1.0891167	-13.869114	35.52489	8.59853	-75.32924	140.33463	38.399315	175.75342	75.71812	772.8683	117.511665	1016.4007	660.4001	1000.0	1000.0	135999	139.89023	13.298532	167.84074	70.45661	139.89017	13.297597	166.81845	74.6383	-7.9363155	1.6105357	11.0602255	-18.373661	95.1352	4.47004	12204.981287002563
35	794.2693	61.048996	937.3175	724.45306	177.05717	16.8109	196.24837	156.83246	-0.2479765	13.328933	21.587166	-23.076544	-48.350227	53.43954	15.907018	-110.451454	128.70694	56.22761	206.7578	53.845615	794.02136	65.64979	942.2094	720.0995	1000.0	1000.0	139999	140.48912	13.615311	169.30063	74.811165	140.48932	13.61405	168.076	75.317635	-7.9280424	1.6104722	17.092678	-18.828686	91.78619	4.5717845	12602.369077444077
36	781.67554	72.165855	894.1911	636.9608	178.88806	43.8323	249.1152	139.5247	-0.05170579	4.410089	9.138706	-4.9434786	-49.137726	52.71813	9.661101	-125.798386	129.75034	41.43167	192.18912	75.68962	781.62384	69.53149	896.874	642.6959	1000.0	1000.0	143999	140.63007	14.227022	171.88354	71.46219	140.6301	14.226515	170.66872	73.44653	-7.9163837	1.6386354	17.169535	-19.361467	93.32814	4.7014813	12926.654460668564
37	893.1422	36.57578	965.2525	844.7157	183.34433	29.464487	213.14703	134.76526	-10.7475815	3.7558532	-5.3078985	-17.870186	-28.671282	45.214573	14.314804	-103.07815	154.67307	74.61878	227.46184	31.687113	882.39465	35.77884	955.9602	838.92303	1000.0	1000.0	147999	141.14398	14.570545	164.89423	75.715866	141.14407	14.570059	167.74371	73.97011	-7.93095	1.6246432	40.93663	-18.705734	90.11152	4.549585	13270.19107890129
38	1027.094	138.01038	1250.3867	865.063	207.98085	24.75166	241.54553	172.01904	2.8177648	3.167724	8.339465	-1.5878478	-33.941544	36.726402	5.1060104	-74.98814	174.0393	58.375793	241.64728	97.0309	1029.9117	139.12859	1258.7262	863.47516	1000.0	1000.0	151999	141.72351	14.706108	173.76924	72.67196	141.72374	14.704872	172.01268	75.301636	-7.961889	1.6178125	17.03657	-18.297081	90.578445	4.5846906	13638.767117977142
39	920.97815	71.63175	1045.928	833.7308	202.04005	27.985357	232.17542	156.97644	-12.857196	13.264854	12.649157	-28.155546	23.379436	17.338047	46.914093	-0.92886955	225.4195	23.789434	249.99855	186.09799	908.121	82.31419	1048.857	816.5499	1000.0	1000.0	155999	142.37288	14.774934	174.669	75.50129	142.37282	14.773514	175.75322	75.65005	-7.933702	1.6469784	13.007711	-21.348396	84.12622	4.6935277	13990.137336492538
40	938.5375	75.488266	1028.6586	759.0089	203.50272	15.470053	225.82816	184.08266	-11.182813	18.76989	3.5978858	-51.96184	13.89486	10.396761	22.976147	-3.1737401	217.39758	14.191907	240.06529	205.10146	927.3548	90.777214	1030.8907	717.7389	1000.0	1000.0	159999	143.09554	14.754339	172.37273	70.276474	143.0958	14.753303	172.75938	72.865974	-7.891903	1.6606851	13.446116	-19.077284	85.339325	4.6848836	14335.84757065773
41	963.47687	47.911156	1034.3477	893.739	201.33974	27.89125	222.83131	153.91602	2.2884538	3.9985788	5.5977483	-8.572791	-33.535698	52.509422	25.399378	-96.80045	167.80405	66.5541	234.02402	80.45113	965.7653	50.347908	1037.7238	885.16626	1000.0	1000.0	163999	143.92677	14.730152	180.95355	71.39969	143.92686	14.729319	174.01794	71.212654	-7.93145	1.6282274	15.381132	-19.4368	84.75525	4.533943	14664.031281709671
42	987.38513	43.93204	1031.7365	902.50995	215.53589	37.34778	271.12036	169.59114	1.5163381	3.6190035	7.522486	-6.9265347	-32.998245	60.615215	29.387688	-96.06696	182.53763	86.58454	300.50806	73.52418	988.9015	45.104904	1034.5165	902.89435	1000.0	1000.0	167999	144.49654	14.7460575	178.53027	68.631905	144.49649	14.745763	174.97415	69.364586	-7.90019	1.6279896	22.854965	-20.765589	87.39933	4.5473323	14989.088738441467
43	986.45605	1.6856629	988.9147	982.60004	198.14297	35.804523	231.4359	138.01805	-9.738664	0.47333422	-8.992496	-10.248781	-115.13246	25.359417	-72.411896	-138.40056	83.0105	52.677765	159.024	10.265422	976.7174	1.6026828	978.6659	972.4766	1000.0	1000.0	171999	143.86919	15.572985	174.38397	57.34934	143.8694	15.5716715	172.15796	61.35843	-8.2287035	1.3068757	9.65029	-19.29261	88.89083	4.858374	15316.568247795105
44	987.77216	1.8014144	990.3244	985.1051	203.67575	64.978165	300.78735	143.28528	-11.822928	0.17738214	-11.478355	-12.052319	-71.849365	30.118979	-26.808886	-101.086914	131.82639	95.08748	273.97845	42.198376	975.94934	1.7433109	978.29865	973.2195	1000.0	1000.0	175999	141.62563	17.33741	171.19162	44.845768	141.6256	17.338179	167.00505	52.84071	-8.229313	1.2500844	-4.9906397	-21.023607	87.07556	5.3912888	15661.385674715042
45	980.8502	2.5943189	987.21484	977.14246	215.9945	58.93894	274.3995	141.04854	-13.977743	0.44081652	-13.3025055	-14.754988	-56.932945	27.214287	-24.82786	-84.59191	159.06157	31.884918	191.19324	116.22067	966.87244	2.5312698	972.76117	962.8977	1000.0	1000.0	179999	139.69875	18.78109	171.6998	48.354576	139.6989	18.780684	169.85982	48.12566	-8.202566	1.2664942	-4.576214	-19.069313	86.611	5.859649	16055.800123691559
46	993.46893	1.5210154	995.3701	989.602	243.17723	44.903038	312.2012	202.14836	-14.763664	0.3367204	-14.225122	-15.246494	-79.23628	32.48103	-40.780884	-123.95102	163.94095	56.059402	217.09125	80.47393	978.7054	1.4874775	980.7066	974.85767	1000.0	1000.0	183999	138.04382	19.964653	169.99664	43.3702	138.04391	19.96393	167.60153	44.012917	-8.149051	1.2888731	-3.008297	-22.799536	79.25987	6.115709	16490.38751411438
47	987.1141	1.8524237	990.0229	984.02344	261.20676	22.90809	286.09457	229.1938	-13.573194	0.39856032	-12.745313	-14.13231	-48.807713	19.749538	-31.964766	-81.94581	212.39905	33.646465	254.1298	168.16904	973.54083	1.8758081	976.4962	970.383	1000.0	1000.0	187999	136.49858	20.91971	169.20486	45.371944	136.49876	20.920557	169.2901	46.052143	-8.1863575	1.2765645	-4.6760798	-17.780258	76.739296	6.308166	16953.625138044357
48	990.47766	2.218762	995.7693	987.7341	171.88246	45.15688	233.03816	105.53002	-14.269972	1.6820065	-9.356371	-15.548165	-70.395164	22.949377	-34.320587	-96.67337	101.48732	46.439205	139.7099	24.457758	976.2077	2.7223835	980.9827	972.6394	1000.0	1000.0	191999	135.24689	21.549305	167.839	37.905186	135.24698	21.550081	168.82481	35.832153	-8.158359	1.2967184	-4.378126	-25.254372	75.670654	6.6133256	17462.769325494766
49	987.3678	2.0933764	991.3604	984.22723	221.13579	66.020134	318.992	135.3275	-14.11736	2.3496742	-11.696023	-18.049784	-61.320732	12.06478	-41.55868	-73.85442	159.81506	59.876503	256.11612	93.76882	973.2505	2.9446537	979.4366	968.53815	1000.0	1000.0	195999	134.15349	21.99366	168.77068	35.674896	134.15343	21.99461	166.97804	34.673584	-8.217428	1.2695634	-4.5163026	-18.273342	73.49053	6.6248007	17989.003312826157
50	990.3338	1.8896741	992.61346	987.0055	222.29944	28.574484	259.72647	179.88516	-15.719912	1.6537303	-10.845567	-16.788904	-38.705326	17.009506	-13.579819	-58.96869	183.5941	25.54365	225.78651	160.63715	974.61395	2.5666227	980.52496	971.25793	1000.0	1000.0	199999	133.39801	22.268536	169.99405	29.204786	133.39795	22.26924	168.12932	28.229485	-8.179166	1.290742	-4.5190077	-19.498283	73.64035	6.576831	18497.386633872986
51	983.568	1.5773487	986.66235	981.7243	226.13339	41.754158	293.46213	190.22316	-13.981296	0.2376459	-13.606627	-14.359992	-37.591137	19.808296	-9.403452	-64.178986	188.54225	48.05206	249.29462	128.11543	969.58673	1.592782	972.8925	967.68243	1000.0	1000.0	203999	133.13634	22.20882	162.21791	29.43249	133.13638	22.209566	162.91327	26.100338	-8.162979	1.2945071	-4.6672974	-18.060392	73.0017	6.488706	18923.928820371628
52	989.2335	1.5004867	991.3784	986.68494	222.87383	56.775677	304.1126	144.98619	-13.082484	0.45757934	-12.37716	-13.725892	-55.49858	19.611126	-32.881413	-81.148186	167.37524	54.41691	222.96443	77.50662	976.151	1.5467099	978.1521	973.87744	1000.0	1000.0	207999	132.67703	22.424791	165.47426	26.102415	132.677	22.425337	162.94559	28.715935	-8.18503	1.2820954	-4.6641607	-18.470444	71.1412	6.5792556	19406.72216820717
53	988.04865	1.8516	991.0895	985.82263	191.45529	11.3717575	200.31	172.1547	-15.144284	1.604307	-10.381168	-16.177942	-59.968876	30.285791	-28.270363	-96.78302	131.4864	40.188244	170.83586	75.37167	972.9044	2.1530547	976.0769	969.98645	1000.0	1000.0	211999	132.50052	22.457838	165.99753	32.484634	132.50043	22.458324	164.10127	26.844994	-8.163517	1.2941376	-4.6620865	-18.99476	70.87555	6.4050198	19972.960496902466
54	981.96594	2.2044718	986.0809	978.7879	211.10252	37.7078	253.69304	151.29346	-17.052357	2.0259614	-13.952727	-19.642185	-35.477283	25.290806	-13.565499	-78.33168	175.62524	60.68874	225.3272	72.961784	964.9136	2.5420988	969.47284	960.298	1000.0	1000.0	215999	132.50632	22.422842	163.76128	26.930225	132.5063	22.424217	163.9553	27.639881	-8.131515	1.3116323	-4.521722	-20.139374	69.232704	6.2799034	20495.37669825554
55	985.5454	1.7553468	987.8909	982.7364	150.21873	46.327747	220.1433	100.81271	-15.748924	1.5535047	-11.265937	-17.021715	-65.028275	35.30442	-21.462421	-119.72119	85.190475	65.63696	198.68088	43.08712	969.7966	2.796849	976.1569	966.2663	1000.0	1000.0	219999	132.29546	22.542376	169.22261	26.70281	132.29546	22.543383	166.18271	32.464798	-8.144448	1.3029871	-4.7242193	-18.166876	70.89295	6.3083076	21026.708206892014
56	986.8595	1.7179536	990.72485	984.4744	183.6199	41.17405	241.7562	125.67489	-14.825015	1.8040344	-9.500115	-15.760546	-47.963497	12.561917	-32.975937	-60.457645	135.6564	43.201176	181.42465	65.21724	972.03436	3.289443	981.22473	968.96265	1000.0	1000.0	223999	132.38422	22.414207	168.94724	35.002346	132.38399	22.41487	168.06516	36.54653	-8.128905	1.3111787	-4.55564	-18.60726	70.53517	6.2232685	21428.791223526
57	987.4684	2.3794267	991.5846	983.6504	187.71558	30.54502	210.62111	135.19273	-12.6414585	1.8000822	-11.369786	-16.559267	-28.997284	9.768759	-12.232298	-36.73875	158.71829	35.350998	198.38881	101.74474	974.82697	2.4160278	979.4482	971.9463	1000.0	1000.0	227999	132.40381	22.336369	164.44264	35.948284	132.4038	22.338017	170.08586	31.472748	-8.155812	1.3008739	-4.7800083	-17.93413	67.717766	6.2418704	21802.93824505806
58	987.43475	1.5248495	988.9423	985.08954	210.59612	43.300804	276.87708	167.47871	-16.537334	0.6400378	-15.547996	-17.694078	-42.603127	19.323206	-24.221027	-75.06121	167.993	49.21218	252.65605	130.6787	970.89734	1.9473523	973.0283	967.4732	1000.0	1000.0	231999	132.54979	22.185173	165.51488	29.644917	132.54976	22.185991	162.98425	28.89352	-8.130066	1.3197478	-4.4161634	-19.289268	61.167637	6.251029	22162.49605536461
59	982.72473	1.9459151	986.5767	980.9081	226.13632	13.0219965	243.9683	208.42996	-15.489186	0.3883203	-14.78822	-16.195732	-51.023537	13.283393	-30.48142	-67.638695	175.1128	10.495871	190.83708	163.27148	967.23553	2.1182003	971.13446	964.97424	1000.0	1000.0	235999	132.72192	22.065742	164.23422	23.598297	132.72209	22.065979	171.33424	18.484669	-8.128188	1.3148276	-4.5062437	-19.43894	58.4664	6.139176	22594.04925107956
60	995.02655	1.5090152	998.2062	993.4647	227.56987	29.005802	256.86627	179.3303	-14.621771	1.6054306	-10.005647	-16.150625	-47.038887	18.220926	-20.982368	-70.723206	180.53099	40.576084	235.88391	124.57441	980.4049	1.838852	983.98926	978.16144	1000.0	1000.0	239999	132.82588	22.136866	164.17186	27.439226	132.82582	22.138592	172.64833	24.24698	-8.153989	1.295425	-4.5249386	-18.307356	55.161804	6.1829014	22987.991072893143
61	992.4962	1.5017424	994.978	989.79767	205.16083	38.198887	262.30493	157.63264	-14.376184	0.37085563	-13.770171	-14.989768	-44.888935	32.184578	-14.475909	-96.46616	160.27188	30.127178	190.50676	110.39784	978.11993	1.6507063	980.9003	975.5835	1000.0	1000.0	243999	132.73036	22.280201	163.99165	29.73871	132.73036	22.280636	165.50392	23.885986	-8.168676	1.2955961	-4.582756	-20.519264	54.275124	6.272621	23371.960065364838
62	989.01434	1.721649	991.3076	985.61646	201.4842	23.560638	224.02335	162.00037	-15.718778	0.7445696	-14.77124	-17.18524	-50.986023	18.483974	-20.896826	-70.07876	150.49818	33.889168	203.12653	109.77497	973.2956	1.6567233	975.9655	969.77277	1000.0	1000.0	247999	132.59885	22.426495	164.04283	31.738808	132.5987	22.427608	165.43228	35.035625	-8.147021	1.3112015	-4.503376	-21.13241	50.182625	6.412385	23954.020768404007
63	994.49786	1.9862684	997.3184	991.7414	202.69682	15.922231	221.2751	186.612	-15.169441	2.2426686	-11.874713	-17.743422	-44.66896	25.436125	-24.422293	-88.302864	158.02786	37.562603	191.29466	98.309135	979.3284	3.2300992	985.4437	975.1264	1000.0	1000.0	251999	132.87125	22.253239	170.01071	33.909004	132.87138	22.25384	168.72261	33.145924	-8.12987	1.3213396	-4.5096636	-18.110264	54.288383	6.09266	24432.62046146393
64	993.9647	2.2433612	997.4277	988.789	186.92325	24.999962	224.30177	155.85555	-14.540258	2.1286378	-11.773784	-16.93373	-52.24692	14.039484	-30.912073	-69.08146	134.67633	18.50825	155.2203	105.815186	979.4245	1.9874185	982.9718	976.6885	1000.0	1000.0	255999	133.17314	22.048069	165.5751	37.74426	133.173	22.05021	169.07663	37.717636	-8.168298	1.3017112	-4.6191654	-18.249615	50.1727	6.000261	24994.268018960953
65	975.08954	1.3189473	976.5003	972.94165	163.58752	16.572332	182.17601	142.02376	-14.698622	2.3486304	-11.073484	-16.928617	-43.144104	15.687313	-29.791529	-69.699745	120.443436	11.47244	137.82239	108.09971	960.3909	2.512088	964.17615	956.0363	1000.0	1000.0	259999	133.54166	21.917044	168.76942	40.142605	133.54156	21.917881	172.04578	31.81022	-8.148427	1.3139465	-4.5073624	-18.538042	52.265633	5.9744744	25494.874938249588
66	988.9469	2.1515725	993.0783	986.17865	239.50566	47.315487	311.6032	178.87347	-16.724232	0.46303457	-15.948543	-17.305437	-48.788097	8.563729	-34.474346	-55.99145	190.71756	47.5161	256.88303	122.88202	972.22253	2.084642	975.7729	969.2864	1000.0	1000.0	263999	133.82518	21.806587	165.94156	31.402592	133.82503	21.807928	166.97002	30.643627	-8.1648445	1.3022273	-4.626953	-18.41932	53.723415	5.9404306	25955.259826660156
67	980.56024	2.448662	986.2619	978.01074	183.8376	22.519407	222.7216	168.16286	-15.7161255	2.3207085	-13.174801	-18.748064	-53.67646	24.148367	-30.395823	-93.25673	130.16113	32.681347	170.44405	79.84123	964.84406	3.607678	972.04395	959.8425	1000.0	1000.0	267999	133.97487	21.796877	162.31119	32.365257	133.9748	21.797604	162.8197	34.652615	-8.121111	1.3291724	-4.3076725	-20.306799	55.043953	6.004999	26411.304597377777
68	986.53107	2.2588942	989.28564	981.877	221.19934	46.032986	291.12503	164.32271	-15.283788	1.4315917	-11.125382	-16.170403	-53.96164	4.3684654	-48.47408	-60.69495	167.23769	47.915108	237.55473	103.62776	971.24725	2.5884345	974.2423	966.1618	1000.0	1000.0	271999	134.1533	21.786633	163.02614	38.42575	134.15343	21.788046	162.1762	33.674957	-8.17316	1.3134294	-4.636363	-18.318441	53.425186	5.8491163	26856.745919704437
69	982.5638	2.032056	985.81067	980.06006	190.75398	29.510534	233.11885	160.77153	-12.980527	0.6051929	-11.749584	-13.591968	-51.68033	26.975998	-9.8749695	-82.93758	139.07365	22.246992	154.56808	100.648705	969.5833	2.2017434	972.6998	966.93134	1000.0	1000.0	275999	134.59805	21.547016	165.54892	38.287525	134.59776	21.548418	165.75598	40.836708	-8.17918	1.2956644	-4.662926	-18.976425	55.293633	5.8525	27517.847768068314
70	988.1647	2.1026402	991.3886	984.4235	160.80978	61.885784	218.39511	59.728226	-13.805392	1.957247	-11.694929	-16.836977	-56.72278	16.907927	-32.204426	-74.13592	104.087	76.39645	186.19069	-14.40769	974.3592	2.875374	978.18494	968.3789	1000.0	1000.0	279999	134.76337	21.429995	170.24675	37.531475	134.76341	21.431019	169.95451	38.634644	-8.146278	1.3178638	-4.43172	-18.709078	58.05857	5.9066052	28047.151276111603
71	984.9963	3.0310233	989.336	978.0954	264.71332	49.98597	343.89114	210.71344	-15.790767	0.41066557	-15.225991	-16.320818	-59.047592	14.25165	-34.57291	-70.0552	205.66573	50.689743	273.83594	145.82095	969.20557	3.095612	973.0152	961.803	1000.0	1000.0	283999	134.97588	21.383354	166.64412	35.70073	134.97571	21.384407	169.17458	33.976276	-8.136617	1.3178648	-4.4299803	-18.367077	58.070457	5.9533644	28613.971857070923
72	989.35724	1.6050633	991.77325	986.7339	225.53603	13.526004	244.9229	211.69116	-16.410776	2.4461348	-11.138075	-18.153214	-40.712364	31.197306	-3.3446376	-87.46944	184.82367	35.32821	210.79126	124.22173	972.9465	3.3372467	979.4289	969.04	1000.0	1000.0	287999	135.0713	21.320059	172.36452	39.789875	135.07143	21.320784	175.12903	39.38224	-8.14844	1.3077344	-4.453889	-17.841412	50.290577	5.9009776	29073.521091222763
73	989.15955	1.9591041	992.0216	985.93384	201.31464	20.812754	219.87059	165.9968	-13.491846	0.33681706	-13.023157	-13.896587	-63.205208	24.470575	-39.10317	-104.09623	138.10945	30.493073	171.10625	105.08556	975.6678	2.081285	978.9225	972.68506	1000.0	1000.0	291999	135.4443	21.046453	169.67043	41.10919	135.44426	21.047142	169.05898	39.63281	-8.12277	1.325418	-4.3800483	-18.195786	47.664436	5.816239	29536.67220568657
74	988.2938	2.5408401	991.9332	983.4027	218.69789	53.66302	284.68683	162.61502	-16.814821	0.36946052	-16.230122	-17.358656	-44.92952	17.60554	-25.675625	-69.72858	173.76837	70.143326	253.45555	92.88644	971.479	2.7922125	975.5463	966.2976	1000.0	1000.0	295999	135.59196	20.930887	168.84665	39.866673	135.59192	20.931467	171.99274	38.37144	-8.148354	1.308865	-4.5028334	-19.07845	53.487602	5.7896748	30011.980821847916
75	980.17804	2.1525676	983.0315	976.01227	222.13577	10.072269	236.43028	210.7214	-16.225126	1.6596501	-11.666693	-17.484846	-54.61095	5.768253	-45.21853	-60.14479	167.52483	15.017812	191.21175	150.57661	963.95294	2.758927	968.018	958.5508	1000.0	1000.0	299999	135.7837	20.799902	166.03664	39.3771	135.78375	20.800465	167.4143	39.152767	-8.077893	1.3540149	-4.227989	-19.086391	52.72522	5.76576	30508.116154909134
76	991.9708	1.6993177	994.08545	988.8208	218.17975	46.824524	277.95724	155.55731	-14.5161495	1.9910768	-12.606864	-17.973005	-49.53986	8.592563	-38.31358	-62.127422	168.63991	44.350582	215.82982	108.925865	977.4546	2.7463176	980.5382	971.4002	1000.0	1000.0	303999	135.99487	20.741049	166.70444	47.56233	135.99484	20.741894	164.61855	51.21331	-8.128071	1.3254616	-4.5621023	-18.3443	51.738403	5.6967216	31138.327075004578
77	984.3665	1.2732145	986.75146	982.55426	238.3378	18.048233	264.91788	221.42676	-16.650436	0.6139988	-15.500843	-17.458447	-46.43675	27.433853	-13.009381	-81.707214	191.90106	32.696785	237.39395	158.51366	967.7161	1.5751579	971.2506	965.78925	1000.0	1000.0	307999	136.12614	20.633	168.16763	42.0601	136.12622	20.633814	167.31894	43.64072	-8.160767	1.3066686	-4.271124	-18.649551	51.44326	5.693134	31714.377453565598
78	988.18536	1.7022072	990.9366	984.4765	200.82288	26.449541	246.5145	182.48526	-15.227758	2.1950538	-10.526094	-16.622705	-55.60964	26.521925	-34.955963	-101.10513	145.21323	44.737816	211.55853	85.72468	972.9577	1.9656153	977.3289	970.60895	1000.0	1000.0	311999	136.29295	20.540356	176.46599	43.121017	136.2928	20.539677	178.94872	39.609093	-8.110197	1.3307166	-4.257695	-18.762192	48.90089	5.7803183	32180.271244049072
79	985.0846	2.2743442	989.2455	980.8181	182.09897	23.692053	213.46173	155.67746	-17.342113	0.45166966	-16.575964	-17.981506	-42.981197	12.106175	-25.415985	-58.23688	139.11775	30.17386	170.81543	97.440575	967.7424	2.3887181	971.91705	962.8366	1000.0	1000.0	315999	136.5364	20.352732	171.78352	50.112267	136.5364	20.353645	175.08783	45.58066	-8.157775	1.3086112	-4.538836	-18.609018	56.591885	5.6063104	32638.3585832119
80	983.0531	1.4298676	984.2689	979.8965	235.57184	28.947458	279.55087	202.30957	-15.163409	2.2917502	-11.807733	-17.471325	-45.06929	10.25692	-28.78456	-57.19205	190.50256	34.10683	232.3629	145.11751	967.8898	3.0166755	972.18854	962.7823	1000.0	1000.0	319999	136.86577	20.066498	164.25516	39.80281	136.86583	20.067257	166.71623	45.694023	-8.104326	1.322515	-4.505677	-18.38247	55.6171	5.669468	33102.72585487366
81	990.1003	2.6109276	994.9408	986.0073	186.83337	11.207351	201.97993	173.29306	-15.075241	0.3295492	-14.495944	-15.645528	-57.565422	35.62582	-18.02569	-115.317986	129.26794	31.383232	174.65173	86.66195	975.025	2.6634748	979.9959	970.96924	1000.0	1000.0	323999	137.09465	19.976917	164.8202	41.79532	137.09483	19.976597	163.49942	49.1215	-8.111315	1.3293588	-4.428082	-19.173532	55.13499	5.5977197	33545.03422045708
82	988.3019	2.721387	992.99536	984.03503	191.34698	29.959764	215.8492	142.43643	-14.795346	0.44296095	-14.248913	-15.6276655	-61.05133	33.786964	-29.085596	-108.51122	130.29565	56.787975	186.7636	64.92524	973.50653	2.5933485	977.9617	969.78613	1000.0	1000.0	327999	137.08154	20.00931	165.83945	40.742546	137.08162	20.00994	165.8481	44.009346	-8.103436	1.3361634	-4.4306283	-18.84444	48.41911	5.5898976	34091.94010615349
83	979.06824	1.8208877	981.36475	975.11926	236.25449	23.913433	262.01862	212.32112	-16.225252	1.8769362	-10.717177	-17.705019	-50.335857	5.058617	-42.56851	-56.619114	185.91861	21.07704	208.01497	160.39288	962.8431	2.549469	968.2687	958.5749	1000.0	1000.0	331999	137.2197	19.91999	166.34552	44.465206	137.21965	19.920027	166.02634	44.746696	-8.108183	1.3341477	-4.177205	-22.519909	42.162952	5.6005955	34581.317672252655
84	981.8141	1.9667107	986.1853	979.2001	230.87708	33.315292	286.88913	204.5662	-15.47522	2.4809015	-11.423614	-17.462345	-50.378365	14.030045	-38.93631	-74.34571	180.4987	39.189754	247.95282	150.87157	966.339	4.0732417	974.76166	962.4187	1000.0	1000.0	335999	137.39424	19.891102	171.41905	47.04677	137.39401	19.891647	164.77927	49.42385	-8.155505	1.3109102	-4.547038	-18.538664	44.385	5.581873	35158.19735836983
85	985.80225	2.2682867	988.6939	981.64124	222.01874	32.089825	266.10944	176.38098	-14.664766	0.45413837	-14.007053	-15.4338045	-46.395363	17.35631	-20.388262	-68.23208	175.62335	42.23758	245.72116	132.54039	971.1376	2.2396197	974.0859	966.9692	1000.0	1000.0	339999	137.49236	19.849709	166.49976	47.875885	137.49252	19.849241	167.3714	48.6644	-8.114541	1.3300763	-4.4487376	-19.10373	43.732937	5.578499	35710.76953577995
86	990.6188	1.9767815	993.9624	988.2174	217.27948	44.256	273.29782	157.913	-16.861088	0.30877244	-16.124918	-17.394608	-63.67482	28.00478	-31.776161	-108.75924	153.60468	60.449974	216.28325	86.0455	973.7577	1.951325	977.0849	971.449	1000.0	1000.0	343999	137.58127	19.844517	169.86038	52.645374	137.58109	19.845613	165.27434	49.03518	-8.146518	1.3082428	-4.512989	-18.382286	47.415493	5.579863	36184.25890469551
87	996.0184	1.797307	998.8644	992.68756	207.31744	18.973276	233.08597	183.0409	-12.729931	0.380875	-12.138627	-13.126119	-52.896725	29.811382	-20.911964	-88.53216	154.42072	39.404778	207.06754	106.91655	983.28845	1.826134	986.03094	980.31274	1000.0	1000.0	347999	137.67673	19.832373	168.05756	48.91117	137.67656	19.832706	165.40265	50.60673	-8.107444	1.3265496	-4.2633924	-20.683651	44.62546	5.716495	36634.15863919258
88	992.3812	1.7640933	995.94525	989.8029	260.18655	10.5785	270.82584	243.08049	-14.403366	0.41355175	-13.56891	-14.882069	-41.370018	26.027876	-18.320894	-85.38095	218.81656	35.52933	243.24419	157.69955	977.97784	1.8685657	981.4602	974.94434	1000.0	1000.0	351999	137.86821	19.754698	168.81268	50.36469	137.86829	19.755457	175.28656	49.09423	-8.094507	1.335792	-4.410899	-20.422602	44.049736	5.7008076	37108.12715625763
89	990.18085	1.351174	992.39856	988.7219	205.44286	35.427025	256.87604	156.95967	-15.173494	2.2304077	-11.552952	-16.989157	-51.524014	16.439207	-27.652319	-71.362915	153.91885	27.478281	195.93907	129.30736	975.0073	2.098409	977.9469	971.93866	1000.0	1000.0	355999	137.93347	19.759333	175.26762	52.25603	137.93356	19.75944	171.87363	51.512043	-8.096481	1.325888	-4.4384775	-18.96566	41.13308	5.667828	37732.217559576035
90	983.5171	1.035415	984.95953	982.0061	216.45018	36.35698	268.69635	172.79039	-15.028462	2.0630772	-12.240659	-17.38827	-37.556065	13.275115	-17.850897	-55.254784	178.89412	40.652924	230.96274	117.53561	968.48865	1.9550833	972.173	965.27704	1000.0	1000.0	359999	138.0348	19.882523	168.78398	50.456944	138.03462	19.88269	168.07251	52.974514	-8.084269	1.3278868	-4.4163837	-20.206316	37.672897	5.692252	38260.225798368454
91	988.03534	1.1620201	990.3949	986.283	184.40321	41.33037	254.10934	146.0363	-15.09599	2.2184544	-11.462949	-16.894773	-40.31994	5.3582945	-31.15134	-44.29991	144.08328	41.071365	212.05562	102.261536	972.93933	2.8801327	977.7864	969.44867	1000.0	1000.0	363999	138.01051	19.888693	172.41776	43.79747	138.01048	19.889343	173.69362	50.79879	-8.138742	1.3163642	-4.537812	-21.578114	39.720158	5.6949477	38855.82359910011
92	992.716	2.2659798	995.0895	987.7073	273.24725	45.252052	337.43863	209.53554	-12.849483	2.4824374	-10.024809	-15.868883	-49.545883	11.358566	-36.97582	-67.56512	223.70137	42.375412	287.57413	172.55972	979.8665	3.6591306	984.63995	972.426	1000.0	1000.0	367999	138.0642	19.904016	175.36543	47.137486	138.0643	19.904095	170.53041	45.193336	-8.139465	1.322253	-4.496258	-17.975748	36.53668	5.7063513	39340.713282346725
93	990.92303	1.7550244	993.99036	986.86456	189.3308	47.40757	239.57501	111.373024	-16.348413	0.6598489	-15.439576	-17.313917	-63.78187	13.876149	-45.730152	-77.65173	125.54892	58.1962	193.84486	34.47279	974.5746	2.0685146	978.22955	969.603	1000.0	1000.0	371999	137.89146	20.000982	173.27078	47.75369	137.89148	20.00063	177.61018	54.47602	-8.145846	1.3105506	-4.5642047	-22.596912	35.167545	5.7302623	39838.69473743439
94	987.4033	1.8328849	990.2148	983.8787	235.99475	30.606619	285.2035	201.2017	-15.236796	2.1033614	-13.004499	-18.09852	-65.00366	20.37471	-47.955994	-98.91555	170.99109	43.41078	222.39996	102.286156	972.1666	3.4554546	976.213	966.07623	1000.0	1000.0	375999	137.86041	20.039223	171.9821	50.590675	137.86066	20.039764	171.508	49.521618	-8.075959	1.3475024	-4.0662246	-19.029108	38.772663	5.828726	40395.56293082237
95	980.6525	1.6597201	982.77454	977.4641	193.4108	80.865555	299.19046	78.268585	-17.053938	2.2152393	-13.4239235	-18.666351	-46.257687	13.739947	-33.648926	-69.48796	147.1531	81.51369	258.0092	44.61966	963.5985	2.9358544	968.82715	958.99194	1000.0	1000.0	379999	137.76654	20.060347	168.68683	56.1016	137.76634	20.060926	170.26791	54.85082	-8.0834465	1.3406687	-4.2279673	-18.530779	40.060524	5.8722296	40917.84264588356
96	986.89856	0.8790757	988.11523	985.0746	245.31839	27.681442	283.04422	213.69778	-14.97511	1.6076394	-10.379266	-16.080341	-28.146267	6.502668	-21.918766	-37.9472	217.17213	33.022305	260.4206	183.60234	971.92346	1.8808776	976.16486	969.13696	1000.0	1000.0	383999	137.79993	20.014565	171.37973	51.698555	137.80002	20.014936	170.46762	54.79428	-8.092398	1.3380971	-4.083292	-19.02314	36.897057	5.8298097	41427.57892251015
97	986.1574	1.8826016	989.08075	984.09674	196.40427	38.364456	242.92976	149.35889	-13.66522	0.30823615	-13.179481	-14.212122	-54.306976	7.4301133	-41.504208	-59.79356	142.09729	36.70928	185.12216	89.56532	972.4922	1.9392782	975.4475	970.1797	1000.0	1000.0	387999	137.869	19.995436	173.13907	47.761154	137.86894	19.996447	173.92873	49.813656	-8.129543	1.3157007	-4.3316374	-17.289341	42.374893	5.8374863	41956.12333250046
98	997.27637	1.3558155	999.8394	995.28357	231.0359	34.784286	285.94846	192.17346	-16.882256	0.4382317	-16.276245	-17.701332	-52.10775	15.497493	-25.492601	-64.16891	178.92815	49.802	260.45584	128.00455	980.39404	1.3619837	983.5632	978.5104	1000.0	1000.0	391999	137.98923	19.927513	175.77191	45.148293	137.98923	19.927662	175.41283	50.895805	-8.05172	1.3551219	-3.8453722	-17.709312	41.349392	5.8896456	42466.63161993027
99	988.6551	2.801143	993.8672	986.10474	280.91733	54.77297	343.80255	201.81415	-15.234299	2.3475275	-10.349359	-16.740665	-57.72361	20.681814	-31.267797	-88.67943	223.19373	73.27572	312.53473	113.13471	973.4208	4.078208	983.442	969.74646	1000.0	1000.0	395999	138.07686	19.888277	171.47815	47.005352	138.07707	19.887566	169.22227	46.29305	-8.126228	1.3186294	-4.4813213	-19.994661	41.240734	5.759757	42969.16866230965
100	994.3952	2.3887239	998.2664	990.1069	229.43906	26.57694	262.88947	189.25217	-15.070269	2.361969	-11.269849	-17.27886	-71.7257	31.811728	-33.760593	-120.11779	157.71335	51.287243	193.18462	69.13437	979.325	3.082215	985.5001	974.4929	1000.0	1000.0	399999	138.24782	19.82893	174.99333	48.429398	138.24799	19.829147	182.12993	43.267807	-8.110368	1.322618	-4.462148	-19.566147	32.937046	5.7656684	43487.43232321739
101	980.9619	2.330395	984.8967	978.2618	234.76076	29.073069	266.44324	195.65216	-14.8803835	2.07923	-12.892599	-18.470142	-57.70441	11.834452	-44.610985	-70.90762	177.05635	17.939629	198.43881	151.04117	966.0814	2.7525032	971.83093	961.3177	1000.0	1000.0	403999	138.21796	19.913649	170.99948	50.694042	138.21796	19.913733	170.31973	50.61361	-8.074893	1.338636	-4.036967	-19.841648	34.69997	5.825476	44068.48579645157
102	983.2936	2.2624927	987.21844	980.42285	213.99014	32.000523	264.73438	183.62843	-14.54064	0.43032944	-13.87408	-15.143647	-48.30184	14.083584	-36.863895	-71.877625	165.68831	30.531258	218.43442	145.91411	968.7529	2.4706225	973.15906	965.48865	1000.0	1000.0	407999	138.36046	19.753466	174.6299	50.2621	138.36053	19.75399	177.72527	52.87094	-8.098922	1.3315418	-4.236126	-18.43861	31.033468	5.8067827	44665.82569050789
103	990.4723	3.3033817	995.6512	983.4831	220.90843	63.454853	319.63937	148.23206	-16.462734	0.30925217	-16.093601	-17.043348	-51.082542	9.604712	-40.388905	-66.653854	169.8259	69.29306	279.25046	99.966774	974.00946	3.2985091	979.5576	967.3605	1000.0	1000.0	411999	138.32436	19.725481	172.78215	43.377785	138.32434	19.726053	172.37422	48.11214	-8.104476	1.3259566	-4.280903	-18.746721	38.414726	5.781564	45239.27424955368
104	982.46716	1.4081417	985.9763	980.5494	225.77383	27.905142	248.66792	178.1108	-14.021138	2.3180447	-11.333744	-16.397835	-55.60841	26.90715	-30.499739	-100.87623	170.16542	54.657333	218.16818	77.234566	968.4461	2.0421486	971.69446	965.4522	1000.0	1000.0	415999	138.48567	19.541931	186.84203	44.957188	138.48561	19.542067	177.81334	39.951195	-8.099073	1.3286775	-4.1893415	-20.20646	35.704464	5.7802753	45822.14719605446
105	1001.4728	2.9405186	1004.9679	995.41736	224.14555	9.864632	233.5861	207.69667	-14.748541	0.33383727	-13.948447	-15.164515	-45.88151	11.029772	-32.51848	-61.835407	178.26405	20.632769	201.06763	145.86125	986.72424	2.9399893	990.17737	980.6291	1000.0	1000.0	419999	138.61952	19.378489	175.72661	29.275343	138.61958	19.379486	173.2444	36.870438	-8.088918	1.3362342	-4.141257	-20.284914	34.281948	5.7768693	46308.14896893501
106	992.15247	1.891761	994.8817	989.3289	246.26242	6.23063	256.13412	238.86238	-15.52356	0.46894646	-14.591019	-16.113098	-54.108414	20.34096	-26.453304	-75.065506	192.15402	25.75096	229.68082	166.76627	976.6289	1.9715115	979.10455	973.41675	1000.0	1000.0	423999	138.76797	19.228054	170.51126	38.419933	138.7681	19.227123	171.24411	30.221867	-8.058431	1.3503244	-4.141788	-19.37658	37.848583	5.7335844	46776.84701228142
107	992.735	1.6623603	995.1235	990.2689	246.41638	60.55379	326.6445	159.81792	-16.881824	2.2171705	-14.375475	-19.55995	-55.948055	12.651704	-35.619526	-67.658066	190.46834	50.59626	258.98645	124.19839	975.8532	2.978349	980.69165	972.3613	1000.0	1000.0	427999	138.96613	19.126272	170.66043	42.434563	138.96616	19.12668	170.3686	43.830215	-8.077946	1.3415544	-4.36983	-19.065372	36.237736	5.748852	47224.26469826698
108	983.8412	1.4460832	985.8824	981.52435	247.906	21.026445	274.2259	223.74455	-14.235443	0.2608073	-13.585469	-14.570355	-49.9553	8.841926	-37.701687	-59.716934	197.95071	22.96977	224.77124	166.87877	969.6058	1.4284167	971.3916	967.4388	1000.0	1000.0	431999	139.00603	19.100471	174.70067	44.910416	139.00616	19.100424	173.26764	45.4827	-8.082648	1.3377962	-4.2710648	-20.443588	38.050713	5.7398963	47686.65981197357
109	981.5419	2.6269703	986.06854	977.9543	225.37491	28.59308	244.1226	175.91553	-19.14515	0.47893676	-18.449514	-19.788498	-40.003674	18.80409	-12.92986	-66.08818	185.37123	16.885767	204.12079	162.98567	962.39667	2.6154075	966.72064	958.3184	1000.0	1000.0	435999	139.07495	18.976624	176.36224	38.9418	139.07487	18.976181	183.57904	36.231785	-8.076712	1.3427594	-4.2778378	-18.475647	38.5231	5.680205	48183.14745306969
110	990.2609	1.886632	993.1965	987.3387	210.79037	25.97794	236.73602	180.19562	-14.936076	1.6311029	-10.1052	-15.869281	-33.4241	23.932272	-12.478255	-73.9938	177.36629	45.81443	223.86803	106.20183	975.3249	2.8990169	982.1024	971.4694	1000.0	1000.0	439999	139.21892	18.871832	178.29028	49.79943	139.21886	18.871414	178.60338	45.785202	-8.049029	1.3556072	-4.097345	-19.280941	42.62304	5.629837	48707.54724764824
111	986.4928	2.4587018	989.96545	981.74945	203.51312	72.834335	269.2736	85.19772	-17.526953	0.3289429	-17.01952	-18.018295	-37.59979	12.683721	-22.44128	-51.143837	165.91333	64.25181	220.16652	57.49076	968.96594	2.5596116	972.6363	963.9031	1000.0	1000.0	443999	139.28284	18.947105	170.22581	49.99974	139.28307	18.94815	170.16692	49.89687	-8.053825	1.3492336	-4.3466706	-19.17052	41.099384	5.7020283	49242.80767726898
112	988.6908	1.3752317	990.5924	986.0562	204.97868	41.551144	265.66046	148.27055	-14.179944	0.5807179	-13.502841	-15.286642	-36.734432	9.013293	-26.497631	-50.941082	168.24426	37.026722	214.71939	111.23447	974.5109	1.3145663	976.20215	971.7584	1000.0	1000.0	447999	139.333	18.981789	175.47917	42.264137	139.33284	18.981997	171.02156	45.94111	-8.022712	1.3622814	-4.2668324	-20.416096	37.353554	5.703362	49850.68144202232
113	984.209	2.6172822	988.73413	978.9761	232.63443	54.601933	297.13348	151.6791	-14.915314	0.4593863	-14.237939	-15.934435	-38.304794	28.873919	-10.245323	-86.68296	194.32964	59.32558	268.4372	130.98279	969.29364	2.602669	973.7324	964.49603	1000.0	1000.0	451999	139.27406	18.946758	167.91432	42.332443	139.27403	18.947071	168.66873	46.23869	-8.058129	1.3452916	-4.2839684	-20.866177	41.29724	5.649785	50295.074573755264
114	991.29407	1.5642612	993.88824	988.0092	222.53473	25.058508	254.74019	189.73708	-14.327667	2.2522604	-9.692802	-16.147839	-67.75314	21.66121	-41.03334	-90.32952	154.7816	23.415276	185.07729	120.9347	976.96643	1.5479722	980.4464	975.2474	1000.0	1000.0	455999	139.43834	18.818905	173.83417	38.904285	139.4385	18.819458	176.25505	48.471046	-8.042664	1.3541248	-4.3865986	-18.34351	43.94268	5.601323	50904.16367173195
115	988.037	1.8450718	990.1564	984.2172	262.27338	39.560604	324.00784	215.31404	-13.663259	0.39855602	-12.935638	-14.413925	-58.28444	26.82204	-20.88183	-94.854515	203.98894	43.978737	273.704	151.8249	974.37384	1.9409714	977.22076	971.0694	1000.0	1000.0	459999	139.53719	18.821102	169.669	28.767206	139.5371	18.822248	170.15782	38.74161	-8.069631	1.3397524	-4.3046093	-18.07006	44.337605	5.6550126	51400.554297208786
116	990.6507	1.8241277	993.585	988.53107	243.56795	40.131638	297.32013	187.72906	-14.413129	0.22374243	-14.03689	-14.846482	-59.52247	17.305658	-34.552567	-83.43898	184.04549	37.1011	238.24382	146.46283	976.2375	1.9203204	979.40027	973.9389	1000.0	1000.0	463999	139.6734	18.753675	182.15982	40.800415	139.67342	18.754568	183.49638	37.001415	-8.062077	1.341733	-4.324552	-20.625526	46.496555	5.811215	51997.29760885239
117	992.5287	2.1876192	997.7057	990.72156	245.15686	42.064774	316.16367	212.15329	-15.405452	0.47557625	-14.542994	-16.132195	-53.465034	8.072077	-39.776222	-60.59975	191.69183	39.81915	258.76285	154.96173	977.1232	2.180382	982.43756	975.13324	1000.0	1000.0	467999	139.65343	18.715694	171.72296	32.841965	139.65347	18.714706	174.8156	41.13053	-8.041602	1.3541874	-4.1637344	-19.352894	45.164196	5.8044257	52557.752623558044
118	990.95056	1.8672035	994.7248	989.1265	264.70367	55.467964	340.4322	194.84245	-14.047307	2.1234426	-9.402146	-15.85095	-58.201305	12.941131	-37.331646	-72.699104	206.50238	56.757965	277.6553	122.14335	976.9033	2.714217	981.71124	974.18915	1000.0	1000.0	471999	139.74435	18.704609	171.67308	43.33189	139.7444	18.70493	171.59404	42.087383	-8.06621	1.3313841	-4.3300676	-21.814259	41.99516	5.71674	53032.35473179817
119	991.27356	2.1175108	995.482	988.60425	234.05138	34.818443	278.6991	180.95395	-14.571437	0.5457367	-13.441342	-15.555483	-44.982048	10.068189	-37.243465	-62.09156	189.06932	43.08515	236.28764	118.86238	976.702	1.8532717	980.5337	974.1282	1000.0	1000.0	475999	139.74239	18.775536	182.83481	36.520798	139.74243	18.775043	176.56686	51.395493	-8.04682	1.3411405	-4.3040485	-20.387024	39.496147	5.822053	53500.94707727432
120	990.0973	1.4766835	993.4246	988.2817	245.7985	28.807806	268.1967	196.33197	-16.979918	1.6930807	-11.943061	-17.955044	-51.943214	21.592606	-22.371552	-75.229836	193.85529	29.921976	238.47687	155.88286	973.1173	1.9534109	976.81793	970.45935	1000.0	1000.0	479999	139.84567	18.767555	170.87518	38.541985	139.84564	18.76743	176.67508	35.48415	-8.043204	1.3442757	-4.2780256	-18.326212	42.449936	5.8123565	54052.68138432503
121	991.77625	2.0898972	995.15796	988.4338	253.90825	31.878736	306.78854	221.31812	-14.219419	0.42087114	-13.649164	-14.8304	-34.375816	7.6751285	-22.590696	-42.45608	219.53242	27.874178	267.05405	198.72743	977.55695	2.399196	981.4884	973.6034	1000.0	1000.0	483999	140.00047	18.788622	171.59076	35.347137	140.00044	18.789244	171.9479	39.824734	-8.039846	1.3443209	-4.3439536	-19.656511	44.220173	5.8457384	54507.267131567
122	996.14417	2.052419	999.21246	992.95764	234.94252	42.344948	278.1991	168.41231	-16.468811	0.39456615	-15.970363	-17.168533	-54.296368	25.36972	-23.119934	-82.43423	180.64613	52.21358	228.22084	92.51972	979.6753	2.066437	982.47986	975.7891	1000.0	1000.0	487999	140.10295	18.770111	169.13966	36.90493	140.10301	18.769777	169.52448	39.056652	-8.07146	1.3411	-4.1475296	-19.170855	38.45565	5.7154202	55021.95756602287
123	990.47156	3.3480122	994.3775	986.011	274.25842	15.092979	289.56393	250.87308	-17.01923	0.3854347	-16.087246	-17.421358	-62.573853	20.757225	-40.884552	-96.5514	211.68457	21.918892	236.52904	188.72609	973.45233	3.3785207	977.4881	968.8646	1000.0	1000.0	491999	140.217	18.655684	171.58157	33.757336	140.21709	18.65612	173.32617	41.14	-8.048229	1.3451037	-4.188265	-18.96013	36.165066	5.6111016	55466.120460510254
124	993.6434	1.8230796	995.59674	989.7569	235.55243	13.827717	245.10422	211.70229	-16.397463	0.4279321	-15.685529	-17.298868	-46.228096	21.4079	-17.125301	-76.58791	189.32433	24.52573	227.97891	164.98764	977.2458	1.856218	979.2727	973.3973	1000.0	1000.0	495999	140.28835	18.525406	175.53404	48.69708	140.2884	18.525278	173.04024	52.403267	-8.029605	1.3510112	-4.2771773	-18.91193	34.359585	5.596646	55911.55546617508
125	997.56213	1.918817	1000.6882	995.456	251.78436	68.66686	369.51892	204.27913	-17.168594	0.3254307	-16.59563	-17.589134	-45.623108	23.731594	-18.212051	-77.88503	206.16124	85.91387	351.30685	127.03099	980.39343	2.0703382	983.73303	978.0358	1000.0	1000.0	499999	140.37943	18.50173	175.82162	52.011948	140.3793	18.50243	173.26636	53.42641	-8.009954	1.3659164	-4.179284	-18.298721	41.21847	5.7505627	56355.81065368652
126	981.14465	2.0088942	983.42377	977.93805	267.6531	40.249325	300.74707	200.20616	-16.557793	0.49434778	-15.834177	-17.457315	-59.624016	13.30695	-43.35563	-72.951035	208.0291	47.886726	252.55699	127.25512	964.5868	1.8947067	966.8688	961.62585	1000.0	1000.0	503999	140.35686	18.623997	176.38667	39.23655	140.3568	18.624428	180.67786	40.81761	-8.018493	1.3447592	-4.1502104	-18.384672	44.017967	5.762946	56800.49882268906
127	994.76483	1.654014	996.69147	991.23914	253.96309	18.819344	283.82983	233.35089	-15.325826	1.7804742	-14.102809	-19.07909	-80.530846	42.431213	-36.05093	-148.0339	173.43225	50.43253	247.7789	106.63871	979.43896	2.631624	982.099	972.611	1000.0	1000.0	507999	140.21407	18.869019	173.53683	24.807497	140.21416	18.869017	175.79202	26.303778	-7.9985833	1.3565105	-4.1722355	-19.302124	46.25883	5.9090195	57249.03964948654
128	987.63446	1.866353	990.62103	984.7188	266.96085	35.14695	294.37003	206.57986	-16.654472	2.0047197	-13.412233	-18.95029	-40.573727	17.844797	-22.582277	-64.159294	226.38712	30.81202	270.3434	183.99759	970.98	2.6323555	975.6391	966.99396	1000.0	1000.0	511999	140.17804	18.984798	172.39076	25.91382	140.17805	18.984465	175.19212	21.794168	-8.010706	1.3631527	-4.195363	-18.150864	47.510525	5.832881	57715.87325024605
129	993.1917	3.722994	1000.43427	985.6805	260.97223	26.187664	299.96732	226.25458	-16.416656	0.5563218	-15.362714	-17.436148	-51.595062	9.584544	-35.89032	-59.64455	209.37717	25.504211	240.88953	174.48698	976.775	3.8011386	984.08185	969.34485	1000.0	1000.0	515999	140.09521	19.011156	178.68964	28.53447	140.09508	19.011278	180.87225	36.976776	-7.9971027	1.3674455	-4.1240664	-18.882256	51.394962	5.890176	58197.072549819946
130	988.714	1.7628292	991.5893	985.6043	231.34892	32.15468	283.37274	195.71773	-15.858386	0.4624112	-15.077921	-16.431915	-54.649044	21.97819	-41.33229	-92.70674	176.69986	42.791378	242.04044	126.89099	972.8556	1.7339363	975.294	969.714	1000.0	1000.0	519999	140.15395	18.993763	174.27884	39.553005	140.15414	18.993637	174.36517	47.907455	-8.02359	1.3484107	-4.250597	-19.270311	49.16735	5.8697515	58658.383024692535
131	990.3377	1.6404579	993.5925	988.417	180.91417	62.401985	261.19046	100.5729	-14.657781	2.3651483	-11.808173	-17.644861	-48.604195	18.6374	-31.890263	-80.20418	132.30998	73.2231	229.3002	58.820564	975.68	3.4804554	980.9775	970.98267	1000.0	1000.0	523999	140.195	18.984007	170.39673	30.064766	140.1948	18.984615	173.59532	29.293257	-8.040152	1.3515118	-4.3176975	-19.008465	54.532883	5.856967	59110.52273583412
132	987.9964	1.4706739	990.6445	985.3159	220.18181	15.547117	231.83899	193.41205	-12.918155	0.405952	-12.125766	-13.631617	-97.622505	39.958565	-48.079002	-139.94182	122.559296	35.26834	179.38797	91.89717	975.07825	1.4088202	977.7257	972.72986	1000.0	1000.0	527999	140.15704	18.996601	173.94235	40.464542	140.1572	18.995848	171.06032	48.241173	-7.998965	1.3594136	-4.1204877	-18.539995	51.58221	5.9948173	59563.57212853432
133	991.99756	1.9241924	993.60913	987.09576	268.70404	3.447581	273.6628	264.5675	-17.206863	1.758768	-12.066936	-18.399176	-53.8545	21.871881	-26.759747	-86.147316	214.84952	21.10445	237.80774	183.80463	974.79083	2.9864721	981.5422	969.212	1000.0	1000.0	531999	140.08376	19.100002	178.72043	50.213478	140.08376	19.099947	181.34229	50.228825	-8.014494	1.3540539	-4.030287	-19.251133	55.309517	6.0556993	60013.21934247017
134	986.5417	1.4549583	988.4882	984.181	267.03137	30.58834	319.4124	245.59534	-15.676863	1.5391126	-11.208386	-16.90953	-50.904472	9.937256	-41.103447	-67.34969	216.12692	35.04418	273.62143	178.70856	970.86475	1.6259178	972.98486	967.8201	1000.0	1000.0	535999	140.14342	19.144445	168.27513	45.584465	140.14345	19.144377	169.8235	51.059536	-8.004396	1.3626071	-4.266943	-23.53775	53.519054	5.8470244	60494.828221559525
135	983.91473	1.2701973	985.5983	981.0252	220.85446	36.622272	265.42792	164.18538	-14.624667	2.1190927	-11.90886	-17.087212	-54.52748	24.241638	-16.492537	-83.856285	166.32697	24.614197	208.264	147.69284	969.29004	2.7066798	972.55597	964.5043	1000.0	1000.0	539999	140.25359	19.100784	174.2405	39.45656	140.25356	19.101624	178.04836	30.972061	-8.01119	1.3616575	-4.1975393	-18.783993	52.927197	5.7715244	61124.133353471756
136	983.9066	2.70484	987.2421	979.16284	242.45401	119.42775	394.15878	59.71142	-16.49747	0.45437616	-15.582665	-17.160414	-36.79637	11.222637	-23.479246	-48.957493	205.65762	113.77231	347.35355	31.76794	967.4092	2.720058	971.6594	963.04694	1000.0	1000.0	543999	140.29837	19.053364	175.63109	46.585594	140.2983	19.053905	177.5751	47.827126	-8.0218315	1.3569212	-4.0665565	-19.34897	54.95363	5.9572697	61654.37507367134
137	992.0853	1.9411243	995.30273	989.364	207.20752	55.634926	266.81064	116.86056	-13.430122	1.9193159	-11.9239855	-17.2712	-54.719727	34.99158	-29.717985	-114.71496	152.4878	88.12323	224.07149	2.1456037	978.6553	2.7898154	983.1765	974.3331	1000.0	1000.0	547999	140.37881	19.051256	168.50122	34.518246	140.37883	19.051235	173.32784	40.457565	-8.027131	1.3564392	-4.091257	-19.488327	54.19424	5.9260015	62100.077367544174
138	980.7111	2.247909	984.84033	977.15137	239.02957	19.684772	261.58884	210.75803	-14.709429	0.37352803	-13.824368	-15.187616	-70.02133	23.03502	-37.39885	-102.22623	169.00822	41.307747	224.18999	108.53179	966.00165	2.2762964	969.88477	962.4299	1000.0	1000.0	551999	140.44539	18.971714	175.06303	49.70993	140.44531	18.971903	172.70677	51.479847	-8.036699	1.3505185	-4.1006985	-19.903912	51.323452	5.930839	62546.79181456566
139	985.68475	2.2880363	988.29767	981.6133	225.48015	33.27821	261.40823	176.59807	-15.897583	2.3085063	-13.160906	-18.717861	-47.309387	20.862663	-19.00039	-77.77993	178.17076	53.30348	242.40785	98.81813	969.78723	2.264568	975.1368	966.7809	1000.0	1000.0	555999	140.41206	18.90862	177.53995	50.12491	140.4121	18.908838	179.35828	55.505924	-8.034273	1.3525901	-4.236018	-18.659742	48.686817	5.812909	63019.289558410645
140	989.03186	1.4288853	991.75244	986.98505	241.52634	52.426582	285.9246	153.42664	-15.149393	0.45153895	-14.457151	-16.040749	-69.190186	20.47396	-41.64559	-93.29363	172.33617	68.14734	244.27899	60.133007	973.8825	1.3903996	976.3535	971.8023	1000.0	1000.0	559999	140.48387	18.807701	171.45839	54.7771	140.48402	18.806782	173.02846	52.216152	-8.023829	1.3609728	-3.8024216	-19.341793	46.425674	5.819232	63494.467536211014
141	988.56165	2.9771116	994.4684	984.69836	268.2874	24.868986	300.64368	231.77829	-15.220911	0.6060317	-14.484989	-16.184471	-37.482704	6.330619	-28.504282	-44.45246	230.80475	19.504242	258.3422	203.274	973.34064	3.3468118	979.94617	968.54395	1000.0	1000.0	563999	140.56854	18.723274	171.47694	49.043293	140.56844	18.724106	172.09537	47.08922	-8.009355	1.3629737	-3.7741108	-20.894423	44.232822	5.7141204	63953.27044248581
142	988.0819	1.805381	992.2721	985.97546	269.92535	22.468182	307.8198	251.46167	-13.865278	0.31352693	-13.089632	-14.296947	-40.036922	14.246227	-22.79198	-62.02434	229.88843	12.5446	245.79544	210.65433	974.2165	1.6188301	977.97516	972.2316	1000.0	1000.0	567999	140.73569	18.635834	176.72449	45.98719	140.73575	18.635178	175.97035	46.098366	-7.9903007	1.3669964	-4.246767	-18.803986	42.89861	5.7690763	64437.915288448334
143	990.85614	3.2817812	996.05676	985.5103	252.80745	22.06571	286.75885	229.44792	-14.780902	0.36008012	-14.273355	-15.377662	-38.66198	14.21946	-16.881823	-56.648785	214.14546	35.094017	269.87704	181.03615	976.0754	3.4039853	981.6031	970.9236	1000.0	1000.0	571999	140.86703	18.572145	174.07295	48.827682	140.86703	18.57185	175.10725	42.926247	-8.057074	1.3475676	-4.2516227	-21.023708	39.004868	5.785554	65128.142498254776
144	988.81964	1.5931622	991.00616	986.1181	275.69464	22.102339	301.28696	246.80933	-15.310611	0.53965986	-14.575724	-16.460913	-52.414444	26.27422	-28.328201	-96.18246	223.28018	21.656883	252.71898	196.31293	973.509	1.4084951	975.19025	971.3704	1000.0	1000.0	575999	140.84749	18.723116	169.80428	45.863537	140.84749	18.72291	168.87961	48.59709	-8.014355	1.351228	-4.2689323	-19.67169	38.679688	5.8538036	65660.98019170761
145	992.3937	1.9911426	995.02	988.4265	255.1297	41.389214	319.0358	205.60927	-14.7541275	0.55568075	-13.414875	-15.651323	-53.340496	21.838556	-22.681559	-77.976204	201.7892	62.739273	296.35425	127.633064	977.6395	1.8686308	980.1695	973.7609	1000.0	1000.0	579999	140.78862	18.717905	170.57939	50.78204	140.78876	18.717228	172.52197	47.51406	-7.977124	1.3728864	-3.9979572	-17.815092	40.668705	5.8276563	66111.7638888359
146	997.72314	1.6888636	1000.37	994.69617	263.2151	43.77204	334.4626	226.33159	-13.391385	0.4576095	-12.466235	-14.0538435	-51.845825	23.395992	-28.494509	-78.78472	211.36928	30.359724	263.05563	185.09393	984.3317	1.8970207	987.3331	981.38086	1000.0	1000.0	583999	140.88953	18.605932	174.02428	48.634926	140.8893	18.606733	171.0295	46.76149	-8.000204	1.3719419	-3.8268213	-20.006836	36.2297	5.881151	66702.69257736206
147	982.0148	2.0071104	984.9932	979.12805	220.56407	35.98183	279.2486	181.3855	-14.180936	0.3636207	-13.666269	-14.812123	-55.7175	24.840849	-30.905956	-86.34789	164.84657	55.37234	247.62434	107.39362	967.8338	2.1151662	971.0515	964.77545	1000.0	1000.0	587999	141.02034	18.40396	171.37178	49.580276	141.02023	18.405264	174.66014	51.232224	-8.046246	1.3514867	-4.116418	-18.648872	26.214148	5.787033	67223.02739548683
148	981.9748	1.7745775	984.17566	978.28815	259.39514	29.975157	292.95532	223.37964	-15.537741	0.5056064	-14.788156	-16.393269	-59.26946	20.48038	-46.136387	-94.67067	200.12569	23.62761	238.08589	173.808	966.437	1.9726499	969.3295	962.4102	1000.0	1000.0	591999	141.07011	18.490505	174.33298	49.895496	141.06999	18.490702	174.17267	47.78118	-8.049193	1.3449339	-4.063127	-18.609177	22.855938	5.9855404	67831.23784542084
149	972.4666	1.7981884	975.27997	970.5161	283.2185	17.241785	310.7553	263.2697	-16.078907	0.35472178	-15.520534	-16.660849	-54.869926	14.783691	-34.9105	-74.17484	228.34857	13.332627	245.94525	215.2474	956.3878	2.0330803	959.56586	953.8553	1000.0	1000.0	595999	141.0733	18.525553	179.79724	55.033405	141.07332	18.526218	174.31602	53.71849	-8.071221	1.336525	-4.079486	-18.29294	25.562471	5.8757157	68497.135897398
150	981.7096	2.0738711	984.7426	976.68256	240.90685	21.814302	261.5607	209.47325	-15.142316	0.29316458	-14.711103	-15.874333	-50.89613	19.044455	-33.255642	-80.47628	190.01073	12.810183	206.21382	174.37842	966.5672	2.152114	970.0315	961.773	1000.0	1000.0	599999	141.07875	18.61228	168.16907	39.344696	141.07864	18.612637	169.20708	41.871777	-8.011084	1.358142	-3.878889	-20.58394	29.068132	5.885224	69138.76218724251
151	984.30615	1.86621	986.5346	980.9631	188.80467	55.81985	250.92891	98.798035	-13.57464	0.49000487	-12.72694	-14.414095	-47.861958	18.908546	-32.548443	-80.1045	140.94272	72.63555	209.00648	18.693535	970.73157	1.7202895	973.2817	967.998	1000.0	1000.0	603999	141.17976	18.551975	174.13693	56.07267	141.17982	18.55223	175.56763	55.84928	-7.98406	1.3654113	-3.9973078	-18.800081	21.994646	5.9272175	69785.83239936829
152	992.6105	2.7952256	997.3262	988.84796	258.51172	57.162506	306.87393	164.11212	-15.139715	1.8203537	-13.37188	-18.793003	-52.083168	26.626158	-8.04821	-77.25819	206.42856	67.93573	298.82574	109.122086	977.4708	3.528825	983.3372	972.20197	1000.0	1000.0	607999	141.26894	18.525719	171.76506	52.831814	141.26889	18.5257	171.71776	51.971207	-8.024126	1.3551569	-4.1353374	-19.046824	21.954268	5.8894773	70244.20990610123
153	998.2834	2.7627513	1003.44116	994.07355	233.4302	28.751423	278.2493	198.05748	-12.807777	0.4482302	-12.149602	-13.6937475	-39.000458	21.476439	-16.298729	-72.96419	194.42973	42.032387	237.3755	125.093285	985.4757	2.9576297	991.29156	980.95306	1000.0	1000.0	611999	141.34811	18.446241	168.97852	55.168808	141.34789	18.447031	173.20798	51.41442	-8.0026865	1.368074	-3.9136524	-17.955086	24.617556	5.891485	70762.628749609
154	989.77606	2.0810826	993.6871	986.15753	300.6763	26.298296	334.971	270.67453	-16.518476	2.4263642	-13.105849	-19.207748	-40.77009	16.76246	-12.799976	-54.331024	259.9062	38.693207	304.18185	216.34349	973.2576	3.589819	977.8273	967.46313	1000.0	1000.0	615999	141.38896	18.38291	173.27338	48.909668	141.389	18.384066	174.56142	46.19747	-7.9772167	1.3678038	-3.7369814	-19.473885	23.164316	5.8517594	71406.18943858147
155	988.3707	3.1342082	993.00073	984.45483	278.99927	2.7820158	282.18094	276.00192	-15.044638	0.3467799	-14.451728	-15.738964	-41.99892	10.917168	-28.287476	-52.8211	237.00037	11.211371	248.18713	223.18082	973.32605	3.221391	978.4037	968.7159	1000.0	1000.0	619999	141.50665	18.3357	172.2573	52.740067	141.50684	18.335634	175.41034	46.51073	-7.993891	1.3673749	-4.0117297	-19.961182	24.240175	5.847196	71955.97201871872
156	991.89484	2.6041372	994.9668	987.04474	215.28737	37.553913	261.86978	163.60895	-15.67449	0.39854044	-14.761208	-16.206423	-59.651154	21.538952	-35.348305	-81.3971	155.63623	50.816437	226.52148	82.81831	976.22034	2.6593077	979.3031	971.2401	1000.0	1000.0	623999	141.62653	18.220987	170.44765	54.104717	141.62627	18.221287	173.52419	51.35848	-8.010382	1.3643439	-3.9686341	-19.661837	20.533289	5.814963	72489.8318669796
157	981.7461	2.8590684	985.7619	978.05414	254.2648	51.31169	305.34726	170.276	-14.552309	1.9009991	-12.452445	-17.369379	-45.334896	24.538021	-11.952307	-79.25858	208.9299	65.01861	271.54474	116.75298	967.1937	4.015458	972.316	961.1746	1000.0	1000.0	627999	141.67023	18.259508	171.55475	50.993294	141.67024	18.260221	172.08101	46.905	-7.969032	1.3762736	-4.0395603	-18.218575	21.79343	5.8634405	73114.93507051468
158	990.2048	1.7408426	993.16534	987.3506	276.78036	16.30512	296.32013	254.18156	-14.905634	2.1621847	-11.303688	-17.180582	-55.57218	44.318417	-11.924089	-123.6037	221.20819	29.73713	248.45935	172.71642	975.29913	2.0113695	978.33484	971.83777	1000.0	1000.0	631999	141.72704	18.186537	173.79222	49.497433	141.727	18.186947	172.5749	47.9955	-8.010643	1.3547555	-4.23508	-18.301601	20.67595	5.8786426	73769.09395980835
159	991.9752	1.9067019	994.6579	988.95807	243.28146	32.738503	283.31137	196.74908	-15.532866	0.44190177	-14.73128	-16.170311	-34.099575	11.007715	-16.664465	-47.154938	209.18187	34.23596	245.65497	159.88406	976.4424	2.2011058	979.35864	972.7877	1000.0	1000.0	635999	141.83095	18.132763	169.62727	54.820396	141.83083	18.132948	173.7351	55.047737	-7.9428544	1.3876294	-4.0039845	-19.955582	26.373644	5.913864	74318.77373957634
160	986.9946	2.2319775	991.223	984.23376	248.49678	39.569164	301.77896	201.36284	-14.268332	0.2216534	-13.947685	-14.620478	-55.996246	19.389317	-25.163898	-76.06373	192.5005	29.36656	225.71523	152.91844	972.72626	2.1485732	976.708	969.7259	1000.0	1000.0	639999	141.88326	18.199638	176.44998	53.993122	141.88329	18.199814	181.04427	50.12048	-7.997829	1.3658652	-4.086097	-18.40029	28.96396	5.911365	74888.24745440483
161	991.3211	2.9068847	994.1417	985.9157	269.25482	36.617714	307.40222	213.56938	-13.65423	0.5113936	-12.741606	-14.2014675	-31.00594	14.74678	-9.518302	-46.843285	238.24889	41.9519	270.67694	166.7261	977.6669	3.1800709	981.07117	971.71423	1000.0	1000.0	643999	141.82225	18.247244	180.21397	51.527336	141.8222	18.248987	178.73187	51.76313	-7.9755206	1.3759295	-3.955964	-20.068287	31.194777	6.0770454	75445.31834936142
162	981.0863	2.2651858	985.16254	978.4978	268.49698	30.036148	313.22607	240.66875	-15.349424	0.51128286	-14.601197	-16.403126	-50.639942	18.890099	-30.114525	-79.26181	217.85704	47.283375	283.11154	162.20038	965.737	1.9774498	969.46796	963.0193	1000.0	1000.0	647999	141.90375	18.16476	174.2982	46.12018	141.90358	18.165047	176.02135	52.48028	-8.0176935	1.3603927	-4.2360344	-17.927929	38.364414	5.852402	76059.39580059052
163	988.15497	1.9964608	990.3976	984.4794	258.022	68.24303	344.62906	154.43477	-13.572706	0.48221818	-12.6734	-14.182186	-62.12287	9.400728	-48.192955	-72.95846	195.89914	72.01723	276.64307	81.4763	974.58234	2.194576	977.7242	971.5213	1000.0	1000.0	651999	141.99248	18.12128	170.66615	55.395157	141.9925	18.121857	170.4214	55.038948	-7.9705596	1.376457	-3.9880552	-18.760586	40.40368	5.8354373	76599.06376934052
164	986.5145	1.92207	989.73883	984.0995	281.51517	19.939999	300.68384	248.9952	-17.645512	0.46037486	-16.88494	-18.301834	-62.324295	22.637566	-34.03193	-91.3385	219.19084	23.92515	260.33542	201.30232	968.86896	1.9997224	972.1756	965.85187	1000.0	1000.0	655999	141.96545	18.217455	171.81966	53.797943	141.9654	18.217588	177.76758	43.414005	-8.019112	1.3519095	-4.2372413	-20.575161	33.70533	5.927779	77046.12351679802
165	982.84357	2.1220255	986.0552	978.6335	293.7863	42.483116	365.5925	259.14554	-16.32989	1.909074	-12.107326	-17.686111	-51.728676	25.54452	-34.683777	-95.8	242.05763	59.67177	329.8332	163.34554	966.5137	2.0370772	970.2446	963.90027	1000.0	1000.0	659999	141.92776	18.293213	170.43613	53.34653	141.92786	18.293894	177.75926	55.877888	-7.9706764	1.3802942	-3.9459004	-18.16063	32.95616	5.9471583	77497.4770450592
166	983.9548	1.8628467	986.69495	980.83875	261.98306	34.281612	318.1979	225.48505	-13.405245	0.3032553	-12.928504	-13.908801	-35.881878	23.385195	-7.98848	-60.822025	226.10118	34.184242	257.3759	168.33948	970.5495	1.8407394	973.1842	967.74963	1000.0	1000.0	663999	141.98074	18.2384	182.52809	50.389206	141.9809	18.237785	182.23315	53.302795	-8.000206	1.3667175	-3.8425398	-22.4424	38.7392	5.8602424	77993.09706997871
167	992.6501	1.8506188	995.86395	989.87146	281.85855	43.099422	330.74234	229.3834	-15.520172	2.4862912	-12.123103	-18.107626	-44.482483	15.152253	-27.808846	-68.57838	237.37607	31.994694	272.63846	192.62427	977.1299	3.0348313	983.0988	973.2796	1000.0	1000.0	667999	141.95982	18.24934	171.55162	40.89138	141.9595	18.24983	174.90477	45.659225	-7.99001	1.3692068	-4.0049486	-17.86208	35.220062	6.047741	78627.18172693253
168	996.11804	2.1159549	999.2607	991.49426	219.71451	21.575197	255.68356	198.75491	-15.481204	2.1433923	-11.96597	-17.137026	-51.749977	14.639398	-33.99256	-74.5832	167.96452	33.178936	221.69101	134.77733	980.63684	2.8492498	986.7591	977.74304	1000.0	1000.0	671999	142.04294	18.172865	176.88248	46.328007	142.04317	18.17276	175.86705	50.28403	-7.9852424	1.3749198	-3.9578094	-19.050644	36.017056	5.9047723	79112.65863060951
169	986.5799	2.2877376	989.73267	983.06866	263.05063	31.897215	316.85446	238.53151	-15.657984	0.4836776	-14.508819	-16.32414	-32.03271	14.16955	-13.512711	-48.143387	231.01793	29.575073	273.6758	190.38812	970.9219	2.583904	974.5091	967.6198	1000.0	1000.0	675999	141.94511	18.264545	178.80408	55.27091	141.94467	18.265793	172.44577	44.146698	-7.986947	1.3673807	-4.026124	-20.74594	31.5225	5.9337335	79604.26486492157
170	987.848	1.6546369	990.58435	985.7205	251.61487	67.12062	340.5048	185.92293	-17.11249	0.30100298	-16.678255	-17.582737	-40.154324	25.890053	-2.6112242	-73.56894	211.46054	68.76562	289.72363	112.35399	970.73553	1.6553886	973.3329	968.1378	1000.0	1000.0	679999	142.0505	18.251877	171.92696	50.37355	142.05067	18.250706	174.65189	45.543247	-8.008939	1.362631	-3.8662539	-21.495346	30.00899	6.11087	80171.5915324688
171	988.3242	1.6618879	990.7459	984.6924	276.3023	20.727625	304.42502	247.4901	-13.967682	2.291545	-11.378043	-16.769417	-54.331924	17.428185	-32.63294	-80.36728	221.97038	29.080067	271.79208	200.65923	974.35657	3.480943	978.9023	968.29596	1000.0	1000.0	683999	142.06546	18.233433	173.6616	41.286728	142.0653	18.233706	175.03459	42.367775	-7.9989595	1.3607217	-4.1161366	-20.628862	34.013477	6.130798	80842.65978598595
172	989.7855	1.5308688	991.7428	986.8304	256.4702	19.95336	274.35583	224.11815	-13.748716	0.41856295	-12.902219	-14.2699375	-47.215767	8.950357	-32.456207	-56.38452	209.25446	11.63212	223.14125	191.66196	976.0368	1.537695	978.0121	973.42346	1000.0	1000.0	687999	142.0698	18.230896	170.88634	39.955242	142.06985	18.23054	171.08536	36.00628	-7.992029	1.3731482	-4.0768785	-20.759508	35.43155	6.01309	81588.46862983704
173	980.72327	2.262293	983.8051	976.1738	221.68695	38.84956	284.76984	188.65005	-17.791946	0.4052238	-17.262083	-18.481264	-66.844734	41.165104	-16.154182	-130.03061	154.84221	76.72003	268.61566	58.619446	962.93134	2.2567103	966.543	958.2842	1000.0	1000.0	691999	142.08186	18.26149	174.92772	49.44818	142.08176	18.261946	173.92093	46.19125	-7.9844675	1.3758795	-3.6939173	-18.476486	34.86446	6.0203967	82253.31152558327
174	984.5076	2.3313303	989.11365	981.3164	264.33667	24.163763	303.66806	243.51195	-15.406796	1.5810354	-10.739066	-16.377214	-67.837296	31.351227	-27.993837	-103.729996	196.49937	42.3264	256.7465	152.79637	969.10077	2.0641096	972.73645	966.04626	1000.0	1000.0	695999	142.04985	18.373116	186.17633	33.851185	142.04958	18.372879	188.09651	31.341555	-8.006519	1.3674341	-3.8485541	-19.556286	35.69788	5.997613	82769.88073062897
175	982.4618	2.8268824	987.9039	978.2635	241.47412	24.599743	278.6907	212.40971	-17.352993	2.0470245	-14.1251	-18.859968	-73.19205	21.143288	-40.46906	-97.910965	168.28207	17.773136	195.40141	148.3625	965.10876	4.0002275	973.66156	961.4504	1000.0	1000.0	699999	142.08005	18.315454	173.50684	50.18057	142.08002	18.315336	172.11603	45.929478	-7.9734893	1.3777915	-3.9659643	-17.987904	30.797855	5.9002943	83229.77742290497
176	985.0665	1.66478	988.73724	982.29	312.1436	17.692602	325.40283	282.22458	-14.378546	2.4339716	-11.874727	-17.970297	-38.073906	14.165036	-24.346647	-58.403996	274.06967	16.456259	301.05618	256.9137	970.688	2.4650795	974.0606	966.2517	1000.0	1000.0	703999	142.11974	18.298111	175.17932	43.457947	142.11978	18.299143	176.24	43.2757	-7.9222927	1.4011276	-3.7400188	-21.435215	33.644436	6.0647597	83677.18791913986
177	983.09814	2.5375705	986.78723	978.80194	250.40872	30.30939	292.22592	210.93858	-14.421141	2.1847892	-11.808451	-17.418814	-48.094482	5.1035733	-40.177494	-53.71353	202.31424	34.879234	252.04842	159.78554	968.67706	2.2997189	972.87274	963.7832	1000.0	1000.0	707999	142.07802	18.353857	173.1279	53.718315	142.07774	18.353537	176.83646	50.269073	-7.9899673	1.375358	-3.9966545	-19.699612	28.619843	6.0852556	84125.19125676155
178	992.28076	1.8034168	995.53674	989.4033	241.35313	21.411156	265.18738	207.74634	-14.754671	0.31439754	-14.234382	-15.375296	-51.946106	14.083676	-31.699747	-70.821915	189.40703	29.308022	233.48763	151.49216	977.52606	1.7235782	980.41174	974.88715	1000.0	1000.0	711999	142.10516	18.318623	171.69751	48.519306	142.10532	18.31905	176.26674	51.04027	-7.9704876	1.3766979	-4.0820293	-18.17198	29.527853	6.0459967	84572.37155771255
179	981.4634	2.6102185	986.3501	977.91473	245.49808	33.021954	296.4682	204.1989	-15.739731	1.3622788	-11.974417	-16.789515	-67.69547	26.903456	-27.702486	-103.489456	177.80261	53.84521	268.76572	136.095	965.72363	3.3559332	973.32263	962.77496	1000.0	1000.0	715999	142.0483	18.417501	180.73573	56.261436	142.04803	18.41786	181.13017	55.99868	-7.9848685	1.3653067	-4.1201696	-19.342201	30.576414	6.084477	85019.96336007118
180	986.03516	2.200374	990.927	983.63293	277.14447	17.58783	304.35226	257.60645	-15.268999	1.4179058	-11.1220255	-16.243444	-31.327934	14.635685	-12.368499	-52.499	245.81651	24.27456	269.2983	205.10744	970.76624	2.9380255	976.9202	967.8968	1000.0	1000.0	719999	142.1254	18.336979	173.48846	51.02864	142.12549	18.337923	172.17395	45.44056	-7.9823675	1.3627366	-4.149886	-18.461647	30.25262	6.027819	85543.55009746552
181	996.6022	1.8904772	1000.7132	994.34937	270.2233	32.76302	318.1737	237.52153	-14.298529	1.9434863	-12.798468	-18.167294	-45.88917	11.497428	-34.22889	-59.894085	224.3341	29.46609	258.27963	187.92628	982.3036	3.0158637	987.50006	977.3824	1000.0	1000.0	723999	142.16943	18.389822	172.15675	47.586082	142.16927	18.390078	180.97925	50.983078	-7.958405	1.3804065	-3.9496112	-21.751722	27.708866	6.0362883	86194.96791267395
182	993.6754	2.162839	997.7744	990.2124	318.766	60.741394	406.23703	256.3245	-14.115568	2.0365417	-12.340228	-17.377655	-67.430756	25.884222	-39.837093	-95.60928	251.33525	61.837738	315.38837	160.71521	979.55975	2.9045222	984.7506	974.76544	1000.0	1000.0	727999	142.30952	18.324596	170.5928	45.397488	142.30934	18.325575	176.77568	42.185028	-7.9737687	1.3682585	-4.041136	-20.075172	26.278093	5.9751973	86802.04298090935
183	987.28064	2.5673578	991.7009	983.6873	247.94946	54.902863	295.6656	159.17148	-16.264732	0.44804385	-15.363666	-16.909777	-42.07087	5.0994973	-35.581318	-49.35064	205.87859	52.082882	247.70839	119.56911	971.016	2.3965833	975.201	967.63965	1000.0	1000.0	731999	142.3827	18.285608	171.49075	52.841156	142.38258	18.28641	170.43298	50.89424	-7.936126	1.3897834	-4.0143223	-17.922516	31.084578	6.0381413	87345.37118268013
184	994.7152	1.6048557	996.80927	991.9101	273.2033	36.00592	318.63974	234.10565	-17.046288	1.9281409	-12.911668	-18.500084	-51.180264	24.23874	-12.536325	-78.017136	222.02301	26.15748	255.77705	182.80074	977.66895	2.5483954	981.6988	973.45996	1000.0	1000.0	735999	142.32545	18.277876	169.79517	45.22714	142.32549	18.27773	172.68108	45.89671	-7.9568777	1.3769255	-3.9894562	-18.21652	30.644976	5.891833	87854.87444996834
185	992.18005	4.2586164	999.24475	987.0755	264.49078	24.923813	291.5004	227.6591	-16.730675	0.4829768	-16.061287	-17.410982	-48.393063	17.136385	-29.130936	-67.224434	216.09772	22.42913	249.0121	192.57466	975.4494	4.227713	982.6248	970.647	1000.0	1000.0	739999	142.39697	18.13612	172.71313	53.59591	142.39679	18.136948	175.46878	51.91784	-8.009878	1.3639685	-3.9279594	-19.03104	33.417572	5.9905186	88351.63655042648
186	994.4168	2.962079	999.00037	990.0143	265.82428	23.119097	290.85733	238.75119	-14.390597	0.37753367	-13.674056	-15.010175	-56.192093	24.061058	-31.71544	-91.72462	209.63217	39.486595	254.83014	147.02658	980.0262	3.105073	984.35706	975.4352	1000.0	1000.0	743999	142.48857	18.053762	171.3189	40.635006	142.48863	18.054361	173.19675	33.43535	-7.998984	1.3667697	-3.7645617	-20.659885	34.591698	5.982352	88860.8768131733
187	992.9879	1.642589	995.347	990.7403	233.82977	30.81659	263.21887	188.72758	-13.515951	0.36010477	-12.9203	-14.161518	-40.771954	13.053562	-28.14409	-60.625217	193.05785	21.50509	217.10428	158.70499	979.47186	1.4504421	981.30664	977.2399	1000.0	1000.0	747999	142.57207	17.956764	176.55408	31.54742	142.57191	17.956923	173.5548	35.592518	-7.983808	1.3743322	-3.7965035	-22.023056	31.680391	5.9570537	89503.37477183342
188	994.72736	1.637887	997.7155	991.94116	244.12686	29.069868	285.14023	205.52788	-16.327854	1.8529472	-12.394003	-17.870771	-57.36843	15.095333	-36.629223	-74.99897	186.7584	31.09345	216.42297	137.50308	978.3994	2.4218042	982.4127	974.2221	1000.0	1000.0	751999	142.56065	17.97545	170.82166	46.24574	142.5606	17.976656	171.77567	48.061142	-8.006092	1.3604995	-3.993342	-18.388905	35.408226	5.982094	89949.55633592606
189	986.05	2.220847	988.40686	981.4523	269.71432	31.536352	303.29776	222.59807	-19.183575	0.40034273	-18.599974	-20.140034	-49.495247	24.979862	-8.752694	-76.46413	220.21909	14.228209	239.14285	201.05447	966.8664	2.385291	969.1836	962.2419	1000.0	1000.0	755999	142.59369	17.891085	171.5045	54.154774	142.59361	17.89137	172.21745	46.491787	-7.9580917	1.384484	-3.7263298	-19.54385	33.190212	5.8308096	90409.79725646973
190	989.1715	2.870123	994.26953	984.5488	278.6984	40.700745	312.8424	211.70135	-15.758566	0.6570419	-14.57121	-16.75257	-60.400597	8.596355	-49.100197	-71.75863	218.29779	33.070503	245.04291	162.60115	973.4129	2.874128	977.51697	968.06165	1000.0	1000.0	759999	142.65121	17.929445	170.1395	55.57956	142.65088	17.93146	179.91255	60.248955	-7.9974213	1.3648734	-3.678164	-18.289883	32.73129	5.951909	90879.78181290627
191	987.78467	1.700283	991.85986	984.98505	232.11046	24.955887	269.51642	199.33873	-15.109558	1.8266377	-13.393269	-18.306337	-80.999374	11.228341	-64.13111	-95.56027	151.11107	27.740437	188.95749	115.59153	972.6752	2.586396	977.38403	967.71545	1000.0	1000.0	763999	142.66734	17.908562	176.3939	51.365097	142.66731	17.90861	175.59404	53.402115	-7.980952	1.370959	-3.989418	-21.530657	31.12267	6.0476418	91325.3366947174
192	985.2321	2.6408224	991.3366	982.66595	267.37228	38.05028	307.58755	227.2832	-13.775973	2.041776	-11.997443	-17.252737	-53.323586	18.461004	-35.716557	-79.896126	214.04869	55.83182	271.13498	147.38707	971.4562	3.7770438	979.3013	965.6006	1000.0	1000.0	767999	142.63345	17.860508	170.46579	52.66119	142.63338	17.861408	170.8782	56.223343	-7.9667573	1.3769898	-4.1120367	-19.460022	31.745552	6.0059404	91818.93952679634
193	987.8429	2.3141088	991.6547	984.826	265.9056	38.407494	325.73557	230.36389	-14.914111	0.38232395	-14.342617	-15.461025	-51.58589	4.0115924	-44.811394	-55.227406	214.31972	37.225	272.18997	175.13649	972.9287	2.295385	976.93915	969.6934	1000.0	1000.0	771999	142.64351	17.849026	171.25978	59.21889	142.64305	17.84926	173.07523	59.326202	-7.997865	1.3603845	-3.9282188	-17.861656	31.290916	5.9940734	92361.92809772491
194	993.13495	1.4069502	995.3697	991.0074	325.46118	37.207767	380.89804	278.50946	-16.610792	2.0259597	-13.281655	-18.362421	-62.405323	37.457027	-27.770985	-124.30957	263.05588	70.61272	342.34085	154.1999	976.5241	1.2360644	978.9253	975.08466	1000.0	1000.0	775999	142.74065	17.743813	176.18857	44.648956	142.74063	17.744637	175.72289	52.286346	-7.967576	1.377965	-3.9029865	-19.191252	34.909817	5.93771	92960.72661709785
195	990.15643	1.7547094	992.91095	987.64026	252.6135	14.548975	276.96008	239.26231	-16.26322	0.32133773	-15.702274	-16.844769	-32.10975	12.348494	-18.49111	-52.191807	220.50375	8.192288	231.38428	209.99901	973.8932	1.8076673	976.4663	970.9248	1000.0	1000.0	779999	142.79057	17.60039	173.30896	40.465622	142.79066	17.600748	174.497	44.3391	-7.964926	1.3875587	-4.0110416	-19.037436	33.40863	5.8970776	93427.94545793533
196	989.7303	1.0692577	991.0399	987.38715	212.2152	97.49735	334.92297	83.792244	-19.551918	0.43979442	-18.961023	-20.536165	-65.696304	34.942806	-21.580854	-108.27554	146.5189	107.020935	244.75568	-24.483297	970.17834	1.2797571	972.06335	967.61676	1000.0	1000.0	783999	142.87463	17.557821	174.22298	24.94728	142.87431	17.558306	173.40303	32.67614	-7.9655933	1.37231	-3.7340698	-18.559784	30.64056	5.937381	93930.72086548805
197	976.2489	1.5371366	978.19354	973.9003	236.01575	15.99005	260.67194	219.03671	-14.856311	2.4851673	-12.112637	-18.189192	-44.353653	27.496613	-17.387362	-83.36606	191.66208	41.250957	243.28456	141.8454	961.3926	2.572647	965.008	955.97296	1000.0	1000.0	787999	142.80434	17.711416	176.55695	46.06501	142.80426	17.712418	170.9471	54.156998	-8.006184	1.3524979	-3.9610658	-18.570206	32.036087	6.204344	94460.82398319244
198	982.2499	2.0375192	984.9473	977.4746	317.52884	44.090313	360.90692	252.36026	-18.690918	1.628438	-15.298548	-19.987787	-44.50427	20.963127	-19.743803	-66.89637	273.02457	40.631733	327.18146	232.61646	963.55896	2.7689123	968.357	958.7817	1000.0	1000.0	791999	142.81815	17.80789	171.856	48.44911	142.81796	17.808485	174.57294	53.220753	-7.963855	1.3767632	-3.9881186	-18.42653	35.128925	6.312527	94907.43250751495
199	988.12634	2.320649	991.924	983.9055	281.21274	13.584448	299.2752	264.72238	-15.572031	0.3380981	-15.027291	-16.143627	-80.74481	49.978848	-32.464863	-155.0984	200.46793	43.033794	250.98224	144.1768	972.5544	2.4740267	976.59863	967.7619	1000.0	1000.0	795999	142.76454	17.929602	174.46141	51.597267	142.76456	17.929932	174.92798	52.616856	-7.961116	1.3806533	-3.9610424	-20.075787	33.789085	6.1220393	95353.80825853348
200	995.77295	1.9615874	1000.2837	993.9361	279.14478	19.170008	298.7412	247.3489	-12.427477	1.8413192	-11.04613	-16.01695	-31.488205	19.91399	-15.119905	-65.24049	247.65659	27.223515	279.68857	220.52649	983.3455	2.4660187	988.72986	978.8882	1000.0	1000.0	799999	142.71333	17.943527	176.71712	52.2154	142.71336	17.9426	173.84172	51.250843	-7.972412	1.3801937	-3.9708452	-20.890512	31.024492	6.1477375	95846.90834379196
