Epoch	AverageTestEnv0Ret	StdTestEnv0Ret	MaxTestEnv0Ret	MinTestEnv0Ret	AverageEnv0Ret	StdEnv0Ret	MaxEnv0Ret	MinEnv0Ret	AverageTestEnv1Ret	StdTestEnv1Ret	MaxTestEnv1Ret	MinTestEnv1Ret	AverageEnv1Ret	StdEnv1Ret	MaxEnv1Ret	MinEnv1Ret	AverageEpRet	StdEpRet	MaxEpRet	MinEpRet	AverageTestEpRet	StdTestEpRet	MaxTestEpRet	MinTestEpRet	EpLen	TestEpLen	TotalEnvInteracts	AverageQ1Vals	StdQ1Vals	MaxQ1Vals	MinQ1Vals	AverageQ2Vals	StdQ2Vals	MaxQ2Vals	MinQ2Vals	AverageLogPi	StdLogPi	MaxLogPi	MinLogPi	LossPi	LossQ	Time
1	36.423275	82.522545	134.51799	-105.99307	-374.59964	36.179955	-313.99887	-403.79004	-139.35391	47.011253	-39.380547	-202.91449	-292.8	53.97713	-241.78957	-382.4121	-667.39966	59.71968	-599.2599	-762.2738	-102.93064	67.80533	0.89870274	-211.54231	1000.0	1000.0	3999	10.271858	6.5325847	37.60809	-5.6860867	10.272115	6.5322294	37.59041	-6.120815	-7.004956	2.8323627	12.821132	-18.452589	-12.543465	1.0854421	190.48013257980347
2	-998.53644	240.78905	-841.4458	-1680.2856	-360.9215	27.650309	-323.7078	-394.54532	-223.6423	37.666084	-190.28896	-331.63846	-240.80489	94.05662	-137.46672	-393.15897	-601.7264	98.769035	-532.012	-772.2507	-1222.1788	276.23584	-1052.5186	-2011.9241	1000.0	1000.0	7999	46.544964	18.22056	114.26614	0.031623363	46.54541	18.221355	116.371086	0.67009187	0.7290248	6.02978	38.65831	-19.154202	-50.836357	5.4836264	432.1609106063843
3	-74.5893	133.03477	49.095566	-357.37546	-806.9884	522.3575	-288.53403	-1438.6005	-197.98749	31.827148	-125.228065	-237.98322	-343.8581	79.762505	-240.70477	-453.66516	-1150.8464	569.1712	-529.2388	-1892.2656	-272.57678	149.32785	-114.765465	-556.9633	1000.0	1000.0	11999	135.9614	29.307579	215.73529	53.99184	135.96172	29.308249	223.62314	53.741272	7.411417	7.890559	64.24332	-20.102436	-142.32307	23.068062	673.453742980957
4	692.30334	83.105545	787.4938	534.538	-718.3767	125.25114	-583.91516	-903.02094	-48.59325	26.792639	3.3305087	-90.75521	-218.85275	112.897385	-40.604313	-351.07217	-937.22943	207.61497	-665.62964	-1163.1838	643.7101	84.617905	748.0709	511.06174	1000.0	1000.0	15999	158.3159	13.992422	211.19579	114.79245	158.3157	13.994659	210.18837	114.141945	-3.9901054	4.330668	33.681976	-19.197784	-159.8393	18.362078	912.6215183734894
5	674.8685	103.40855	775.6038	419.76996	-432.4108	71.65442	-358.97034	-551.21246	-27.054764	56.678535	113.22699	-88.7461	-164.38919	46.675995	-113.89931	-220.01788	-596.8	104.8664	-481.6902	-752.1322	647.8138	129.57133	823.27094	331.02383	1000.0	1000.0	19999	139.90906	13.499994	187.1795	97.023796	139.90916	13.5021	187.7356	96.508385	-6.4000874	2.8374753	17.863676	-18.160145	-141.14838	10.770452	1150.1961550712585
6	822.4665	22.590088	860.8117	780.7959	-239.74089	25.7371	-195.72147	-261.0414	37.946926	50.304665	167.76344	-10.159621	-151.59615	59.77689	-86.498184	-230.48451	-391.33704	54.74093	-337.3764	-481.80692	860.4134	56.996597	989.1142	803.4703	1000.0	1000.0	23999	125.16747	11.336403	166.89633	83.90569	125.16703	11.337794	167.60986	87.06678	-7.0634933	2.3759441	13.415409	-19.825392	-126.43881	8.285257	1387.9224679470062
7	780.1737	31.527246	832.17316	753.0396	-174.74185	55.58134	-79.35802	-216.52716	-58.318493	5.977713	-48.42926	-65.67183	-64.95778	89.24718	-1.0731276	-218.78963	-239.69963	123.4417	-93.44737	-435.31677	721.85516	37.0775	781.8861	692.865	1000.0	1000.0	27999	114.27334	10.251783	154.3644	75.83507	114.2735	10.251049	154.88472	75.13674	-7.27665	2.1819074	13.343731	-20.143768	-115.59475	7.27876	1622.9261198043823
8	929.8001	23.731146	966.2312	899.6836	-129.80786	41.81657	-80.04077	-196.00969	-60.8726	12.412398	-27.138115	-71.42019	-111.7695	58.86697	-53.814964	-209.21417	-241.57735	100.222015	-133.85573	-405.22388	868.9274	31.63701	933.94965	833.40466	1000.0	1000.0	31999	107.47623	9.812353	144.26375	70.863304	107.47629	9.814054	146.32137	70.33774	-7.29453	2.1147	13.557749	-18.902397	-108.82899	6.7251563	1862.1250369548798
9	880.0526	39.15149	937.59033	832.57587	-116.50772	44.942726	-69.26325	-165.73088	209.34969	342.5578	1027.257	-95.55043	-54.726925	22.97226	-28.666594	-88.758224	-171.23465	25.521132	-135.88951	-196.63011	1089.4023	320.08298	1859.8329	760.6537	1000.0	1000.0	35999	103.23613	9.573129	138.51086	63.756508	103.2363	9.573312	140.67418	63.58402	-7.3221655	2.062502	11.770729	-18.47665	-104.601425	6.4203935	2101.4854819774628
10	928.20886	33.26429	981.60724	876.9815	-42.822556	57.565258	35.567204	-126.95563	162.86636	248.11823	635.9818	-55.259644	-57.138916	38.81511	-9.9825325	-114.392006	-99.961464	55.4228	-52.69163	-194.43837	1091.0753	264.6887	1607.029	829.19415	1000.0	1000.0	39999	100.83835	9.253255	140.10045	60.021885	100.83831	9.25394	139.8541	60.402752	-7.3021574	2.0526438	16.32458	-20.383741	-102.20878	6.440661	2340.9346504211426
11	728.8888	51.092827	875.8313	698.3502	-38.488907	38.87559	4.812466	-98.52205	-55.838448	65.64832	123.900795	-110.10664	40.492172	46.577766	113.92903	-8.148788	2.0032644	62.455086	69.206635	-87.91526	673.0504	101.04308	873.0372	599.61694	1000.0	1000.0	43999	99.7783	9.143419	145.47772	57.61211	99.77851	9.142361	144.3533	58.226295	-7.2898164	2.0475965	17.450218	-19.103943	-101.14299	6.452367	2580.343415260315
12	653.2025	52.8076	785.2216	594.49054	-25.053171	64.1511	52.79216	-124.007355	185.40384	187.14972	423.8794	-82.473816	34.836765	78.454636	140.68173	-54.69697	9.783589	134.23965	193.47389	-178.70433	838.60626	177.28171	1088.4908	545.2422	1000.0	1000.0	47999	99.53656	9.238697	144.01901	57.137596	99.53637	9.239756	144.39801	59.01433	-7.2174473	2.0785942	13.205661	-20.257195	-100.89327	6.716886	2819.641296863556
13	590.6849	59.507637	708.5729	527.04065	28.865429	28.658659	70.63439	-6.586283	-18.16869	94.050735	164.6657	-93.07624	42.30943	44.957348	112.905685	-10.712237	71.17485	48.932236	127.1266	18.717226	572.5162	151.80426	867.4108	433.9644	1000.0	1000.0	51999	99.92221	9.3453455	147.17758	56.996803	99.92229	9.344704	147.13197	56.319588	-7.192328	2.1046996	14.875159	-18.502129	-101.278114	6.4868855	3069.43945980072
14	762.2172	25.207825	782.259	692.1833	37.612907	44.21393	99.61166	-24.917046	216.39055	284.1161	999.089	-10.051584	97.471634	80.23009	221.25853	6.1009455	135.08453	85.29603	264.85995	28.505276	978.6077	263.00058	1691.2722	749.4655	1000.0	1000.0	55999	100.812	9.440008	148.63104	57.958454	100.81228	9.438739	147.6354	58.325203	-7.1858582	2.1191914	14.911563	-18.132969	-102.16653	6.548229	3326.698673725128
15	721.23486	31.495626	743.9454	647.8712	37.923447	67.13974	119.54279	-58.029194	-10.389616	6.655086	-1.683416	-19.720041	20.062616	138.16962	115.64545	-218.63986	57.986065	195.30841	209.32008	-276.66907	710.8452	31.306046	736.7072	646.1878	1000.0	1000.0	59999	101.83978	9.755661	151.17146	58.65128	101.83981	9.753049	152.1285	56.997	-7.1666036	2.118485	13.0942135	-19.79402	-103.19398	6.565373	3586.113723754883
16	758.7716	35.819283	828.72363	671.2438	43.73724	42.272346	94.8949	-9.911037	79.9067	350.08725	1129.9729	-46.147186	25.822208	89.656044	152.44774	-61.88667	69.55945	131.03763	247.34264	-71.79771	838.67834	321.77267	1801.2166	712.5912	1000.0	1000.0	63999	103.10041	10.17184	158.03554	53.428127	103.10055	10.170267	158.31346	56.095757	-7.128218	2.1408353	14.485207	-19.529661	-104.447845	6.5308967	3837.4642918109894
17	872.09607	23.252863	909.4589	826.1359	21.177162	45.43366	76.78855	-24.557003	-17.113308	24.328016	30.909973	-57.08935	81.31624	143.3921	165.79646	-167.03879	102.49341	173.07434	242.58502	-189.6837	854.9828	23.020266	896.8428	822.20844	1000.0	1000.0	67999	104.56229	10.545225	158.31577	54.844627	104.56243	10.544692	160.22403	55.57277	-7.1191363	2.1183438	16.918604	-19.08781	-105.9128	6.3157845	4086.7541048526764
18	843.96857	53.180138	980.6515	788.46606	108.054565	19.739624	133.00793	79.87951	8.158503	41.45731	104.457985	-54.150303	168.35712	47.181107	234.76106	120.31811	276.41168	61.99456	367.76898	200.19762	852.1271	63.544807	948.89404	734.3158	1000.0	1000.0	71999	106.40446	10.954447	166.39815	52.335003	106.40443	10.953612	168.31516	56.28193	-7.093714	2.1012657	15.6481285	-18.206493	-107.75824	6.3763447	4330.462645530701
19	867.92175	16.970402	891.1204	846.0519	86.68673	36.843193	141.2676	37.63187	4.374404	9.714063	30.38646	-5.361839	127.142914	130.80325	310.23004	-39.657536	213.82967	157.65886	451.49765	48.07181	872.2961	24.482422	918.638	842.9059	1000.0	1000.0	75999	108.4684	11.345061	164.14613	51.292923	108.46859	11.344639	166.69101	51.745377	-7.034261	2.1368513	15.706727	-18.619688	-109.82453	6.46717	4575.6518177986145
20	838.7755	47.622246	945.7055	773.7452	108.86992	25.014496	131.2541	68.49586	16.03755	52.65491	148.0096	-59.425236	359.51294	75.90943	467.81146	262.82874	468.38287	82.47382	599.06555	370.44748	854.8131	67.7225	965.7847	714.3199	1000.0	1000.0	79999	110.70068	11.899675	165.79599	50.893406	110.70072	11.898267	164.86743	51.029694	-6.9527435	2.1388736	16.943174	-19.064293	-112.06392	6.6236963	4825.204735040665
21	758.0757	6.0645514	769.08167	744.6852	107.23894	59.570087	180.35173	22.207836	136.07413	35.216064	195.27817	77.32633	350.48572	189.41223	527.9983	46.03559	457.72467	246.08005	669.30896	68.24342	894.1498	33.65861	955.4129	841.3888	1000.0	1000.0	83999	113.55258	12.393138	165.7771	53.927525	113.55269	12.392433	171.09578	51.542343	-6.808111	2.181953	12.929229	-20.382215	-114.917175	6.901613	5071.056409835815
22	841.2087	16.727001	865.5301	817.6887	104.19737	34.734234	154.93219	58.84269	863.21014	87.797005	990.2538	723.98975	423.3222	317.57175	768.94305	-74.18401	527.5196	345.67468	879.94586	-15.341322	1704.4187	78.25537	1826.6267	1572.0486	1000.0	1000.0	87999	116.73333	13.235328	166.95349	52.901463	116.73341	13.233704	168.18825	54.237766	-6.6547246	2.2492743	12.918043	-19.050438	-118.119934	7.192294	5318.326058387756
23	829.2098	93.307175	932.5769	583.06366	81.49801	42.24551	132.1712	31.413261	1661.1615	194.40797	1944.7709	1299.9072	708.5953	456.2732	1071.4708	-59.055275	790.09326	484.51703	1203.6421	-9.9630375	2490.3716	164.7496	2724.932	2118.7593	1000.0	1000.0	91999	120.35598	14.63019	171.53629	53.06995	120.35603	14.628182	174.11249	53.528496	-6.381678	2.3799455	14.304624	-20.934973	-121.76589	7.5311346	5572.2342047691345
24	622.82904	78.13079	716.1628	476.88422	92.6085	14.364517	114.95887	75.184166	1769.5085	81.49399	1887.794	1592.5853	1406.3855	176.08745	1546.8538	1108.2307	1498.9939	187.11487	1639.2439	1183.4148	2392.3374	107.021324	2603.9568	2249.596	1000.0	1000.0	95999	125.06306	16.617977	181.95384	50.62387	125.06314	16.61549	181.86214	51.670124	-5.9608607	2.5783901	20.604776	-21.493975	-126.51653	8.177537	5829.446715831757
25	598.6217	30.051727	656.07306	555.5936	87.23195	18.517384	107.16093	61.814495	1781.4277	62.96822	1896.9203	1688.673	1361.8545	233.02869	1588.265	976.71356	1449.0864	230.1262	1695.426	1079.2057	2380.0493	73.699646	2524.3938	2249.9797	1000.0	1000.0	99999	131.16907	19.19178	191.01524	53.37875	131.16902	19.188639	189.83513	51.936596	-5.587168	2.7119594	25.56963	-19.022263	-132.66234	9.00303	6086.790983200073
26	638.56995	103.778	844.8932	499.7844	-32.146194	85.52304	64.88172	-169.95168	1991.4088	569.26306	2267.0286	291.57336	736.4458	567.8262	1637.479	64.49333	704.2997	616.7601	1628.9304	-105.45834	2629.979	510.55548	3087.8516	1136.4666	1000.0	1000.0	103999	136.95502	22.087841	197.41315	54.798122	136.95505	22.086033	197.50793	54.316257	-5.4044905	2.7749631	24.120878	-18.584568	-138.46732	9.742444	6341.631895303726
27	643.26886	36.037968	695.7987	588.5911	82.30536	54.75832	137.68015	6.7824283	2491.7446	107.6366	2682.7847	2330.473	1371.3536	236.56973	1678.2	1057.3877	1453.659	281.27905	1809.4435	1110.9031	3135.0132	113.63809	3311.5928	2971.9238	1000.0	1000.0	107999	142.64183	24.842442	205.96527	50.600246	142.64163	24.840084	206.82997	48.00423	-5.260212	2.8198814	18.836548	-18.383749	-144.17662	10.201099	6606.063253879547
28	445.44952	24.454533	484.34738	405.7628	133.78221	11.718357	152.68565	121.30113	2177.9976	58.161583	2256.7622	2078.9287	1681.3491	99.36594	1807.0309	1530.8456	1815.1312	103.75079	1940.3893	1652.1467	2623.447	45.286118	2684.71	2554.6982	1000.0	1000.0	111999	149.02469	27.137405	216.03804	50.303635	149.02492	27.134212	216.02158	48.998478	-5.125591	2.8832405	21.73949	-18.874947	-150.5623	10.717774	6887.785432815552
29	530.88544	51.42896	617.50415	450.74463	10.956941	108.09528	99.82013	-164.95914	2165.5935	142.25089	2458.1008	1958.9576	1258.4502	683.4367	1845.8759	162.71039	1269.4072	772.7893	1923.3972	-2.248751	2696.479	166.04153	3029.9219	2431.4912	1000.0	1000.0	115999	155.3719	29.831224	223.3028	44.497467	155.37183	29.827991	223.32164	43.498154	-5.0050235	2.9326322	28.732054	-20.321499	-156.91484	11.124864	7152.0465586185455
30	408.78146	83.6806	650.61993	338.2315	110.021484	25.164051	133.72493	67.69275	2358.612	97.46281	2491.3635	2208.9033	2092.874	114.33579	2230.0232	1959.3064	2202.8955	96.57422	2297.7158	2080.357	2767.3938	139.98853	3068.162	2577.5437	1000.0	1000.0	119999	161.75493	32.048286	231.76741	45.50019	161.75531	32.045124	233.13437	43.640762	-4.903097	3.0102096	24.057146	-19.14139	-163.31248	11.530471	7397.382712602615
31	423.8431	71.698006	519.1055	317.99176	5.881502	77.76719	106.469025	-101.271416	3062.8123	73.58801	3205.498	2975.6187	1425.3546	847.1267	2255.9436	224.22003	1431.2362	922.573	2362.4126	122.948616	3486.655	139.1089	3724.6035	3300.0398	1000.0	1000.0	123999	168.5318	34.53859	242.56816	45.112186	168.53186	34.535828	242.46947	43.753773	-4.7573977	3.090529	20.669197	-18.830605	-170.11194	12.116932	7642.51900100708
32	680.8766	143.91656	858.1895	489.07318	8.923409	111.60135	101.19207	-181.72331	2886.3865	55.08891	2961.2192	2772.631	2238.2407	104.60711	2335.6575	2079.372	2247.1643	119.035934	2429.9634	2129.7178	3567.2632	179.55182	3783.3845	3290.864	1000.0	1000.0	127999	175.01396	37.059937	250.89738	42.59224	175.014	37.057148	251.86497	38.924183	-4.6686444	3.1816955	25.859003	-19.819565	-176.59862	12.579296	7887.74703168869
33	363.5982	35.982655	454.72372	324.3433	124.91363	62.02744	229.41966	72.853325	3204.6309	73.46777	3308.0173	3077.5918	2521.6426	83.98327	2602.526	2381.8423	2646.5564	126.48431	2794.5012	2454.6956	3568.2292	69.7105	3648.129	3401.935	1000.0	1000.0	131999	182.02484	38.963467	264.22406	42.407623	182.02496	38.96181	262.30185	41.8279	-4.606867	3.2088466	31.658728	-20.647661	-183.59914	13.306966	8133.520414352417
34	422.40356	43.98533	495.47147	332.93964	99.307144	22.072268	133.80704	74.44587	3157.3276	68.27086	3261.2295	3010.074	2605.9824	150.80362	2793.2534	2371.9119	2705.2896	171.09436	2927.0605	2446.3577	3579.7317	80.18067	3726.4688	3441.2183	1000.0	1000.0	135999	189.2839	41.052746	271.84372	42.422478	189.2839	41.05014	270.4717	41.779743	-4.5259113	3.260712	24.85424	-21.608667	-190.87222	13.835818	8385.514251947403
35	560.0782	160.7884	712.5061	128.32776	-21.912489	82.49139	80.17869	-134.9051	3088.2605	81.23352	3242.3489	2968.938	2667.5977	115.76985	2784.5127	2484.7314	2645.685	196.87236	2864.6914	2349.8264	3648.3386	129.11685	3779.109	3332.13	1000.0	1000.0	139999	196.2479	42.973442	279.2858	42.09479	196.24812	42.972	280.94623	42.61272	-4.4266915	3.3217142	31.362259	-18.742481	-197.83	14.183817	8661.82727599144
36	444.16006	39.629864	509.83224	395.30795	9.146503	91.96326	113.96002	-130.56386	3325.7488	102.163	3481.9373	3176.4468	2764.0254	84.606186	2860.9165	2632.9907	2773.172	110.29959	2922.3699	2622.74	3769.909	91.07023	3883.98	3590.1555	1000.0	1000.0	143999	203.10338	45.09035	290.48666	45.53691	203.10336	45.089703	290.5285	45.66214	-4.2432356	3.4174707	24.876545	-20.120804	-204.69997	14.961965	8940.791874170303
37	731.7621	47.91113	808.39355	649.7877	-10.093899	72.26902	84.78592	-85.38754	3441.2847	100.813034	3604.213	3263.463	2245.0105	1023.0483	2884.7236	475.4619	2234.9167	1067.6493	2969.5095	390.07437	4173.047	125.71342	4403.847	3971.287	1000.0	1000.0	147999	209.48094	47.119057	296.79596	51.126198	209.48112	47.117165	298.62137	51.150185	-4.1731806	3.4674916	23.81087	-21.119291	-211.06303	15.422456	9209.92921757698
38	334.3693	52.913265	484.63635	299.99725	-6.561613	52.40926	79.81669	-61.593178	3536.3013	70.06818	3638.793	3419.2607	2792.236	93.45512	2892.958	2646.157	2785.6743	129.16426	2972.7747	2625.6438	3870.6707	56.11727	3947.711	3779.2732	1000.0	1000.0	151999	215.611	49.230633	306.87482	40.07654	215.61166	49.22908	306.9114	32.94161	-4.1227484	3.5020323	28.196243	-20.312012	-217.18843	15.629939	9482.2279484272
39	335.12122	151.88364	683.48785	228.22519	12.223	15.937179	30.872734	-12.823856	3444.5981	116.04708	3660.1958	3216.2764	2969.0073	66.41821	3040.8376	2872.1108	2981.2305	81.900734	3071.7102	2859.287	3779.7192	247.57469	4343.6836	3513.7449	1000.0	1000.0	155999	221.76714	50.83472	318.95425	49.061863	221.76707	50.83367	318.1262	50.652534	-4.060665	3.5470283	42.53671	-21.430628	-223.3489	15.976691	9747.274354934692
40	651.17175	21.120382	689.236	623.29755	42.872334	42.591423	94.67118	-23.870756	3345.3152	240.79141	3587.7188	2690.107	3101.2397	56.032223	3161.6506	3010.1355	3144.112	63.98052	3210.166	3062.309	3996.487	230.23618	4221.709	3379.343	1000.0	1000.0	159999	228.44495	52.509666	322.6562	55.639317	228.4451	52.50831	325.7924	51.10808	-4.033389	3.52856	26.300978	-20.620182	-230.0412	15.917813	10004.367765665054
41	305.5054	31.506197	365.31027	249.57195	-31.903704	63.342293	50.311882	-96.228264	3841.086	67.78857	3924.7014	3702.1677	3078.6348	31.690977	3109.7642	3036.3804	3046.731	79.88274	3160.0762	2940.152	4146.591	63.429146	4214.0415	3996.0845	1000.0	1000.0	163999	234.88072	54.142963	330.5404	55.348976	234.88065	54.141693	330.51105	56.791096	-3.9777792	3.5411522	34.686974	-17.97585	-236.47913	15.861747	10251.000746965408
42	701.43353	27.481447	729.3331	627.39844	-21.295486	43.759888	24.836077	-91.14702	3899.7798	68.6821	4025.4248	3784.9998	3198.3022	88.66052	3338.3572	3092.4048	3177.0068	86.051285	3315.3013	3093.9326	4601.2134	85.608	4716.466	4412.398	1000.0	1000.0	167999	241.08902	55.90585	340.01236	54.39114	241.08968	55.9049	339.83728	35.566708	-3.9329185	3.5693452	30.310925	-22.405771	-242.67711	16.243427	10498.424166202545
43	583.03204	65.12498	692.1295	467.6115	-0.2131195	7.1971025	5.204059	-12.370003	3887.0015	67.19695	4008.7012	3776.5713	3233.8418	58.991127	3333.7224	3184.7886	3233.6287	63.1241	3338.7957	3172.4185	4470.0337	72.4319	4624.249	4363.123	1000.0	1000.0	171999	247.29427	57.551212	348.83212	53.139183	247.2944	57.5512	348.5442	48.456715	-3.9029555	3.5972366	28.9855	-19.170956	-248.88715	16.273352	10748.146686792374
44	549.3995	73.48017	676.0956	456.72897	-27.122728	83.4048	116.54501	-89.26445	3796.7031	131.73058	3990.9993	3625.7803	3332.4072	49.833134	3393.8677	3262.2183	3305.2842	91.30582	3428.909	3172.9539	4346.1025	185.0343	4667.0947	4095.1726	1000.0	1000.0	175999	253.01898	59.096535	358.07538	50.593025	253.01859	59.095974	357.1587	31.064354	-3.8390503	3.638079	34.259705	-18.485676	-254.61372	16.623877	11020.759639978409
45	863.20166	67.12799	951.2942	725.4569	-19.327711	36.620182	27.048635	-66.68631	3583.575	114.08124	3761.8628	3391.5918	3387.651	34.81623	3413.992	3327.843	3368.323	30.415491	3417.179	3334.7102	4446.777	79.3987	4579.393	4328.881	1000.0	1000.0	179999	259.20734	60.363575	361.61572	41.925068	259.20743	60.36314	362.58673	55.266453	-3.8155622	3.647587	35.1141	-20.83257	-260.7848	17.547825	11271.409511089325
46	485.0165	20.299477	536.9379	458.4683	-28.965574	41.176777	-4.0211406	-100.273224	4107.9956	78.78834	4280.405	3974.1804	3351.0469	57.99424	3392.8955	3251.1536	3322.0813	99.08049	3388.8743	3150.8804	4593.0127	71.85792	4771.9365	4505.0947	1000.0	1000.0	183999	264.403	61.71616	368.2924	61.10717	264.40323	61.71555	369.01157	55.76294	-3.695368	3.7074034	32.66151	-21.938324	-265.978	18.008875	11520.941488742828
47	526.9011	115.018654	741.4573	403.03894	-49.106857	23.167889	-19.00264	-74.568726	4249.3027	114.03218	4514.834	4064.035	3517.024	83.99597	3627.5906	3391.618	3467.917	79.53222	3593.216	3372.6155	4776.204	205.67337	5251.8467	4550.8823	1000.0	1000.0	187999	270.0982	62.81079	371.2716	60.891933	270.0987	62.809174	371.8498	57.044704	-3.6223269	3.7410185	35.337524	-19.733826	-271.7074	17.794651	11769.456850290298
48	446.97964	111.112236	686.37024	249.53592	-57.51842	35.766716	-24.402178	-116.58954	4138.3955	57.928574	4212.5967	4018.3206	3571.773	66.51337	3680.9653	3514.1858	3514.2544	30.921627	3564.3757	3487.561	4585.3755	140.0122	4898.967	4361.6133	1000.0	1000.0	191999	275.44644	64.20019	377.20218	64.44449	275.4463	64.20039	378.22162	56.50674	-3.6365736	3.7576456	25.298721	-22.197735	-277.03928	17.61459	12034.767135858536
49	408.7943	199.05388	714.186	202.4011	-63.758472	36.051323	-21.892496	-121.23968	4223.731	115.74753	4428.143	4054.3796	3598.6213	56.5659	3656.2024	3526.5015	3534.863	78.78224	3603.4158	3405.2617	4632.525	302.9169	5142.3286	4354.438	1000.0	1000.0	195999	281.2233	65.24126	381.86304	66.32374	281.22354	65.24054	383.3143	64.46779	-3.590109	3.7752876	45.32603	-18.00708	-282.80884	18.030312	12310.094615459442
50	607.9474	60.476376	713.9123	524.36426	-80.28754	39.271023	-30.21122	-139.97441	4162.4146	80.77504	4337.1816	4053.9612	3662.583	168.05838	3885.9333	3461.6406	3582.2954	198.19939	3815.5752	3321.6663	4770.3623	119.774635	5000.798	4654.5005	1000.0	1000.0	199999	286.4335	66.29518	390.36417	66.68691	286.43338	66.29492	390.95474	62.544502	-3.5377839	3.8254867	34.3369	-20.218693	-288.0265	17.64384	12581.503247737885
51	512.8197	99.47524	804.6482	431.7778	-57.6425	21.589392	-38.68597	-93.891945	4137.4956	117.30822	4458.0806	4018.4543	3713.0908	46.844635	3765.9006	3642.4854	3655.4482	67.907166	3727.2148	3548.5933	4650.3154	207.12378	5262.7285	4519.1494	1000.0	1000.0	203999	291.46893	67.609695	395.2546	60.436268	291.4689	67.609276	396.39056	65.87121	-3.5746965	3.8302348	35.98911	-21.470379	-293.03824	18.295158	12860.972608327866
52	661.34045	106.90755	803.38464	471.92145	-73.0145	63.359566	-13.423964	-167.28874	4652.7373	111.18463	4917.132	4512.985	3754.6726	16.839682	3773.1047	3728.4644	3681.6582	79.94834	3759.681	3561.1755	5314.0776	168.10614	5600.011	5060.1562	1000.0	1000.0	207999	296.1125	68.39796	399.79483	69.38572	296.11252	68.39793	399.387	70.26996	-3.526873	3.8457224	42.43255	-20.816505	-297.67343	18.501383	13124.49546790123
53	584.20825	109.71713	742.66656	411.63943	-48.83084	35.936913	-0.7845827	-100.5581	4516.7744	112.019936	4700.7637	4343.613	3860.1348	112.1028	4039.6729	3730.8381	3811.3037	123.0234	4002.0347	3674.4958	5100.983	217.70532	5436.4487	4806.834	1000.0	1000.0	211999	300.91745	69.683304	408.62173	69.12662	300.91757	69.681854	408.92596	70.95004	-3.5158906	3.8476884	41.96985	-19.239456	-302.485	18.657637	13375.99678492546
54	766.2627	37.255104	803.3492	688.4368	-37.31344	36.20989	25.22322	-62.3498	4555.1514	143.4724	4713.063	4304.5	3936.4402	72.54366	4032.884	3856.9038	3899.127	55.75947	3970.5342	3819.1577	5321.4146	172.5177	5505.2285	5012.6284	1000.0	1000.0	215999	305.78085	70.408424	414.32892	67.045555	305.7809	70.40818	413.90857	67.20116	-3.5190487	3.8892798	44.55905	-19.552256	-307.3391	18.731432	13623.64685702324
55	716.93866	66.60458	807.19586	610.9126	-32.466225	28.001959	9.581205	-61.19188	4806.048	51.595207	4881.8154	4748.049	3935.2046	71.85608	4050.348	3859.3083	3902.7383	50.152065	3989.156	3868.8894	5522.986	108.44693	5680.1797	5372.9556	1000.0	1000.0	219999	310.137	71.33045	420.09174	68.02321	310.13696	71.33067	419.18582	67.97344	-3.4259212	3.917647	49.74476	-20.5029	-311.70398	18.82155	13867.872570037842
56	571.3097	57.7132	664.3357	472.4132	-87.425095	29.39889	-39.4518	-117.97589	4543.1094	37.82842	4589.745	4453.874	4034.907	103.69165	4186.2334	3917.1238	3947.482	129.90341	4146.7817	3799.148	5114.419	78.807274	5198.312	4955.889	1000.0	1000.0	223999	314.75687	72.18661	427.48782	52.497868	314.75653	72.18687	426.1175	64.18311	-3.4205575	3.945822	41.927357	-18.71666	-316.3096	18.87764	14117.241638422012
57	497.72525	71.76758	600.06104	372.07715	-111.001755	7.882413	-103.43709	-124.180984	4878.326	50.19701	4957.6567	4792.26	4172.5435	109.06802	4350.397	4080.8782	4061.5415	111.91248	4241.24	3961.4807	5376.052	84.98868	5464.6675	5195.8037	1000.0	1000.0	227999	319.17188	73.44603	429.82288	66.178566	319.17224	73.44532	433.15207	64.37992	-3.3717766	3.9837134	49.974167	-18.895895	-320.73648	19.255241	14366.614682674408
58	526.44995	72.109436	585.658	328.46783	-78.145035	24.490824	-42.200634	-105.66552	4604.7236	90.02386	4782.684	4485.933	4193.9414	90.128624	4326.918	4095.848	4115.797	74.89472	4232.0244	4026.0278	5131.174	118.60478	5313.0474	4929.5522	1000.0	1000.0	231999	324.1023	74.24159	435.69183	67.07951	324.10236	74.242004	437.42163	72.59604	-3.2791352	4.0075727	46.357	-18.985466	-325.6887	19.356487	14614.713911056519
59	673.85144	116.04005	837.9713	476.22433	-47.682777	29.6497	-18.892185	-96.47117	4875.419	66.26341	4969.2607	4709.8047	4086.1252	73.90889	4177.1787	3976.6143	4038.4424	95.896515	4132.1714	3880.143	5549.2705	116.89139	5737.1416	5353.72	1000.0	1000.0	235999	328.78592	75.27725	438.0733	62.683773	328.78577	75.27744	438.34842	54.82473	-3.2898178	4.033424	75.34384	-20.45588	-330.35364	19.145761	14859.708940029144
60	731.4008	96.29127	812.48047	520.5005	-76.28396	33.89382	-27.349272	-123.14477	5226.8853	82.80372	5374.3506	5116.365	4292.457	97.422195	4425.594	4188.8945	4216.173	99.89679	4349.3857	4087.159	5958.286	125.64505	6155.568	5771.507	1000.0	1000.0	239999	333.51395	75.87913	445.33383	71.41954	333.51364	75.87929	444.43274	72.83377	-3.2528393	4.0533404	53.89817	-19.404438	-335.08038	19.248621	15105.222128868103
61	611.8058	142.89722	863.48285	450.6178	-87.51753	81.26119	53.17096	-137.50783	4896.6865	52.303432	4999.7266	4802.178	4371.994	60.690395	4432.4487	4270.8613	4284.4766	27.313631	4324.032	4254.034	5508.4927	136.12537	5717.2563	5252.7964	1000.0	1000.0	243999	337.63333	76.79043	449.08087	65.98356	337.63327	76.79098	451.01227	71.941895	-3.2382803	4.065291	49.687546	-19.266983	-339.18536	19.767546	15352.489455461502
62	619.6842	67.53256	717.8014	487.2879	-64.46693	33.222294	-19.010645	-111.56383	4997.309	82.69264	5125.99	4864.1675	4459.264	70.84895	4540.839	4353.334	4394.797	62.620724	4469.1567	4297.7227	5616.993	94.02212	5784.646	5436.5845	1000.0	1000.0	247999	341.89523	77.64429	461.4005	61.545795	341.8954	77.644684	463.94452	64.07087	-3.2153354	4.072209	56.128254	-19.046587	-343.46332	20.090672	15600.8830473423
63	566.5001	60.164574	694.72034	473.8119	-119.46238	23.78011	-84.44687	-150.95947	5145.6436	60.17122	5254.0576	5059.3535	4468.973	47.98592	4540.7007	4405.64	4349.5107	42.451553	4389.741	4280.0806	5712.1436	99.831276	5857.6934	5581.474	1000.0	1000.0	251999	345.84955	78.5499	469.38104	68.45062	345.84943	78.549065	467.9372	73.03376	-3.2330663	4.061208	55.065414	-18.391275	-347.3885	20.51125	15862.384300231934
64	683.45996	37.388737	753.2584	634.5199	-113.03655	34.98606	-62.283062	-150.7859	5356.8486	90.84698	5527.675	5255.021	4529.1733	101.30976	4654.7837	4384.1904	4416.1367	111.092354	4555.3774	4244.5195	6040.3076	112.353745	6280.933	5916.0215	1000.0	1000.0	255999	349.98752	79.10707	471.94128	63.50657	349.98767	79.1071	474.58047	66.2868	-3.1925185	4.089183	49.511135	-20.6785	-351.5278	20.501535	16132.32641363144
65	556.41296	79.7661	723.2042	478.46155	-132.10051	31.623108	-90.49846	-177.19002	5105.6475	122.82127	5385.0337	4958.874	4555.179	140.5082	4688.0806	4323.3716	4423.079	143.72925	4550.7495	4182.286	5662.0605	177.13547	6108.238	5437.3354	1000.0	1000.0	259999	354.3984	79.64029	475.77002	65.15577	354.39835	79.64002	477.22937	65.97108	-3.0812817	4.135945	54.038017	-19.822296	-355.97244	20.42662	16410.739347934723
66	732.3358	23.02147	759.2823	688.03064	-110.42526	21.168964	-77.73489	-136.96895	5278.221	97.44168	5442.13	5086.941	4716.3975	88.989944	4782.5146	4565.646	4605.972	70.03912	4667.9897	4487.911	6010.557	110.358246	6188.571	5791.2485	1000.0	1000.0	263999	358.74036	80.608116	479.6296	67.11715	358.74063	80.60886	480.8669	68.483055	-3.1749082	4.116423	73.97403	-21.2178	-360.2942	20.321123	16689.729192256927
67	492.39435	84.739586	677.6479	372.19452	-112.222694	44.5266	-55.254593	-177.89412	5284.872	73.5308	5407.231	5187.5493	4753.9517	102.39102	4867.606	4588.35	4641.7295	100.94399	4713.598	4467.547	5777.266	51.709873	5865.1973	5705.0205	1000.0	1000.0	267999	363.00104	81.28072	485.7782	58.538494	363.00076	81.28041	485.09235	71.614655	-3.0397196	4.1597896	56.11795	-19.324203	-364.5556	20.713188	16961.24101138115
68	97.51619	14.718328	120.140625	78.843254	-125.693985	42.213863	-65.28645	-177.7827	5510.2334	75.29723	5624.493	5369.1826	4767.4316	71.31048	4856.5	4669.473	4641.738	95.88257	4791.214	4556.864	5607.75	67.2338	5714.4624	5483.2515	1000.0	1000.0	271999	367.35156	81.75513	494.377	65.19665	367.35165	81.75498	497.34103	39.01458	-2.9693053	4.182253	61.94847	-18.325459	-368.90176	21.369267	17216.825914144516
69	602.2999	164.70476	777.58044	403.89667	-102.41748	31.34463	-64.639885	-151.76408	5354.6367	81.95127	5449.7	5228.3467	4846.6675	115.72616	5036.292	4738.564	4744.25	142.867	4971.6523	4586.8	5956.9365	100.13201	6149.9062	5834.8164	1000.0	1000.0	275999	371.2948	83.037125	498.22888	63.040066	371.29492	83.03678	499.86807	62.34384	-2.938875	4.220397	55.825943	-18.743765	-372.8626	21.38935	17464.724133253098
70	315.1347	113.03023	641.92944	226.41714	-110.83904	52.95682	-25.714647	-171.35526	5608.171	109.39956	5789.889	5438.5625	4865.7964	134.55118	5063.4526	4724.4004	4754.9575	139.08252	4942.1187	4553.0454	5923.3057	172.79617	6357.7993	5717.191	1000.0	1000.0	279999	375.49835	83.656845	504.65857	67.1718	375.4983	83.658264	504.42093	60.675613	-2.979438	4.1804476	69.14363	-18.982498	-377.0657	21.014996	17716.36827468872
71	663.0281	87.13853	785.6841	528.94196	-140.46426	23.606522	-99.94596	-158.50703	5582.5967	530.58563	6003.349	4050.1523	5117.6265	119.79266	5218.5386	4916.209	4977.1616	130.93347	5118.5923	4766.6543	6245.6255	504.96576	6738.2964	4835.8364	1000.0	1000.0	283999	380.03616	84.3482	510.3926	64.16315	380.03647	84.34876	509.44296	69.25736	-2.8457432	4.2627234	57.91671	-22.465559	-381.59607	21.751911	17992.338284492493
72	444.4887	44.973663	545.8575	384.9041	-149.80823	30.789326	-101.17527	-177.46127	5731.049	105.911026	5904.0327	5572.85	3727.4922	1810.1194	5251.7134	779.47955	3577.684	1826.7239	5150.538	602.0183	6175.5376	91.78713	6290.9863	5976.5806	1000.0	1000.0	287999	384.41437	85.34249	523.49817	68.49583	384.41443	85.34284	517.8821	71.09479	-2.7846484	4.285134	49.15713	-17.420456	-385.98312	22.179607	18269.803594112396
73	678.19934	60.29413	776.5821	550.4576	-147.2818	23.495697	-118.11916	-170.8799	5820.108	90.98622	5951.9834	5641.549	5053.0166	133.46733	5212.7183	4842.279	4905.7344	115.40072	5042.838	4724.1597	6498.307	89.265495	6658.4873	6374.8013	1000.0	1000.0	291999	387.03403	87.5831	523.74713	54.309032	387.03363	87.58371	523.66034	64.22918	-2.7552788	4.273254	51.154602	-20.7281	-388.58127	23.353304	18541.836530208588
74	544.1348	82.5858	720.6243	452.79636	-164.57202	26.43101	-128.16475	-201.09921	5789.849	70.04031	5895.4443	5681.7485	5292.109	56.864265	5349.7065	5219.2866	5127.537	77.03993	5221.5415	5018.1875	6333.9844	98.2546	6550.174	6200.28	1000.0	1000.0	295999	390.5016	88.84722	527.4457	60.461422	390.5017	88.84845	526.6568	49.2784	-2.7021496	4.309899	76.13434	-18.791353	-392.07724	23.35674	18813.9293217659
75	586.8449	129.83655	868.8701	452.1645	-149.82382	23.95497	-131.6344	-190.93745	5868.2173	607.8468	6223.5054	4055.8276	5251.9644	96.32738	5344.977	5115.8447	5102.141	87.90195	5213.343	4979.8726	6455.062	569.50995	7092.3755	4813.2983	1000.0	1000.0	299999	394.19025	89.84525	529.83734	60.973316	394.19037	89.84535	528.6297	71.60282	-2.6835396	4.342553	72.28001	-18.182974	-395.763	23.830172	19071.127161979675
76	475.8182	45.52334	562.0345	418.88934	-133.07945	48.733757	-52.939445	-184.00636	6233.5195	128.55324	6401.1255	6037.4946	5457.72	112.26751	5618.9917	5340.6665	5324.6406	102.50384	5476.6553	5187.631	6709.3374	143.56468	6947.3223	6499.2446	1000.0	1000.0	303999	398.3782	90.28673	536.69946	45.675156	398.37817	90.28691	538.3281	49.22162	-2.65532	4.3135843	66.264534	-20.952572	-399.9285	23.657103	19326.38999938965
77	658.65045	73.18702	760.4603	550.25134	-163.2974	71.79031	-49.658318	-232.60281	6086.5557	77.60755	6211.9434	5971.4614	5448.05	38.635445	5488.105	5390.8467	5284.7524	104.30043	5428.727	5158.2437	6745.2056	92.901924	6844.7505	6557.365	1000.0	1000.0	307999	402.40427	91.17987	545.773	60.350365	402.40424	91.180756	544.35864	62.896275	-2.5674522	4.345601	63.03987	-23.725542	-403.9687	23.91855	19581.098861932755
78	602.0001	25.464188	643.3332	564.5933	-129.37924	50.052086	-80.54148	-205.79883	6102.6704	96.26945	6202.045	5901.6577	5447.9854	97.48663	5581.2905	5306.2075	5318.606	143.33437	5500.749	5100.4087	6704.6704	103.70462	6829.5327	6487.0825	1000.0	1000.0	311999	406.27756	91.89016	549.0306	54.068634	406.27768	91.89035	550.15155	60.033676	-2.5652015	4.3626604	76.325035	-18.346558	-407.8485	24.785847	19835.095618247986
79	449.2832	132.877	713.48773	291.19016	-138.0661	43.94827	-102.05524	-212.32048	5770.5503	197.68272	6125.287	5557.5117	5498.338	64.0321	5603.9365	5436.834	5360.2715	92.42861	5494.584	5248.246	6219.834	300.64093	6749.797	5895.169	1000.0	1000.0	315999	410.5341	92.38867	551.50244	56.59044	410.53464	92.388565	552.2087	62.062855	-2.4875574	4.368032	74.61345	-18.891535	-412.104	24.701492	20090.595158576965
80	114.662476	69.68737	294.84207	21.642832	-154.09045	38.39474	-89.60803	-183.4898	6365.409	94.79533	6582.9673	6232.4644	5582.7266	86.75871	5666.693	5439.89	5428.636	114.22485	5577.085	5256.4004	6480.072	77.645996	6688.4395	6402.549	1000.0	1000.0	319999	414.10397	93.16967	557.05334	55.86716	414.10324	93.17048	557.7109	68.18831	-2.546672	4.3682323	72.735245	-20.767334	-415.662	24.294811	20347.652903556824
81	489.26263	83.84395	732.3089	428.5558	-146.95885	69.88643	-40.701492	-222.35664	5977.0938	90.679756	6166.808	5851.6123	5714.0356	21.86494	5746.124	5691.8047	5567.077	67.44378	5655.3706	5469.4478	6466.3564	90.68122	6618.6343	6318.4556	1000.0	1000.0	323999	417.75684	94.11022	562.4848	57.790257	417.7577	94.1103	560.8677	60.622513	-2.517343	4.3525453	56.464497	-18.805407	-419.30298	24.807726	20596.67019677162
82	784.3141	18.554703	802.63916	736.2691	-214.81337	51.022682	-153.84334	-292.83392	6296.4097	92.73641	6414.254	6120.111	5758.288	81.78658	5879.9824	5649.844	5543.474	113.86634	5658.473	5357.0103	7080.724	98.6492	7194.604	6917.165	1000.0	1000.0	327999	421.7646	94.895676	564.4422	42.077705	421.76413	94.896515	565.2864	44.973877	-2.404784	4.390647	58.79986	-18.068882	-423.30283	25.522118	20844.373181819916
83	424.58612	197.54007	729.04144	231.70575	-140.72942	40.373158	-71.271614	-170.82413	6408.5635	164.77464	6783.1553	6177.1646	5820.801	106.160484	5961.1157	5668.853	5680.0713	137.03398	5889.844	5511.1953	6833.15	323.7508	7512.197	6533.2925	1000.0	1000.0	331999	425.18985	96.18983	570.17694	50.72233	425.19043	96.19053	571.6856	53.996323	-2.420547	4.3723073	63.96302	-18.888346	-426.7522	25.108707	21117.31615114212
84	686.71484	91.03317	756.2447	418.35803	-248.62325	36.64055	-214.0229	-309.90536	6404.227	155.53091	6666.5054	6095.6255	5825.842	138.74127	5960.5366	5621.525	5577.2188	166.23743	5719.71	5311.6196	7090.9424	214.99619	7404.1343	6639.883	1000.0	1000.0	335999	429.09607	96.843	581.10205	53.75077	429.09573	96.84263	579.1518	33.629635	-2.3686512	4.4228616	85.73618	-17.94036	-430.66116	25.673172	21392.979382038116
85	672.422	119.764305	788.9453	477.6923	-167.3642	63.283775	-59.518406	-221.7763	6162.655	1285.9427	6902.5	2330.2212	5794.2827	107.9244	5973.0464	5684.014	5626.919	120.05336	5778.533	5490.365	6835.0767	1257.1353	7505.355	3093.2058	1000.0	1000.0	339999	433.05515	97.271164	584.768	52.238655	433.0556	97.27138	581.427	44.87864	-2.3182147	4.4208145	62.394936	-18.49518	-434.59555	26.995161	21703.90976023674
86	553.213	299.95782	767.2528	-268.29834	-195.99043	42.731686	-130.03365	-235.69832	6109.858	1504.2039	6765.417	1605.7133	6018.837	47.74536	6082.674	5949.1074	5822.8467	75.812294	5952.64	5762.7134	6663.0703	1504.7902	7532.67	2276.174	1000.0	1000.0	343999	436.54865	97.87037	586.43866	63.095474	436.549	97.870575	585.21075	55.039017	-2.267754	4.4238176	71.31271	-19.272194	-438.10626	26.070328	22027.5404047966
87	719.79736	150.44841	827.27936	291.80185	-171.1466	33.0512	-140.2807	-223.30898	6824.4585	94.40292	6965.708	6627.4253	5991.575	87.91046	6108.406	5892.8306	5820.428	92.76094	5968.125	5717.016	7544.2563	195.57066	7707.562	7084.0444	1000.0	1000.0	347999	440.40277	98.86102	591.92456	51.212734	440.4024	98.86242	591.2793	53.559868	-2.2957473	4.4102173	67.9175	-19.568432	-441.9546	26.796825	22291.043520212173
88	447.7811	38.23968	520.8243	372.36023	-243.37032	36.250473	-190.49257	-287.10468	6476.9473	96.317	6611.453	6285.9434	6031.22	175.13744	6261.264	5768.125	5787.85	201.10612	6070.7715	5504.2793	6924.728	100.322205	7075.87	6778.1724	1000.0	1000.0	351999	443.96185	99.275734	601.72473	60.339947	443.96216	99.27542	598.00885	55.85147	-2.2559483	4.4083066	86.59834	-19.253284	-445.51508	26.808403	22551.82017970085
89	689.09735	20.54864	719.3497	643.0237	-193.18306	34.733837	-148.8705	-231.2933	6484.4873	106.16422	6701.981	6326.8276	6224.9624	233.10995	6502.238	5867.417	6031.7793	245.66731	6279.5854	5636.124	7173.5845	116.64852	7403.042	6969.851	1000.0	1000.0	355999	447.77972	99.861	603.89764	56.28644	447.77985	99.861755	603.09906	57.82492	-2.1499822	4.4466915	78.71719	-18.905466	-449.32385	28.717823	22809.383209228516
90	496.38275	208.55196	774.9875	255.25177	-223.37508	18.714972	-193.33932	-242.4914	6903.7686	169.5284	7163.548	6654.026	6246.5625	242.6019	6504.0723	5867.8003	6023.1875	226.50945	6261.581	5674.461	7400.1514	265.89142	7760.29	6939.674	1000.0	1000.0	359999	451.2983	100.75177	606.99536	46.623497	451.29855	100.750656	607.4377	54.665726	-2.096164	4.4940906	98.46634	-18.587553	-452.8455	29.05561	23067.18750357628
91	522.22894	52.617622	619.3011	471.5329	-217.51622	22.585617	-179.83064	-238.4829	6569.8647	92.944664	6703.936	6386.4624	6337.013	102.28749	6431.6084	6164.9937	6119.497	82.15584	6201.212	5985.163	7092.0938	120.33665	7274.1494	6871.9785	1000.0	1000.0	363999	454.8805	101.29119	610.00446	58.532196	454.8802	101.29198	608.7574	62.57196	-2.1352441	4.434748	75.52923	-19.491465	-456.4365	27.745848	23345.458198785782
92	619.70636	129.57991	810.4672	356.07614	-191.89041	11.762465	-171.68799	-201.06818	6941.2954	127.61789	7161.96	6719.815	6284.413	157.05229	6541.5938	6125.436	6092.523	167.69785	6369.906	5928.408	7561.0024	216.0952	7803.5464	7075.891	1000.0	1000.0	367999	458.7056	102.155464	619.0244	52.82488	458.7057	102.15644	617.1561	54.489243	-2.154748	4.449082	74.714066	-18.464272	-460.27863	27.689095	23650.022341012955
93	315.15927	49.20137	447.32062	267.0173	-246.11298	42.085472	-174.13719	-279.01666	6553.2065	90.34286	6715.9116	6344.93	6401.9966	46.406574	6462.791	6335.829	6155.884	84.03093	6288.654	6056.8125	6868.3657	95.609955	7043.99	6683.138	1000.0	1000.0	371999	462.9309	102.745895	624.44824	48.924583	462.93085	102.74585	623.1956	53.56256	-2.1345618	4.485379	73.51896	-20.058279	-464.4924	27.562	23938.23296380043
94	672.5411	80.73178	768.46783	563.8783	-194.47089	12.517999	-183.1979	-215.6803	7228.943	114.589714	7372.759	7030.18	6522.177	86.25344	6654.3174	6441.193	6327.7065	93.680664	6465.3223	6225.5127	7901.4844	139.19403	8112.717	7667.127	1000.0	1000.0	375999	466.60477	103.81216	630.5729	50.80607	466.60507	103.81211	630.3632	55.277416	-2.0443997	4.443899	53.908356	-18.653303	-468.17117	28.669863	24196.05259990692
95	469.50568	59.005802	577.95447	351.4108	-264.9748	45.850826	-212.01086	-311.32037	7044.693	99.01015	7176.682	6901.673	5575.1196	1706.2589	6666.4717	2622.0051	5310.145	1675.2587	6356.75	2409.9941	7514.198	143.48468	7754.6367	7290.145	1000.0	1000.0	379999	470.50775	104.93481	632.9849	47.19117	470.508	104.93488	630.29065	50.873344	-1.995157	4.4882755	70.4353	-18.470972	-472.06552	29.458872	24456.916016817093
96	314.65894	97.60058	470.48093	130.22464	-228.35843	30.489	-185.2016	-264.71558	7211.8267	127.417786	7473.977	7027.3115	6537.8574	86.56871	6665.7817	6426.7075	6309.499	105.90879	6450.0054	6178.9673	7526.4854	153.72195	7856.051	7313.328	1000.0	1000.0	383999	473.84988	106.30418	638.13776	16.94486	473.85056	106.30431	635.95	24.084908	-1.9445044	4.486595	57.239376	-22.700998	-475.44955	30.441818	24716.383198022842
97	432.96054	139.70563	713.9306	102.44557	-194.36954	84.12307	-71.32802	-272.20773	7064.686	1049.1926	7549.6675	3925.22	6170.9116	978.6333	6848.8726	4493.9287	5976.5425	1024.8517	6772.252	4221.789	7497.647	1161.1938	8078.4067	4027.6655	1000.0	1000.0	387999	477.0598	107.38107	637.9467	47.216293	477.0602	107.3803	636.6985	42.716232	-1.9618888	4.543958	111.508125	-18.849068	-478.60074	31.50519	24974.72762989998
98	488.7173	29.964127	539.65607	446.43915	-210.47484	64.027756	-114.59743	-294.63043	6992.91	131.51324	7236.784	6823.079	6663.7964	147.59425	6897.575	6510.9517	6453.3223	145.71458	6676.0015	6274.6294	7481.6265	141.55093	7714.865	7295.0967	1000.0	1000.0	391999	480.56387	108.14298	642.63293	39.39885	480.56335	108.14294	644.0148	47.71392	-1.8440518	4.566932	67.99951	-17.681301	-482.1503	32.124733	25240.01443171501
99	702.02844	58.23856	779.05164	591.83057	-251.0741	20.607975	-218.54674	-270.6544	7071.118	181.3546	7419.6016	6852.11	5095.862	2669.7236	6688.1104	473.03363	4844.788	2650.7654	6421.248	254.48688	7773.146	200.22827	8111.5933	7443.9404	1000.0	1000.0	395999	483.874	109.54064	651.7835	24.394712	483.87415	109.54155	653.05023	14.211805	-1.7746005	4.570933	97.690216	-20.861107	-485.45145	32.844376	25507.444205999374
100	518.1999	148.49226	690.01746	256.11288	-212.88708	73.3282	-92.85066	-291.99365	6873.1104	1379.9397	7747.9727	3536.9314	5549.7817	2113.2908	7005.3276	1898.7942	5336.8945	2123.073	6770.583	1666.8352	7391.3096	1358.3765	8298.505	4226.9487	1000.0	1000.0	399999	486.36588	111.73505	667.8654	-112.23945	486.36655	111.735214	665.5476	-51.426235	-1.7238708	4.6028714	87.49604	-16.892864	-487.91794	34.403374	25804.437292814255
