Epoch	AverageTestEnv0Ret	StdTestEnv0Ret	MaxTestEnv0Ret	MinTestEnv0Ret	AverageEnv0Ret	StdEnv0Ret	MaxEnv0Ret	MinEnv0Ret	AverageTestEnv1Ret	StdTestEnv1Ret	MaxTestEnv1Ret	MinTestEnv1Ret	AverageEnv1Ret	StdEnv1Ret	MaxEnv1Ret	MinEnv1Ret	AverageEpRet	StdEpRet	MaxEpRet	MinEpRet	AverageTestEpRet	StdTestEpRet	MaxTestEpRet	MinTestEpRet	EpLen	TestEpLen	TotalEnvInteracts	AverageQ1Vals	StdQ1Vals	MaxQ1Vals	MinQ1Vals	AverageQ2Vals	StdQ2Vals	MaxQ2Vals	MinQ2Vals	AverageLogPi	StdLogPi	MaxLogPi	MinLogPi	LossPi	LossQ	Time
1	-298.13333	111.991516	-61.872177	-421.84802	-371.92795	36.692818	-329.44525	-425.75723	-163.20267	78.74292	-63.11476	-340.90323	-350.9192	83.828606	-235.90082	-461.25604	-722.84717	92.81388	-584.567	-845.09924	-461.336	179.25526	-143.18358	-739.89264	1000.0	1000.0	3999	9.757073	6.2931614	34.632034	-0.33616582	9.72329	6.359802	33.86457	-10.871382	-7.087351	2.7189329	12.778646	-17.508091	-15.626646	1.4355619	192.9367115497589
2	-1238.948	44.765957	-1171.0336	-1332.3021	-332.87872	32.683556	-307.67773	-387.6944	-393.7818	95.6299	-223.73569	-519.64777	-279.75064	102.97055	-158.88568	-413.12936	-612.62933	124.783936	-466.56342	-741.06213	-1632.7297	61.933243	-1523.7579	-1727.1519	1000.0	1000.0	7999	42.634827	15.83819	97.12304	-0.33327612	42.63264	15.846052	98.02257	-11.019237	0.17313041	5.134815	31.84071	-18.98951	-90.2179	5.1706967	442.38034105300903
3	-688.3346	220.15465	-423.67392	-994.2084	-704.187	334.14273	-294.2814	-1035.7715	-327.94003	41.813015	-222.92159	-378.7233	-311.15637	60.10219	-219.46837	-381.67523	-1015.3434	389.97037	-513.74976	-1417.4468	-1016.2746	221.6047	-646.5955	-1307.1698	1000.0	1000.0	11999	104.24038	19.590277	159.93533	38.138443	104.24069	19.59204	162.6282	36.858658	4.4928737	5.6822324	39.37461	-18.650562	-217.19167	13.967639	705.6838819980621
4	335.72028	100.31778	442.92612	144.37454	-752.9812	171.58316	-510.93427	-959.9994	126.39464	142.22435	314.3535	-95.49597	-274.2882	60.33361	-192.92119	-363.23346	-1027.2694	213.19522	-781.35065	-1323.2328	462.1149	148.06796	662.97565	206.46542	1000.0	1000.0	15999	119.82214	23.073042	171.82597	42.20993	119.82313	23.07366	170.11748	42.84232	-4.0437346	4.3059125	32.49173	-20.32176	-242.85959	15.194198	1010.9133915901184
5	612.6608	69.13014	790.2951	566.0381	-495.53934	80.32508	-360.97665	-572.3923	8.617243	41.42698	85.423935	-48.627472	-253.01984	57.109188	-190.3902	-341.21365	-748.5592	93.13051	-623.78046	-873.66327	621.27814	61.374226	741.66766	551.9474	1000.0	1000.0	19999	106.893	23.862026	160.1349	38.81247	106.89427	23.86342	159.32776	37.82495	-6.730292	2.6506925	14.030305	-19.444565	-216.27396	10.521553	1315.9850931167603
6	541.5921	47.64007	625.29614	480.97955	-355.47256	64.7764	-284.48148	-457.66797	-17.25751	7.1822762	-6.7870936	-26.93365	-129.62347	79.1815	-45.262604	-259.11972	-485.09607	111.18617	-329.74408	-619.1574	524.33466	48.501625	601.59174	454.15848	1000.0	1000.0	23999	96.85587	20.660059	144.67009	34.325302	96.85642	20.662758	146.57506	35.43768	-7.3594775	2.2147112	17.155552	-18.98491	-196.2375	8.216189	1617.820460319519
7	826.01044	47.107132	883.9847	718.8492	-205.67201	96.66137	-87.31478	-355.7867	19.492384	59.37511	154.62802	-36.363438	-79.50807	26.233648	-49.868374	-121.79186	-285.18008	102.84702	-137.18315	-427.17685	845.5028	50.684654	932.9366	729.7453	1000.0	1000.0	27999	89.23098	18.605022	132.25273	32.980446	89.23166	18.607597	132.10768	34.414963	-7.448577	2.1040533	11.524705	-19.968307	-181.09644	7.2018743	1945.2728252410889
8	518.17645	58.476128	607.18585	445.33682	-98.585495	56.329453	-34.434967	-169.97313	34.96565	47.22502	105.58552	-14.687664	-84.02317	82.42282	24.029037	-187.78825	-182.60867	109.38142	-72.00939	-357.76138	553.14215	50.76873	603.909	442.50052	1000.0	1000.0	31999	85.23927	17.040247	123.75071	35.19926	85.23916	17.0439	123.26265	33.59882	-7.4591312	2.0688174	12.187796	-19.98227	-173.17259	6.8497577	2308.9875361919403
9	705.87164	65.40722	814.6402	588.78503	-110.93862	39.557636	-52.55783	-158.4332	85.72023	178.26186	572.77014	-25.211088	-26.88947	54.598488	22.47134	-111.77502	-137.8281	36.785378	-77.540886	-170.60924	791.59186	194.45354	1298.1869	599.7436	1000.0	1000.0	35999	83.6849	15.287123	122.401955	35.80417	83.685555	15.290699	123.29857	35.498707	-7.4249005	2.0708306	13.461361	-18.147846	-170.08093	6.4982543	2640.1017422676086
10	665.5343	123.22258	906.93915	484.30298	-137.1057	61.982136	-88.9492	-241.6115	181.81596	175.45206	472.78683	10.183041	51.99035	80.49075	174.90999	-48.27448	-85.11536	40.11832	-32.535835	-140.78893	847.3503	102.63374	1015.31573	705.8121	1000.0	1000.0	39999	83.47404	14.124149	122.08636	37.242573	83.47392	14.129156	124.20825	36.15188	-7.406677	2.071073	13.852573	-19.434875	-169.66463	6.5778837	2952.976242542267
11	784.7506	85.774284	882.8624	597.9863	-73.918915	19.963469	-58.100124	-108.1805	410.41293	245.76314	798.1029	-40.12906	142.65417	84.347435	254.86224	49.35581	68.73526	95.727776	190.13266	-34.074047	1195.1636	248.50552	1455.2205	724.3348	1000.0	1000.0	43999	84.09914	13.279779	124.07737	40.119373	84.09943	13.285257	124.87207	38.99229	-7.364715	2.0700562	13.520436	-19.609285	-170.90797	6.846585	3328.48912858963
12	742.64343	115.10998	860.002	524.87366	-115.41712	63.655098	-34.312912	-209.6408	199.45738	201.8888	580.23425	6.8558474	0.72190475	163.36378	184.70891	-243.23476	-114.69522	221.5558	94.0975	-452.87555	942.10077	121.19121	1153.0928	769.81714	1000.0	1000.0	47999	85.20331	13.260503	126.45131	39.891933	85.20346	13.265898	128.49422	40.383526	-7.2653112	2.1404748	18.857046	-19.940533	-173.13333	6.9487553	3691.588888168335
13	626.33844	69.366646	736.43854	486.08237	-61.537815	28.13781	-16.976519	-94.99785	476.74005	483.21716	1371.5428	-63.582542	176.60815	12.880461	189.93935	155.77908	115.07034	18.280773	138.80257	88.81939	1103.0784	462.39847	1951.4731	524.5742	1000.0	1000.0	51999	86.78212	13.782038	129.90909	41.145588	86.78312	13.787063	129.29733	39.630184	-7.1914277	2.207744	16.59386	-19.441132	-176.30083	6.931814	3970.2366483211517
14	638.0575	46.366592	762.517	598.4433	-75.03072	23.91617	-35.567703	-98.918434	1602.3658	33.150185	1645.8104	1521.129	322.15503	184.49745	561.8787	71.738464	247.12431	187.83539	462.96033	-15.477911	2240.4233	62.304153	2408.3274	2174.3774	1000.0	1000.0	55999	89.35192	14.225319	136.65965	42.965534	89.3519	14.230002	136.91658	41.6584	-7.051767	2.2873769	13.357597	-19.747746	-181.45596	7.1564045	4263.92969751358
15	679.24713	56.3577	818.3796	627.55035	-46.135357	60.198902	43.208454	-121.67186	1712.1377	93.019226	1911.4261	1609.1675	387.10754	303.32642	764.22345	-58.938118	340.9722	330.84933	730.0554	-180.60999	2391.3848	141.96783	2663.5806	2248.9304	1000.0	1000.0	59999	91.86706	15.391307	139.2783	44.987827	91.86746	15.394848	140.3132	44.407833	-6.972455	2.3759944	14.3059025	-20.016756	-186.4988	7.3143964	4690.09194111824
16	511.7899	186.11525	886.0788	287.19547	-1.321753	30.77553	30.533058	-47.841793	1316.7306	868.3173	2030.6401	-44.84038	697.6587	233.59024	917.1022	309.37515	696.3369	256.3458	907.2676	261.53336	1828.5205	757.1903	2397.8076	546.20465	1000.0	1000.0	63999	95.58051	16.19455	147.26656	45.2531	95.58089	16.19801	145.68962	44.565903	-6.8501277	2.458374	15.7364855	-18.12793	-193.91751	7.675701	5105.382576465607
17	331.6634	23.393997	378.22375	293.76743	-33.203026	47.08735	22.071224	-107.379715	1954.6133	48.770924	2036.8896	1892.2612	1076.6875	445.3702	1358.9465	306.5815	1043.4844	489.1849	1371.7327	199.20178	2286.2766	64.498085	2409.4214	2186.0288	1000.0	1000.0	67999	100.14258	17.880533	161.333	45.17755	100.14305	17.883966	159.10852	46.801193	-6.6460996	2.591373	15.6067295	-18.206032	-203.06453	8.062867	5481.556186199188
18	503.0171	26.615585	548.7039	457.11172	-65.356476	48.232483	-16.84752	-143.67455	1980.8496	58.5055	2041.3029	1857.3446	1645.6631	112.273964	1728.3848	1452.1719	1580.3066	88.58187	1665.8694	1435.3245	2483.8667	52.859066	2573.9531	2380.9114	1000.0	1000.0	71999	106.28493	20.628223	177.80827	45.13942	106.28494	20.631033	174.92308	48.14187	-6.278661	2.8268757	14.925948	-19.3404	-215.4165	8.964363	5879.218217849731
19	590.63	75.146774	688.0133	450.51947	-21.705433	54.151546	43.40465	-89.745895	2721.09	127.76368	3062.725	2597.0652	1851.8585	171.02844	2067.341	1662.7148	1830.1531	195.58588	2110.7456	1617.703	3311.7202	117.85824	3544.0298	3122.7744	1000.0	1000.0	75999	113.80663	24.056948	186.38815	45.943325	113.80684	24.058807	185.65482	46.36311	-5.8968863	2.9749162	18.735477	-19.951248	-230.50215	10.200277	6239.089473485947
20	511.30142	6.5192523	520.28406	500.007	-73.58644	37.212997	-36.490986	-119.74517	3527.2852	71.26319	3658.22	3379.1743	1496.3091	904.4714	2298.8381	-31.362448	1422.7227	935.5217	2262.3472	-151.10762	4038.5864	73.45637	4174.7583	3884.3054	1000.0	1000.0	79999	121.58652	27.91328	203.266	43.058773	121.58691	27.91536	203.09387	43.63439	-5.45628	3.1687357	17.23807	-21.854965	-246.1745	11.387983	6578.605065822601
21	545.2467	38.800934	591.24945	477.9173	-44.15443	67.46441	34.96548	-151.55608	3347.8796	123.0273	3558.2175	3091.6482	2240.025	575.7602	2595.8755	1243.216	2195.8704	638.9208	2630.841	1091.6598	3893.1262	123.42952	4148.5073	3651.9304	1000.0	1000.0	83999	130.70988	32.14009	216.66574	41.23399	130.70956	32.142204	218.18362	41.43277	-5.043932	3.2885191	21.627401	-19.353416	-264.4939	12.917003	6979.964644193649
22	454.79523	12.532006	472.50946	423.83536	-28.223534	84.360634	54.735153	-163.56374	3851.975	89.32109	3967.1982	3682.386	2686.0056	109.8383	2818.0046	2537.8162	2657.7817	174.15784	2814.9526	2374.2524	4306.77	82.32345	4419.767	4154.8955	1000.0	1000.0	87999	140.9849	36.035362	232.36281	36.54166	140.98514	36.037865	233.81519	37.80215	-4.6896167	3.346221	16.164127	-21.125114	-285.08188	14.074431	7402.5151290893555
23	350.1126	43.406094	454.07812	295.42102	-16.798342	31.17115	18.33821	-64.42087	3769.15	91.99504	3872.2485	3604.7312	2952.975	129.15662	3036.1812	2729.6523	2936.177	123.26084	3048.89	2731.469	4119.2627	92.34024	4282.9854	3982.4756	1000.0	1000.0	91999	152.351	40.166504	261.2532	37.236233	152.35085	40.168633	260.04474	37.614784	-4.2189636	3.4895217	19.464045	-20.259583	-307.91385	15.06235	7814.38348197937
24	438.64447	86.73563	607.9269	335.83966	-35.415134	48.42089	19.421745	-99.49894	4305.374	95.08879	4480.1377	4159.4287	3157.8496	142.5104	3273.0068	2916.2458	3122.4343	133.45512	3268.858	2918.7842	4744.0186	79.19106	4850.3506	4594.3433	1000.0	1000.0	95999	164.55428	44.32492	271.5916	33.84989	164.55443	44.327763	271.03894	34.874176	-3.8282893	3.6024811	19.92482	-19.952671	-332.39438	16.32778	8118.389326810837
25	411.558	31.548483	454.46112	354.929	-12.746507	31.438839	36.91106	-40.53909	4836.445	170.13577	5028.458	4391.389	3332.044	166.67987	3589.7783	3143.666	3319.2974	141.38762	3549.2393	3180.5771	5248.0024	170.44601	5443.096	4845.85	1000.0	1000.0	99999	177.09972	48.2902	286.32095	32.311005	177.09944	48.293648	287.83917	31.50925	-3.5574827	3.6729949	17.916353	-19.746475	-357.46188	17.590456	8426.349400520325
26	407.52847	20.847765	443.58923	367.0153	-71.13542	35.24263	-10.174916	-93.39584	4448.8945	78.52105	4563.2876	4309.4165	3587.3738	183.93231	3737.7644	3276.5723	3516.238	203.17218	3727.5894	3184.1357	4856.423	87.06116	5006.877	4704.8984	1000.0	1000.0	103999	189.7847	52.058556	307.04218	28.880716	189.78474	52.061428	305.47623	28.39031	-3.2135253	3.7840104	19.976767	-19.935368	-382.88513	18.897793	8807.630421638489
27	400.87872	24.35012	437.8823	336.2629	-42.83399	33.719913	-8.864629	-98.69662	4712.158	80.19606	4821.4233	4589.235	3640.9011	197.8191	3958.1514	3413.2078	3598.0674	171.74982	3859.4548	3377.2021	5113.0366	69.53811	5216.1143	4990.287	1000.0	1000.0	107999	202.1274	55.897472	315.2408	25.533321	202.12706	55.901157	315.05328	27.39354	-3.0177243	3.832785	22.993786	-19.01688	-407.56656	19.768795	9191.020201206207
28	452.04828	45.14398	536.46967	377.33456	-146.59344	48.59049	-67.0905	-198.50061	4968.0317	129.51256	5148.075	4768.7827	2590.2964	994.5639	3936.988	1145.0989	2443.7031	1039.7625	3869.8977	946.5982	5420.08	109.43221	5546.9565	5204.019	1000.0	1000.0	111999	213.16422	59.672207	332.71902	23.106972	213.16396	59.676105	332.59195	23.398834	-2.8353653	3.9142897	21.9415	-19.164206	-429.64932	20.861467	9575.84343957901
29	498.62802	20.513767	537.2017	471.34872	-61.171593	28.620224	-32.69944	-93.85368	4660.3794	59.336002	4743.33	4553.6045	3906.9048	152.68353	4013.0327	3643.172	3845.7334	137.83585	3955.3738	3610.4573	5159.0073	55.388317	5220.9854	5046.6963	1000.0	1000.0	115999	223.67108	63.29959	343.72552	24.742767	223.6712	63.30482	343.5288	26.023453	-2.7534509	3.9746616	25.998463	-19.669514	-450.62326	22.527136	9949.72926235199
30	287.58505	19.436962	319.15698	260.29855	-103.16791	93.05481	-32.49504	-260.27606	5183.8955	130.15627	5359.708	4874.966	3234.579	1015.68164	3872.388	1477.1451	3131.4114	1105.9302	3808.1687	1216.869	5471.4795	139.54935	5678.8647	5148.5864	1000.0	1000.0	119999	233.4443	66.318634	353.64474	12.672733	233.44356	66.3239	352.1994	24.88314	-2.7036567	4.006337	27.271027	-18.430832	-470.08063	23.373934	10380.706068277359
31	422.97476	17.900139	444.2246	382.3542	-85.14755	25.688213	-47.47808	-116.540794	4730.2427	84.91936	4887.001	4621.7373	4003.1704	232.78308	4216.4077	3617.1362	3918.0225	209.57881	4117.746	3569.6582	5153.218	78.522156	5322.4463	5052.903	1000.0	1000.0	123999	242.83076	68.672485	360.1059	21.901712	242.82993	68.677734	362.19342	27.371136	-2.6390874	4.0352917	24.633585	-21.617332	-488.83932	23.827602	10910.743902921677
32	65.90833	45.460644	155.214	5.664274	-96.19425	23.844896	-70.34629	-135.11856	5408.399	77.14108	5519.322	5268.136	4211.822	147.16788	4370.569	3971.4585	4115.6274	149.80647	4282.5864	3880.129	5474.307	76.18478	5624.4517	5326.2446	1000.0	1000.0	127999	251.5187	70.92204	373.0117	6.711791	251.51822	70.92663	372.7843	5.6689053	-2.5647757	4.070509	29.77549	-18.417553	-506.1216	25.348907	11417.537320375443
33	551.0807	44.836884	636.97186	483.47263	-14.153585	92.74286	142.27695	-96.91083	5312.9023	162.46213	5538.6616	5037.425	4394.888	157.18234	4617.436	4177.8345	4380.7344	190.14159	4580.08	4080.9236	5863.9834	151.947	6060.013	5627.5186	1000.0	1000.0	131999	260.24777	72.99593	394.2438	20.072891	260.24792	72.99929	388.4421	19.337381	-2.3976219	4.121417	29.140875	-18.331024	-523.57635	25.02675	11732.02965259552
34	441.8795	29.488218	474.29984	376.78104	-45.83629	76.04478	79.26145	-122.484825	5554.685	69.50894	5638.7563	5429.3125	4540.2524	251.69934	4822.409	4195.2144	4494.4165	299.3567	4813.3887	4072.7297	5996.564	63.541065	6095.345	5899.92	1000.0	1000.0	135999	269.28818	75.147736	396.74728	21.364399	269.28787	75.152275	395.55905	23.037605	-2.3242729	4.1623178	37.073463	-17.356474	-541.642	25.991455	12056.630755662918
35	383.43497	50.558544	466.4993	292.75058	-112.08681	54.12086	-47.877125	-195.18593	4954.143	257.3618	5378.884	4542.3696	3772.9375	1451.3293	4738.5186	1264.8718	3660.8506	1498.3827	4651.8374	1069.6859	5337.577	292.50467	5845.383	4871.935	1000.0	1000.0	139999	277.59448	78.20211	403.68585	17.311348	277.5942	78.20465	403.70016	8.142604	-2.2218468	4.232195	39.404305	-18.395111	-558.3091	26.862257	12436.54508972168
36	252.25586	33.811832	304.3124	198.29291	-147.9808	45.482216	-80.24089	-192.45935	5747.466	81.583176	5903.132	5599.744	4651.037	215.68059	4882.0254	4420.4517	4503.056	176.65201	4695.61	4287.6445	5999.721	82.21665	6173.568	5863.294	1000.0	1000.0	143999	285.8961	81.08496	412.9368	13.913399	285.8965	81.0877	418.12134	12.242861	-2.1549842	4.277019	48.17997	-18.30278	-574.8412	28.42876	12835.242466926575
37	517.2352	36.223083	574.70233	459.18063	-174.08653	27.85827	-141.34781	-215.77509	5305.569	213.63342	5709.113	4942.9395	4805.1597	182.0107	5058.2046	4549.498	4631.073	187.86519	4899.874	4368.6055	5822.8037	244.24284	6283.815	5441.0166	1000.0	1000.0	147999	294.73465	83.12786	437.49927	5.493542	294.73428	83.13181	425.7071	14.986515	-1.9678485	4.323527	42.66971	-19.067566	-592.51624	30.801016	13252.405126333237
38	405.98505	88.98722	478.90057	197.93541	-148.26384	40.645683	-109.50041	-205.54787	5824.7983	138.71588	6065.2964	5517.795	5003.176	99.19305	5159.168	4883.847	4854.9116	112.617874	4991.418	4678.2993	6230.7837	191.094	6495.593	5787.487	1000.0	1000.0	151999	303.57742	85.13764	435.27203	6.1286097	303.57697	85.14095	435.25735	13.095304	-1.8174511	4.3348584	46.47986	-19.63145	-610.2316	30.792551	13642.480227947235
39	680.618	44.07209	780.73505	621.1138	-96.77364	30.408955	-48.834217	-124.96012	5912.8643	70.13808	6020.7407	5809.1807	5031.6587	266.791	5240.024	4576.99	4934.885	237.63211	5119.0376	4528.156	6593.482	78.59919	6700.411	6477.9756	1000.0	1000.0	155999	312.15704	87.400276	453.27252	2.7689028	312.1576	87.402954	453.05103	9.878882	-1.8695046	4.348428	44.230545	-18.41954	-627.3426	30.960554	14081.743090867996
40	439.1657	61.326405	534.9351	322.18774	-206.62265	57.681435	-118.99451	-279.3595	6024.4536	52.97937	6102.8047	5934.8506	4978.9097	284.1907	5247.6	4553.4478	4772.287	308.46738	5107.9424	4350.0654	6463.619	67.33407	6555.2534	6341.843	1000.0	1000.0	159999	320.30713	89.74382	458.56384	2.344731	320.3064	89.74643	461.6366	-2.950811	-1.6699517	4.4418464	50.47984	-18.20288	-643.7029	32.59477	14437.666596412659
41	591.5104	31.73304	665.03577	549.95465	-180.89105	21.587662	-155.56664	-213.06616	6254.387	63.178223	6354.195	6173.8228	4990.423	153.32475	5191.9814	4771.4575	4809.532	147.79697	4978.9155	4584.9346	6845.8975	65.56878	6979.0693	6749.738	1000.0	1000.0	163999	328.85965	91.05268	466.5168	2.3816872	328.8596	91.05461	465.1198	-7.2852054	-1.8082632	4.3744497	48.0326	-17.951965	-660.7334	32.245983	14748.92780303955
42	369.05035	28.425873	431.58884	318.0013	-185.36465	19.050179	-161.02461	-214.47452	5615.965	195.31477	5929.396	5323.279	5184.9546	181.50473	5385.9004	4982.34	4999.59	186.47993	5203.3896	4767.865	5985.015	208.0324	6310.32	5671.2383	1000.0	1000.0	167999	336.71423	92.86403	471.82455	2.3958197	336.71445	92.86839	473.10056	-12.6027565	-1.6091257	4.424673	40.947502	-20.551014	-676.3744	33.742344	15065.861476182938
43	237.4961	57.54618	323.40286	151.50523	-126.78166	31.088587	-94.39641	-167.20796	3782.9915	383.94574	4554.8765	3469.0234	5378.8076	109.956764	5541.3647	5260.551	5252.0264	118.7354	5446.9683	5150.872	4020.4875	424.5518	4836.62	3657.9805	1000.0	1000.0	171999	343.77612	94.61699	478.76035	2.4360447	343.77652	94.61835	480.08954	-45.260685	-1.6191486	4.389675	63.660667	-18.980764	-690.45685	34.04705	15412.135122537613
44	540.1908	17.791183	566.6499	505.71124	-215.35172	59.554234	-149.74217	-293.75	5347.7334	66.85326	5440.5527	5243.3955	5568.1665	65.948616	5644.508	5466.9243	5352.8145	82.014015	5494.7656	5300.7114	5887.9243	78.71465	5991.6455	5782.6304	1000.0	1000.0	175999	350.9775	95.91119	487.89136	2.57741	350.97708	95.913086	487.70935	-13.2006645	-1.5220097	4.429866	60.562233	-18.14788	-704.9084	34.9307	15768.524094820023
45	523.775	68.388756	701.18427	447.42813	-198.7066	64.965805	-138.26717	-300.50284	6067.7837	154.26387	6339.463	5829.2793	5577.662	151.69077	5743.153	5406.3896	5378.956	189.0306	5575.144	5105.8867	6591.5586	208.36275	7040.647	6276.7075	1000.0	1000.0	179999	358.1886	97.39038	498.6842	2.516484	358.18848	97.392715	495.85046	-13.9632845	-1.4618509	4.4073505	47.471294	-18.865524	-719.2706	33.852734	16144.531360387802
46	142.63748	24.162764	173.31508	96.56421	-216.54391	7.71168	-208.49591	-226.21661	5371.2324	313.03967	5780.6772	4558.552	5530.819	123.070114	5657.146	5392.281	5314.275	123.446304	5440.0503	5183.7847	5513.87	316.07388	5953.992	4708.451	1000.0	1000.0	183999	365.37524	98.601135	504.68567	2.556643	365.37555	98.60193	500.94443	-31.593437	-1.3250381	4.4620953	57.526283	-18.341667	-733.66626	34.82826	16643.866681814194
47	354.11554	74.57068	527.629	277.66736	-223.197	45.06766	-168.40863	-272.02142	5739.701	947.0838	6454.161	3236.5117	5280.313	602.1242	5775.4185	4250.21	5057.116	629.14795	5607.01	3987.146	6093.817	892.3806	6841.0264	3764.1409	1000.0	1000.0	187999	371.7962	100.12049	509.71973	2.5957606	371.7967	100.12145	511.24835	-27.962692	-1.3500438	4.41944	49.75369	-17.935406	-746.4123	36.477703	17087.341000556946
48	483.3776	89.53745	564.87463	242.42091	-182.57785	37.546406	-134.35538	-239.74934	5652.962	1598.6796	6363.6284	873.433	5638.1553	37.32192	5700.5728	5603.25	5455.5776	56.396503	5520.904	5378.3687	6136.339	1681.9916	6928.503	1115.8539	1000.0	1000.0	191999	378.48288	101.65134	523.223	2.6350076	378.48257	101.653625	528.78973	-41.86084	-1.152724	4.5019355	52.59366	-20.22898	-759.8452	38.451405	17473.84062552452
49	505.9348	23.562391	535.06354	455.55438	-186.3073	46.24814	-133.79681	-260.8414	6391.1475	79.43158	6560.0625	6268.0327	5598.5044	119.30976	5764.7295	5448.5146	5412.197	78.27616	5503.8877	5314.718	6897.083	65.52169	7015.617	6795.305	1000.0	1000.0	195999	385.08548	102.60154	534.9586	2.6694334	385.0859	102.60318	530.5713	-30.986885	-1.0839717	4.494431	55.577454	-20.095154	-773.0152	38.839447	17836.73654603958
50	492.0296	47.025898	598.96954	435.58157	-217.16791	37.426865	-174.2713	-276.12466	6008.5063	820.4958	6581.854	4016.045	5841.6655	64.50775	5905.629	5747.34	5624.497	82.72193	5731.3574	5540.7505	6500.536	786.43616	7099.106	4615.0146	1000.0	1000.0	199999	390.863	103.69898	536.46106	2.7085068	390.86252	103.6995	533.2925	-45.57343	-1.1132889	4.5055103	58.17151	-19.295456	-784.497	39.922585	18268.443158626556
51	386.5002	124.71826	671.3597	290.6603	-208.21927	53.63928	-151.82988	-295.87274	5622.2256	1532.4785	6593.4155	2174.0142	5665.407	115.98927	5853.463	5539.446	5457.188	143.14801	5701.633	5355.7207	6008.7256	1409.0973	6919.4805	2845.3738	1000.0	1000.0	203999	396.35605	104.79408	536.8496	2.7525992	396.3566	104.79522	535.86707	-19.498096	-1.1184803	4.4627795	73.58299	-20.316563	-795.43207	39.036484	18729.371807575226
52	533.97125	30.910587	585.95953	471.10788	-205.58974	41.091125	-150.5479	-265.5312	6673.8296	65.48001	6782.395	6573.546	5252.3013	1056.1952	5894.3896	3423.9048	5046.7114	1024.4202	5690.1562	3273.3567	7207.801	49.21104	7287.685	7123.882	1000.0	1000.0	207999	400.99393	105.96997	549.8362	2.7854824	400.994	105.97279	544.7742	-37.359413	-1.0418109	4.4783587	50.353245	-17.699312	-804.7169	40.540546	19056.990958690643
53	273.5827	26.463324	305.79144	205.3163	-232.23892	16.86377	-203.3592	-243.99474	6107.032	70.17829	6232.2617	6009.58	6074.923	79.78982	6159.148	5954.0454	5842.6836	89.86991	5929.188	5710.1875	6380.6147	89.81693	6510.58	6214.896	1000.0	1000.0	211999	405.9135	107.31148	548.82007	2.818613	405.91376	107.311516	548.65265	-87.88058	-0.99252146	4.474695	51.079918	-17.946201	-814.47406	40.408665	19407.778718709946
54	375.4277	26.057863	424.97287	336.66916	-186.3226	26.4244	-148.33957	-219.08867	6312.01	94.82357	6498.5845	6175.2705	5978.867	82.9209	6072.449	5891.1226	5792.545	75.47641	5894.987	5701.287	6687.4385	87.53245	6839.966	6539.5557	1000.0	1000.0	215999	410.80496	107.39612	556.39984	2.8576438	410.80536	107.3971	554.6144	-32.740036	-0.9650046	4.4688067	57.620308	-17.81244	-824.18835	41.994087	19794.80443429947
55	378.56363	28.356163	417.66446	309.82318	-237.13242	51.444923	-180.41724	-318.5564	6448.3965	58.82657	6579.606	6336.8994	6058.94	53.112476	6147.4907	6006.9165	5821.808	90.94631	5967.0737	5716.2476	6826.961	46.03411	6889.429	6727.864	1000.0	1000.0	219999	415.46387	108.250854	562.2673	2.8944073	415.46384	108.25197	559.3828	-26.87505	-0.918365	4.5249476	70.40129	-18.593262	-833.5576	40.747375	20141.321886062622
56	504.25928	15.256772	547.3764	488.82617	-212.74161	16.241112	-198.33487	-239.6593	6443.2173	104.80773	6658.9873	6248.875	6105.4487	26.495974	6145.5977	6071.4995	5892.707	34.02411	5947.2627	5859.194	6947.4766	114.584	7206.364	6751.3823	1000.0	1000.0	223999	420.49512	108.91147	565.00055	2.9444757	420.49475	108.91254	565.8026	-14.230264	-0.8773533	4.543209	81.28566	-19.603643	-843.5701	41.442307	20485.78752231598
57	338.2119	27.050032	399.07584	301.29187	-218.85512	79.73365	-159.87337	-355.39426	6797.0	106.13356	6966.709	6587.019	6305.4824	136.37448	6474.6455	6105.861	6086.627	93.54636	6205.1567	5945.9873	7135.212	110.30785	7278.3506	6933.9414	1000.0	1000.0	227999	425.37268	109.60586	574.84143	2.9712465	425.37277	109.60774	570.5777	-17.85388	-0.89120686	4.5159607	64.66278	-18.512829	-853.33075	39.67314	20849.53238248825
58	278.87833	19.376553	324.96457	251.94527	-198.83322	45.261303	-148.41315	-249.7447	6935.2217	112.83478	7115.3403	6722.8145	6315.671	69.01751	6401.4634	6211.956	6116.838	111.29955	6253.05	5962.2114	7214.1	120.091675	7408.112	6991.1455	1000.0	1000.0	231999	430.48	110.378235	576.76416	3.0217888	430.481	110.37758	576.3194	-72.13608	-0.85822034	4.506665	62.36376	-20.041046	-863.46826	39.885475	21287.75856399536
59	241.95454	44.98965	306.51764	143.9178	-255.59023	57.93882	-189.36975	-335.54385	6533.1094	82.13016	6702.6475	6382.5703	6178.7686	159.62845	6383.992	5953.4746	5923.1787	213.46568	6171.015	5617.931	6775.064	103.888054	6974.119	6602.123	1000.0	1000.0	235999	435.16748	111.05554	578.6131	3.0359602	435.16763	111.05661	577.2831	-36.46867	-0.84811634	4.466692	59.377052	-22.514774	-872.8385	39.250195	21753.90892648697
60	289.15933	32.47761	353.55298	243.0064	-227.30653	36.091522	-183.20001	-280.2837	6490.465	46.61689	6553.598	6404.5503	5528.267	1240.7377	6256.446	3379.37	5300.9604	1271.2915	6045.9946	3099.0864	6779.624	48.284294	6844.1924	6677.314	1000.0	1000.0	239999	439.41003	112.02863	585.552	3.0693982	439.4103	112.03028	586.3098	-43.317276	-0.83549476	4.508065	65.8499	-20.163616	-881.30786	41.680084	22133.475253105164
61	131.20126	64.2459	280.62976	48.99626	-225.29506	56.95851	-165.64104	-313.5633	7064.8086	163.5135	7260.1504	6671.524	6401.8735	53.8532	6494.3945	6359.8633	6176.578	79.20748	6258.7305	6046.3	7196.0103	185.32121	7410.7227	6808.3174	1000.0	1000.0	243999	443.3431	112.73197	586.9652	3.1017113	443.34335	112.73114	587.7544	-51.305237	-0.7933014	4.4966645	59.89496	-17.700117	-889.1441	40.667233	22479.278566360474
62	555.17566	33.397743	586.0517	487.2671	-202.43315	27.384542	-162.12144	-238.18346	6637.521	58.435677	6699.742	6532.5703	6373.6914	170.33331	6544.442	6114.7905	6171.259	150.74864	6346.2905	5952.669	7192.697	64.83231	7283.4854	7097.3125	1000.0	1000.0	247999	448.25003	113.04732	591.8408	3.137398	448.2497	113.05034	592.774	-47.556328	-0.7838666	4.4844527	75.11185	-19.047905	-898.9741	40.317867	22791.864432811737
63	342.5688	15.629885	369.31793	313.4183	-223.9661	38.948215	-168.77184	-273.2006	6855.0674	47.249275	6911.483	6754.152	6357.068	58.36558	6457.026	6312.976	6133.1025	72.51094	6247.1045	6063.996	7197.6357	45.02371	7267.1694	7123.47	1000.0	1000.0	251999	452.3391	113.74459	595.9115	3.1987836	452.33923	113.74338	594.6897	-45.482975	-0.7832016	4.5085945	60.38014	-21.858992	-907.12775	39.605915	23163.19106888771
64	462.9773	64.30629	565.59094	385.78238	-232.2638	36.61712	-184.91049	-271.7483	6820.1807	117.150696	7023.525	6640.482	6358.819	106.175896	6539.9824	6270.4233	6126.5547	132.1679	6355.072	6039.731	7283.1577	150.8532	7569.0786	7068.3755	1000.0	1000.0	255999	456.41248	114.51353	598.9253	3.2062206	456.413	114.51585	599.95557	0.66120625	-0.7097606	4.498351	60.871414	-18.343935	-915.2964	39.690155	23623.977851867676
65	415.4161	127.47559	569.7252	226.6437	-226.94122	36.16009	-166.21524	-259.0889	6902.919	76.965775	7029.4336	6773.2734	6335.1357	241.00317	6620.4775	5955.009	6108.1943	266.08197	6454.262	5706.6816	7318.335	130.28397	7525.1147	7105.0396	1000.0	1000.0	259999	460.3005	114.66225	603.7648	3.2401283	460.30048	114.663	602.4851	-3.6835918	-0.74083376	4.4274406	56.272495	-18.0668	-922.98096	41.070766	24137.257176160812
66	249.07613	25.094654	304.6466	222.42839	-199.5361	41.074867	-148.98106	-262.3619	7177.368	93.00346	7397.747	7072.5024	6572.0156	82.05429	6683.106	6451.5127	6372.4795	72.31533	6480.4746	6302.5317	7426.444	93.34938	7633.983	7294.9307	1000.0	1000.0	263999	464.8272	114.967255	606.0112	3.267788	464.82675	114.96958	605.99835	-44.46129	-0.60439163	4.537134	74.54961	-23.146057	-932.1501	39.550304	24503.44186258316
67	335.70654	26.07397	379.81464	295.62445	-209.21327	29.723148	-164.97456	-243.02107	7263.5405	78.34253	7401.9688	7124.9062	6595.1475	179.86044	6816.81	6393.498	6385.9346	181.47853	6573.789	6192.843	7599.2476	76.27376	7731.7334	7459.151	1000.0	1000.0	267999	469.58676	115.32458	609.2986	3.299743	469.58713	115.32598	609.38086	-46.679604	-0.66773206	4.5217915	65.8344	-18.846413	-941.5245	39.331367	24869.084354400635
68	634.32263	30.95735	683.09906	604.32886	-201.87468	42.718582	-140.06317	-255.85913	7325.461	74.040855	7472.8037	7165.448	6539.874	21.197758	6557.804	6503.916	6337.9995	45.70972	6412.0176	6289.837	7959.7827	87.36287	8133.3154	7773.634	1000.0	1000.0	271999	473.38965	115.80825	617.79333	3.3401065	473.38977	115.80978	612.0088	-4.64163	-0.71502155	4.5039043	105.49608	-18.436035	-949.0834	39.10585	25279.262921094894
69	444.11133	42.798058	522.59015	396.0821	-210.92606	38.472343	-150.56633	-248.54059	7270.4155	70.79829	7423.467	7171.849	6738.358	130.43495	6889.1978	6532.73	6527.4316	137.0124	6640.657	6293.058	7714.5264	92.15047	7911.434	7582.019	1000.0	1000.0	275999	476.54816	116.47508	614.6776	3.3679118	476.5484	116.47686	618.9991	-37.21074	-0.6338433	4.5599256	86.21244	-19.826538	-955.46924	38.96008	25631.070041656494
70	582.3706	48.270428	636.88403	522.85504	-202.90604	28.221895	-161.43254	-241.01059	7331.3735	117.90479	7496.8633	7119.3154	5507.8223	2187.861	6808.1006	1718.8248	5304.916	2190.1108	6628.538	1512.2073	7913.7437	105.47152	8046.567	7753.3237	1000.0	1000.0	279999	479.6132	118.134315	620.1586	3.3955767	479.61343	118.13432	617.42944	-41.38452	-0.6200579	4.4754252	82.946304	-17.335361	-961.5224	41.98128	25942.653993606567
71	496.98016	30.05571	545.3548	458.02863	-270.88022	60.065804	-212.25235	-358.40384	6969.061	86.51615	7116.779	6798.4077	6557.861	59.325706	6606.1094	6458.6323	6286.981	66.47979	6382.49	6207.5635	7466.0415	83.97022	7636.7544	7325.3643	1000.0	1000.0	283999	483.0512	118.2633	620.54456	3.4299068	483.05127	118.26466	620.21277	-42.694664	-0.47345152	4.5563293	75.879974	-18.909561	-968.40704	41.57078	26281.21911096573
72	418.06342	28.440601	460.53702	377.36407	-190.85123	60.822655	-108.20899	-251.86652	7460.4346	88.89264	7593.539	7261.959	6677.116	120.971245	6812.5786	6483.198	6486.265	157.607	6655.6973	6236.75	7878.4976	81.56289	8000.7427	7693.5386	1000.0	1000.0	287999	486.2248	118.904434	624.84186	3.4621327	486.22488	118.90444	625.4337	-24.540596	-0.5702974	4.539434	86.0605	-17.551851	-974.713	40.207108	26655.89026761055
73	467.25497	19.485321	503.90387	447.00003	-221.83514	31.199747	-171.20432	-255.46045	7377.62	82.23708	7509.495	7221.9316	6725.2495	128.60489	6911.345	6603.3296	6503.4146	149.44272	6740.1406	6372.137	7844.875	75.713394	7967.362	7712.5835	1000.0	1000.0	291999	490.103	119.10455	627.2566	3.4909434	490.10284	119.10645	628.73883	-31.801138	-0.48998094	4.5004787	69.43535	-20.196358	-982.4867	41.154087	26985.633565187454
74	641.73645	68.4172	747.6416	534.9078	-238.54033	39.523964	-181.09406	-283.3428	7509.069	97.11656	7632.1904	7345.084	6795.846	95.509895	6894.9883	6651.526	6557.306	72.06244	6643.3687	6470.4316	8150.8057	85.84647	8292.328	7957.826	1000.0	1000.0	295999	493.2474	119.39012	628.55066	3.5228162	493.2469	119.3923	629.22253	-2.810185	-0.5424943	4.50918	67.55166	-18.485432	-988.771	39.883892	27302.148164987564
75	518.02606	76.94394	730.1521	439.8661	-274.55722	26.65583	-246.15898	-317.77805	7275.9805	1199.4567	7822.284	3689.5713	6814.858	117.13038	6933.4263	6648.382	6540.301	142.4935	6687.267	6330.6035	7794.007	1130.7731	8361.291	4419.7236	1000.0	1000.0	299999	496.55505	119.97866	631.38934	3.5586655	496.55585	119.97899	633.69464	-19.855835	-0.4371853	4.553516	68.5814	-21.010609	-995.32605	39.83408	27765.444890499115
76	540.4319	34.91561	568.3671	439.51373	-200.74867	36.6275	-145.51389	-240.54016	7462.978	84.49279	7599.6055	7329.6904	6840.988	76.8288	6969.0137	6764.3477	6640.2383	70.07422	6728.4736	6538.373	8003.41	86.16125	8149.1387	7874.3086	1000.0	1000.0	303999	500.25345	120.07218	637.2381	3.5831873	500.2541	120.07313	637.05927	-0.81215477	-0.5196059	4.4834204	69.343	-18.740501	-1002.6903	38.71816	28215.52984547615
77	612.37244	35.24162	662.3097	554.9189	-231.91446	38.77005	-180.39899	-279.0332	7289.322	47.06014	7364.2764	7214.3813	6772.532	149.95988	6946.582	6591.036	6540.6177	186.41052	6766.183	6333.166	7901.694	59.19242	7999.217	7769.3	1000.0	1000.0	307999	503.04956	120.08703	640.60565	3.6347027	503.04916	120.0894	639.3702	1.420136	-0.45089015	4.4660087	67.7261	-21.693153	-1008.23553	39.893326	28646.514877319336
78	599.4996	49.377808	672.43555	523.329	-208.20174	31.299938	-162.6398	-247.53575	7495.1743	109.594315	7666.1665	7302.327	6938.0693	215.92673	7157.0	6579.215	6729.867	221.66827	6994.3604	6379.653	8094.675	109.85907	8274.515	7949.2686	1000.0	1000.0	311999	505.7499	120.20142	641.2666	3.6555753	505.7505	120.20079	640.077	-4.8143983	-0.47701028	4.419194	71.03985	-16.755283	-1013.652	39.11861	29107.67974972725
79	644.5443	16.346346	676.1906	621.31665	-232.05515	47.344288	-150.86206	-265.52063	7576.0796	79.63833	7700.56	7455.7026	6972.604	98.08186	7106.469	6850.879	6740.549	93.50297	6840.9487	6587.3867	8220.623	77.846535	8336.17	8122.939	1000.0	1000.0	315999	508.8929	120.17891	646.335	3.6763046	508.89337	120.17935	645.04114	-8.296242	-0.4879423	4.435816	62.874832	-19.151873	-1019.868	39.355354	29489.38624572754
80	500.61826	66.55657	584.51953	409.23843	-200.32353	17.622454	-174.7237	-218.91809	7517.825	68.206535	7606.1494	7388.8193	6975.1963	74.41316	7102.016	6916.067	6774.873	62.5112	6883.098	6736.126	8018.443	77.171265	8160.1987	7900.672	1000.0	1000.0	319999	511.59656	121.11743	648.37537	3.707982	511.5976	121.117325	650.4304	4.4616227	-0.42648676	4.4277053	91.77663	-18.89056	-1025.3043	38.130085	29865.473901987076
81	205.04526	13.856943	225.6845	182.2452	-213.90192	28.055368	-176.49744	-252.20648	7048.503	128.20953	7395.965	6900.3633	6923.1885	100.54764	7067.959	6820.779	6709.286	112.45	6891.4614	6613.065	7253.5493	127.34193	7606.1963	7102.8433	1000.0	1000.0	323999	515.29987	121.176994	650.9466	3.7321532	515.29987	121.177414	657.35614	-32.27991	-0.36228484	4.4793	82.3184	-19.791168	-1032.7067	39.542736	30227.345172166824
82	721.2863	11.233822	747.3498	707.8875	-241.94771	27.698355	-196.35773	-265.38272	7640.7046	106.9834	7844.664	7499.3853	6968.9844	127.769745	7100.1494	6768.559	6727.0366	141.64723	6859.8276	6503.1763	8361.991	106.496414	8562.119	8207.272	1000.0	1000.0	327999	519.01434	120.43667	658.43036	3.761067	519.0145	120.43924	653.5181	-2.650505	-0.3840912	4.4549084	78.7934	-17.860746	-1040.1401	40.15315	30604.49197101593
83	571.11584	21.014137	621.7175	542.74164	-210.81384	19.998394	-187.3136	-241.23705	7549.5493	133.70363	7856.3765	7375.479	7035.381	131.32819	7149.9517	6827.402	6824.567	133.88835	6958.974	6627.0474	8120.665	140.9181	8421.376	7951.312	1000.0	1000.0	331999	521.3691	122.04	658.5292	3.791809	521.36926	122.04061	659.581	-3.3247375	-0.422538	4.466392	69.022484	-18.426176	-1044.819	39.638718	30982.72524166107
84	629.8993	28.95558	692.98285	571.3684	-261.369	34.273792	-221.12378	-313.34058	7471.138	92.82735	7674.138	7333.2764	7044.923	44.246464	7090.5474	6974.248	6783.5537	20.335508	6804.3506	6753.124	8101.038	94.76514	8292.248	7953.709	1000.0	1000.0	335999	525.04614	121.460396	663.67444	3.818014	525.0459	121.4614	662.86237	-11.299692	-0.33227083	4.4914064	68.59114	-17.762426	-1052.1973	38.549732	31344.795181274414
85	446.57852	28.820028	485.04486	387.76605	-221.34354	45.24188	-155.85245	-279.5116	7609.2305	97.878685	7753.6494	7488.931	7175.375	98.3841	7337.1357	7070.995	6954.0317	97.848946	7096.5117	6861.609	8055.8096	86.84724	8207.806	7954.2007	1000.0	1000.0	339999	527.68005	121.95108	665.0102	3.8457615	527.6809	121.95167	667.92706	-4.468252	-0.45332816	4.416793	59.552265	-17.241997	-1057.368	38.776108	31768.447244405746
86	304.27963	25.077835	377.38177	289.43253	-231.70886	36.5356	-192.19643	-290.6342	7695.0586	95.98204	7896.356	7571.354	7120.08	112.1771	7240.4097	6959.357	6888.371	114.558945	7048.213	6729.688	7999.3384	113.96812	8273.737	7861.7812	1000.0	1000.0	343999	530.3498	122.52189	671.79675	3.87432	530.3495	122.52212	670.6758	-3.091237	-0.28632092	4.449541	80.632095	-20.711838	-1062.7465	40.69061	32227.85357284546
87	639.47626	31.345259	716.51556	590.463	-257.97223	25.75941	-218.44418	-286.223	7972.3853	136.12866	8179.086	7781.2935	7163.64	127.667175	7312.5596	6961.5786	6905.6685	145.1006	7059.6733	6675.3555	8611.861	129.4839	8827.533	8431.695	1000.0	1000.0	347999	533.9024	122.414856	674.3226	3.9059439	533.9035	122.41812	675.3337	-6.501444	-0.19442904	4.491766	66.57924	-19.383785	-1069.896	39.38407	32693.840338230133
88	704.1366	78.33245	791.306	525.34735	-277.71655	54.925926	-228.31497	-370.28384	7424.9404	122.985085	7588.597	7150.194	7211.848	167.62273	7444.4146	6971.0107	6934.1323	183.40274	7196.236	6706.922	8129.078	170.30609	8330.582	7815.2085	1000.0	1000.0	351999	537.24725	122.49183	679.40656	3.93291	537.24634	122.49487	681.9108	-11.963488	-0.192535	4.490697	80.33932	-23.299133	-1076.5902	40.40669	33087.07642197609
89	703.69275	37.136223	772.2147	662.3513	-218.19385	46.751984	-163.00253	-291.80276	7201.0835	1863.7885	8129.595	1626.6871	7305.4175	145.30725	7534.435	7159.812	7087.2236	100.10995	7242.6323	6996.8096	7904.7764	1842.0972	8855.1455	2398.9019	1000.0	1000.0	355999	540.4046	123.258316	681.4362	3.9618108	540.4042	123.260765	682.521	-5.592256	-0.28901386	4.4423666	97.774895	-19.552853	-1082.8678	39.416004	33469.15005636215
90	493.26392	6.6761274	501.90228	479.98672	-250.87726	42.548054	-221.51561	-324.20117	7829.6704	137.33318	8027.805	7514.702	7330.335	160.67206	7531.456	7126.459	7079.457	134.94081	7213.257	6901.835	8322.935	136.53047	8521.733	8014.601	1000.0	1000.0	359999	543.2004	123.41172	691.575	3.9904714	543.1998	123.41615	686.64874	-41.50643	-0.31898552	4.4094515	102.09645	-19.70765	-1088.3845	40.02389	33814.944504737854
91	468.14786	71.9328	600.05115	354.53995	-240.37433	13.157247	-220.42111	-252.56541	7805.758	175.74013	8104.477	7534.531	7401.4756	114.78181	7507.9224	7226.0347	7161.1016	116.86516	7271.2686	6974.1777	8273.905	215.71463	8633.835	7909.2373	1000.0	1000.0	363999	545.5348	124.08244	692.733	4.0161495	545.53467	124.08411	693.229	-5.603341	-0.24737538	4.447245	83.04074	-19.613905	-1093.0988	40.43396	34148.276178598404
92	571.26105	78.81561	682.50507	442.75616	-253.04097	27.939642	-219.06947	-290.4036	8099.6436	120.35053	8282.02	7937.3457	7341.3535	25.501427	7370.983	7303.3774	7088.3125	36.879726	7137.556	7035.1987	8670.904	155.21571	8946.811	8415.748	1000.0	1000.0	367999	548.63885	123.78492	695.2102	4.0431643	548.63837	123.788765	696.33453	-6.0731754	-0.28496245	4.4278336	104.73113	-19.421951	-1099.221	41.730125	34474.595343112946
93	665.1603	16.691916	691.0963	636.0557	-233.68593	44.5511	-177.79478	-285.584	7892.4766	99.87544	8107.747	7727.547	7431.264	74.25144	7498.225	7311.422	7197.578	106.99811	7320.4307	7025.838	8557.638	97.969376	8787.458	8418.644	1000.0	1000.0	371999	551.3673	124.14089	694.44916	4.070752	551.36707	124.14296	698.3008	-20.824636	-0.22896294	4.467331	112.59042	-17.899668	-1104.6904	40.959595	34870.65573143959
94	654.0096	37.005604	711.17883	597.61017	-278.729	26.378447	-244.87497	-311.61066	8000.4243	103.69888	8256.352	7858.783	7464.6714	44.548676	7537.4917	7418.287	7185.9424	60.930504	7274.943	7106.6763	8654.434	115.405174	8924.987	8485.993	1000.0	1000.0	375999	553.813	124.20926	698.58264	4.0975256	553.8133	124.21293	698.98663	-4.1562915	-0.19859761	4.4152613	77.99921	-18.39854	-1109.5455	42.15754	35277.90866494179
95	683.5206	21.344883	711.4616	650.7237	-243.20312	57.666973	-148.43167	-303.72733	8167.8623	114.058624	8357.396	8013.569	7323.8647	103.42095	7428.9043	7170.2397	7080.6616	52.878407	7140.917	7021.808	8851.382	117.16408	9050.255	8709.861	1000.0	1000.0	379999	556.3533	124.6509	699.8059	4.125015	556.35364	124.65063	698.58734	-33.588684	-0.12107468	4.4749146	97.43884	-18.540169	-1114.7205	41.73749	35674.10393691063
96	594.77795	11.948055	612.9064	570.1077	-217.98016	17.205667	-189.75575	-236.40404	7802.733	142.94368	8049.182	7469.6294	7552.3076	65.1041	7632.852	7451.1997	7334.327	48.125553	7396.448	7261.444	8397.511	142.59962	8634.761	8069.1704	1000.0	1000.0	383999	559.7915	124.10935	705.2687	4.156601	559.7917	124.11228	706.5202	-5.2676687	-0.15817337	4.444272	65.71728	-19.558167	-1121.5575	41.513004	36151.80886745453
97	466.78436	54.077183	542.3125	394.39984	-241.14001	41.111988	-200.6937	-307.6133	7902.082	157.33427	8084.217	7598.629	7479.207	158.5564	7725.9985	7300.784	7238.067	169.91321	7525.305	7086.2124	8368.866	174.53462	8589.198	8015.65	1000.0	1000.0	387999	562.19867	125.06926	711.9168	4.182618	562.198	125.07163	707.83203	-1.1730618	-0.12976682	4.4176316	75.00497	-17.657772	-1126.322	40.65457	36555.23127770424
98	398.40524	13.891933	422.05847	376.8889	-219.27632	24.330362	-186.23653	-252.4673	8036.3296	62.775932	8132.0703	7957.699	7644.757	187.66916	7818.986	7344.33	7425.48	191.2544	7600.053	7115.786	8434.735	63.50392	8511.041	8353.224	1000.0	1000.0	391999	565.2206	125.360756	710.602	4.208134	565.22095	125.36327	714.3099	0.11443567	-0.13462467	4.394154	68.16808	-20.988733	-1132.3885	42.16601	36894.70265007019
99	601.4407	76.74886	671.4787	399.249	-323.02005	87.81155	-229.57796	-447.27704	8115.0376	120.968094	8378.946	7959.7256	7442.0527	173.42398	7626.381	7241.4233	7119.0327	213.34607	7349.8184	6794.146	8716.478	99.98737	8860.634	8546.205	1000.0	1000.0	395999	568.16895	125.284325	713.69916	4.2351594	568.168	125.28974	716.3415	0.90209436	-0.18721901	4.423419	90.68802	-19.525204	-1138.275	42.786076	37343.83595752716
100	399.27032	36.70547	486.19913	340.5888	-244.20227	30.724106	-193.43382	-275.88824	8083.6914	190.69939	8351.853	7747.8174	7596.1304	101.504974	7741.524	7458.0757	7351.9277	110.239716	7490.268	7182.1875	8482.961	180.14992	8717.837	8142.5234	1000.0	1000.0	399999	570.8058	125.79385	721.94806	4.2607026	570.8066	125.79399	720.3235	-6.780374	-0.10667841	4.408039	68.940674	-19.708141	-1143.5125	44.026474	37751.70327711105
101	579.1697	25.822044	634.14014	552.07825	-283.31015	53.199608	-231.40227	-353.14377	7977.021	107.56042	8146.7812	7788.816	7636.5938	94.06854	7776.4307	7511.3677	7353.283	112.09646	7545.0283	7271.002	8556.19	89.946014	8706.853	8422.956	1000.0	1000.0	403999	573.8242	125.83629	722.09393	4.288635	573.8241	125.838684	719.5864	-5.275867	0.03125862	4.4536505	69.431076	-17.619652	-1149.5823	43.082264	38117.06944966316
102	613.6337	7.5433354	625.27277	600.1026	-226.54704	54.25494	-133.80579	-271.67047	8090.143	86.091324	8228.611	7952.3643	7542.0225	72.2481	7659.719	7464.296	7315.4756	80.09514	7408.0215	7215.282	8703.776	86.60229	8844.821	8572.793	1000.0	1000.0	407999	576.82904	125.4827	728.5567	4.3136945	576.8286	125.48627	723.6532	-1.8033118	0.02889647	4.4396124	77.344124	-19.395475	-1155.5819	43.00721	38542.204682826996
103	710.49164	30.419748	753.731	672.27747	-237.35838	12.504953	-220.59274	-250.62093	8174.6963	152.95618	8481.179	7933.4307	7772.098	96.76107	7887.3296	7625.609	7534.7393	99.496994	7639.2095	7374.988	8885.189	164.71257	9192.204	8649.81	1000.0	1000.0	411999	579.39105	125.91441	730.5339	4.347254	579.3905	125.92011	727.6592	-39.699837	-0.04524157	4.431552	103.37282	-19.54066	-1160.6643	43.303894	38953.88820743561
104	618.70374	19.92288	671.5662	596.33466	-258.14365	24.368927	-236.20213	-298.832	8004.7744	197.06956	8386.741	7705.109	7721.0874	88.37737	7826.4463	7622.4355	7462.944	98.868065	7583.2744	7346.8354	8623.478	198.24718	9007.812	8329.265	1000.0	1000.0	415999	582.0576	126.251495	739.18396	4.366828	582.0581	126.249565	733.6402	-3.7864213	-0.04095625	4.3972077	72.95001	-18.905718	-1166.0488	42.98381	39349.94284033775
105	770.6054	15.541601	806.09985	750.3273	-258.4657	34.75862	-234.6218	-318.2148	8179.254	146.0756	8347.449	7889.566	7796.7266	68.52152	7887.832	7701.4863	7538.2603	65.26036	7642.3403	7465.9517	8949.86	149.37057	9118.145	8639.894	1000.0	1000.0	419999	584.9951	126.39192	740.0315	4.393491	584.9948	126.3954	736.17126	-0.7458501	-0.01336527	4.373887	72.985756	-18.757607	-1171.8624	43.58109	39872.94235420227
106	497.87726	22.502964	536.0726	456.7897	-247.14401	14.98232	-230.32797	-269.22632	8459.634	82.9344	8574.712	8278.218	7795.327	79.0891	7918.339	7708.9004	7548.1836	79.81943	7681.3647	7478.5723	8957.51	82.87841	9070.45	8782.745	1000.0	1000.0	423999	587.3828	127.030304	739.3918	4.4197006	587.38336	127.02921	736.9504	-15.946775	0.05153397	4.435361	119.310974	-20.681911	-1176.6986	45.82339	40227.63936138153
107	636.65955	19.741365	668.7003	605.14606	-230.68927	29.858425	-187.2954	-264.06976	8609.291	150.68996	8762.782	8344.714	7869.9272	103.01495	7963.957	7707.433	7639.238	115.66343	7766.1523	7455.633	9245.951	164.41476	9431.483	8951.764	1000.0	1000.0	427999	590.4402	127.0969	739.58093	4.4466724	590.43994	127.09763	741.54034	5.182868	0.04923057	4.3798885	67.01834	-18.321407	-1182.7667	45.066425	40554.54002952576
108	628.6751	23.946228	665.57794	590.42145	-236.78195	53.34473	-162.30687	-308.864	7804.3423	1392.036	8436.524	3644.857	7832.4185	160.44583	8091.9185	7677.9736	7595.637	169.92766	7871.7925	7415.0815	8433.018	1385.4666	9079.361	4295.3535	1000.0	1000.0	431999	592.3516	128.22299	743.55457	4.475889	592.3516	128.22574	748.2519	0.51392984	0.037431438	4.4090195	99.06132	-18.611635	-1186.5879	44.807693	40952.37845945358
109	491.98227	67.858734	646.1711	419.41702	-246.88269	52.015114	-160.50653	-295.49606	8342.591	120.78687	8511.312	8140.7646	7861.188	96.58257	7969.2393	7719.221	7614.305	139.46074	7808.7324	7441.516	8834.573	98.38654	8983.783	8665.167	1000.0	1000.0	435999	595.4642	127.76963	747.6473	4.5000243	595.4643	127.772675	748.9723	-8.228227	0.054060362	4.4491014	85.91047	-20.960035	-1192.857	44.319664	41318.5096411705
110	528.73157	21.778372	561.01575	494.47858	-238.70369	18.664377	-209.04134	-260.00693	8302.838	159.6543	8711.307	8148.8525	7838.934	156.30898	8039.6113	7601.6304	7600.23	150.44763	7779.6045	7362.2695	8831.568	159.55792	9253.519	8668.076	1000.0	1000.0	439999	598.2871	128.30377	755.1672	4.535437	598.28625	128.3068	754.2668	5.2569537	0.07862275	4.399326	68.55167	-19.247604	-1198.4683	44.396946	41665.23991680145
111	738.27344	64.46193	863.0409	666.23883	-234.63907	35.688103	-182.8471	-282.25583	8438.207	129.4555	8688.746	8228.94	8010.044	116.42903	8176.9688	7857.248	7775.4043	149.96593	7994.1216	7574.9927	9176.48	126.52474	9381.559	8957.922	1000.0	1000.0	443999	601.15393	128.64914	757.11444	4.5493073	601.1536	128.65178	758.1139	-13.261664	0.025087995	4.4066715	93.0806	-19.480928	-1204.1488	44.89554	41993.49017357826
112	668.6842	26.439867	708.1436	636.3547	-269.7754	14.002385	-248.45274	-286.74326	7998.458	500.9727	8434.212	6579.6855	7899.1787	82.63084	8020.466	7794.3525	7629.403	76.476395	7744.499	7545.9	8667.143	513.1758	9132.46	7217.697	1000.0	1000.0	447999	603.343	129.15262	757.5083	4.5735807	603.3423	129.1562	757.43665	-11.810942	0.04247711	4.3892865	64.6694	-21.28001	-1208.5696	45.60242	42317.06433749199
113	571.486	32.59366	625.30444	518.71606	-240.45076	47.17529	-164.66904	-283.2563	8426.079	127.3045	8603.793	8235.276	8006.1777	69.650894	8076.9087	7903.9175	7765.7275	110.71289	7912.2397	7627.191	8997.565	135.76625	9176.058	8753.993	1000.0	1000.0	451999	605.81104	129.1439	768.2684	4.596546	605.8111	129.14526	766.82263	-33.53487	0.10001899	4.431447	83.192406	-20.161121	-1213.477	47.680836	42715.77129793167
114	629.6457	26.268438	667.9547	579.37115	-272.76013	31.015617	-224.95595	-304.9413	8640.814	96.72681	8761.896	8445.996	7996.014	174.78575	8247.056	7782.3857	7723.254	166.318	7942.1143	7487.584	9270.459	91.361046	9376.897	9075.709	1000.0	1000.0	455999	608.1012	129.55295	764.8211	4.619872	608.1012	129.5514	768.0659	-22.45717	0.07544844	4.4145193	63.260063	-17.428625	-1217.9905	46.388874	43160.26248598099
115	634.2912	27.031866	692.6436	600.81287	-228.61302	75.82562	-98.05995	-281.65985	8584.622	109.773735	8746.811	8407.972	7845.883	59.855587	7908.2754	7748.032	7617.27	103.7077	7754.722	7466.3726	9218.912	114.546684	9392.21	9033.181	1000.0	1000.0	459999	610.21326	130.15192	770.2628	4.64645	610.214	130.15163	768.6235	-7.898015	0.16175902	4.4286985	78.636185	-17.605516	-1222.2245	47.376915	43643.149466991425
116	758.7783	50.033257	805.35913	649.12646	-297.14575	91.12926	-228.68805	-453.95273	7986.1772	1301.027	8747.086	4112.804	7967.262	171.64148	8232.95	7811.3667	7670.116	193.0918	8004.262	7550.398	8744.956	1316.9246	9527.039	4833.896	1000.0	1000.0	463999	612.4222	130.55069	771.39966	4.670442	612.4231	130.54594	772.79913	-2.8212075	0.17461441	4.40863	66.14948	-18.987545	-1226.7073	47.858044	44125.29647755623
117	572.1759	31.161522	605.53467	499.13745	-291.6488	25.126066	-267.69373	-333.87933	8663.008	114.94067	8800.274	8424.928	8032.3325	307.4993	8292.193	7520.1953	7740.6836	290.95303	7966.3213	7252.5015	9235.182	124.25778	9377.516	8998.477	1000.0	1000.0	467999	615.0951	130.14172	774.14325	4.6965623	615.09607	130.13762	780.434	-1.4722724	0.25627673	4.441526	70.80137	-19.4271	-1232.0232	47.23828	44450.65813946724
118	634.3749	45.46274	698.36804	545.8257	-265.41302	34.980114	-208.00674	-302.81027	8158.1772	1609.2878	8840.978	3338.3115	8134.4316	33.388424	8177.0293	8091.1094	7869.019	24.38711	7901.2817	7840.1167	8792.553	1588.8988	9515.893	4036.6797	1000.0	1000.0	471999	616.93335	130.38425	779.19727	4.7226243	616.9353	130.37827	780.41284	-37.354874	0.18620695	4.406472	78.58952	-21.006836	-1235.6239	48.96983	44783.50239229202
119	615.5489	68.832344	745.9983	557.5364	-290.32712	27.977106	-260.48248	-333.27094	8687.753	195.98778	8976.563	8323.261	8018.9346	240.05186	8356.292	7696.9956	7728.6074	224.07532	8060.06	7436.513	9303.301	165.73196	9578.284	9047.681	1000.0	1000.0	475999	619.43097	129.79393	779.47107	4.7490544	619.43207	129.78886	778.157	-22.657959	0.25096855	4.448264	69.62609	-18.587275	-1240.6769	49.16535	45195.051634311676
120	344.34222	675.6063	613.172	-1680.6326	-299.41803	29.888496	-265.02832	-347.03204	7908.3867	2154.848	8844.7	1461.5413	8186.678	83.394806	8317.144	8087.512	7887.26	99.13564	8020.089	7740.48	8252.729	2829.446	9436.908	-219.09128	1000.0	1000.0	479999	622.26746	129.61897	781.6274	4.7758927	622.2692	129.61522	783.2286	3.9988303	0.19586676	4.4233985	59.36949	-17.415161	-1246.3442	47.535954	45643.22990369797
121	617.53723	30.259987	676.9972	563.21313	-305.97433	41.29869	-244.1391	-356.4467	8661.25	116.508	8891.429	8509.007	8119.829	132.7642	8310.44	7978.751	7813.8545	110.497185	7984.879	7681.0005	9278.787	108.34319	9493.415	9160.575	1000.0	1000.0	483999	624.0052	130.65266	783.23773	4.802337	624.006	130.6471	785.4335	0.75151014	0.12920676	4.388455	56.46414	-18.391647	-1249.8275	47.853867	46060.87116217613
122	704.35486	42.764797	780.3914	657.9245	-213.79657	44.37888	-165.4814	-285.6204	8392.421	1678.2686	9175.36	3373.0825	8337.752	166.52992	8512.413	8085.2935	8123.955	164.65282	8317.739	7919.812	9096.775	1652.496	9843.145	4153.4736	1000.0	1000.0	487999	625.9772	131.03519	787.27704	4.8278723	625.978	131.03113	785.8647	-13.842625	0.19960436	4.387899	106.601685	-19.031734	-1253.7173	51.51093	46393.24528694153
123	530.4533	114.65333	713.3801	327.46194	-279.87912	24.627064	-241.71313	-304.579	7000.282	2734.6663	8865.781	1466.3964	8104.4375	73.0541	8192.752	8011.19	7824.558	90.518326	7951.0386	7706.611	7530.737	2648.1528	9376.765	2179.7766	1000.0	1000.0	491999	628.5334	130.9715	791.93176	4.8523893	628.53595	130.96542	792.59845	4.1695843	0.23771088	4.4129343	74.358284	-17.812588	-1258.8276	50.602306	46719.95261096954
124	576.91425	16.9961	605.23004	554.79755	-321.88736	80.284966	-251.9133	-448.7835	8734.563	127.92725	8898.866	8541.909	8010.3604	111.49146	8172.103	7868.256	7688.473	131.01244	7838.905	7511.9194	9311.479	136.82845	9493.192	9107.353	1000.0	1000.0	495999	630.9164	130.85883	799.72455	4.878751	630.91705	130.85536	803.0481	-3.4482436	0.25271782	4.4071507	94.46953	-18.152105	-1263.613	50.160282	47043.97037911415
125	665.2481	46.18789	748.5086	594.9694	-283.91837	20.921217	-264.75345	-315.77698	8464.299	121.28246	8727.92	8288.938	6544.1978	2841.554	8249.929	1623.1436	6260.2793	2830.724	7934.1514	1357.5712	9129.548	97.77781	9359.304	9011.1	1000.0	1000.0	499999	632.9335	131.11807	799.29944	4.905855	632.9348	131.1145	803.9026	2.2004423	0.30310428	4.445644	92.54669	-19.846363	-1267.6138	50.095963	47366.697788238525
126	532.9479	37.91948	580.52924	477.5464	-332.30896	8.361732	-319.43918	-340.886	8729.204	180.23235	9028.555	8302.017	8185.623	225.61554	8536.646	7909.6553	7853.3135	223.3515	8195.76	7571.246	9262.151	204.57861	9587.827	8782.267	1000.0	1000.0	503999	634.01434	132.64359	807.0498	4.931124	634.0155	132.6399	812.74396	-8.59327	0.35539722	4.484848	74.90211	-18.984215	-1269.808	51.754692	47689.0197763443
127	611.6727	29.445509	656.0062	563.85333	-301.57404	56.37009	-242.28123	-390.55615	8827.662	116.383125	9050.337	8675.248	8402.594	189.18097	8600.987	8094.0127	8101.0195	245.19228	8358.706	7703.4565	9439.334	133.12326	9706.343	9260.03	1000.0	1000.0	507999	636.55115	132.34248	806.3818	4.9556403	636.5518	132.33662	807.58154	-0.89644194	0.25720486	4.4007382	75.51079	-19.183157	-1274.884	50.707233	48014.2428278923
128	663.9911	41.100292	714.8988	574.2896	-285.62994	59.748352	-221.9025	-356.12225	8579.348	96.921745	8754.17	8431.319	8407.851	163.37221	8606.125	8173.421	8122.2207	168.06433	8384.222	7942.292	9243.339	111.85223	9465.36	9064.401	1000.0	1000.0	511999	638.0569	134.1496	817.18854	4.9795384	638.0584	134.14731	814.2818	-57.237667	0.2842381	4.455555	89.432495	-17.832096	-1277.8767	52.9826	48340.828607320786
129	512.24176	49.286495	642.41156	458.97208	-304.61563	35.16787	-251.6636	-350.07086	8253.19	1779.9904	9071.798	2934.5403	8323.106	50.933605	8374.903	8238.937	8018.4897	67.77634	8123.2397	7935.5176	8765.432	1738.0106	9596.366	3576.952	1000.0	1000.0	515999	640.3837	134.07973	814.0546	5.005275	640.3843	134.07802	811.21027	-42.451984	0.29176965	4.4830737	140.26096	-18.502396	-1282.4033	55.676697	48709.875660419464
130	731.1662	47.96973	787.71344	616.9398	-281.91577	22.47511	-255.4908	-316.88297	8907.649	130.27708	9046.664	8625.144	8484.8955	151.20265	8669.974	8271.445	8202.9795	163.13431	8386.714	7954.562	9638.814	125.92708	9829.063	9378.563	1000.0	1000.0	519999	642.0039	134.18901	821.89514	5.0266695	642.0054	134.18309	815.44635	-9.590208	0.39353478	4.4925427	75.475914	-19.068722	-1285.7496	53.699677	49132.26001524925
131	706.91327	46.818935	828.05896	643.9993	-264.08368	36.753986	-202.55249	-299.32178	8162.7476	2294.371	9090.163	1284.9723	8346.646	248.70467	8709.037	8010.7676	8082.5635	227.78291	8435.677	7808.2153	8869.661	2253.9287	9788.942	2113.0312	1000.0	1000.0	523999	643.7714	134.64699	823.40607	5.0518126	643.7718	134.64795	819.96124	-48.920715	0.343335	4.484408	79.34703	-18.864902	-1289.2513	55.520367	49624.574790239334
132	511.788	39.019238	593.0159	430.89517	-349.46082	60.297897	-266.15472	-431.38406	8346.088	90.38316	8423.549	8115.4644	8583.354	174.74324	8821.053	8330.058	8233.893	192.89833	8492.008	7958.7974	8857.876	91.51126	8949.373	8624.311	1000.0	1000.0	527999	645.84644	134.29094	821.1742	5.0755396	645.8471	134.2872	820.79004	-41.447388	0.31742918	4.450886	84.0428	-17.843159	-1293.3413	54.999023	50049.35083436966
133	631.3829	39.58133	686.68805	534.101	-331.67914	17.539354	-309.50943	-352.40353	8832.887	113.57157	9044.62	8656.638	8459.0	36.904972	8492.361	8397.945	8127.3203	46.97478	8182.852	8053.124	9464.2705	108.73024	9659.412	9312.846	1000.0	1000.0	531999	648.1601	134.44788	818.8548	5.101271	648.16205	134.44473	821.2663	2.3140202	0.47022864	4.482149	71.68259	-18.610249	-1298.0592	55.953465	50429.03211212158
134	632.92303	51.909492	706.33875	507.9854	-273.59015	27.934574	-227.61307	-298.7514	8769.292	113.0341	8951.442	8609.432	8625.258	238.87593	8787.134	8214.698	8351.667	211.56671	8494.255	7987.0854	9402.216	79.66834	9561.868	9271.768	1000.0	1000.0	535999	650.2618	135.09763	823.0878	5.1246037	650.26227	135.09586	822.71106	-6.1859245	0.44965792	4.4641786	93.62851	-18.241238	-1302.2277	55.47971	50813.52313065529
135	561.4546	34.196865	621.7489	510.6302	-331.7236	69.2512	-238.50093	-433.21588	9072.698	97.80088	9232.035	8922.606	8509.35	82.61146	8606.029	8387.831	8177.626	119.33767	8321.191	8050.629	9634.152	107.990204	9837.981	9464.326	1000.0	1000.0	539999	652.54755	134.60107	828.2106	5.1490273	652.5475	134.60088	828.7315	-47.187965	0.48045906	4.5357914	66.58157	-19.786827	-1306.7349	56.62497	51275.67610144615
136	617.0799	39.914833	685.1478	567.96326	-297.90234	15.84246	-272.6152	-314.14673	9012.346	196.93384	9266.817	8590.33	8520.017	91.85551	8636.454	8384.673	8222.115	98.41121	8328.566	8070.526	9629.426	219.62157	9917.921	9163.3955	1000.0	1000.0	543999	654.8322	134.67805	834.4334	5.171778	654.833	134.67552	831.8783	-48.159325	0.42737117	4.4442296	113.334496	-17.531147	-1311.41	53.821484	51779.98510456085
137	192.77084	89.36492	404.40057	97.28066	-326.82767	5.6929607	-321.97397	-336.33975	8807.484	622.9361	9245.101	6988.6265	8590.7	167.13315	8776.636	8323.845	8263.873	166.92413	8453.679	7997.8047	9000.255	609.0981	9360.82	7200.444	1000.0	1000.0	547999	657.0288	135.49483	834.38635	5.1967626	657.0304	135.49059	833.92816	-24.493435	0.4383779	4.4647946	68.53181	-16.880001	-1315.6995	54.59644	52182.11031913757
138	598.19037	36.661438	647.23206	509.51495	-305.40402	20.648409	-284.1872	-338.99936	8976.346	148.33577	9132.269	8597.968	8825.039	39.940277	8865.511	8764.508	8519.635	59.891205	8571.831	8425.509	9574.537	152.44739	9768.468	9205.978	1000.0	1000.0	551999	658.5542	136.60611	832.8728	5.2216024	658.5558	136.60213	834.9178	-22.080671	0.5399398	4.476691	72.93291	-18.788834	-1318.8182	55.871548	52544.69805622101
139	646.14557	58.15767	735.3834	568.5108	-328.42285	53.65653	-249.80217	-385.8578	9197.131	116.5212	9406.182	9029.95	8571.377	102.40799	8678.505	8448.104	8242.954	64.4218	8309.392	8139.1846	9843.276	138.37727	9993.187	9601.498	1000.0	1000.0	555999	661.5352	135.38948	839.44434	5.2462587	661.5362	135.38507	841.2842	-15.993573	0.5338118	4.478695	105.1069	-20.359982	-1324.7579	55.542847	53013.749393463135
140	624.39056	29.920208	667.32623	559.9721	-296.6369	23.413874	-267.38712	-332.65692	8878.506	123.514336	9071.413	8674.815	8605.748	109.23876	8743.09	8456.354	8309.111	103.59806	8410.433	8160.192	9502.896	139.28807	9719.316	9234.787	1000.0	1000.0	559999	663.4056	135.42227	839.85693	5.2710967	663.40656	135.41989	837.8346	-27.125687	0.545321	4.5213666	92.63485	-17.913006	-1328.4673	58.04935	53426.92108130455
141	592.27484	39.552666	634.67755	507.12982	-330.6717	26.29153	-303.9389	-374.31796	9023.897	152.77573	9337.554	8744.336	8604.451	63.811867	8655.866	8496.85	8273.779	58.812927	8334.725	8192.91	9616.172	148.28897	9915.899	9313.206	1000.0	1000.0	563999	665.2791	135.0138	842.8628	5.2966423	665.27905	135.01242	848.1246	-80.06677	0.5202618	4.5163608	112.86774	-18.161602	-1332.1837	56.425632	53834.47221016884
142	561.86646	47.527794	689.3586	512.9617	-305.91635	49.621166	-238.06871	-368.26788	8596.1045	1532.1327	9426.666	4037.5664	8825.229	166.7887	9103.403	8679.603	8519.312	179.78404	8820.651	8346.521	9157.971	1490.607	9965.6875	4726.9253	1000.0	1000.0	567999	666.67267	135.71794	844.24457	5.3197646	666.674	135.71521	841.60315	-15.267218	0.5309336	4.492971	106.19	-17.469269	-1335.0499	56.901783	54286.20618200302
143	663.0217	12.945177	693.21606	646.01166	-325.88525	38.38749	-291.04358	-390.8351	9316.216	181.49294	9635.335	9103.234	8705.5	112.9683	8810.266	8514.896	8379.615	149.29993	8501.521	8124.061	9979.238	178.09569	10305.816	9760.481	1000.0	1000.0	571999	669.1462	135.31987	848.96387	5.344725	669.14685	135.3172	845.519	-34.286522	0.52969426	4.497024	88.63643	-24.060007	-1339.8868	59.027798	54623.386566877365
144	764.18524	84.948425	875.2033	638.0184	-318.71182	20.801727	-285.69818	-341.4965	9374.264	106.20869	9540.578	9202.504	8678.428	54.054707	8760.786	8609.656	8359.717	49.563633	8419.29	8291.725	10138.448	157.99945	10344.632	9864.129	1000.0	1000.0	575999	670.23663	135.94907	847.86084	5.368318	670.2374	135.94778	848.15826	-33.503742	0.4639778	4.4730988	95.58762	-18.837646	-1342.1223	58.007698	54948.03976941109
145	601.54236	67.48983	729.28735	482.39005	-332.98764	41.346786	-277.00595	-385.26642	8565.687	2306.6685	9552.9375	1660.4879	8870.22	130.46878	9080.257	8733.477	8537.232	156.04701	8767.377	8376.679	9167.2295	2266.2927	10115.93	2389.7751	1000.0	1000.0	579999	672.27014	135.29895	853.06885	5.3918724	672.2704	135.29753	852.0315	-163.86313	0.5167291	4.4900174	76.87132	-18.571812	-1346.2081	58.578266	55350.6438100338
146	593.07874	14.252965	616.37274	572.05505	-306.203	22.216333	-271.58615	-326.47638	9177.795	154.49086	9429.915	9007.517	8484.647	235.65865	8767.927	8157.2964	8178.4443	236.83757	8441.45	7855.368	9770.875	154.22804	10024.191	9580.674	1000.0	1000.0	583999	673.72217	135.84814	856.3185	5.415645	673.72314	135.84348	856.7292	-5.4172425	0.5202431	4.5150943	113.4916	-22.2341	-1349.1202	56.271595	55746.017832517624
147	723.0256	35.84367	763.61005	671.5703	-331.8615	57.10977	-255.33295	-408.39062	9277.747	92.00379	9500.464	9174.042	8750.527	77.46956	8833.685	8624.921	8418.666	73.95053	8502.048	8318.874	10000.772	113.304375	10237.729	9856.921	1000.0	1000.0	587999	675.5188	135.93677	853.63196	5.440349	675.51965	135.93433	853.5801	-39.556458	0.46818972	4.491622	77.22649	-19.027645	-1352.677	56.379818	56141.945278167725
148	569.0846	50.26628	642.9646	487.5243	-299.0437	39.69578	-247.71878	-355.08963	9490.35	148.45686	9726.224	9256.463	8827.857	138.87253	9045.213	8677.524	8528.8125	105.45292	8690.123	8396.911	10059.435	192.3784	10369.1875	9743.986	1000.0	1000.0	591999	677.7927	136.47467	864.82996	5.4647293	677.7932	136.4746	862.47906	-46.32678	0.5212699	4.443008	69.7355	-19.671785	-1357.2234	59.256344	56514.854543447495
149	630.82874	118.969826	837.61676	492.34918	-363.7146	47.53349	-306.05768	-436.1692	7838.8765	2295.5105	9563.114	3571.6292	8856.3125	161.53937	9111.339	8663.009	8492.598	161.90442	8741.714	8320.002	8469.706	2190.074	10152.976	4409.246	1000.0	1000.0	595999	679.61383	137.85243	863.8268	5.4864473	679.61383	137.85199	860.6324	-69.75168	0.6340428	4.562293	95.97315	-17.925777	-1360.8757	60.079945	56870.47889375687
150	688.982	49.685875	748.1126	586.9022	-395.63202	33.467377	-370.74692	-452.8455	9397.81	139.74622	9598.995	9164.598	8798.875	70.58942	8859.615	8678.727	8403.243	76.45861	8485.851	8293.556	10086.792	151.985	10300.108	9804.735	1000.0	1000.0	599999	681.68005	136.78659	861.77155	5.509359	681.68146	136.7843	862.7321	-22.85316	0.6459048	4.5550904	94.53308	-16.842663	-1364.9688	60.218582	57194.85081076622
151	541.9276	10.930864	559.76166	522.6767	-332.8874	15.976146	-313.25092	-350.05246	9318.214	102.539894	9537.734	9127.454	8975.393	121.03117	9106.682	8791.657	8642.504	134.31946	8785.552	8444.54	9860.143	100.31474	10060.411	9662.955	1000.0	1000.0	603999	683.7034	136.16058	867.03577	5.533736	683.7036	136.1593	864.2716	-32.772926	0.5827295	4.5148516	88.88291	-16.742363	-1368.8866	62.13477	57519.22715973854
152	587.2697	34.518635	625.483	521.1281	-320.3064	30.166843	-278.56357	-357.60092	9388.937	248.06342	9563.861	8684.651	7593.1245	2486.1787	9182.596	3290.0813	7272.8184	2461.609	8824.995	3011.5178	9976.206	275.7506	10187.847	9205.779	1000.0	1000.0	607999	684.09406	137.17929	865.2969	5.557046	684.0947	137.17639	864.40906	-33.795113	0.59171873	4.5519342	90.1743	-17.2729	-1369.6782	60.94453	57843.108828783035
153	298.21964	61.24081	459.83017	239.43394	-313.91803	29.395903	-293.57104	-364.35007	9156.145	71.139725	9274.122	9018.929	8995.801	51.09278	9074.337	8944.605	8681.883	25.469809	8709.987	8650.554	9454.365	103.98831	9673.72	9291.994	1000.0	1000.0	611999	684.48	138.29163	866.4176	5.5821137	684.4794	138.29607	865.87634	-25.766434	0.6935394	4.569889	118.2914	-19.202951	-1370.4532	63.63944	58244.81848859787
154	663.75977	51.758785	780.66693	595.1955	-294.96866	28.26404	-270.10648	-342.65778	9251.561	106.75891	9450.441	9084.577	8900.857	188.73856	9062.413	8579.982	8605.89	188.3226	8792.307	8291.817	9915.32	128.28302	10143.576	9750.837	1000.0	1000.0	615999	685.8764	138.91283	868.7967	5.602025	685.87714	138.90912	869.8414	-122.98165	0.71834147	4.594186	93.60355	-18.832993	-1373.2385	64.80955	58662.94631242752
155	801.838	45.29122	885.90137	726.068	-330.24	30.640543	-291.8064	-363.19205	9496.5	145.33437	9682.402	9197.51	8905.854	109.453835	9063.813	8781.498	8575.613	103.96911	8700.621	8472.78	10298.338	158.82657	10568.304	9983.849	1000.0	1000.0	619999	686.8399	138.72351	876.06934	5.6246576	686.8406	138.72162	869.12885	-44.164616	0.5978585	4.5371037	74.553345	-17.960796	-1375.1543	63.235725	59036.027592897415
156	679.1178	75.06035	795.71466	544.38324	-318.87372	40.48811	-263.18906	-377.61853	9400.837	150.61913	9611.184	9115.598	8864.937	335.82996	9207.606	8307.721	8546.0625	346.36334	8944.418	7990.9814	10079.955	138.19269	10300.406	9791.971	1000.0	1000.0	623999	688.26514	138.39531	871.7578	5.6492896	688.26605	138.39333	874.5833	-30.122715	0.6084223	4.5418177	109.784386	-19.423464	-1378.0322	62.12457	59419.49711251259
157	492.00162	26.812426	554.7287	458.39706	-315.30832	16.638924	-291.42316	-336.53644	9436.985	248.00641	9812.59	8813.252	8972.492	273.6826	9217.118	8547.947	8657.185	276.74258	8918.241	8237.743	9928.986	250.31401	10296.837	9293.748	1000.0	1000.0	627999	688.97943	138.85475	872.8839	5.6717095	688.9805	138.85268	873.7784	-21.878895	0.63827294	4.5919275	96.75792	-17.017218	-1379.3757	63.876007	59816.38992547989
158	614.756	46.220203	667.44507	531.65265	-363.5193	27.188389	-323.53278	-399.8515	9326.372	162.1697	9550.282	9055.89	8970.155	193.27309	9282.254	8753.264	8606.636	201.02324	8912.958	8353.412	9941.127	168.63478	10205.041	9711.166	1000.0	1000.0	631999	690.75055	138.2851	873.2535	5.696869	690.7505	138.28607	881.1457	-8.993921	0.6677486	4.5863166	167.56992	-17.832592	-1383.0145	62.121704	60214.02392935753
159	565.96844	54.59779	678.4634	483.51324	-351.92258	21.8631	-329.4654	-385.33224	9497.693	175.47084	9732.718	9131.1875	8978.404	227.38828	9259.576	8627.384	8626.482	241.00061	8902.372	8242.052	10063.662	190.57932	10336.923	9723.266	1000.0	1000.0	635999	692.5836	137.90527	877.0765	5.7194266	692.584	137.90472	876.4405	-42.76356	0.5888891	4.6196547	179.01358	-18.830584	-1386.5968	62.70568	60595.258780002594
160	621.19714	61.843533	736.4243	542.6935	-333.38385	45.87217	-282.49954	-391.0116	9233.161	126.99421	9424.989	9052.854	9064.441	211.47324	9352.51	8759.7	8731.057	253.58218	9070.011	8368.688	9854.357	152.20314	10082.661	9618.136	1000.0	1000.0	639999	693.82227	138.47339	878.4222	5.741493	693.8228	138.47275	878.34076	-19.107265	0.63650876	4.5878286	103.323235	-20.923458	-1389.1344	62.22856	60970.829614162445
161	653.2572	51.605152	753.1315	593.3994	-327.20853	35.472034	-274.84653	-360.0774	9617.541	159.02573	9930.873	9419.682	8605.244	646.0318	9038.456	7490.379	8278.035	663.26294	8688.741	7130.302	10270.799	165.0855	10578.794	10053.851	1000.0	1000.0	643999	695.30896	138.85864	877.704	5.7642508	695.30945	138.85747	879.2443	-60.585163	0.54302096	4.5364122	91.09021	-18.40946	-1392.0062	63.16987	61373.62571144104
162	452.748	40.843925	513.9189	383.423	-343.40512	60.85177	-253.61154	-401.20575	9587.113	179.02153	9796.477	9269.055	9258.498	168.66205	9472.008	9050.021	8915.092	219.78133	9150.66	8652.566	10039.861	195.92496	10242.117	9700.703	1000.0	1000.0	647999	696.37134	138.9395	880.60895	5.786677	696.3716	138.94034	877.7312	-47.583168	0.6402679	4.623876	82.17138	-19.590496	-1394.1942	63.639656	61699.41255283356
163	677.05206	51.681694	790.7926	589.1483	-327.73557	46.91319	-250.09831	-376.18204	9560.634	161.90906	9785.264	9232.72	7040.214	3785.432	9384.15	487.44333	6712.4785	3814.556	9134.052	111.261284	10237.686	169.14432	10482.174	9874.141	1000.0	1000.0	651999	697.78107	139.15424	878.4112	5.809545	697.7812	139.15517	876.63666	-17.017555	0.6322966	4.5741835	109.066895	-18.705729	-1396.93	63.684017	62022.41149568558
164	727.42065	21.213682	770.40875	698.02014	-350.55933	52.93615	-290.48605	-432.7838	9475.364	108.450264	9636.84	9304.672	9029.369	122.78604	9167.55	8839.365	8678.81	140.87384	8877.063	8517.114	10202.783	111.62471	10352.107	10047.444	1000.0	1000.0	655999	698.37103	140.8124	881.2181	5.8306866	698.37177	140.81174	885.07043	-29.998104	0.6179955	4.5733266	81.331635	-17.002522	-1398.157	63.159676	62422.1723446846
165	347.85416	29.27658	400.25052	305.50946	-377.77612	41.712864	-316.28546	-433.72455	9607.341	126.61443	9777.664	9390.278	9065.621	133.52065	9239.678	8896.808	8687.846	107.65838	8855.059	8580.521	9955.195	142.6224	10177.914	9725.815	1000.0	1000.0	659999	700.5077	140.16873	881.024	5.8543797	700.5085	140.16829	880.44403	-50.62645	0.6560668	4.553193	75.09954	-19.060106	-1402.3484	65.726395	62875.697877168655
166	531.37305	52.576157	619.3988	458.4951	-375.79645	17.082	-347.44684	-389.93082	9769.754	100.52944	9928.646	9567.245	9235.894	103.938934	9400.706	9137.922	8860.098	103.87432	9010.775	8749.421	10301.127	108.45148	10499.178	10163.476	1000.0	1000.0	663999	701.1478	140.80156	880.7179	5.878168	701.14734	140.79962	881.6323	-41.412315	0.67374974	4.5830097	78.94362	-18.81369	-1403.7113	66.88816	63327.09581565857
167	725.32794	27.385052	765.39465	685.381	-335.4665	58.852867	-262.2123	-420.918	9524.232	155.87085	9744.321	9236.059	9182.126	100.61318	9346.196	9076.04	8846.659	141.84785	9083.984	8714.36	10249.561	157.61906	10465.4795	9962.617	1000.0	1000.0	667999	702.6393	140.7187	883.65967	5.9001117	702.6401	140.71674	885.4997	6.3733697	0.68490237	4.6305594	91.716644	-18.764933	-1406.6918	66.04846	63652.341520786285
168	549.8586	37.224876	606.4181	478.74146	-284.9596	35.73711	-231.40659	-322.18124	9488.104	147.84251	9656.96	9134.641	9086.87	165.64612	9365.271	8943.71	8801.91	139.88338	9043.09	8709.015	10037.963	174.44806	10261.336	9662.842	1000.0	1000.0	671999	703.62195	140.6116	885.0055	5.9240475	703.62103	140.61783	881.74054	-68.36107	0.6995408	4.6471906	92.444046	-18.43347	-1408.5718	70.1196	64035.49361205101
169	738.5952	24.56191	777.22	692.9005	-322.3193	11.232965	-305.4355	-333.07675	9550.8545	118.24354	9734.833	9339.265	9118.443	171.09872	9307.605	8865.689	8796.124	165.29507	8988.748	8560.254	10289.451	123.93524	10481.187	10094.862	1000.0	1000.0	675999	705.0755	140.63596	884.94885	5.9420867	705.0755	140.63417	885.60614	-67.70436	0.7195144	4.550514	99.64649	-17.389591	-1411.4994	66.55679	64464.95393204689
170	687.7133	39.615574	736.2044	609.04474	-349.0517	23.22861	-334.10666	-389.23892	9453.33	154.36525	9839.663	9271.961	9088.389	105.6612	9213.726	8965.465	8739.338	98.334435	8879.619	8629.847	10141.043	122.71697	10448.707	10008.166	1000.0	1000.0	679999	706.4273	141.09132	885.42596	5.965197	706.42786	141.08902	886.30286	-30.30365	0.63201725	4.5638328	117.99425	-18.400433	-1414.3287	63.46901	64852.805975198746
171	660.58954	13.832794	689.467	646.4905	-331.591	32.200935	-285.6826	-368.36826	9622.592	127.1349	9940.951	9471.961	9178.734	84.607796	9273.956	9042.57	8847.144	70.93579	8955.769	8756.888	10283.182	127.38134	10614.37	10161.429	1000.0	1000.0	683999	708.6722	140.8759	886.6228	5.9898195	708.67334	140.87718	886.2	-41.041035	0.7080106	4.590025	63.437298	-19.15913	-1418.7017	64.72418	65335.53442144394
172	555.26025	36.46786	636.2367	488.91272	-292.5341	32.52079	-237.4357	-321.19437	9669.107	74.43279	9851.191	9556.489	9246.118	136.9633	9418.461	9065.211	8953.584	136.01045	9109.268	8744.017	10224.369	66.878494	10340.1045	10076.445	1000.0	1000.0	687999	710.36926	140.60974	884.97766	6.011267	710.36975	140.60847	887.7439	-22.746334	0.7159016	4.5770106	203.69572	-18.487534	-1422.1215	67.38664	65858.70231819153
173	738.7463	98.11719	894.0558	532.1367	-334.40668	18.824692	-314.1785	-364.3473	9612.621	170.38968	9977.922	9405.108	9230.753	234.40674	9629.916	9061.123	8896.346	236.9782	9294.678	8696.775	10351.367	203.67348	10628.445	9937.245	1000.0	1000.0	691999	711.8639	140.99475	890.07605	6.034145	711.8643	140.99355	889.85016	-7.343944	0.7273165	4.611586	83.32112	-18.999176	-1425.0686	66.228775	66380.93869686127
174	760.00696	35.2688	803.03296	672.0269	-349.25848	22.681831	-319.4867	-378.24408	9790.022	107.932915	9994.265	9646.69	9242.491	179.2379	9457.892	8982.751	8893.233	190.14035	9121.105	8604.507	10550.029	124.68245	10790.993	10363.138	1000.0	1000.0	695999	712.8842	141.56454	892.40814	6.055614	712.8832	141.56519	893.34235	-11.342142	0.7390818	4.578382	90.9263	-19.790554	-1427.1493	66.939964	66875.51092076302
175	646.78186	37.83755	695.98676	551.4074	-365.74722	69.54079	-264.80795	-461.1741	9669.494	140.16821	9814.132	9332.9	9085.816	134.75719	9266.648	8929.028	8720.069	190.9878	9001.841	8525.826	10316.276	139.22142	10491.664	10028.887	1000.0	1000.0	699999	713.7965	141.70587	890.2606	6.0795784	713.7974	141.70628	893.5669	-23.695385	0.7308966	4.576582	104.06015	-18.044968	-1428.92	67.42559	67208.55501294136
176	436.7329	9.2728615	451.85382	419.63846	-323.20023	54.350273	-240.1422	-375.7325	9713.592	108.9788	9876.244	9537.46	9199.259	172.30177	9487.014	9029.579	8876.06	136.5905	9111.281	8782.343	10150.325	107.32631	10317.358	9963.755	1000.0	1000.0	703999	715.51746	141.43117	890.2729	6.1019173	715.51746	141.43352	891.3795	-11.921593	0.76203877	4.5966096	101.18451	-19.340996	-1432.3433	67.21497	67561.15570616722
177	763.4149	24.573818	805.5569	729.82477	-360.56558	34.16793	-311.6267	-408.21378	9717.227	146.05466	9937.45	9425.997	9249.456	59.165997	9341.348	9195.814	8888.89	54.39302	8978.796	8839.239	10480.641	140.52759	10667.275	10172.415	1000.0	1000.0	707999	716.006	142.2872	891.43933	6.12169	716.0057	142.28976	892.8512	-32.93476	0.7218768	4.559152	91.91023	-18.158741	-1433.308	68.26486	67950.26486611366
178	760.77795	51.762665	843.8661	703.7545	-292.32196	32.76036	-239.99998	-326.39343	9798.431	129.19987	10022.45	9604.961	9063.127	153.90001	9278.822	8857.712	8770.806	177.61075	9038.822	8545.589	10559.209	110.29367	10758.841	10399.699	1000.0	1000.0	711999	717.18134	142.26144	894.9595	6.140086	717.18134	142.26575	894.50806	-99.44786	0.74752647	4.5981126	92.20966	-19.04264	-1435.6106	71.881714	68311.03138756752
179	683.3708	36.087376	732.56433	618.741	-320.86615	26.017736	-284.59668	-356.7849	10033.735	143.01236	10231.945	9829.046	9467.226	146.92458	9618.046	9225.586	9146.359	160.39146	9333.449	8897.402	10717.106	129.07642	10898.578	10542.675	1000.0	1000.0	715999	718.76526	141.79555	893.42255	6.161764	718.76514	141.79517	898.3625	-14.890872	0.7910729	4.5394945	105.89613	-17.897978	-1438.8497	66.81981	68665.91420841217
180	765.827	43.04014	816.443	667.3695	-323.14676	19.432348	-301.6465	-348.71088	9814.285	143.54585	10102.553	9554.958	9349.531	184.99437	9511.925	9035.085	9026.385	175.57225	9176.91	8727.87	10580.112	145.22934	10828.151	10316.721	1000.0	1000.0	719999	720.68933	141.98679	898.24817	6.183904	720.69055	141.98363	902.69305	-22.70408	0.74367225	4.5669565	138.09122	-19.71367	-1442.6721	69.72118	69014.35460162163
181	555.8494	26.527973	600.7592	521.95374	-290.49335	31.855305	-243.07751	-332.858	9772.975	129.15413	9937.251	9472.741	9456.137	77.92457	9535.833	9327.889	9165.644	107.92384	9292.755	8995.031	10328.822	129.95532	10478.492	10016.524	1000.0	1000.0	723999	721.4967	142.63376	898.6525	6.2084584	721.49725	142.63303	901.8363	-23.853176	0.67754614	4.555733	73.527885	-19.32116	-1444.2472	67.82736	69405.22829222679
182	691.281	24.505398	726.5849	660.9007	-327.87122	54.475273	-260.5193	-407.36893	9888.747	162.35187	10176.128	9655.26	9402.293	125.99056	9527.919	9205.038	9074.424	98.5916	9150.475	8904.923	10580.028	165.75772	10837.028	10355.255	1000.0	1000.0	727999	723.3191	142.37851	901.23206	6.2314687	723.31854	142.37958	904.8824	-33.815136	0.80986273	4.5778294	124.4857	-16.538157	-1447.9233	70.80868	69835.76210045815
183	715.8778	29.977129	770.9108	673.58386	-338.16235	30.962286	-297.349	-383.1852	10001.854	144.79672	10252.076	9749.175	9250.463	244.53798	9637.838	9014.698	8912.301	260.36578	9340.488	8670.485	10717.731	131.61282	10925.66	10483.414	1000.0	1000.0	731999	725.23834	141.62297	898.1167	6.2524676	725.2392	141.62495	898.97534	-37.48596	0.81853634	4.601407	117.29683	-18.64907	-1451.735	73.25497	70162.21405386925
184	785.4608	40.757286	836.9542	702.4161	-383.0914	11.266086	-375.36948	-402.55988	9538.971	138.98499	9766.929	9335.56	9357.515	77.15966	9480.741	9270.449	8974.424	66.641426	9078.182	8895.08	10324.432	152.76959	10572.33	10075.575	1000.0	1000.0	735999	725.86053	141.3112	900.71735	6.275861	725.86066	141.30605	900.79987	-28.014555	0.77578366	4.607857	130.78131	-17.931425	-1452.9287	68.47615	70503.5521402359
185	716.71716	28.645184	760.1916	655.8209	-323.33295	29.514824	-292.15488	-360.03094	9806.417	108.85247	10001.515	9662.456	9431.275	63.926777	9523.036	9358.41	9107.941	78.107735	9230.881	9013.854	10523.135	98.442955	10722.897	10372.196	1000.0	1000.0	739999	726.9866	141.55019	899.4815	6.298337	726.9874	141.54884	903.7641	-25.02696	0.8445251	4.506918	65.65026	-17.182117	-1455.2183	65.536316	70888.38503432274
186	444.3834	513.6866	731.58905	-780.2774	-285.70596	27.486956	-241.51399	-315.43326	8865.334	2177.951	10166.988	3636.7568	9452.539	104.98581	9578.104	9286.776	9166.832	104.804306	9278.806	9000.197	9309.717	2690.001	10821.761	2856.4792	1000.0	1000.0	743999	728.49384	141.71101	901.32446	6.3197346	728.4944	141.70676	902.5362	-29.143583	0.9007941	4.539589	138.4939	-19.91801	-1458.3053	68.119484	71376.78222179413
187	515.39655	36.305496	559.94073	443.95322	-361.27423	68.76147	-264.3964	-448.7729	9750.641	63.588696	9862.921	9654.605	9176.454	307.49857	9551.599	8850.905	8815.181	364.9231	9215.86	8447.663	10266.038	62.506332	10382.701	10186.208	1000.0	1000.0	747999	730.0319	142.58025	905.362	6.342229	730.0324	142.58125	903.25916	-16.05056	0.95861596	4.607606	81.31337	-18.725954	-1461.3748	70.096	71906.97472023964
188	638.8156	42.94635	729.3541	590.2309	-382.77835	56.947838	-306.3821	-449.75793	9810.487	95.31372	9937.113	9662.97	9420.656	38.509796	9458.702	9363.257	9037.877	83.051254	9146.339	8913.499	10449.303	120.14264	10666.467	10255.966	1000.0	1000.0	751999	731.9831	142.38004	903.9747	6.3641677	731.9831	142.37747	905.98175	-27.870855	0.9558797	4.5814123	122.61277	-19.130444	-1465.2058	70.02836	72347.54570627213
189	774.7923	39.781994	842.4166	710.2626	-361.7796	32.220543	-326.0176	-413.55817	9903.768	172.95258	10168.475	9617.071	9402.538	161.19812	9608.045	9243.765	9040.759	171.25049	9248.598	8830.207	10678.56	175.55214	10916.113	10386.454	1000.0	1000.0	755999	733.5551	142.03662	909.806	6.387438	733.5548	142.0373	912.03784	-12.507776	0.87018955	4.5160446	130.69688	-18.385464	-1468.366	68.94528	72673.73716115952
190	712.73987	37.108086	768.574	626.8788	-319.89313	19.815666	-299.71988	-351.42902	9868.441	106.65754	10100.839	9701.7705	9505.318	148.82198	9710.238	9319.719	9185.426	137.88722	9358.81	8998.274	10581.182	123.95872	10847.219	10426.671	1000.0	1000.0	759999	734.5361	142.49069	908.03204	6.408306	734.5365	142.49023	907.6345	-30.624487	0.83187735	4.5749774	109.401665	-16.904526	-1470.3073	68.04058	73034.90050172806
191	715.4752	18.037752	736.93134	671.0909	-342.4	56.412968	-279.5261	-430.0807	9476.693	205.78552	9768.613	9137.995	9556.271	200.63878	9760.403	9225.32	9213.871	248.88106	9450.167	8795.239	10192.169	202.73273	10483.217	9866.87	1000.0	1000.0	763999	735.864	141.66074	909.3231	6.4303675	735.86426	141.65936	909.6676	-5.514844	0.8731603	4.5731473	126.07148	-19.069145	-1472.9955	68.80011	73428.74830341339
192	612.16797	32.26552	667.4253	561.48267	-333.2487	55.028015	-250.28752	-402.23874	10008.433	91.043915	10139.881	9856.752	9394.818	238.05081	9737.157	9111.38	9061.57	202.23004	9383.274	8861.093	10620.601	82.19182	10731.141	10466.128	1000.0	1000.0	767999	737.35175	141.68254	911.5919	6.4522767	737.35266	141.68257	911.59467	-5.4390206	0.8879096	4.486035	72.405426	-19.558086	-1476.0024	69.43024	73820.17635941505
193	665.13416	50.59689	758.296	593.2429	-327.8197	28.742535	-293.38748	-373.19577	9906.498	117.07592	10034.413	9650.939	9473.63	146.31389	9619.069	9277.807	9145.811	132.45346	9296.926	8955.255	10571.631	136.53712	10753.863	10280.391	1000.0	1000.0	771999	739.1404	142.17052	913.5143	6.474503	739.1406	142.16933	917.1761	-46.811134	0.820179	4.5112095	91.65354	-16.700315	-1479.5322	71.22208	74307.60108566284
194	632.53613	16.932283	663.94965	604.118	-313.3845	41.006977	-269.3621	-380.40503	9926.674	168.66652	10197.678	9578.21	9582.475	142.03682	9748.353	9370.524	9269.09	154.59674	9442.46	9072.6455	10559.211	166.75026	10835.3545	10207.726	1000.0	1000.0	775999	740.84143	142.64888	913.8485	6.495446	740.84186	142.64905	913.8551	-1.98175	0.92174834	4.5765076	223.8692	-18.410658	-1482.95	70.43988	74791.70108008385
195	776.47003	20.160608	799.41064	729.39777	-324.60846	25.475584	-293.7731	-363.46872	9962.607	83.53867	10122.747	9824.712	9492.36	19.261305	9522.688	9474.896	9167.752	32.04506	9194.92	9113.066	10739.076	86.33937	10893.555	10614.598	1000.0	1000.0	779999	742.0561	142.80591	911.8081	6.5156093	742.05615	142.80383	913.6021	-53.824123	0.94299936	4.6399837	130.94484	-17.72609	-1485.4138	67.43875	75168.32082414627
196	645.7011	36.532143	694.96216	591.73395	-352.99042	63.567673	-297.60532	-457.1139	10130.429	116.7638	10293.381	9873.149	9651.618	77.54062	9783.565	9584.986	9298.627	26.013353	9326.451	9261.453	10776.13	133.97485	10988.343	10464.884	1000.0	1000.0	783999	743.8364	141.91974	917.4942	6.539639	743.83734	141.9166	915.2633	7.011091	0.9364965	4.58093	106.23543	-21.389578	-1488.9227	68.30414	75689.88124227524
197	676.71564	57.016	770.8603	610.00635	-339.48038	27.44009	-309.81528	-382.9721	9835.749	331.7478	10255.654	8935.928	9538.316	222.51054	9789.906	9193.309	9198.836	210.53487	9448.833	8869.247	10512.466	353.60233	10955.787	9555.984	1000.0	1000.0	787999	744.68567	143.14995	920.13654	6.5628767	744.6857	143.15239	920.03436	-47.096153	0.83259135	4.5639763	112.370895	-18.928543	-1490.6064	67.022575	76060.7978322506
198	752.88855	30.3616	808.26447	700.39417	-371.34085	42.87937	-340.61432	-445.30746	10292.505	147.20888	10537.623	9958.5	9496.161	93.14982	9609.408	9377.918	9124.82	125.92105	9258.183	8932.61	11045.393	159.74591	11285.916	10658.895	1000.0	1000.0	791999	745.7669	143.43782	917.2105	6.5835958	745.7673	143.43802	925.27356	-20.27053	0.9493649	4.540586	77.42868	-17.674225	-1492.7778	72.79142	76387.33316850662
199	750.7825	17.05664	774.9031	726.6499	-337.73895	88.77197	-236.61751	-464.88116	9772.563	99.189644	9912.269	9617.713	9459.443	103.76252	9592.821	9320.296	9121.705	22.624413	9142.953	9083.679	10523.345	102.56326	10681.621	10363.328	1000.0	1000.0	795999	747.11255	142.57243	919.5514	6.607294	747.11285	142.57193	920.5423	-31.242521	0.8676731	4.528523	100.38267	-19.310585	-1495.5465	69.88272	76715.84552812576
200	744.1538	34.742443	795.0163	663.783	-307.25656	34.904465	-250.8082	-336.96677	9469.224	146.99965	9657.492	9217.224	9813.166	63.02334	9882.201	9725.955	9505.908	77.19192	9612.377	9420.275	10213.378	168.79112	10415.361	9933.941	1000.0	1000.0	799999	748.51215	142.39719	922.0955	6.6284986	748.51337	142.39429	921.6991	6.013788	0.7814982	4.540839	105.93381	-17.827003	-1498.2325	67.19173	77056.47335839272
