Epoch	AverageTestEnv0Ret	StdTestEnv0Ret	MaxTestEnv0Ret	MinTestEnv0Ret	AverageEnv0Ret	StdEnv0Ret	MaxEnv0Ret	MinEnv0Ret	AverageTestEnv1Ret	StdTestEnv1Ret	MaxTestEnv1Ret	MinTestEnv1Ret	AverageEnv1Ret	StdEnv1Ret	MaxEnv1Ret	MinEnv1Ret	AverageEpRet	StdEpRet	MaxEpRet	MinEpRet	AverageTestEpRet	StdTestEpRet	MaxTestEpRet	MinTestEpRet	EpLen	TestEpLen	TotalEnvInteracts	AverageQ1Vals	StdQ1Vals	MaxQ1Vals	MinQ1Vals	AverageQ2Vals	StdQ2Vals	MaxQ2Vals	MinQ2Vals	AverageLogPi	StdLogPi	MaxLogPi	MinLogPi	LossPi	LossQ	Time
1	304.87177	89.624405	460.7035	165.70847	-343.16736	25.83591	-304.0533	-372.98947	-131.12431	32.789436	-48.909943	-170.80896	-316.46234	41.352062	-257.76825	-368.8053	-659.6297	38.128437	-595.3948	-695.45685	173.7474	114.71424	411.79355	-5.100501	1000.0	1000.0	3999	8.544527	5.8969035	37.783684	-4.081506	8.546024	5.892978	37.739822	-3.5660698	-7.724946	2.2649763	9.624948	-17.501785	8.140183	1.5244467	167.58031606674194
2	-544.0434	166.73247	-117.004845	-713.01404	-369.54477	54.71951	-296.39194	-439.8076	-89.765976	103.01843	83.4832	-236.63232	-291.87775	123.27008	-101.702576	-409.21002	-661.42255	144.36101	-443.6706	-849.0176	-633.8093	141.93431	-317.12704	-820.3857	1000.0	1000.0	7999	33.00984	14.340612	92.51883	1.4084648	33.010876	14.336814	93.34165	1.3686771	-2.1949952	5.412403	29.125235	-21.850063	27.290586	6.892129	384.77980184555054
3	-489.42578	308.17902	428.17285	-655.8722	-756.9674	419.33295	-277.17444	-1174.4012	-273.95215	83.59172	-149.16881	-400.74597	-308.30026	46.946426	-241.104	-359.03247	-1065.2676	464.62027	-518.27844	-1532.513	-763.3779	353.4855	279.00403	-986.9222	1000.0	1000.0	11999	96.72205	33.301376	199.17007	21.297722	96.72406	33.293182	195.2594	21.46835	5.366488	7.220131	59.265648	-18.033594	76.877205	28.663273	603.0148012638092
4	142.5892	74.8738	277.23425	51.871853	-865.70233	145.2089	-737.7374	-1111.983	-65.16709	62.434853	49.5358	-147.11203	-205.37871	127.9995	-77.58776	-374.46265	-1071.081	130.59506	-879.3417	-1193.5363	77.422104	75.12682	169.0539	-56.00036	1000.0	1000.0	15999	124.2287	40.564743	232.65833	34.822968	124.22623	40.566357	224.09537	34.65647	-2.5397236	6.0903277	42.16906	-20.795494	95.01924	27.236422	824.0578200817108
5	627.4447	21.6735	688.1454	607.91797	-624.03033	73.12127	-521.84424	-695.04095	54.40043	30.657639	107.15745	9.6197195	-222.95013	69.19592	-136.64647	-294.2502	-846.98047	116.91156	-658.4907	-979.153	681.84515	23.46056	717.44763	655.914	1000.0	1000.0	19999	115.83546	33.166622	201.02423	32.947853	115.83432	33.16522	198.43556	35.495853	-6.6385016	3.162038	22.477592	-19.082592	86.82422	14.30916	1045.575894832611
6	790.42413	12.011003	807.83484	772.6096	-359.1746	30.258413	-329.187	-409.67163	-46.93473	36.30116	10.708867	-97.753784	-141.23015	91.83401	-51.28198	-293.77524	-500.40472	121.87416	-380.469	-703.44684	743.4894	39.82156	792.7862	680.7442	1000.0	1000.0	23999	100.62241	23.405298	150.47731	33.903515	100.62162	23.403564	152.12335	34.83852	-7.9520683	2.033427	9.941977	-18.316765	76.70988	9.283609	1296.6131970882416
7	821.7046	6.806199	835.4316	808.7182	-288.01053	52.836365	-231.3515	-371.05295	-66.766525	1.5939767	-65.13139	-69.271095	-115.84456	64.2511	-41.244286	-207.71106	-403.8551	69.91909	-304.21835	-501.40305	754.9381	6.91139	769.6487	743.1647	1000.0	1000.0	27999	91.09442	16.668718	126.265915	36.75072	91.09431	16.66563	126.79859	36.607265	-8.115163	1.7889506	5.877493	-17.388672	69.48077	7.64975	1519.8828678131104
8	618.3695	4.9496493	628.4519	608.623	-188.18497	35.6666	-139.99767	-238.71188	-91.23215	3.0393827	-83.91044	-95.83198	-51.62489	68.32526	33.12343	-150.1685	-239.80988	90.65309	-143.62766	-388.8804	527.1373	7.2562675	539.48724	512.791	1000.0	1000.0	31999	85.26783	13.39315	118.27448	39.40887	85.26771	13.388716	115.62557	40.403553	-7.9439673	1.8584934	7.0587444	-19.20861	64.9186	6.979599	1741.9420626163483
9	716.40784	22.0838	766.78156	685.65247	-149.28967	38.6375	-107.68147	-196.47667	-46.948997	1.4000978	-44.659863	-48.899315	-105.70607	22.433392	-67.61124	-123.9561	-254.99576	56.20412	-182.50449	-320.43277	669.45886	22.868399	721.3417	638.3529	1000.0	1000.0	35999	82.88657	11.105759	113.979866	41.08609	82.88626	11.10004	112.51791	40.389446	-7.7829604	1.9039925	11.03421	-19.195953	63.009705	6.739927	1983.6270763874054
10	732.10535	24.437727	764.4699	686.6191	-129.9612	18.567019	-99.100914	-148.09975	-25.723377	4.2510543	-17.464418	-30.611786	-18.428707	51.3633	49.4687	-95.035614	-148.38991	63.915436	-49.63221	-228.4723	706.38196	21.510906	737.01245	669.15466	1000.0	1000.0	39999	81.91907	9.680401	111.073	36.550446	81.91911	9.675472	109.33822	38.57362	-7.8026314	1.8558543	10.672988	-18.274685	62.656364	6.5026593	2301.3896651268005
11	774.6528	34.16373	838.10095	728.9896	-129.53653	123.50331	47.22828	-298.53012	-77.47252	18.925604	-42.80327	-101.467834	-18.31777	77.68339	68.96625	-134.93257	-147.85431	181.37099	116.194534	-337.4754	697.1803	24.183859	759.7623	675.1934	1000.0	1000.0	43999	81.58217	8.830728	110.52204	33.82165	81.58164	8.826973	109.14695	34.574104	-7.7619696	1.8912987	11.961337	-17.811947	62.255714	6.667072	2598.492525577545
12	871.1639	26.866507	901.93524	804.6421	-79.84268	59.44667	-30.734076	-179.27943	-62.142944	25.000751	-3.9923346	-92.71168	6.1369553	16.524797	31.261946	-14.877122	-73.70573	73.330986	0.5278688	-194.15656	809.0209	28.635176	848.8952	769.68384	1000.0	1000.0	47999	81.74635	8.520834	110.41171	35.564686	81.7462	8.516295	111.167786	33.266724	-7.745184	1.9038737	10.120905	-19.440384	62.878124	6.8675427	2869.8720133304596
13	802.11865	4.035984	809.14703	796.55054	-60.79564	74.636215	38.086422	-151.71838	23.786371	2.1841295	27.278936	21.194	-22.040768	96.049644	96.08017	-166.72873	-82.83641	162.22377	77.16321	-318.4471	825.90515	4.249021	834.956	820.6463	1000.0	1000.0	51999	82.44941	8.529149	112.2917	32.52596	82.44929	8.524758	111.92398	34.2823	-7.607862	1.9426513	12.88943	-19.040497	62.96398	7.3815956	3133.3490648269653
14	744.63934	17.683544	771.04565	709.3739	-4.7236834	30.512495	42.15756	-35.82644	18.988338	3.0769906	23.866236	13.844606	72.42383	27.1589	111.79745	37.529953	67.70015	50.42471	121.62927	10.180394	763.6276	19.847996	791.08545	723.21857	1000.0	1000.0	55999	83.29173	8.765053	112.76083	32.23622	83.29154	8.760953	114.694885	31.003126	-7.519706	1.9856228	16.211185	-18.918493	62.539978	7.357159	3434.4979424476624
15	815.7982	4.5645156	823.4246	808.08264	-6.691498	40.529774	26.566566	-75.89848	55.666298	4.1667995	64.019905	50.199997	104.22652	47.868843	180.12761	62.806667	97.53502	55.97103	187.61702	34.48238	871.46454	8.064902	883.078	859.7044	1000.0	1000.0	59999	84.79271	8.862142	116.45036	31.791578	84.79237	8.858847	117.9004	31.458145	-7.5050883	1.996601	17.579996	-18.950981	64.14391	7.301808	3735.4817848205566
16	768.5579	4.3937564	775.4627	760.4522	-13.028469	74.5946	85.34778	-122.32422	69.31316	9.964563	86.81295	50.026287	57.718292	118.75584	167.96783	-142.27414	44.689827	190.9118	253.31561	-264.59836	837.8711	12.30726	854.6322	816.70123	1000.0	1000.0	63999	86.81351	9.018529	118.04245	33.94695	86.8128	9.017021	119.631485	36.62684	-7.4514756	2.0476046	10.803345	-19.270931	66.52458	7.175878	4033.614756345749
17	783.3421	20.110489	810.93854	750.68756	8.05907	51.579353	88.92016	-54.1849	40.299873	12.496322	59.767498	20.391184	130.34552	21.98304	167.94576	112.28563	138.4046	55.682213	210.5363	58.100727	823.64197	26.812872	870.70605	776.6934	1000.0	1000.0	67999	88.90446	9.501122	121.52012	37.419235	88.90459	9.498028	121.68515	40.376827	-7.409482	2.0976422	13.339888	-18.997374	68.01178	7.219084	4339.883021831512
18	755.3997	72.831024	793.20483	555.79266	0.65966797	49.748135	64.08124	-69.74742	70.297615	25.699034	114.26918	34.61419	158.06905	38.582336	201.20668	95.608864	158.72871	53.762302	233.48128	96.31317	825.69727	82.53595	901.5923	605.0333	1000.0	1000.0	71999	91.45039	10.017156	122.42439	38.87449	91.4496	10.017329	124.41798	40.129494	-7.416757	2.0759115	17.113838	-19.232355	70.160675	7.3597383	4611.139942646027
19	845.0392	7.5737743	856.81415	831.77454	14.064077	29.225084	41.15223	-35.262177	85.32518	15.634379	111.63372	60.342308	214.5702	28.106785	261.16425	186.32042	228.63428	46.724514	302.31647	173.50143	930.36426	8.432861	944.91815	917.15643	1000.0	1000.0	75999	94.07915	10.597844	125.6268	39.36042	94.07892	10.598111	126.62921	42.50513	-7.3469543	2.1452048	15.040752	-19.210892	71.92633	7.3499207	4884.820111036301
20	597.90515	58.306183	703.0082	494.58365	27.234043	20.782845	61.77994	9.661333	191.2089	47.564976	243.2369	72.04616	317.71277	32.967785	359.21768	267.396	344.9468	16.047184	371.5838	329.17593	789.1141	102.11426	934.42236	566.6298	1000.0	1000.0	79999	97.08108	11.2189045	128.91086	47.15775	97.08038	11.219942	129.05615	48.852917	-7.3318844	2.1183724	13.4648285	-18.071272	73.873215	7.3609133	5243.721903562546
21	660.6798	35.887913	713.1895	598.5506	30.832878	26.756693	64.65992	-8.888625	340.7075	35.55477	411.24585	284.66348	271.4848	29.829216	301.64984	230.47932	302.3177	51.36354	362.88388	246.69754	1001.3872	31.112774	1063.9392	945.77484	1000.0	1000.0	83999	100.50245	11.95061	133.30344	40.67287	100.5024	11.951916	132.36192	42.66511	-7.233184	2.1852314	13.065648	-19.173265	76.02235	7.3704443	5597.753040313721
22	721.9555	29.832996	766.32434	668.24255	-10.756838	49.076958	62.947166	-75.25095	590.5485	28.643929	633.8513	548.6812	352.7494	19.618069	377.50186	330.74753	341.99252	53.09172	399.50696	255.49658	1312.5039	34.37897	1363.0651	1252.0072	1000.0	1000.0	87999	104.34095	12.7442465	137.06885	51.746334	104.34023	12.745071	136.89626	50.81046	-7.1271014	2.2443876	16.483475	-18.02512	78.6765	7.234704	5935.998877048492
23	743.0648	27.13883	794.50885	700.1678	1.0866737	32.56426	46.355877	-32.422436	687.1022	92.7907	776.5579	465.00247	429.2747	31.499973	467.44128	380.5703	430.36136	48.976887	474.39316	348.1479	1430.167	84.96975	1552.7045	1259.5114	1000.0	1000.0	91999	108.10678	13.556226	141.13466	55.187542	108.10645	13.55589	142.3019	54.56675	-7.120359	2.2514997	16.761524	-19.287193	81.82422	7.341549	6242.430355548859
24	662.26935	35.76709	731.0371	635.3356	-2.5344658	119.66364	119.49605	-200.32088	1049.0604	57.36447	1159.3568	927.99347	371.0343	242.9586	561.16296	-34.4578	368.4998	360.6944	676.79987	-234.77867	1711.3298	87.11678	1886.5348	1563.9792	1000.0	1000.0	95999	111.77704	14.342104	147.61325	53.124527	111.77643	14.344411	146.88002	55.483765	-7.027824	2.281655	18.145844	-18.458534	85.42256	7.529317	6510.429058790207
25	620.9976	70.81348	830.0845	580.0191	45.660213	24.366062	83.23583	18.546097	1037.027	259.9653	1184.5079	266.82077	589.0877	43.994095	664.0022	554.11456	634.7479	31.937292	682.54834	603.8445	1658.0247	191.21498	1779.5778	1096.9053	1000.0	1000.0	99999	115.21612	15.503492	151.03639	53.758442	115.21588	15.504638	149.723	52.201275	-6.933684	2.3046248	13.670406	-18.898409	88.423676	7.8060284	6789.232877254486
26	752.2349	33.67673	828.8168	721.0312	55.385586	11.839866	67.3405	37.421463	1163.2913	39.614635	1216.5374	1097.5251	728.4719	62.879543	828.72107	673.5954	783.85754	65.012436	880.90466	711.0169	1915.526	45.13197	1994.1516	1864.7471	1000.0	1000.0	103999	119.3748	16.450386	156.3688	54.038376	119.37443	16.452223	158.13374	50.67118	-6.7436867	2.4177852	13.918505	-18.640472	90.19539	7.8968964	7103.85940527916
27	789.3168	16.024584	809.0996	767.821	75.86463	24.234016	101.842514	36.88749	1215.6189	61.88877	1345.1012	1118.4761	832.90576	32.869907	881.706	797.4023	908.77045	13.750233	919.87604	885.7076	2004.9355	74.0251	2145.9668	1888.3336	1000.0	1000.0	107999	123.94386	17.35149	163.97523	54.240574	123.94363	17.352947	163.01987	52.80513	-6.5858135	2.4387171	20.274261	-19.448553	93.51628	8.152252	7381.264455795288
28	703.12146	26.064554	736.11676	640.11066	40.58988	34.304607	67.135376	-18.353237	1565.7714	63.50104	1667.4071	1467.4568	851.8161	283.1905	1060.2617	365.90454	892.406	317.26886	1127.3971	347.5513	2268.893	66.747696	2357.7537	2136.0657	1000.0	1000.0	111999	128.57668	18.481234	169.09364	54.408176	128.57637	18.48148	170.88068	53.405266	-6.430108	2.4986894	14.289305	-19.21421	97.75575	8.605985	7649.843138217926
29	692.7543	33.760674	758.09174	637.4132	67.78299	19.630976	101.637634	54.099365	1429.1531	157.45235	1556.0862	996.95526	1126.2191	64.55643	1167.2755	1014.4807	1194.0021	72.649864	1268.9132	1073.7091	2121.9075	135.8678	2213.5093	1755.047	1000.0	1000.0	115999	133.20915	19.568386	172.17137	54.41923	133.2089	19.570417	173.05779	54.094147	-6.304295	2.5471563	20.517237	-19.70161	102.149864	9.221348	7908.902601480484
30	767.0327	13.847107	792.49396	740.58765	42.159466	54.351017	116.47823	-35.487244	1605.1179	44.373737	1676.7946	1535.4432	1051.16	79.04878	1132.6483	951.44977	1093.3195	124.0456	1249.1266	915.9625	2372.151	48.650635	2469.2886	2314.5698	1000.0	1000.0	119999	138.0126	20.559917	177.72414	55.004627	138.01224	20.561104	177.64096	54.0119	-6.208437	2.5589616	18.265926	-18.753536	105.62205	9.413181	8169.068902492523
31	792.6962	68.02481	912.13855	716.1366	-6.4214935	105.76391	132.25642	-165.28978	1156.0549	590.0086	1642.959	106.47887	814.06976	536.80853	1142.4614	-115.49302	807.64825	630.12946	1243.5752	-280.7828	1948.7512	526.16003	2366.4944	995.6283	1000.0	1000.0	123999	142.66058	21.474876	188.1005	57.031654	142.66054	21.47542	186.25084	54.15279	-6.134437	2.5790389	18.12878	-18.97223	108.87811	9.576416	8429.917598962784
32	700.08636	36.27675	761.7727	624.8266	38.228424	83.9768	108.22022	-104.95807	1613.6335	40.67614	1671.6403	1546.0641	1145.959	53.760483	1218.8474	1072.8193	1184.1874	107.73706	1285.6589	1019.92993	2313.7202	54.806507	2365.2842	2207.241	1000.0	1000.0	127999	146.6991	22.833551	191.34666	53.120018	146.69868	22.834803	192.18823	48.934246	-6.066071	2.6325653	26.04702	-20.27139	112.13276	10.017123	8690.636871099472
33	615.8676	10.818763	640.61615	603.93085	60.106964	34.264633	103.93122	10.849664	1567.4855	40.85435	1622.2771	1489.8844	1189.2688	92.996704	1293.3931	1038.7136	1249.3759	63.230293	1304.2427	1142.6449	2183.353	42.27095	2254.786	2117.2239	1000.0	1000.0	131999	150.95514	23.617462	195.80867	51.507404	150.95499	23.619865	195.2737	46.530025	-6.0229673	2.6285775	18.15537	-21.051819	115.591606	10.238839	8966.03365945816
34	792.0341	53.194275	872.7061	724.8898	36.393517	15.120748	56.167103	19.021936	1616.8584	394.6028	1797.1617	438.1591	1250.9901	38.95866	1303.7748	1205.3673	1287.3837	40.7556	1349.4291	1242.1638	2408.8926	370.85657	2665.7078	1310.5675	1000.0	1000.0	135999	154.99123	24.270353	198.23686	49.628807	154.99055	24.27172	197.90897	47.196598	-5.982554	2.6452255	12.161947	-20.335562	117.30901	10.46205	9252.750151872635
35	686.578	54.242188	830.82513	624.9359	30.177843	27.148521	57.52698	-0.5449244	1663.5963	329.91638	1829.3961	681.6223	1279.2563	105.670715	1459.742	1191.4921	1309.4342	119.95601	1516.6127	1225.6804	2350.174	281.7569	2517.725	1512.4474	1000.0	1000.0	139999	158.66296	25.173086	203.84041	48.611618	158.66312	25.175282	206.02661	44.98604	-5.9510517	2.630142	36.36413	-19.123379	119.190384	10.743899	9530.589810609818
36	778.4716	29.963541	831.46814	742.8185	36.0558	45.72981	104.05003	-13.481759	1606.0592	76.15085	1720.2708	1453.0117	1300.6112	163.185	1440.9109	1028.4907	1336.667	193.57265	1515.8236	1031.6819	2384.5308	85.71456	2500.5908	2196.1582	1000.0	1000.0	143999	162.10274	26.086662	208.87627	49.978493	162.1026	26.087717	209.0465	46.546307	-5.892145	2.6224566	17.663422	-19.361092	119.961075	11.065881	9801.057318925858
37	619.1679	55.39206	763.3881	538.9759	-7.056142	49.27431	69.83071	-66.961685	1738.5387	390.10263	1989.24	580.87756	1464.1991	49.51457	1525.3745	1388.5481	1457.1431	86.07857	1552.1417	1321.5864	2357.7065	343.8906	2618.1597	1344.2657	1000.0	1000.0	147999	165.78339	27.010483	213.41066	49.020557	165.78322	27.012672	213.96912	43.323093	-5.873985	2.6153092	15.210317	-19.735708	121.98863	11.435682	10070.518520116806
38	676.3749	88.28495	851.8198	591.52527	54.52198	32.064594	92.425835	3.7441642	1806.8049	77.87615	1929.8113	1706.4117	1469.0416	41.2454	1525.527	1410.8492	1523.5636	49.00548	1589.1874	1469.1068	2483.1797	137.50772	2773.8977	2329.8086	1000.0	1000.0	151999	169.15944	27.828054	216.58743	47.14369	169.15926	27.830507	217.56908	45.59777	-5.765448	2.6122577	25.810776	-24.291977	124.340096	11.408975	10396.787601232529
39	790.5177	17.431164	814.7286	749.7569	46.380627	20.633028	69.492256	14.075987	1881.7797	63.16872	2011.6199	1822.1388	1435.2117	60.46855	1505.4064	1340.4403	1481.5923	54.268913	1562.8215	1409.9326	2672.2974	64.37073	2782.7817	2579.5479	1000.0	1000.0	155999	172.43428	28.604778	220.9409	46.28918	172.4342	28.606144	222.55841	42.700405	-5.7699833	2.608412	24.192738	-19.379536	126.095985	11.538777	10831.184550523758
40	733.7533	13.194898	756.90765	712.0432	42.24197	42.796196	88.70271	-24.776539	1841.9125	83.651	1985.5973	1685.4714	1497.375	68.7602	1593.9141	1405.7969	1539.617	28.272451	1569.1376	1494.4996	2575.6658	89.233444	2707.4966	2397.5146	1000.0	1000.0	159999	175.52837	29.3195	226.81581	43.01958	175.5284	29.322002	225.64511	40.808994	-5.757675	2.612321	20.377264	-20.273603	129.02379	11.607972	11259.448171377182
41	637.5558	76.216286	758.6059	564.3475	25.787048	16.115488	49.268852	3.7676423	1963.5309	70.42925	2058.774	1847.8628	1542.7098	50.91401	1596.6182	1474.357	1568.4968	64.39664	1635.8507	1478.1248	2601.0864	118.19794	2814.1443	2442.6252	1000.0	1000.0	163999	178.56873	30.065407	229.95581	44.300564	178.5683	30.069317	231.21022	41.008396	-5.687128	2.5887198	37.696335	-19.045464	129.9996	12.066028	11698.187643051147
42	795.06824	36.049915	897.28864	767.4794	3.1861892	33.473164	60.654285	-20.074326	1922.9597	54.97092	2020.9972	1803.2374	696.64594	843.84827	1546.6628	-160.54218	699.83215	861.823	1594.8505	-180.6165	2718.0278	43.469166	2814.695	2676.0535	1000.0	1000.0	167999	180.57487	31.438038	234.46385	42.575462	180.57454	31.441273	239.7109	42.084396	-5.7822685	2.5694523	24.848446	-18.295345	134.03143	11.988668	12114.889402866364
43	781.62366	30.464533	826.5501	719.032	-2.178669	24.683418	23.46561	-33.984993	1950.125	72.58122	2052.2864	1793.791	1588.605	21.860159	1614.2002	1556.1941	1586.4264	41.908745	1637.6658	1522.209	2731.7485	92.3679	2844.9917	2568.3032	1000.0	1000.0	171999	182.32043	33.060757	237.39545	42.60767	182.32027	33.06299	235.54834	41.832108	-5.7184687	2.5656226	30.536762	-20.687325	130.62634	12.696535	12385.129875898361
44	736.15234	38.29254	840.9145	700.04095	23.871979	35.9616	65.34832	-30.26608	1974.9584	50.93729	2070.059	1900.3807	1701.2556	89.04141	1792.6097	1594.3912	1725.1274	123.29074	1857.9581	1564.1251	2711.1108	77.83814	2899.54	2628.003	1000.0	1000.0	175999	184.72044	33.541393	240.61096	44.883232	184.72002	33.542763	242.43088	42.807312	-5.659144	2.5928986	25.136791	-18.75454	130.1265	12.764756	12655.1437997818
45	662.3483	41.880733	742.16736	592.8374	-23.356922	88.079926	32.047718	-175.82205	1948.2985	58.07365	2040.5092	1810.0023	1625.0204	102.376274	1730.0236	1489.6987	1601.6635	179.75233	1757.0176	1313.8767	2610.6465	91.201935	2746.0828	2402.8396	1000.0	1000.0	179999	187.26266	34.092854	247.56313	43.2596	187.26295	34.093864	247.11708	42.226776	-5.6912518	2.5542789	33.988686	-19.184605	129.10864	12.873069	12924.985327005386
46	834.07166	11.718358	848.1179	812.64185	-3.8204224	25.73087	18.708921	-47.205322	2054.151	64.31267	2143.5874	1928.7493	1603.8547	85.818474	1707.819	1502.4033	1600.0344	108.06635	1726.528	1455.198	2888.2227	61.821774	2978.2263	2772.2693	1000.0	1000.0	183999	189.32349	34.42985	248.39348	45.187164	189.32332	34.43134	249.207	43.485077	-5.617954	2.5715234	27.83621	-20.14551	125.663185	13.29333	13245.86498618126
47	757.16113	19.398464	788.5043	709.12085	16.057112	44.257282	89.525925	-27.127182	2108.4111	72.13182	2231.4753	2001.1664	1687.6631	167.06265	1860.2158	1429.1462	1703.7201	192.84012	1895.4684	1422.521	2865.572	74.933426	2979.2095	2752.4924	1000.0	1000.0	187999	191.58308	34.85087	253.04694	44.75772	191.58289	34.852554	256.4537	44.80282	-5.606414	2.5567229	30.2693	-19.131865	128.8779	13.305466	13610.112627029419
48	724.7441	56.23701	795.85565	643.13635	9.279577	50.315857	61.79402	-73.35248	2126.4543	74.61392	2274.2107	1996.5786	1776.5602	64.80567	1874.9274	1709.8207	1785.8398	29.907362	1824.624	1745.5454	2851.1982	101.81413	3062.2231	2680.5122	1000.0	1000.0	191999	193.91956	35.281845	254.83694	45.12986	193.91948	35.284176	255.32146	45.506393	-5.61523	2.517583	24.175217	-21.410786	133.83168	13.674643	13972.254002332687
49	632.3171	12.392481	656.0394	614.929	9.02981	70.586716	124.661255	-64.49484	2230.0842	28.212318	2270.8196	2195.3608	1651.083	224.11888	1828.8077	1270.228	1660.1128	155.00638	1771.789	1394.8893	2862.4014	25.34191	2901.2058	2814.8777	1000.0	1000.0	195999	195.79712	35.59452	257.7032	48.59717	195.79706	35.595215	258.8317	47.11271	-5.672159	2.5313966	22.255928	-20.225548	133.59181	14.151136	14243.155855894089
50	660.26685	101.608246	889.42096	527.3328	-35.624348	19.88158	-11.081978	-62.34686	2180.6501	56.443493	2279.0964	2074.437	1535.8134	385.4473	1785.9766	869.3018	1500.189	372.36673	1762.8945	858.21985	2840.917	125.9921	3090.7778	2707.9758	1000.0	1000.0	199999	197.27544	36.142426	261.9269	47.926926	197.27567	36.145294	262.29187	47.650455	-5.618889	2.5470061	21.096436	-19.885197	131.05617	14.443475	14513.687719583511
51	781.6203	36.032597	821.93823	724.4535	-2.71351	28.27349	25.252954	-40.54824	2196.083	136.70319	2412.1836	2037.3544	1859.0958	67.43717	1966.6381	1784.5624	1856.3823	89.93342	1991.891	1765.1581	2977.7036	166.81471	3223.5676	2769.0874	1000.0	1000.0	203999	198.9318	36.862175	262.08237	49.54714	198.93166	36.864044	262.46964	48.20965	-5.6095123	2.5719035	19.643148	-19.441463	131.15475	15.050526	14784.934632778168
52	745.4135	32.775013	801.84735	686.90656	-31.705166	90.54184	33.775173	-187.85323	2113.768	51.936333	2220.5427	2026.7289	1645.1116	378.79846	1906.6937	990.6502	1613.4062	468.56628	1917.967	802.797	2859.1814	80.30654	3022.39	2713.6355	1000.0	1000.0	207999	200.73232	37.121956	263.0832	47.556286	200.73238	37.124245	263.6676	48.553146	-5.597771	2.5897558	35.687267	-20.78928	128.9205	14.51438	15083.008970022202
53	877.20575	15.194742	904.3091	851.7494	-33.71151	47.573166	42.179287	-80.61506	2301.4497	73.28785	2407.3188	2165.3494	1877.2015	53.35586	1940.3107	1792.6129	1843.49	73.055595	1927.0616	1726.0592	3178.6555	79.0116	3281.2678	3038.5793	1000.0	1000.0	211999	202.60538	37.315334	264.4436	50.7267	202.60574	37.31583	265.85495	48.431683	-5.5924063	2.5999074	39.438866	-17.66801	135.09337	15.076224	15398.228726625443
54	795.257	76.66826	937.86847	711.816	-77.00091	76.68342	37.22817	-171.65318	2188.9946	21.994356	2219.7488	2151.1187	1967.731	102.604546	2109.3958	1851.4188	1890.7301	153.37651	2146.624	1738.9154	2984.2515	73.21319	3151.5437	2892.7522	1000.0	1000.0	215999	204.64598	37.387203	267.47906	50.12021	204.64597	37.38921	266.69016	48.460693	-5.5559764	2.618298	25.649029	-19.173819	136.19257	14.823533	15676.894931316376
55	780.3927	47.839954	819.6966	684.6269	-21.800095	72.093475	87.46033	-97.66178	2141.7856	27.012646	2202.9338	2101.0144	1994.1807	62.0413	2100.4436	1947.3649	1972.3806	101.449165	2097.5762	1849.7031	2922.1782	61.051056	3019.8845	2801.534	1000.0	1000.0	219999	206.47258	37.67927	269.43713	51.438717	206.4725	37.68127	269.62207	49.94143	-5.524312	2.6266775	33.677082	-18.628304	137.1904	15.2938595	15946.072740793228
56	817.24414	17.682579	838.4628	782.2458	-26.81257	13.048726	-9.903221	-45.664165	2289.8633	46.77325	2369.9053	2226.5269	1957.3385	58.790653	2037.5034	1877.4904	1930.5259	53.61245	2007.3098	1856.001	3107.1074	55.346363	3197.1	3033.6692	1000.0	1000.0	223999	208.25974	37.71831	272.2013	49.48455	208.25926	37.721172	272.99918	50.83877	-5.4686217	2.6491816	33.64054	-19.812906	135.38556	15.625464	16301.786623239517
57	801.6314	20.214422	847.48	775.6558	-4.8457756	57.812763	62.32337	-90.99301	2156.234	52.96985	2260.851	2074.1438	2012.3248	17.428055	2036.7877	1987.8364	2007.4792	67.51557	2077.5623	1896.8435	2957.8655	66.306465	3108.331	2855.0347	1000.0	1000.0	227999	209.91614	37.741844	272.83917	51.695286	209.9167	37.743732	272.8089	49.18105	-5.448788	2.6462657	37.907135	-20.295673	136.2931	15.682338	16631.49914264679
58	789.3219	24.600645	831.9285	744.70154	-39.90497	24.6007	-0.99466497	-69.09854	2326.1357	37.54289	2409.8835	2279.1013	2108.3318	146.45663	2205.7874	1855.5132	2068.4268	148.48596	2172.479	1812.6595	3115.4575	40.17889	3194.0623	3051.5308	1000.0	1000.0	231999	212.06795	38.100426	276.1973	49.352436	212.06784	38.103092	274.8271	47.281887	-5.4006906	2.7045507	46.034103	-18.774277	140.81863	15.967216	16901.029903888702
59	786.02844	98.90995	908.612	637.1833	-68.2494	23.001253	-41.408245	-97.76876	2325.8696	47.73396	2397.5437	2253.928	2060.6184	117.47503	2164.3625	1861.3271	1992.3689	107.37305	2075.8457	1810.5538	3111.8982	114.57117	3306.1558	2961.0403	1000.0	1000.0	235999	214.06532	38.325916	277.80804	49.023594	214.06516	38.3277	278.8418	47.463512	-5.360662	2.6984284	21.801304	-19.180191	139.58047	15.964588	17176.1249024868
60	749.23517	7.034852	759.34875	737.1067	-32.961296	56.008232	43.72187	-113.66636	2490.4917	51.91676	2611.7432	2425.7102	2017.2134	82.19572	2111.068	1888.9957	1984.2522	31.878578	2019.249	1932.7177	3239.727	54.030052	3361.275	3169.1182	1000.0	1000.0	239999	216.0016	38.693504	281.74594	45.446274	216.00166	38.69587	281.5689	48.578907	-5.36392	2.687534	27.78949	-20.205894	138.5215	16.224607	17458.409966230392
61	784.80774	16.409008	819.7374	764.92535	-51.19322	47.3668	4.1472187	-110.72434	2662.935	49.96746	2746.5613	2579.4258	1626.4431	996.29156	2362.688	-84.39752	1575.2498	1034.9427	2366.8352	-195.12187	3447.7427	54.147396	3540.4727	3372.0337	1000.0	1000.0	243999	217.53156	39.323456	282.82413	46.438717	217.53168	39.325417	281.6048	46.4578	-5.370507	2.6572096	27.183296	-19.12664	135.82747	16.139183	17749.220803260803
62	816.4461	13.294817	833.4092	781.53064	-29.24218	31.336552	11.896612	-63.818172	2553.508	46.708134	2619.1506	2473.092	2193.1562	25.731993	2227.6897	2156.2847	2163.914	33.962963	2217.7324	2132.3892	3369.9543	47.81187	3437.3447	3291.6926	1000.0	1000.0	247999	219.26305	39.722992	283.6869	44.10359	219.26326	39.723515	282.19003	46.157883	-5.320624	2.6789243	39.462837	-19.220303	130.61026	16.518085	18064.287919282913
63	753.2557	14.080766	769.66235	724.3543	-61.87253	25.68323	-26.360765	-96.473206	2629.1345	28.850863	2677.1267	2583.0881	2274.7944	32.051228	2322.155	2237.934	2212.9219	42.109695	2250.3452	2141.461	3382.3901	33.26023	3433.5923	3334.703	1000.0	1000.0	251999	221.19469	40.080788	290.95837	42.66551	221.19464	40.08286	288.68677	41.894382	-5.2461185	2.686827	27.226065	-19.508392	130.7277	16.51895	18360.343088150024
64	702.9735	66.38613	766.6109	575.2759	-53.19941	46.049965	21.213171	-102.746895	2507.7996	73.2705	2601.9404	2349.3079	2295.6045	62.78367	2373.7356	2200.4746	2242.4053	88.26486	2317.6187	2097.7278	3210.773	106.81253	3368.5513	3055.2961	1000.0	1000.0	255999	223.32224	40.3544	291.13092	44.385155	223.32227	40.35686	291.42297	46.016396	-5.2134376	2.6897612	26.468102	-20.14691	130.07968	16.896126	18630.416363716125
65	899.10156	61.53312	968.1241	812.9276	-42.20062	38.380157	21.883968	-79.74113	2424.9846	35.317944	2482.4446	2362.8818	2337.2874	48.689205	2399.2798	2288.0393	2295.087	32.408207	2319.5388	2239.3083	3324.0864	45.59643	3389.4521	3243.258	1000.0	1000.0	259999	225.4081	40.695606	291.6263	43.95478	225.40816	40.6977	292.58658	42.370064	-5.199055	2.7197747	65.438446	-19.262974	127.51886	16.638817	18910.434190750122
66	750.7727	21.467726	776.34955	696.5199	-14.094017	34.83627	28.196167	-68.55255	2707.182	50.15979	2776.9976	2623.802	2327.8247	120.99588	2529.3105	2222.614	2313.7305	131.0298	2517.6926	2154.0615	3457.9543	66.86266	3542.1707	3320.322	1000.0	1000.0	263999	227.7719	40.97656	295.2171	43.046753	227.7722	40.97952	295.0625	35.952156	-5.19086	2.7266145	30.25544	-19.452724	125.588455	17.314573	19205.1090195179
67	922.6502	10.814459	941.2294	898.5989	-27.294828	72.593925	76.2523	-125.7972	2810.1094	57.487698	2880.9788	2705.6433	2364.3154	80.1704	2493.07	2274.2925	2337.0205	124.849625	2481.1702	2148.495	3732.7593	56.146614	3805.887	3622.0955	1000.0	1000.0	267999	230.0121	41.22064	297.27902	39.401978	230.01176	41.222736	295.58124	37.64031	-5.1216073	2.7486548	50.379578	-20.223425	127.61185	16.987984	19534.91624546051
68	805.1387	76.36576	922.518	741.61743	-12.958244	37.939014	47.206505	-57.333015	2571.4863	103.15861	2774.9385	2423.8245	2303.939	22.589783	2333.5237	2270.738	2290.9807	39.79837	2358.2966	2254.5696	3376.6255	174.09421	3696.0872	3168.239	1000.0	1000.0	271999	231.94923	41.350906	298.57874	41.10492	231.94928	41.354145	298.02585	41.55243	-5.105051	2.7266538	34.71573	-20.306982	123.13911	17.4757	19996.584142923355
69	792.4878	27.117826	843.527	752.4557	-45.496506	47.55013	7.736536	-121.74449	2972.5522	57.85805	3017.8806	2810.954	2461.1533	56.044212	2519.5547	2386.181	2415.6567	65.40947	2527.291	2360.307	3765.0398	73.34938	3852.9907	3576.484	1000.0	1000.0	275999	233.8513	41.668663	301.635	41.047924	233.85133	41.669968	301.96	41.913475	-5.015976	2.7950487	53.67775	-20.723991	120.67156	17.299644	20432.18440914154
70	811.54596	30.411325	861.03546	761.1115	-4.106027	52.124363	30.118036	-94.222534	2862.6042	46.26944	2944.797	2806.6606	2376.9287	36.25234	2420.7117	2323.1306	2372.8225	66.06651	2441.9495	2273.6494	3674.15	60.42537	3785.9878	3612.9238	1000.0	1000.0	279999	235.9958	41.712414	301.83173	45.47324	235.99602	41.714363	301.31845	43.99705	-5.0415363	2.7869473	37.677963	-19.419865	130.1764	17.102911	20814.22444677353
71	725.85266	23.054811	753.2926	674.1617	-90.54152	92.49951	20.734856	-233.61086	2878.8022	63.29373	2970.6104	2797.8223	2400.461	50.09373	2473.144	2353.3152	2309.9194	109.89051	2377.6665	2119.7043	3604.655	56.63128	3703.919	3525.105	1000.0	1000.0	283999	237.9085	41.779366	305.48932	44.369247	237.90958	41.779785	304.77374	41.591595	-5.051995	2.7874353	46.25506	-19.651903	130.05334	17.543602	21085.330870628357
72	728.76013	42.316803	772.8587	667.39404	-48.231266	16.932652	-32.6189	-75.8459	2825.656	57.300438	2922.5688	2722.5554	2469.0525	61.5182	2507.7087	2362.5586	2420.8213	63.19518	2469.4138	2314.4753	3554.4165	76.44478	3691.0273	3389.9492	1000.0	1000.0	287999	239.55763	42.132435	306.78543	44.89981	239.55753	42.134285	306.66034	41.250954	-5.0213346	2.8327057	33.739403	-19.51931	130.3199	17.445082	21356.233988285065
73	846.9069	12.74427	871.59406	831.4884	-50.576733	46.32306	9.808177	-120.23115	3081.1526	70.3732	3204.2485	2950.6775	2601.6396	69.85528	2685.1633	2492.8372	2551.063	109.549385	2643.8184	2372.6062	3928.0593	76.21835	4051.6733	3787.467	1000.0	1000.0	291999	241.9107	42.375683	313.52118	47.304977	241.91118	42.37741	315.9362	46.390694	-4.916666	2.8406057	46.72975	-19.854778	127.823074	17.7754	21717.618508577347
74	791.115	40.19247	906.9144	759.10315	-87.793755	11.898249	-79.00589	-108.26609	2864.8464	90.86205	3073.8413	2749.4927	2524.6921	113.968185	2660.388	2367.2527	2436.8984	116.795715	2579.3494	2288.2468	3655.9614	107.72262	3863.3684	3516.6033	1000.0	1000.0	295999	244.22372	42.55679	314.20547	40.49898	244.22406	42.559048	317.49625	40.783504	-4.871395	2.8806708	40.45683	-19.6973	128.76445	17.303907	22083.938807487488
75	858.6415	37.579235	904.964	759.9853	-92.67784	40.480713	-53.41971	-159.23412	3018.567	70.63855	3148.2925	2923.367	2629.6096	41.299637	2680.0215	2564.9875	2536.9316	64.34198	2626.6018	2475.6821	3877.2083	50.502617	3943.5679	3790.8513	1000.0	1000.0	299999	246.39986	42.77735	317.85306	34.72879	246.39989	42.77956	316.0996	37.13779	-4.9222836	2.8447986	52.05464	-20.669294	123.157265	17.519989	22386.593585014343
76	787.3002	39.018677	851.286	727.8785	-59.509346	45.46421	16.875502	-100.00206	2968.4136	58.456726	3041.2441	2831.3706	2651.5337	29.516218	2691.575	2610.682	2592.0244	71.84209	2708.4504	2524.579	3755.7136	81.725815	3883.687	3593.359	1000.0	1000.0	303999	248.49388	43.0512	317.42474	40.433933	248.49432	43.052162	320.7338	40.69186	-4.8778787	2.875709	59.6544	-21.373127	123.79945	17.268557	22720.53630924225
77	674.4315	14.9736395	703.5067	653.7895	-90.283035	36.78096	-64.68827	-153.60867	3265.8582	50.699924	3325.7976	3136.2603	2734.602	87.88619	2873.7996	2647.4348	2644.3188	110.37627	2798.2395	2493.8262	3940.2898	56.55606	4011.366	3802.4504	1000.0	1000.0	307999	250.8734	43.198715	323.40662	45.38739	250.8732	43.200607	324.81155	42.78784	-4.806289	2.9030123	74.87285	-21.429703	126.59411	17.6571	23150.90698480606
78	781.0222	24.432316	815.24133	734.69037	-99.85461	14.014613	-75.720795	-110.04237	3201.5515	61.133472	3301.3564	3092.8735	2754.946	51.051735	2840.5723	2705.5999	2655.0913	50.494022	2732.7056	2595.5574	3982.5737	64.26547	4102.607	3908.115	1000.0	1000.0	311999	253.03694	43.40685	326.0771	42.607296	253.03728	43.40782	324.78876	43.46446	-4.7711954	2.9135127	41.585632	-18.450819	140.43614	17.743015	23450.193950414658
79	679.4006	22.465847	713.0746	653.1925	-48.930603	38.954365	-9.685732	-113.58256	3194.2166	78.111664	3290.5322	3024.8103	2713.4314	21.75125	2742.5854	2683.317	2664.5007	37.979748	2702.6858	2608.55	3873.6172	69.11789	3954.323	3729.704	1000.0	1000.0	315999	255.15048	43.560265	327.578	47.972206	255.1509	43.560486	325.98523	51.200203	-4.7681165	2.9018395	41.457153	-23.429388	126.46087	17.843649	23722.793979644775
80	781.8219	11.484516	798.39355	763.4257	-91.5196	60.55348	-13.718994	-174.7271	3121.0112	48.56324	3209.9153	3029.3691	2751.638	62.443573	2819.7112	2667.5286	2660.1184	15.117254	2685.2512	2644.984	3902.8333	49.927605	4007.552	3809.2415	1000.0	1000.0	319999	257.4068	43.91364	330.85876	45.456963	257.40762	43.91359	331.81702	47.02385	-4.6637807	2.964833	47.413593	-20.581657	129.29253	18.166664	23994.18346309662
81	807.1971	12.523929	826.3219	781.4742	-108.90647	47.998863	-39.283115	-170.1261	3190.1333	55.192753	3326.0933	3136.9292	2849.0571	88.34859	2999.3757	2784.8872	2740.1506	101.365974	2903.3699	2654.6763	3997.3306	54.812958	4129.115	3942.095	1000.0	1000.0	323999	259.1971	44.181316	339.68607	49.92986	259.19736	44.183228	340.78772	49.346664	-4.7045784	2.940047	66.14707	-20.299603	123.62508	18.25026	24302.50046467781
82	887.4715	15.4364	915.9103	865.8915	-67.43352	33.30545	-35.598717	-123.36419	3288.7332	67.63299	3406.5962	3216.5532	2184.4033	1174.7778	3023.995	157.06906	2116.9697	1207.6565	2988.3965	33.704872	4176.2046	72.87701	4302.796	4083.692	1000.0	1000.0	327999	260.77087	44.291763	333.8831	46.664402	260.77127	44.294075	333.67725	49.089123	-4.814698	2.841705	44.215775	-18.784698	127.235954	19.285543	24686.4247071743
83	913.444	16.56473	940.5727	884.45447	-83.24654	17.636034	-61.86216	-108.695404	3241.3523	381.29138	3447.9414	2113.2227	2938.892	92.68959	3080.8286	2820.8794	2855.6455	99.80535	3007.705	2731.5742	4154.796	374.70587	4375.5337	3048.6003	1000.0	1000.0	331999	260.82645	45.857273	336.2825	43.934822	260.8268	45.858818	340.34457	43.2443	-4.8235106	2.8322968	23.268932	-21.955574	133.67502	20.07824	24995.05330634117
84	922.21326	2.3314917	927.8188	919.57214	-67.22806	12.002823	-46.969078	-78.27947	3525.5645	60.640938	3604.151	3438.2458	2575.0754	601.0616	3090.9226	1550.8901	2507.8477	589.07336	3012.6433	1503.9211	4447.7783	62.133396	4531.9697	4360.5537	1000.0	1000.0	335999	261.17053	46.65363	338.7192	41.700172	261.17093	46.657852	338.43616	44.623505	-4.8002143	2.8559203	27.940498	-19.070349	121.17287	21.048195	25269.944691181183
85	635.6606	23.929918	700.432	614.1102	-80.48129	24.67772	-55.778023	-121.60168	3297.2625	80.84443	3441.3108	3125.419	2957.5215	85.956085	3029.681	2816.61	2877.0403	79.86419	2957.5828	2744.1628	3932.923	90.37749	4094.4153	3751.0813	1000.0	1000.0	339999	261.81818	47.316887	339.50598	35.731205	261.81796	47.32234	344.53076	34.234756	-4.741286	2.8590767	36.905346	-21.21341	124.88761	21.358969	25660.436763048172
86	850.01337	8.878634	864.247	836.82135	-102.588196	28.306435	-83.34966	-151.34557	3534.056	76.34492	3659.9255	3375.282	2697.8203	345.67258	2918.2827	2100.1658	2595.2324	339.11688	2824.5518	2009.0254	4384.0693	80.637985	4515.584	4216.589	1000.0	1000.0	343999	263.1373	47.84884	344.05658	31.88115	263.13727	47.851734	344.9333	36.97477	-4.7138634	2.8703842	41.48357	-19.04455	123.63955	21.29516	26129.942501544952
87	877.8791	34.410446	913.2123	811.224	-69.67569	24.175024	-34.227974	-101.35755	3502.3813	101.40015	3664.4849	3281.0513	2956.1284	86.645134	3075.294	2835.4302	2886.4526	80.48706	3009.6665	2801.2021	4380.2607	127.34525	4573.4546	4130.561	1000.0	1000.0	347999	264.30118	48.24984	343.8066	33.40905	264.3008	48.254276	345.09473	36.92714	-4.6664248	2.9169722	41.14672	-18.918827	126.41537	20.929308	26502.173313856125
88	843.75256	22.234863	882.478	800.67114	-81.04329	84.59168	38.884808	-161.92874	3526.7292	67.35734	3634.7341	3433.7432	2936.2925	32.726078	2972.889	2883.5332	2855.249	112.37108	3011.7737	2721.6045	4370.4814	69.52708	4517.2124	4269.6113	1000.0	1000.0	351999	265.3957	48.4727	342.94446	34.898026	265.39633	48.475735	344.8938	38.36104	-4.7141013	2.9013245	50.089756	-18.44558	125.90574	21.16255	26880.149908065796
89	805.17664	18.562231	853.961	781.4113	-118.46834	25.728598	-91.88176	-150.09026	3259.3862	370.34482	3461.275	2161.5127	2964.4204	60.760113	3019.741	2865.735	2845.952	56.96752	2916.89	2771.3296	4064.5625	354.18314	4249.5747	3015.4736	1000.0	1000.0	355999	267.00757	48.762638	343.53043	35.284576	267.00745	48.766174	341.88467	30.311176	-4.707022	2.9099295	46.766968	-20.81843	125.63791	20.758303	27248.83038330078
90	872.4337	45.29624	922.9188	756.8868	-112.57468	31.236704	-79.81889	-163.49022	3429.7664	68.58677	3516.2961	3338.6418	3050.0447	64.56135	3125.6418	2960.6738	2937.4702	86.89246	3028.1765	2797.1836	4302.2	79.338455	4412.14	4123.5728	1000.0	1000.0	359999	268.23138	49.238438	346.64197	31.39268	268.2311	49.242676	346.56024	30.337458	-4.7408056	2.915303	31.315727	-20.636213	122.45596	20.897692	27577.831667661667
91	864.5873	12.208563	885.4028	840.2226	-111.54415	36.682014	-68.30911	-169.55751	3421.3706	907.6758	3838.277	707.2748	3050.3337	38.11518	3093.4612	2988.8381	2938.7898	54.04537	2993.6802	2880.3093	4285.958	900.52295	4678.4995	1592.6775	1000.0	1000.0	363999	269.20703	49.314938	349.5637	18.03837	269.20792	49.318096	350.13272	23.906277	-4.671792	2.9349623	70.51246	-19.81638	128.15741	20.94495	27951.95192885399
92	826.2754	9.170954	837.3939	809.67523	-125.143875	56.735508	-82.55876	-222.69124	3639.3528	67.794876	3757.746	3556.6038	3086.2075	48.085873	3143.8953	3020.1516	2961.0635	83.49295	3041.974	2840.1072	4465.628	69.39571	4589.9297	4389.7715	1000.0	1000.0	367999	270.62524	49.38207	349.8855	26.59437	270.6254	49.384583	346.73944	26.018528	-4.673556	2.9597182	60.368263	-18.999668	125.216125	20.991997	28228.96605682373
93	732.1666	5.4355373	742.9349	726.0261	-119.81081	29.774319	-84.262314	-166.22719	3544.9192	108.48989	3718.6711	3307.947	3032.4521	114.64384	3138.814	2842.0635	2912.6416	140.49739	3018.5715	2675.8362	4277.0854	111.106674	4458.0063	4037.4067	1000.0	1000.0	371999	272.1318	49.869076	352.37686	19.963459	272.1322	49.873226	351.53662	20.47654	-4.6418705	2.9533708	53.782497	-22.901985	122.49897	21.296413	28503.720836400986
94	913.43005	5.500884	923.44006	904.6896	-74.4583	43.127846	-34.78724	-147.35484	3789.618	69.20096	3915.417	3650.9119	3063.2322	78.260666	3174.606	2956.0723	2988.774	100.56519	3139.8186	2896.4114	4703.048	69.37604	4820.1064	4562.493	1000.0	1000.0	375999	273.42563	50.116745	354.90106	22.082045	273.42593	50.118538	355.84384	26.874054	-4.626158	2.9366636	39.30671	-18.915169	130.1765	21.363281	28799.53860592842
95	902.3493	28.754362	945.14233	842.06195	-104.38118	81.230675	31.058744	-181.69846	3599.687	83.42342	3751.3386	3497.4998	2006.5647	1046.6136	3056.2236	765.5883	1902.1833	1106.3774	3087.2822	618.314	4502.0366	98.08613	4666.163	4388.7915	1000.0	1000.0	379999	274.61517	50.742085	357.2958	28.341148	274.6157	50.74545	353.5457	24.830322	-4.602224	2.9913113	57.327713	-21.41456	127.16864	22.731495	29101.21527671814
96	796.141	22.979923	858.96216	776.3021	-86.530815	51.034733	-27.129799	-152.3934	3139.3591	443.89896	3416.7375	1976.1279	2911.5544	368.66104	3258.764	2313.157	2825.0237	350.8617	3139.3674	2265.4304	3935.5005	421.71277	4202.2144	2835.09	1000.0	1000.0	383999	275.3536	51.44441	360.68497	26.390053	275.35333	51.44913	358.00015	24.525124	-4.6127477	2.9730694	45.783234	-19.227947	128.96709	22.29611	29467.821848392487
97	862.20105	3.9294295	869.46124	856.3793	-134.60672	25.059797	-94.564514	-161.91417	3460.431	53.120434	3549.253	3354.6719	3140.628	82.02415	3226.7317	3017.345	3006.0212	68.30228	3079.3618	2922.7803	4322.632	51.225533	4408.923	4224.1333	1000.0	1000.0	387999	275.92435	52.062416	358.13882	19.91615	275.92477	52.06572	358.30606	22.139128	-4.602646	3.0124328	41.74489	-19.021938	126.3941	22.657293	29834.61491036415
98	890.3236	3.4879856	896.31866	885.31946	-133.77087	49.727737	-74.448494	-190.47807	3668.9043	66.26938	3762.53	3560.8003	3125.824	116.00416	3303.4744	2982.6467	2992.053	153.81766	3208.1018	2807.8623	4559.2275	66.07184	4657.3726	4448.017	1000.0	1000.0	391999	277.5335	52.26503	359.65125	17.932312	277.53394	52.267834	355.31674	18.191263	-4.584128	3.0119092	31.495087	-22.39977	124.89331	22.749496	30198.325221538544
99	854.13214	5.1875267	863.73804	847.28284	-122.0313	39.368294	-74.978294	-184.23553	3793.8704	70.19131	3882.835	3669.646	3164.4102	137.3804	3297.3696	2939.424	3042.3794	132.4634	3173.9292	2824.1565	4648.003	69.55179	4737.693	4524.9814	1000.0	1000.0	395999	279.1851	52.05702	359.9297	26.285505	279.18515	52.059757	362.5353	16.786703	-4.4831667	3.0312371	37.31657	-18.709646	124.07609	23.20168	30529.74775671959
100	805.3774	25.885399	874.3423	783.6218	-144.8697	13.958816	-120.995674	-156.07909	3376.7808	952.8574	3834.4087	526.02075	2487.445	640.56866	3161.5156	1583.5428	2342.5752	650.7396	3040.5198	1427.4637	4182.158	929.65607	4620.4385	1400.363	1000.0	1000.0	399999	280.0999	52.75772	361.54422	14.300944	280.09937	52.76225	360.5132	9.668983	-4.526368	3.0577662	57.075203	-21.072737	117.22475	23.398531	30833.770475625992
101	850.73615	4.419264	859.6877	844.4629	-158.25006	23.845852	-130.60039	-193.99965	3792.27	67.31957	3890.4705	3666.8093	3277.9678	156.40933	3484.2676	3081.8079	3119.7178	158.86636	3340.0464	2951.2075	4643.006	68.095985	4746.371	4515.814	1000.0	1000.0	403999	280.93555	53.21889	365.34518	19.962734	280.9367	53.221214	360.97607	14.04965	-4.434916	3.0311513	22.523607	-19.573832	116.771996	24.69559	31222.989364385605
102	926.45605	9.358662	944.95276	911.63495	-145.86192	26.167526	-101.041	-164.433	3863.0598	45.915382	3930.8596	3764.694	3271.7002	89.88927	3426.5298	3205.6873	3125.8384	85.05191	3262.097	3042.1934	4789.5156	46.139687	4858.693	4682.899	1000.0	1000.0	407999	282.55942	53.404495	372.10635	17.61504	282.55927	53.406075	365.89478	20.137476	-4.41092	3.0488975	33.658585	-20.955103	111.90884	24.289331	31652.732071876526
103	912.0768	9.116915	926.5186	894.58655	-166.09486	14.665308	-147.52385	-187.68988	3331.5833	1355.8738	4057.5383	357.44412	3313.6514	43.591175	3378.284	3270.989	3147.5564	55.10338	3230.7603	3083.299	4243.66	1363.8129	4973.7783	1252.0306	1000.0	1000.0	411999	284.41187	53.565865	369.21085	12.480174	284.41235	53.571354	368.11044	13.488075	-4.4478264	3.0584886	49.661972	-19.34718	101.33535	22.463867	31978.274535894394
104	885.8719	3.6435077	892.6459	879.05676	-124.136116	19.749472	-97.29588	-151.21777	3902.5977	61.227264	3992.274	3821.5413	3358.3892	20.824903	3376.8447	3324.1045	3234.253	25.313938	3275.8408	3207.3801	4788.469	60.993553	4878.3735	4700.598	1000.0	1000.0	415999	286.2373	53.760365	370.33865	14.131773	286.23703	53.7656	370.38528	7.863693	-4.4076557	3.1206243	74.23181	-20.001163	112.8009	22.966322	32323.50078201294
105	860.7876	20.244097	895.3203	837.177	-118.40617	43.581528	-62.886616	-165.07082	3877.3315	64.04376	4002.7017	3783.912	3277.246	126.562996	3451.9612	3120.8557	3158.84	163.89255	3363.026	2964.1238	4738.1196	74.686775	4898.022	4621.366	1000.0	1000.0	419999	288.2481	54.022835	371.138	15.357752	288.2478	54.027317	373.57574	7.128547	-4.3687468	3.1554453	65.34489	-19.16993	99.388374	22.140474	32663.226541042328
106	935.74744	6.2443047	943.4264	921.91547	-191.69937	24.555285	-153.09958	-221.22475	3810.5957	54.613	3907.3909	3711.9146	3354.3296	93.45314	3489.0945	3225.9634	3162.6301	103.694695	3294.977	3004.7385	4746.3433	53.53535	4846.6973	4655.341	1000.0	1000.0	423999	290.21976	54.45944	373.97296	14.658241	290.2204	54.460114	373.84158	15.89098	-4.392585	3.1404617	72.65449	-17.804089	104.33644	23.008257	32943.74898433685
107	888.20264	13.7373295	910.8714	866.162	-171.5795	43.96335	-114.20503	-219.66466	3852.9868	82.5777	4006.624	3705.3457	3320.1284	12.865365	3340.418	3307.123	3148.5488	52.532276	3226.213	3098.6191	4741.1885	82.914604	4881.7954	4582.072	1000.0	1000.0	427999	291.88593	54.91365	375.74203	7.79089	291.8863	54.91408	376.4141	12.725817	-4.306358	3.1222997	58.198124	-20.593994	100.32621	23.969536	33256.141678094864
108	883.3664	16.44046	908.1496	855.0738	-116.927	71.11553	0.76635826	-177.02722	3943.9727	60.44743	4034.2126	3847.8108	3406.9429	77.99749	3532.4421	3333.2063	3290.0159	68.072105	3363.1875	3211.0137	4827.3394	70.646576	4942.3623	4703.855	1000.0	1000.0	431999	293.32977	55.105923	379.13223	-1.7404766	293.3301	55.10833	376.8797	0.61107683	-4.3609576	3.1057687	38.230564	-19.013182	113.0811	23.190538	33641.1060295105
109	954.6222	5.344749	963.477	943.4675	-166.29868	18.430092	-141.9369	-186.45895	3844.3347	81.593414	3980.0874	3684.4556	3363.4011	67.43742	3471.943	3288.9124	3197.1025	80.00438	3316.771	3102.4534	4798.9565	80.80188	4938.25	4642.4316	1000.0	1000.0	435999	294.15695	55.406853	377.17712	2.3155098	294.1571	55.41029	376.12607	1.2306209	-4.37203	3.158421	36.139282	-19.274382	116.15099	23.938625	34069.8268699646
110	950.0026	7.7261977	961.1116	938.5267	-139.94144	26.699728	-108.316154	-177.20366	3968.315	81.803696	4136.759	3853.869	3293.6675	93.30507	3429.7925	3182.4927	3153.7263	106.89421	3321.4763	3060.3193	4918.3174	81.3451	5085.169	4792.3955	1000.0	1000.0	439999	295.18387	55.59729	378.15894	4.202419	295.1845	55.598644	380.33963	7.641116	-4.350756	3.1304224	31.353083	-19.385643	119.060295	23.804789	34531.58668470383
111	950.85876	11.361326	973.4776	935.43634	-148.68867	46.00594	-79.35891	-202.4112	3717.8157	45.534775	3821.2185	3659.1768	3426.7896	101.439644	3542.3606	3307.4822	3278.1008	60.542248	3339.9492	3207.8691	4668.675	49.21781	4778.248	4601.573	1000.0	1000.0	443999	296.5237	55.202896	382.3468	2.8191686	296.524	55.20794	381.1356	2.70093	-4.330197	3.1100986	45.895096	-19.439335	126.44533	24.728952	34848.2461938858
112	918.3166	20.703949	951.2925	869.78204	-173.04158	41.606903	-112.46157	-225.64847	4039.0454	60.139183	4154.782	3964.4382	2823.4868	989.3134	3429.2444	1110.8951	2650.4453	1020.35626	3316.783	885.24664	4957.362	65.11412	5070.1187	4876.8545	1000.0	1000.0	447999	297.34714	55.531948	382.5633	-4.9623275	297.34705	55.534775	383.6863	-6.1541276	-4.368387	3.1402202	41.559708	-18.641523	116.98931	23.599106	35135.77414250374
113	886.48035	6.39846	900.69037	877.00446	-121.54591	31.533154	-76.13554	-151.94508	3817.7476	67.68066	3924.5518	3700.7302	3417.329	38.110558	3459.6099	3373.4158	3295.783	68.89097	3383.4744	3221.4705	4704.228	66.405426	4801.556	4594.8794	1000.0	1000.0	451999	297.8393	56.298565	381.34192	-6.370999	297.8394	56.301178	382.39752	-9.462437	-4.3607345	3.175933	59.828564	-24.334417	117.76652	24.042639	35422.1624352932
114	844.4136	4.8571916	851.8893	833.14075	-167.58353	38.552624	-103.83924	-198.52084	3921.7534	59.345886	4033.9807	3836.8313	3414.8486	76.414215	3498.0015	3293.511	3247.2651	74.00552	3307.85	3123.4275	4766.1675	61.21866	4875.196	4669.972	1000.0	1000.0	455999	298.2718	56.338028	383.27533	-0.9702153	298.27222	56.34011	380.74396	0.7420325	-4.322158	3.1804671	55.63801	-21.284058	134.39285	24.196543	35709.1881403923
115	877.8221	13.781211	900.00555	856.24554	-146.50662	40.481426	-77.21483	-179.6816	3904.0442	274.18665	4077.2485	3091.7107	3422.0044	125.08525	3564.2224	3222.0898	3275.498	90.26908	3399.0093	3144.875	4781.8657	269.0468	4956.573	3984.064	1000.0	1000.0	459999	299.16135	56.747387	384.6954	-6.4706764	299.1614	56.750366	383.19376	0.95563173	-4.2351055	3.174198	45.794434	-17.848104	123.297005	25.2429	35998.040766239166
116	858.868	6.676828	875.0033	849.76135	-175.61803	26.803976	-150.81949	-215.22307	3886.4126	55.308613	3971.9697	3792.7283	3445.4805	118.93957	3598.7559	3273.3804	3269.8623	103.058304	3413.502	3122.5608	4745.281	56.91449	4846.973	4655.0093	1000.0	1000.0	463999	299.84006	56.549625	383.50308	-4.291596	299.8411	56.552525	383.937	-2.359385	-4.2386346	3.190143	56.515358	-18.97584	127.21614	27.006248	36350.40323114395
117	841.00793	24.157393	882.60657	806.8918	-193.22543	53.299107	-119.292145	-269.85477	3563.2278	103.134605	3678.7576	3296.0403	3323.9717	61.720955	3395.7568	3246.8633	3130.7463	103.52716	3276.4648	3011.3643	4404.2354	106.61004	4520.173	4127.61	1000.0	1000.0	467999	299.8473	56.617523	383.8251	-2.1912065	299.84766	56.622192	385.46704	-6.1161413	-4.329452	3.1459832	43.295845	-21.075478	130.54346	25.70914	36801.723170757294
118	826.57697	3.7661917	832.24255	820.4096	-164.49724	31.194082	-138.02956	-215.43324	4081.3691	51.56078	4177.377	3994.9226	3512.4065	68.466415	3614.5598	3439.3171	3347.9092	84.98053	3474.5017	3246.728	4907.946	52.43884	5009.6196	4818.956	1000.0	1000.0	471999	300.44498	56.61403	384.79477	-6.9176893	300.44553	56.61756	384.16953	-9.064302	-4.2659473	3.2016163	134.8338	-19.208736	114.02123	25.29385	37097.14149618149
119	919.8392	7.287489	927.34	907.40546	-188.0883	13.730507	-175.98363	-210.88829	3757.882	97.29611	3879.269	3589.4534	3490.9966	82.00157	3597.677	3380.6055	3302.9084	69.85064	3386.7886	3204.6218	4677.721	97.142105	4787.218	4513.7446	1000.0	1000.0	475999	301.68167	56.473965	386.921	-7.309081	301.6811	56.477585	386.20926	-4.375344	-4.2774587	3.2080674	84.485405	-24.254606	118.5329	24.772163	37390.673567295074
120	914.06433	7.6533384	930.0161	900.7242	-156.67685	22.954931	-121.579834	-181.4804	4083.0657	89.85556	4252.165	3959.0002	3507.7437	59.537704	3558.574	3411.3386	3351.067	70.40767	3404.0261	3229.8582	4997.13	93.658745	5165.5005	4874.3193	1000.0	1000.0	479999	302.86856	56.428894	387.1065	-9.116991	302.8692	56.432713	386.9003	-6.6629214	-4.242777	3.2467046	76.84158	-20.804054	123.76217	24.931084	37689.88865208626
121	993.7798	13.158369	1017.5036	973.1347	-186.77246	42.285423	-132.5384	-247.26102	3925.1453	45.68739	3985.6018	3839.1165	3419.8225	47.11676	3466.6982	3355.8389	3233.0498	88.048386	3330.7832	3108.578	4918.925	46.2522	4975.564	4840.984	1000.0	1000.0	483999	303.98862	56.489746	388.472	-11.932426	303.9888	56.492	388.98148	-11.947381	-4.2317476	3.2318196	55.79893	-22.535053	127.30159	25.683355	37980.730667591095
122	904.3158	9.904322	920.8161	888.2057	-184.62726	6.3868246	-176.41763	-192.53218	4176.1816	67.44898	4286.738	4079.8242	3476.9397	64.191826	3581.0088	3416.2666	3292.3125	68.13858	3404.5913	3235.5635	5080.497	69.29626	5195.1724	4971.4165	1000.0	1000.0	487999	304.4561	56.5337	390.72983	-17.576805	304.457	56.536358	388.60178	-15.119712	-4.2879868	3.1985629	37.79142	-19.215666	129.9721	24.95741	38268.905055999756
123	859.45654	3.0220916	864.9767	855.14264	-150.17216	46.84443	-102.395546	-223.62752	3789.1167	59.326153	3866.5103	3644.4985	3529.443	62.23282	3601.8035	3463.8474	3379.2708	62.557117	3478.1167	3306.8982	4648.573	59.235516	4731.487	4505.404	1000.0	1000.0	491999	305.51837	56.656525	388.82565	-14.310183	305.51855	56.660618	389.6291	-14.320255	-4.163101	3.2763805	109.1078	-18.082245	130.08606	24.922926	38640.1347527504
124	913.44543	4.766641	919.57794	904.7306	-218.77176	31.085356	-165.95107	-241.7425	3985.1602	85.17797	4185.082	3865.8225	3421.0156	127.57727	3576.5898	3287.1616	3202.244	154.28781	3410.6387	3046.3232	4898.6055	88.181335	5100.9775	4771.225	1000.0	1000.0	495999	306.2689	56.66743	391.29135	-11.480917	306.26947	56.669674	389.20267	-12.38101	-4.1855617	3.273175	33.91735	-19.711048	127.04188	25.8372	39083.29023718834
125	887.44226	6.0797153	897.0535	876.06537	-166.32532	50.554367	-81.50034	-213.70581	3895.7976	70.19077	4043.4617	3780.836	3440.4998	65.0015	3536.126	3352.602	3274.1743	77.99866	3355.6526	3173.9478	4783.2397	70.750114	4937.186	4672.6953	1000.0	1000.0	499999	307.6411	56.832268	391.95822	-15.015995	307.6414	56.835136	391.65558	-13.679361	-4.136626	3.2595913	39.048573	-19.305296	125.363815	25.122845	39544.55956745148
126	939.7835	8.111115	956.79565	927.8276	-184.02771	92.83527	-108.79156	-340.7418	3785.077	49.3292	3865.9873	3705.3306	3277.9995	284.71622	3454.1333	2785.0305	3093.9717	260.90723	3330.742	2663.3572	4724.8604	51.829002	4822.783	4645.833	1000.0	1000.0	503999	308.3834	57.64366	392.65054	-18.54829	308.38333	57.650215	393.5668	-19.431755	-4.1908474	3.2631228	36.732	-19.853495	126.83939	26.259474	39846.499641895294
127	907.49677	17.18508	929.7416	873.9243	-176.12584	33.023033	-131.55708	-222.73419	3860.3452	121.530846	4073.7092	3687.8706	3548.7397	62.67689	3652.8882	3495.8262	3372.614	66.22527	3467.75	3280.9675	4767.843	120.3537	4976.512	4593.55	1000.0	1000.0	507999	308.98547	58.022285	392.4484	-20.453384	308.9862	58.024517	391.93842	-23.113659	-4.2168145	3.2335575	42.61617	-19.028175	115.60867	27.156944	40134.82715678215
128	898.5089	7.373931	912.44165	886.66895	-187.96078	24.81858	-165.07448	-227.7884	3787.4011	67.201866	3873.2292	3646.3408	3470.14	27.736008	3503.1023	3436.687	3282.1792	44.538784	3322.0234	3208.8984	4685.909	69.00499	4775.3228	4537.028	1000.0	1000.0	511999	309.5216	57.629906	400.3544	-28.228409	309.52194	57.634796	395.1543	-29.05606	-4.1646495	3.2681863	49.312172	-20.920647	130.83226	28.212883	40583.949043273926
129	915.0879	6.0298038	927.4514	905.5526	-179.44989	43.522785	-130.73045	-237.929	3989.923	67.22816	4149.1143	3906.5186	3428.6511	238.62805	3691.6223	3045.8567	3249.2014	228.8661	3546.5132	2915.1262	4905.011	67.15002	5057.976	4812.0713	1000.0	1000.0	515999	308.50385	57.42802	392.87973	-35.3527	308.50388	57.43112	393.11673	-42.714592	-4.153621	3.2832506	31.04583	-22.765566	117.858795	26.757805	40900.896886110306
130	887.4249	10.681615	905.4463	871.6905	-176.42183	47.35361	-94.94625	-210.89424	4092.2847	67.57647	4223.4644	3972.5	3506.441	71.053955	3568.1873	3388.4602	3330.019	101.10588	3460.6055	3184.167	4979.7095	70.64307	5128.9106	4845.0903	1000.0	1000.0	519999	308.8875	57.99714	392.4976	-40.45033	308.88828	57.99797	393.94614	-40.27162	-4.1172996	3.2772179	42.115517	-19.310652	109.35047	27.491283	41189.32490539551
131	858.84015	5.600143	865.34955	848.67737	-232.33801	50.129974	-150.1525	-285.94318	3748.327	61.821938	3851.117	3668.0845	3520.986	116.7549	3659.5083	3341.72	3288.648	150.08704	3425.6443	3055.7769	4607.167	61.52453	4711.863	4529.4453	1000.0	1000.0	523999	309.7404	57.78641	393.36514	-28.061728	309.74033	57.789097	394.1663	-29.10608	-4.136341	3.2783725	43.820328	-19.661259	113.394394	27.132227	41520.744020462036
132	890.555	3.5945902	896.3718	884.0852	-229.7229	14.456602	-205.05008	-241.96506	4116.5874	65.2092	4226.869	4025.8635	3475.137	82.638054	3614.3748	3408.361	3245.414	75.80947	3372.4097	3172.2053	5007.142	63.538548	5116.6606	4918.378	1000.0	1000.0	527999	310.3167	57.543324	395.88385	-36.850903	310.31693	57.547115	397.38956	-46.879505	-4.108418	3.3130982	35.1326	-19.003668	113.8244	26.837387	41876.866017103195
133	896.8366	3.601293	902.9335	892.1504	-228.72864	38.99843	-193.80629	-291.73837	4108.0186	88.368706	4206.229	3919.5806	3521.2554	24.926962	3545.7925	3485.8892	3292.5264	59.103813	3351.986	3194.151	5004.855	86.8128	5100.425	4822.514	1000.0	1000.0	531999	311.12253	57.463287	395.00543	-25.394566	311.12286	57.462303	397.57892	-32.353027	-4.0947814	3.3110275	74.24232	-19.019894	108.23014	27.051058	42285.88584160805
134	893.70233	3.2829525	897.57825	889.1912	-223.15552	34.93306	-166.16624	-260.3795	3968.681	61.229687	4078.8198	3833.6846	3420.2485	94.17173	3572.4043	3341.0364	3197.0933	126.57913	3406.238	3082.2456	4862.3833	60.897144	4976.181	4731.2627	1000.0	1000.0	535999	311.56436	57.765297	396.93488	-36.645386	311.5644	57.772484	399.9881	-39.57758	-4.167849	3.2960742	37.31005	-21.921732	110.185455	27.05597	42575.189086675644
135	906.7931	6.7379923	916.21185	892.8844	-165.95566	28.16324	-120.516594	-196.10641	3932.4114	82.16711	4051.2173	3811.6726	3529.103	85.67992	3665.474	3442.377	3363.147	111.92178	3544.9575	3246.2705	4839.204	83.80765	4960.669	4717.1465	1000.0	1000.0	539999	312.12497	57.545094	395.10175	-42.231384	312.12497	57.550144	395.43738	-38.188404	-4.174151	3.2708075	44.67746	-18.965515	122.242004	27.613325	42864.701521873474
136	891.5587	6.908778	905.7615	879.9256	-215.03099	27.223486	-174.00206	-248.14723	4107.009	69.200195	4184.5356	3945.208	2715.8535	1412.2383	3648.4355	273.76395	2500.8225	1420.6274	3474.4336	46.027065	4998.5674	69.668	5064.461	4836.904	1000.0	1000.0	543999	312.7395	57.524788	398.04898	-53.194775	312.73926	57.53013	399.2496	-51.592724	-4.1711373	3.2976	49.21621	-19.938328	128.44115	27.351778	43154.429646492004
137	806.78516	12.359138	829.2539	786.753	-171.26486	18.497656	-145.09592	-196.7695	3785.974	53.16236	3871.6528	3666.4575	3346.0862	172.64735	3571.6553	3177.1047	3174.8215	181.3776	3395.988	2982.8362	4592.7593	51.356472	4682.901	4495.7114	1000.0	1000.0	547999	312.80386	58.305714	398.1384	-45.546932	312.80435	58.307022	400.11673	-71.3354	-4.2072654	3.2913995	107.95631	-19.096535	121.14233	28.282991	43443.72228050232
138	871.01886	5.5454855	879.30975	859.7214	-201.3024	33.681534	-150.64432	-244.89514	4085.4312	51.916233	4148.489	3975.3792	3568.5032	28.798162	3600.0095	3525.2441	3367.2007	31.30332	3399.9836	3315.623	4956.45	48.884594	5016.2183	4853.888	1000.0	1000.0	551999	312.64267	58.645683	396.50357	-53.800854	312.64233	58.650642	395.22205	-51.62165	-4.194378	3.2877562	34.446823	-19.874512	121.94581	26.197924	43735.20804691315
139	898.02966	15.783326	926.18616	872.00006	-209.56335	27.057943	-175.72725	-240.11497	4049.9504	50.497055	4131.142	3971.4487	3482.3477	118.39681	3627.1882	3305.7031	3272.7842	101.82416	3387.0735	3129.9758	4947.9795	44.632336	5003.142	4856.336	1000.0	1000.0	555999	312.6762	57.967495	398.1563	-49.900314	312.6765	57.97017	399.7078	-67.407265	-4.240032	3.3373735	54.355217	-19.307247	134.04803	27.627579	44099.70761346817
140	894.827	5.0967135	905.4684	886.5345	-217.14859	24.124352	-188.9795	-254.47647	4113.6465	70.685585	4212.9883	3949.2725	3535.6577	95.57241	3638.6558	3403.4177	3318.509	74.51525	3393.965	3214.4382	5008.4736	68.92686	5099.523	4845.7764	1000.0	1000.0	559999	311.90823	58.118114	397.26868	-62.893665	311.90826	58.121723	397.46036	-62.58428	-4.259537	3.2583299	46.929016	-20.370422	119.720924	27.636387	44504.21005964279
141	872.0	7.9943533	883.6899	854.1606	-197.3819	65.2776	-147.44284	-309.63986	4050.8179	47.908344	4109.3833	3933.735	3467.2095	123.330864	3598.0486	3316.7659	3269.8276	104.09376	3433.7073	3148.6624	4922.818	51.42972	4993.073	4801.7397	1000.0	1000.0	563999	312.08594	58.117977	394.60678	-84.40962	312.0861	58.122665	394.16602	-70.81969	-4.158821	3.3388257	59.053024	-18.864723	102.5368	27.099382	44983.98315167427
142	802.6168	7.550955	813.58746	787.8696	-240.51959	35.761467	-180.96907	-271.33838	3937.298	60.148182	4026.9785	3857.1414	3501.2375	65.81272	3575.0232	3429.0317	3260.7178	57.770294	3313.4604	3171.377	4739.915	56.727516	4835.6353	4660.428	1000.0	1000.0	567999	312.45844	58.483295	398.118	-64.481735	312.45865	58.482	396.0393	-78.27202	-4.152644	3.3207893	34.149418	-19.73835	96.70214	28.620083	45392.77225589752
143	884.0433	18.091745	915.7543	860.26404	-221.50592	34.03976	-182.4083	-266.97153	4064.743	92.48224	4280.5596	3949.7708	3593.4543	104.21486	3763.5195	3490.393	3371.9482	124.02034	3567.7676	3223.4214	4948.7866	103.66045	5185.1597	4810.0347	1000.0	1000.0	571999	313.52014	58.46814	398.22385	-76.340935	313.5204	58.472797	400.0719	-70.38039	-4.2160583	3.302678	79.106575	-19.448383	103.17475	27.902609	45851.93281531334
144	860.82556	10.300685	879.39734	846.63544	-193.64835	48.912384	-126.18464	-263.70944	3863.2512	75.02277	3986.8657	3743.6602	3568.2131	129.27136	3692.1858	3391.1538	3374.5647	115.98845	3506.4375	3191.5103	4724.077	78.99818	4856.4062	4603.643	1000.0	1000.0	575999	314.60693	57.976643	396.25525	-78.81227	314.60718	57.982258	396.01407	-79.64698	-4.1802073	3.2968705	34.24558	-19.759567	103.82237	28.244555	46310.1432890892
145	948.6502	3.2544851	953.6287	943.94714	-238.9622	24.930086	-215.35065	-277.0973	3912.8008	59.546494	3970.8796	3810.527	3558.899	109.89675	3748.1587	3482.291	3319.9368	125.23835	3530.0374	3213.7288	4861.451	57.532307	4918.616	4762.6816	1000.0	1000.0	579999	315.2428	58.379997	397.16364	-87.97772	315.24265	58.382053	397.4151	-91.05051	-4.145849	3.3084812	32.253746	-19.148207	97.32483	27.162659	46716.94497513771
146	829.347	2.9998434	834.06976	825.76715	-191.46738	22.605494	-152.40636	-206.16792	4121.3325	73.58742	4260.476	3997.8477	3513.3677	98.27653	3665.5474	3397.1313	3321.9004	100.57224	3459.3794	3195.134	4950.679	74.69364	5094.546	4831.3545	1000.0	1000.0	583999	315.22397	58.19277	400.21484	-92.3189	315.2243	58.19365	399.3612	-100.749756	-4.1708856	3.3059692	46.605186	-19.117249	111.829506	28.76445	47087.839388370514
147	906.8953	3.9104004	916.0121	901.60077	-259.95718	39.61218	-201.38625	-311.67413	4211.265	93.69371	4301.2817	4041.8684	3506.663	54.400864	3596.8337	3454.4736	3246.7056	56.17235	3324.8528	3187.4436	5118.161	94.10083	5208.3975	4950.2124	1000.0	1000.0	587999	315.73932	58.467976	400.6048	-93.71266	315.73947	58.47027	398.73868	-91.06561	-4.233585	3.3171859	31.45531	-19.67062	107.354866	28.162687	47432.54698014259
148	889.31555	4.872875	897.44714	882.01764	-214.28482	59.58717	-118.789314	-275.82108	4125.9805	61.635857	4275.0723	4033.7087	3574.2673	115.713394	3750.421	3433.213	3359.9827	151.7226	3538.1277	3157.3918	5015.296	62.990276	5168.3945	4918.0015	1000.0	1000.0	591999	316.18677	58.23015	400.9656	-85.85462	316.18643	58.236504	401.43488	-73.69405	-4.1358023	3.3876045	40.01757	-18.29332	104.86762	29.130554	47727.3877658844
149	890.38104	8.29863	901.9707	876.047	-277.0541	60.47271	-210.21689	-356.6	3953.0063	68.819664	4047.128	3769.7632	3237.6995	262.7757	3514.555	2814.3298	2960.6453	250.28258	3287.1697	2604.113	4843.3877	65.64496	4941.307	4670.646	1000.0	1000.0	595999	316.11923	58.395313	400.83133	-77.86768	316.11963	58.398613	400.0563	-74.02388	-4.2761345	3.3677301	47.137688	-19.783543	99.994705	29.874662	48076.01839733124
150	787.17523	10.670896	806.628	769.0244	-214.48816	65.725815	-103.90386	-273.71976	3973.8867	88.27159	4117.0527	3871.4785	3503.7751	46.087856	3580.4329	3457.3723	3289.2874	108.533676	3476.529	3212.798	4761.0615	83.3483	4886.0776	4675.8286	1000.0	1000.0	599999	314.4265	58.436157	396.7849	-53.328876	314.4257	58.43967	397.6437	-53.747158	-4.079745	3.395292	66.94716	-20.382553	90.27417	29.97887	48549.00163292885
151	817.02795	6.3643126	825.4141	805.6384	-225.50165	6.7284703	-216.6532	-235.58179	4200.3076	101.317406	4341.836	4038.8645	3626.6948	61.93129	3721.6082	3569.7124	3401.1934	64.71509	3504.9548	3345.2886	5017.335	103.72009	5165.0044	4844.503	1000.0	1000.0	603999	315.81183	58.215633	400.39432	-70.66787	315.81207	58.219765	399.29462	-69.46125	-4.1095715	3.3510075	38.404922	-18.769676	78.90881	27.67399	48989.37679576874
152	893.83606	7.549058	904.48944	881.53876	-206.30772	9.921377	-193.1059	-220.89273	4047.5425	60.56551	4156.1943	3979.9495	3592.6414	144.28014	3787.6562	3382.709	3386.3335	150.10066	3580.342	3161.8162	4941.379	61.18916	5048.717	4862.9	1000.0	1000.0	607999	317.29535	58.377846	402.99066	-109.10935	317.29538	58.383846	401.92157	-81.90633	-4.070671	3.3672373	46.24382	-20.236996	88.36936	27.560867	49444.24359917641
153	872.31866	5.2825656	880.48785	862.91266	-270.17212	80.80347	-194.52136	-406.05475	4021.5632	55.618755	4101.985	3948.3801	3600.1602	79.45566	3675.5781	3470.3188	3329.988	61.764694	3419.6733	3269.5234	4893.882	57.299084	4981.3687	4816.4277	1000.0	1000.0	611999	318.71243	58.405514	403.25293	-69.929535	318.712	58.41111	402.59775	-60.98153	-4.1181173	3.409379	59.850784	-20.354706	93.381226	27.17372	49858.58270359039
154	897.61194	8.350022	910.98413	883.77985	-195.88826	23.269833	-173.89893	-234.89447	4167.6562	94.52244	4369.417	4013.306	3648.4834	32.339645	3679.931	3594.3782	3452.5952	30.51457	3495.3916	3420.4792	5065.2686	92.39974	5253.197	4902.885	1000.0	1000.0	615999	319.7034	58.36226	406.15683	-50.7317	319.70377	58.364487	405.20255	-52.051987	-4.135876	3.3434265	46.695282	-19.258074	86.44234	27.408606	50172.34147953987
155	818.4505	14.9166155	849.01245	797.13934	-229.35574	23.33811	-205.78334	-255.26361	4214.38	86.23781	4339.1973	4074.1667	3642.2498	74.97709	3750.913	3539.2275	3412.8938	79.47699	3500.9412	3283.9639	5032.831	92.01667	5166.104	4891.565	1000.0	1000.0	619999	320.39877	58.611835	406.8923	-60.45584	320.3992	58.61657	406.52487	-62.692333	-4.0228543	3.4367425	43.289383	-21.166862	102.9134	28.745298	50501.121998786926
156	833.5789	5.022796	845.23315	825.3432	-204.7525	27.204388	-161.09738	-229.35153	4161.5845	62.598896	4237.595	4027.6777	3582.9106	108.76371	3676.5054	3405.0862	3378.1582	115.76026	3463.4841	3179.2327	4995.163	63.38163	5069.041	4861.634	1000.0	1000.0	623999	321.4494	58.260647	407.3982	-84.61776	321.44873	58.263607	405.86826	-57.2351	-4.1260495	3.3232434	34.338596	-18.966602	91.85961	28.596949	50848.84790086746
157	907.31525	7.634624	916.9191	892.13275	-228.85307	45.433735	-178.1737	-298.63116	4127.936	84.73246	4214.8193	3912.0247	3649.4438	66.36638	3705.9465	3536.9678	3420.5908	74.70389	3527.7727	3335.5125	5035.251	83.709175	5125.896	4821.9233	1000.0	1000.0	627999	321.8135	58.488483	406.98074	-54.231323	321.81403	58.490818	410.1018	-62.272865	-4.080133	3.4310932	144.36728	-18.71058	78.129875	28.455322	51190.72712659836
158	823.7248	10.964561	850.186	807.6542	-236.90576	23.967176	-197.7481	-261.91074	4117.8506	61.394394	4207.781	3987.1895	3808.0757	106.86342	3954.5256	3690.6514	3571.17	101.20975	3714.9583	3460.8645	4941.575	59.755226	5040.698	4837.3755	1000.0	1000.0	631999	323.06683	58.735195	409.44067	-59.73134	323.06686	58.741558	408.79636	-58.04082	-4.029693	3.4075031	58.41433	-19.720045	76.01726	27.18423	51529.96412539482
159	918.1112	9.120131	936.7399	903.10095	-228.70135	42.785446	-162.39087	-280.4653	4414.731	69.91551	4506.0347	4298.1055	3791.497	31.833399	3827.519	3746.3157	3562.7954	54.929733	3652.024	3501.9746	5332.8423	66.096756	5424.2183	5231.608	1000.0	1000.0	635999	325.22717	58.65069	410.68015	-92.334946	325.22726	58.6548	413.02008	-54.262184	-3.9008727	3.4538133	77.98877	-20.321636	86.2528	27.299332	51869.40931916237
160	899.63196	7.9847636	918.9339	889.5616	-205.6419	35.137413	-154.05338	-243.09547	4379.652	48.546387	4447.944	4294.65	3949.8433	67.00858	4030.396	3844.2153	3744.2017	88.02267	3837.3652	3611.8271	5279.284	52.499966	5352.614	5184.2114	1000.0	1000.0	639999	327.92484	58.69629	412.5614	-51.121155	327.92447	58.69847	413.92035	-43.667107	-3.856864	3.410659	50.12642	-19.927767	76.21577	26.583628	52209.35304355621
161	868.50604	9.616362	881.26215	847.54175	-255.93623	81.52866	-149.61346	-362.0752	4369.5947	82.39943	4568.596	4263.106	3915.9336	145.1734	4055.1926	3676.547	3659.9976	138.69508	3852.3667	3465.339	5238.1006	83.81044	5442.053	5133.623	1000.0	1000.0	643999	330.26138	59.107822	418.27008	-64.8967	330.26227	59.109745	415.2076	-59.203617	-3.9345212	3.396836	39.3274	-19.299116	79.75073	26.955355	52560.442131996155
162	914.9297	4.1117706	919.8731	908.6247	-211.66095	25.401894	-180.80676	-244.80284	4429.41	123.49939	4610.6245	4197.0195	3940.9338	134.49829	4099.377	3735.615	3729.273	116.10683	3854.574	3541.3467	5344.3403	126.31405	5525.132	5107.806	1000.0	1000.0	647999	331.9466	59.401714	420.5324	-51.595345	331.94623	59.404305	419.13596	-55.620014	-3.9328718	3.4017024	48.82954	-18.266018	73.97186	26.348667	52912.94478535652
163	891.9994	5.5255775	897.0734	879.0047	-228.22438	39.04172	-173.62692	-274.2072	4433.4707	52.329033	4502.2773	4333.2607	3839.3596	65.27839	3929.5527	3746.169	3611.1353	69.2511	3656.7131	3491.6758	5325.4697	51.412693	5397.268	5229.1323	1000.0	1000.0	651999	333.13727	59.35206	419.50128	-61.736248	333.13742	59.353165	417.46402	-69.39633	-3.8321528	3.452099	45.33103	-19.946507	64.673485	30.040808	53258.625664711
164	822.98694	10.25405	845.4878	803.7955	-228.98688	45.99716	-190.90486	-306.79788	4494.4526	75.35639	4690.3696	4388.67	3854.803	32.440872	3897.1057	3817.3599	3625.816	74.75495	3706.201	3510.5618	5317.44	77.63197	5512.439	5200.0317	1000.0	1000.0	655999	334.1545	59.628513	419.7374	-91.01348	334.1542	59.63359	419.9266	-84.235146	-3.8864405	3.4483657	44.935993	-18.23545	61.675102	27.462173	53624.3579955101
165	868.09406	8.344528	884.34717	855.4882	-211.10052	54.958435	-139.8849	-290.03143	4402.2256	94.81265	4582.4077	4234.376	3793.2659	128.06139	3947.1838	3635.3215	3582.1655	97.53237	3699.4736	3476.5996	5270.32	95.88632	5449.3765	5089.8643	1000.0	1000.0	659999	335.58755	59.710045	422.7787	-95.9452	335.58728	59.7157	424.57346	-86.224144	-3.9022777	3.4082656	59.826515	-19.362944	57.902287	28.118547	53996.51341032982
166	970.5262	4.521895	976.3708	960.59406	-243.7149	68.48695	-127.51047	-295.54483	4335.613	57.79323	4435.5537	4243.1484	3874.2327	157.9105	4034.0305	3664.719	3630.518	120.07556	3759.5732	3486.8044	5306.1396	58.003757	5403.2485	5212.523	1000.0	1000.0	663999	335.93143	59.77898	422.67587	-82.37215	335.9316	59.78413	422.77612	-80.91522	-3.8386357	3.4723344	70.89505	-20.65992	53.765846	28.081642	54435.308177948
167	883.4227	3.7022688	890.6453	877.2329	-221.41396	32.113266	-197.97348	-276.6748	4451.6846	80.88201	4562.102	4293.822	4008.3179	96.84713	4171.719	3920.7651	3786.9038	114.58846	3963.4263	3644.09	5335.1074	79.467896	5439.335	5177.9165	1000.0	1000.0	667999	337.23672	59.845158	427.43173	-76.885666	337.23685	59.84916	427.80637	-87.293205	-3.83864	3.4500034	36.885628	-19.462189	47.976315	27.1903	54804.505769729614
168	880.4497	16.477137	905.6282	858.5216	-223.28947	36.035152	-180.82863	-277.79486	4581.536	98.39618	4732.8457	4450.6953	3913.9153	79.9278	4033.8518	3812.5525	3690.6257	97.531654	3803.3967	3534.7576	5461.9854	101.7557	5635.665	5327.4233	1000.0	1000.0	671999	338.3422	59.77023	424.37564	-81.93952	338.3423	59.771976	424.98187	-82.551956	-3.8086293	3.4657488	70.891785	-18.77906	59.70628	27.933157	55149.570444345474
169	826.44073	9.878165	850.0165	814.67883	-277.8583	41.554962	-218.88937	-334.05487	4541.86	88.13813	4721.1797	4444.533	3937.977	141.8274	4084.1858	3720.1584	3660.119	164.64563	3816.5178	3386.1035	5368.3	96.04805	5571.196	5265.5356	1000.0	1000.0	675999	340.09033	59.506336	425.51633	-83.069595	340.09027	59.515873	424.98822	-82.41236	-3.870483	3.5568843	57.55303	-20.425688	63.99804	27.395964	55574.67036962509
170	845.59296	19.695822	876.6769	820.1239	-266.33633	74.88058	-141.80106	-340.82782	4760.4736	103.22831	4912.568	4568.5454	4016.2598	101.91562	4134.0327	3860.5017	3749.923	156.62823	3930.1575	3519.6738	5606.0664	101.638275	5742.9985	5428.591	1000.0	1000.0	679999	342.11505	59.365475	430.68277	-70.01756	342.1148	59.36961	431.7931	-61.873173	-3.8314934	3.4732082	39.93491	-19.763758	61.37012	25.432379	55987.72869515419
171	923.2253	14.103799	944.86475	891.53876	-222.27168	13.690479	-209.03325	-242.6453	4622.9673	51.216637	4689.6646	4547.1494	4161.915	80.00491	4245.161	4066.974	3939.6436	75.4936	4026.4915	3857.941	5546.1924	54.40159	5623.805	5467.4795	1000.0	1000.0	683999	343.90173	60.064484	433.6183	-84.0442	343.90182	60.063408	434.18344	-78.42335	-3.8223374	3.4894283	72.247986	-19.006111	49.919876	26.681484	56381.4543466568
172	904.3922	9.769975	916.32446	883.12585	-238.16827	52.702354	-179.8384	-320.068	4714.7915	96.53082	4827.0503	4492.0093	4125.327	95.41221	4210.8896	3963.513	3887.1587	92.52176	3982.597	3756.1353	5619.183	94.593315	5730.6567	5398.7393	1000.0	1000.0	687999	345.6841	60.1909	433.1121	-69.80914	345.68436	60.193413	434.84537	-70.4816	-3.72221	3.5133634	84.71967	-18.333794	52.68129	27.620407	56722.06882596016
173	926.97284	6.382647	935.3356	915.6351	-222.55217	38.703674	-174.93071	-264.5956	4481.464	90.495384	4649.8823	4381.1846	4170.9497	62.63975	4276.5464	4116.1694	3948.398	86.24945	4082.3574	3851.574	5408.437	91.64838	5579.7876	5302.6353	1000.0	1000.0	691999	347.85144	60.33377	435.7433	-93.88425	347.85107	60.33814	435.78006	-86.01505	-3.755801	3.5406764	69.75036	-19.05338	38.611664	26.432234	57103.085102796555
174	848.172	6.155641	855.11896	836.1327	-232.82587	21.908554	-215.81088	-270.03305	4776.4053	75.40364	4899.84	4646.613	4153.5107	107.95337	4268.653	3976.4165	3920.6848	127.450264	4041.33	3706.3833	5624.5776	77.9796	5754.0405	5501.732	1000.0	1000.0	695999	348.96475	60.930805	436.76227	-74.78163	348.9644	60.936325	436.26407	-80.79165	-3.6803954	3.5540364	53.096413	-18.300312	50.226177	27.817535	57556.91448736191
175	873.0441	3.1625526	877.73926	868.1256	-175.67429	71.82582	-51.769154	-227.25787	4612.1797	75.36345	4750.682	4519.447	4204.3257	29.736399	4233.4453	4157.2866	4028.6519	89.98673	4174.083	3930.0288	5485.224	74.65003	5624.705	5395.602	1000.0	1000.0	699999	350.5898	61.283615	441.01807	-90.986275	350.58957	61.28652	443.4496	-90.26172	-3.7343543	3.5270827	51.370003	-21.012665	42.06578	26.387222	57874.076756715775
176	941.3084	7.8074455	951.4274	929.8912	-222.36748	34.173233	-172.14261	-263.149	4503.25	81.95795	4627.09	4367.9297	4077.215	65.57205	4160.447	3976.883	3854.8477	43.18237	3918.5085	3804.7405	5444.5586	83.81126	5578.517	5301.325	1000.0	1000.0	703999	351.96292	61.051353	442.0472	-88.527596	351.9638	61.05384	442.3342	-79.63213	-3.6746213	3.5169713	65.04454	-19.118979	22.510157	28.600744	58204.32435321808
177	908.0199	10.10395	925.9237	894.08923	-154.59018	35.279705	-116.40638	-190.94768	4690.522	51.674026	4785.0376	4573.3257	4197.2573	141.23772	4320.8335	3957.4998	4042.667	163.92801	4198.4746	3768.852	5598.5415	58.346725	5710.961	5468.9395	1000.0	1000.0	707999	352.22232	61.53479	446.75446	-86.54957	352.22195	61.5378	446.77402	-79.55625	-3.6611502	3.5019126	45.67127	-23.09336	17.786522	28.903175	58644.661920785904
178	933.66486	7.7486453	947.0592	924.1084	-230.74417	24.408236	-207.05005	-265.1458	4897.959	72.957184	5049.2627	4821.5586	4139.728	129.73006	4315.659	3961.4214	3908.984	130.16513	4108.6094	3753.0728	5831.6235	73.80956	5994.9136	5756.802	1000.0	1000.0	711999	353.14594	61.717873	445.9489	-96.6731	353.14624	61.722023	448.1161	-86.116104	-3.7032988	3.5330286	84.8177	-20.693008	34.777447	29.754957	59095.9539744854
179	863.88153	5.086119	874.1263	855.4357	-299.51285	60.448563	-204.40787	-372.4909	4746.284	71.351204	4900.0205	4619.29	4214.396	48.240715	4279.027	4142.939	3914.883	91.72011	4014.429	3770.448	5610.1655	68.50089	5759.3013	5486.298	1000.0	1000.0	715999	354.1354	61.279602	446.28577	-77.474945	354.13467	61.287315	447.91385	-64.771454	-3.6682706	3.513778	53.28524	-19.10714	15.475776	27.546144	59480.47101688385
180	929.5425	24.398518	977.67194	896.2604	-249.0534	41.50166	-200.25235	-293.00082	4952.187	102.66194	5145.023	4822.1333	4187.1963	41.935505	4237.3525	4143.955	3938.1426	58.79178	4021.6833	3856.6636	5881.73	96.95844	6041.7915	5746.47	1000.0	1000.0	719999	355.916	61.302933	449.29712	-72.34757	355.91647	61.30394	450.04797	-67.014496	-3.6141331	3.5589015	41.536346	-17.787956	9.341731	27.832554	59774.47850394249
181	926.80066	5.3828554	935.14844	916.3939	-209.26791	23.130907	-179.0558	-238.98567	4727.431	96.33611	4893.0054	4514.0684	4189.7	50.469967	4270.011	4131.967	3980.4324	44.228783	4031.0254	3909.3347	5654.232	95.13983	5823.733	5443.9663	1000.0	1000.0	723999	357.01373	61.621616	449.00134	-69.50673	357.01477	61.62155	450.60034	-76.97998	-3.5842948	3.5602973	40.074394	-21.83804	19.78638	28.616219	60077.67410159111
182	880.5275	8.862633	894.7461	868.0662	-239.37004	68.868	-135.9423	-327.7068	5052.8413	56.646397	5133.019	4943.167	4362.404	85.5322	4440.278	4219.1177	4123.034	57.012054	4180.0083	4051.151	5933.3687	54.229694	6009.744	5829.0024	1000.0	1000.0	727999	358.74716	61.73612	454.71255	-64.038925	358.74533	61.74154	452.79767	-71.17251	-3.54848	3.5487545	42.90649	-20.218702	14.47862	28.6605	60389.31612086296
183	845.9513	4.163268	853.49915	837.5348	-243.61252	14.484452	-223.10396	-264.07147	4794.534	50.35351	4853.643	4706.292	4158.325	111.307625	4321.9526	4051.2202	3914.7126	123.577484	4098.8486	3796.2976	5640.4854	52.325787	5704.407	5551.092	1000.0	1000.0	731999	360.44803	61.823135	451.08984	-67.25802	360.4486	61.826187	453.98172	-65.59412	-3.5030143	3.552538	34.399654	-22.35001	15.092981	28.97489	60770.32124996185
184	893.8827	11.581236	912.0051	877.099	-200.77158	67.73119	-99.78272	-290.1246	4555.8647	89.34867	4659.3413	4355.311	4362.815	110.65937	4495.5796	4189.163	4162.043	121.260925	4281.931	3989.6323	5449.7476	89.68592	5557.7715	5242.498	1000.0	1000.0	735999	361.87704	61.3768	458.2456	-63.89397	361.87653	61.38253	461.7735	-62.42107	-3.580106	3.534812	33.532635	-19.116535	27.552399	27.707367	61201.861703157425
185	900.09845	3.749529	905.3034	894.83435	-235.55472	11.223105	-220.74677	-252.00577	4889.8535	42.229336	4973.6914	4833.864	4280.17	144.47066	4501.984	4105.528	4044.615	149.30945	4281.237	3873.3018	5789.952	43.256508	5869.0405	5732.8096	1000.0	1000.0	739999	362.88205	61.792645	458.0606	-64.576965	362.8817	61.79979	461.2106	-61.0458	-3.5060909	3.6075687	113.08508	-18.097603	42.173	28.275946	61520.26031541824
186	925.0082	7.0719466	937.3225	910.8197	-248.00137	45.41553	-186.17053	-314.42	4919.9287	84.74055	5065.8047	4809.6455	4304.362	202.43533	4514.0093	4020.7915	4056.3604	180.36258	4229.683	3776.707	5844.9365	82.70117	5987.4243	5739.221	1000.0	1000.0	743999	363.53876	61.675934	463.25095	-72.289955	363.5394	61.67672	461.4494	-65.150894	-3.5285225	3.560501	30.76074	-18.626205	48.101875	30.102348	61885.82650113106
187	977.65314	7.842179	991.2274	965.159	-227.33212	33.069496	-200.63939	-283.9432	4809.88	69.596794	4949.5522	4704.2656	4191.7676	45.798588	4251.3906	4123.765	3964.435	57.594513	4036.8386	3902.6401	5787.5337	66.00487	5918.284	5679.356	1000.0	1000.0	747999	363.3454	62.004234	461.2064	-76.19154	363.34607	62.004425	459.6392	-74.90548	-3.5320375	3.5760038	41.43486	-19.183254	34.92096	29.648727	62371.09039521217
188	827.6747	6.5349526	843.2333	818.3729	-251.43936	14.371944	-227.8317	-266.68973	5002.3213	123.27544	5227.298	4796.4023	4294.6016	41.060143	4351.7173	4239.363	4043.1624	44.314625	4095.2646	3972.6729	5829.9956	128.7061	6070.5312	5614.775	1000.0	1000.0	751999	363.95145	61.80668	467.17877	-59.164394	363.95096	61.813328	460.30606	-72.6627	-3.609129	3.574438	34.339176	-19.901157	36.610428	29.803398	62777.89044332504
189	840.59393	4.7908425	847.84076	832.73065	-209.60062	76.09852	-79.48245	-268.2278	4903.216	119.00802	5068.1226	4688.1035	4404.207	180.41656	4657.8174	4148.5264	4194.606	249.2468	4578.335	3880.2988	5743.8096	120.121666	5912.333	5525.308	1000.0	1000.0	755999	364.4225	61.822563	462.07574	-66.8453	364.42215	61.82937	461.44232	-68.15051	-3.637251	3.5661283	47.248585	-18.969595	48.838867	29.42441	63198.04266667366
190	804.3899	3.8121574	811.55206	800.62915	-260.34952	16.063328	-243.28114	-281.47894	4983.919	106.08425	5190.6494	4787.91	4422.3633	71.09075	4517.764	4319.1846	4162.014	61.61123	4236.285	4072.826	5788.309	106.62513	5991.929	5589.703	1000.0	1000.0	759999	365.4838	62.27065	466.1156	-88.05316	365.48416	62.275444	464.5681	-81.58139	-3.5256855	3.5559216	32.454884	-21.499176	24.536901	29.73715	63606.61511182785
191	876.6138	4.8114033	886.70044	868.0131	-218.81622	48.414684	-166.24242	-289.3424	5061.785	104.23269	5211.4854	4922.256	4340.809	144.40393	4506.7944	4112.1304	4121.993	150.91608	4340.552	3929.4644	5938.3994	100.98384	6085.742	5800.848	1000.0	1000.0	763999	366.9004	62.328545	464.66403	-89.127365	366.89908	62.339504	465.0333	-71.760864	-3.5887496	3.5548112	44.50379	-20.947329	22.551615	28.656153	63943.98241376877
192	905.49677	6.164107	917.8491	898.14026	-277.79132	18.95244	-254.8822	-306.25583	5089.9893	78.43047	5207.0874	4928.6924	4456.2373	137.48354	4629.7334	4276.7104	4178.4463	148.62	4348.1514	3970.4546	5995.486	75.55783	6110.9263	5844.3467	1000.0	1000.0	767999	368.2613	62.34822	469.57996	-79.75858	368.2613	62.354126	470.80276	-76.00447	-3.515195	3.6097515	44.45987	-19.75687	21.76272	29.445211	64272.255190610886
193	951.29755	11.596757	977.1788	933.2972	-252.76765	42.09096	-212.6325	-320.17853	5106.007	112.22926	5254.983	4890.8276	4370.1553	91.27564	4508.1045	4285.105	4117.387	114.604324	4285.7017	3970.3184	6057.3057	112.75767	6206.0576	5826.718	1000.0	1000.0	771999	369.63156	62.148903	471.64032	-84.65588	369.63123	62.151787	469.3868	-76.02251	-3.5074487	3.5989025	52.71723	-19.820364	6.9278502	28.092495	64584.350237607956
194	882.3869	3.359098	890.58844	877.2185	-232.43567	41.990147	-184.74269	-295.22348	5016.5317	85.9562	5199.016	4914.1704	4387.3936	155.98651	4597.8447	4214.038	4154.9575	144.5978	4302.621	3970.1523	5898.919	87.00461	6082.189	5795.784	1000.0	1000.0	775999	370.8954	62.448513	468.7033	-89.37284	370.89624	62.448	469.7323	-81.19998	-3.524062	3.57992	37.44725	-23.623852	7.882162	29.0313	64889.39341711998
195	896.23816	7.825998	907.5592	884.82043	-208.7135	14.795424	-183.91531	-221.64175	4946.535	106.46813	5090.9824	4740.858	4472.796	133.69026	4655.5693	4283.1216	4264.0825	136.2412	4444.318	4061.48	5842.7734	110.17393	5994.2974	5629.947	1000.0	1000.0	779999	371.80576	62.430157	469.17697	-71.17798	371.80545	62.431465	471.49545	-71.064804	-3.5141578	3.589135	52.69699	-20.718287	24.599663	29.079695	65184.78042316437
196	891.509	12.76009	910.8771	868.13544	-223.8676	47.811485	-145.59865	-264.97934	5147.1553	141.42813	5335.2593	4834.6206	4309.589	146.47382	4535.5317	4148.97	4085.7212	193.31842	4389.933	3888.674	6038.664	134.92722	6233.3438	5745.4976	1000.0	1000.0	783999	372.03156	62.54299	473.58005	-71.825836	372.03265	62.54505	473.72858	-75.487724	-3.426138	3.6041136	51.811234	-18.278706	27.74138	31.466343	65499.981359004974
197	919.31757	4.8705254	923.6976	907.2103	-257.7394	37.88762	-196.93863	-299.5859	5159.316	82.07046	5287.158	5011.082	4369.258	64.61373	4462.3022	4279.731	4111.5186	45.491257	4187.523	4071.1714	6078.634	80.93531	6210.3857	5931.369	1000.0	1000.0	787999	372.37433	62.66019	471.47522	-72.540924	372.37323	62.6656	471.40216	-69.99631	-3.3545609	3.6293058	45.510246	-19.260408	7.91175	29.738562	65840.99977207184
198	873.29065	6.370036	882.9869	862.1447	-265.64117	81.932106	-193.82353	-404.82568	4801.5537	99.15985	4957.3765	4624.4873	4399.2773	170.8201	4639.008	4158.5513	4133.6357	122.94471	4234.182	3931.7039	5674.844	98.51389	5836.14	5494.105	1000.0	1000.0	791999	372.17776	62.598663	475.66122	-72.368286	372.17816	62.60323	474.74185	-70.89612	-3.3366292	3.6255257	61.91002	-19.297586	12.543896	30.512445	66260.08029413223
199	867.6868	3.423302	873.1585	861.56555	-313.2898	14.385591	-291.29037	-326.1491	5134.206	51.10326	5227.233	5049.8545	4422.9854	149.47688	4557.61	4177.226	4109.6953	153.40634	4231.461	3851.0994	6001.893	49.38368	6094.0317	5921.211	1000.0	1000.0	795999	373.10513	62.416832	473.5101	-56.039146	373.10468	62.42229	471.76276	-57.351723	-3.419057	3.5997922	65.11216	-20.247818	6.1387205	28.960968	66673.19306492805
200	781.8604	5.0773115	788.1816	772.3664	-278.47046	28.839573	-238.92317	-318.54028	5247.9526	80.8295	5322.5015	5064.93	4554.7456	108.42877	4653.1904	4372.345	4276.2754	84.65408	4343.835	4133.422	6029.813	80.21297	6106.7524	5852.776	1000.0	1000.0	799999	374.4828	62.141937	476.7292	-65.16599	374.48285	62.14778	473.71756	-62.81983	-3.4677553	3.5971515	67.9933	-19.771175	22.826855	29.85143	67012.91253399849
