Epoch	AverageTestEnv0Ret	StdTestEnv0Ret	MaxTestEnv0Ret	MinTestEnv0Ret	AverageEnv0Ret	StdEnv0Ret	MaxEnv0Ret	MinEnv0Ret	AverageTestEnv1Ret	StdTestEnv1Ret	MaxTestEnv1Ret	MinTestEnv1Ret	AverageEnv1Ret	StdEnv1Ret	MaxEnv1Ret	MinEnv1Ret	AverageEpRet	StdEpRet	MaxEpRet	MinEpRet	AverageTestEpRet	StdTestEpRet	MaxTestEpRet	MinTestEpRet	EpLen	TestEpLen	TotalEnvInteracts	AverageQ1Vals	StdQ1Vals	MaxQ1Vals	MinQ1Vals	AverageQ2Vals	StdQ2Vals	MaxQ2Vals	MinQ2Vals	AverageLogPi	StdLogPi	MaxLogPi	MinLogPi	LossPi	LossQ	Time
1	-201.95583	12.500537	-178.83447	-228.33537	-349.50876	79.22105	-252.78416	-468.9826	0.0	0.0	0.0	0.0	0.0	0.0	0.0	0.0	-349.50876	79.22105	-252.78416	-468.9826	-201.95583	12.500537	-178.83447	-228.33537	1000.0	1000.0	3999	10.497659	6.230575	35.613857	-8.108935	10.49863	6.228963	36.659473	-8.274651	-8.2784195	2.073519	18.88416	-17.734112	3392.5212	1.1748412	221.84795141220093
2	-123.743385	8.128369	-114.41162	-140.2271	-325.92706	29.493315	-295.95377	-365.14862	0.0	0.0	0.0	0.0	0.0	0.0	0.0	0.0	-325.92706	29.493315	-295.95377	-365.14862	-123.743385	8.128369	-114.41162	-140.2271	1000.0	1000.0	7999	34.580727	8.491577	70.428116	-3.4620295	34.579746	8.49227	69.88295	-3.6955435	-6.5595956	2.7279177	18.685675	-19.590405	9975.954	2.8686843	508.0010402202606
3	696.435	35.141262	740.72375	647.87146	-298.27884	72.17163	-213.8842	-412.47095	0.0	0.0	0.0	0.0	0.0	0.0	0.0	0.0	-298.27884	72.17163	-213.8842	-412.47095	696.435	35.141262	740.72375	647.87146	1000.0	1000.0	11999	57.21236	6.439452	90.946724	19.478956	57.211803	6.4406004	90.67861	19.460297	-7.3095117	2.4006462	18.328861	-18.768223	16031.468	3.7147481	873.3948171138763
4	873.8594	2.1912766	876.4934	868.83307	-95.97922	27.67525	-59.661392	-132.7929	0.0	0.0	0.0	0.0	0.0	0.0	0.0	0.0	-95.97922	27.67525	-59.661392	-132.7929	873.8594	2.1912766	876.4934	868.83307	1000.0	1000.0	15999	69.979004	4.6192813	99.079636	36.867496	69.97862	4.6227283	98.28282	35.80399	-8.354095	1.6212777	10.212407	-17.125216	19403.732	3.5704565	1323.3667783737183
5	923.34686	4.5150466	932.3283	919.1353	40.62442	89.60616	191.91748	-38.335808	0.0	0.0	0.0	0.0	0.0	0.0	0.0	0.0	40.62442	89.60616	191.91748	-38.335808	923.34686	4.5150466	932.3283	919.1353	1000.0	1000.0	19999	79.26853	4.308534	108.423904	49.649868	79.26821	4.3096347	107.966286	48.089928	-8.366177	1.5142642	18.437838	-18.247087	21971.828	3.3015954	1636.6346080303192
6	968.5448	7.4056544	981.2249	957.68896	114.11131	24.246237	148.83633	83.07749	0.0	0.0	0.0	0.0	0.0	0.0	0.0	0.0	114.11131	24.246237	148.83633	83.07749	968.5448	7.4056544	981.2249	957.68896	1000.0	1000.0	23999	88.34434	4.166526	117.23788	56.59009	88.34439	4.1638703	117.67337	54.812744	-8.243127	1.5274781	15.118582	-18.916254	24442.287	3.2708173	1928.4866008758545
7	906.01337	19.434738	926.96405	870.4008	151.18437	50.439953	221.94716	95.198616	0.0	0.0	0.0	0.0	0.0	0.0	0.0	0.0	151.18437	50.439953	221.94716	95.198616	906.01337	19.434738	926.96405	870.4008	1000.0	1000.0	27999	96.66159	4.019964	129.32698	61.738117	96.66134	4.0146585	128.5112	60.269295	-8.173916	1.539651	13.180029	-20.350658	26667.258	3.1799614	2251.5626509189606
8	904.9618	11.761744	926.8694	889.7329	185.75438	52.257107	237.2938	109.20624	0.0	0.0	0.0	0.0	0.0	0.0	0.0	0.0	185.75438	52.257107	237.2938	109.20624	904.9618	11.761744	926.8694	889.7329	1000.0	1000.0	31999	104.30996	4.039685	134.2768	63.188335	104.3099	4.0368953	132.79794	60.101883	-8.120395	1.5558217	15.125632	-19.033035	28753.348	3.2949142	2686.949006319046
9	898.0456	16.959492	917.2497	867.8002	202.4415	69.86627	316.55777	128.16966	0.0	0.0	0.0	0.0	0.0	0.0	0.0	0.0	202.4415	69.86627	316.55777	128.16966	898.0456	16.959492	917.2497	867.8002	1000.0	1000.0	35999	111.12163	4.313301	143.22104	68.72035	111.12149	4.3111296	141.69038	66.57894	-8.034643	1.5523112	10.440048	-18.075974	30589.34	3.561934	3006.559137582779
10	804.1164	100.127426	993.4472	705.5275	231.8377	19.755486	247.78012	199.10013	0.0	0.0	0.0	0.0	0.0	0.0	0.0	0.0	231.8377	19.755486	247.78012	199.10013	804.1164	100.127426	993.4472	705.5275	1000.0	1000.0	39999	117.22995	4.7770224	146.87564	71.49064	117.22975	4.776706	145.90802	59.479122	-7.964122	1.6065543	11.132379	-18.40836	32174.164	3.8331127	3299.8846683502197
11	927.9876	42.73686	995.0517	871.50446	238.35403	40.29914	296.43076	194.19742	0.0	0.0	0.0	0.0	0.0	0.0	0.0	0.0	238.35403	40.29914	296.43076	194.19742	927.9876	42.73686	995.0517	871.50446	1000.0	1000.0	43999	122.61326	5.2991576	153.28194	73.75918	122.61312	5.2976933	151.43924	70.28754	-7.911099	1.6426331	18.688965	-19.285416	33528.832	4.0570107	3592.2646963596344
12	895.74963	34.61829	988.2077	863.6086	202.15718	44.720356	265.55484	141.11469	0.0	0.0	0.0	0.0	0.0	0.0	0.0	0.0	202.15718	44.720356	265.55484	141.11469	895.74963	34.61829	988.2077	863.6086	1000.0	1000.0	47999	127.31102	6.135297	157.03609	72.657234	127.31095	6.133546	156.2403	65.96957	-7.8916616	1.694705	18.647741	-21.948269	34731.527	3.9568844	3884.3678567409515
13	736.8052	47.326794	827.23926	681.8194	175.17432	122.68152	279.7496	-33.379692	0.0	0.0	0.0	0.0	0.0	0.0	0.0	0.0	175.17432	122.68152	279.7496	-33.379692	736.8052	47.326794	827.23926	681.8194	1000.0	1000.0	51999	131.0489	7.3788347	160.68425	76.1238	131.04881	7.378066	159.42293	75.10831	-7.8873115	1.6704823	15.253906	-19.593708	35743.21	4.0839815	4235.108814001083
14	931.44836	47.049774	1000.5822	835.9787	270.58685	38.26627	332.8114	235.70926	0.0	0.0	0.0	0.0	0.0	0.0	0.0	0.0	270.58685	38.26627	332.8114	235.70926	931.44836	47.049774	1000.5822	835.9787	1000.0	1000.0	55999	134.47601	8.653135	163.0727	72.77306	134.47607	8.651089	161.86638	72.52709	-7.890691	1.6454992	14.671373	-18.091328	36781.504	4.1899304	4616.014956951141
15	984.8696	119.53003	1165.1691	705.1835	279.68472	17.377783	298.82394	253.09927	0.0	0.0	0.0	0.0	0.0	0.0	0.0	0.0	279.68472	17.377783	298.82394	253.09927	984.8696	119.53003	1165.1691	705.1835	1000.0	1000.0	59999	137.82481	9.450335	165.00009	80.45834	137.8248	9.448126	164.04948	77.546135	-7.908282	1.6124641	16.882122	-20.636156	37606.566	4.035715	5015.325580358505
16	855.08905	84.091064	984.8187	758.9145	282.37775	25.55245	313.6848	256.53946	0.0	0.0	0.0	0.0	0.0	0.0	0.0	0.0	282.37775	25.55245	313.6848	256.53946	855.08905	84.091064	984.8187	758.9145	1000.0	1000.0	63999	141.0274	9.962661	164.10689	76.05943	141.0275	9.960481	165.52919	80.350655	-7.897405	1.5818726	19.535675	-18.590899	38326.684	3.8287344	5326.808294534683
17	908.20966	155.58554	1072.7689	529.21313	321.692	50.269527	398.9605	260.3946	0.0	0.0	0.0	0.0	0.0	0.0	0.0	0.0	321.692	50.269527	398.9605	260.3946	908.20966	155.58554	1072.7689	529.21313	1000.0	1000.0	67999	143.90778	10.314827	169.25874	80.48977	143.90797	10.313076	169.9859	74.47496	-7.8865533	1.5895302	16.945292	-21.03862	39065.32	3.7375865	5623.039457082748
18	923.098	120.27226	1018.7195	723.5833	290.17328	53.64318	370.7022	229.75314	0.0	0.0	0.0	0.0	0.0	0.0	0.0	0.0	290.17328	53.64318	370.7022	229.75314	923.098	120.27226	1018.7195	723.5833	1000.0	1000.0	71999	146.58447	10.548047	175.48369	89.44706	146.58447	10.5469885	172.72629	84.61255	-7.8985963	1.569615	20.49287	-20.912207	39818.605	3.7027578	5969.1195340156555
19	1006.6468	42.032215	1045.6239	899.17615	296.93152	24.516327	330.5458	262.1351	0.0	0.0	0.0	0.0	0.0	0.0	0.0	0.0	296.93152	24.516327	330.5458	262.1351	1006.6468	42.032215	1045.6239	899.17615	1000.0	1000.0	75999	148.96211	10.64282	176.74977	90.658936	148.9623	10.640897	175.9065	89.55295	-7.8911614	1.5363967	15.262137	-19.372963	40332.617	3.5866003	6347.55517911911
20	929.31604	158.22472	1141.8424	618.93744	306.25485	46.964363	385.63647	266.47153	0.0	0.0	0.0	0.0	0.0	0.0	0.0	0.0	306.25485	46.964363	385.63647	266.47153	929.31604	158.22472	1141.8424	618.93744	1000.0	1000.0	79999	150.96477	10.652872	175.69543	90.21115	150.96474	10.6525755	173.45792	87.51435	-7.901026	1.5289389	11.764032	-22.248589	40848.52	3.5483227	6737.694562673569
21	909.96466	148.20383	1034.1989	599.86804	308.01874	34.050568	357.3663	261.20444	0.0	0.0	0.0	0.0	0.0	0.0	0.0	0.0	308.01874	34.050568	357.3663	261.20444	909.96466	148.20383	1034.1989	599.86804	1000.0	1000.0	83999	152.90578	10.541749	181.65105	87.41962	152.90588	10.540474	178.85928	87.751495	-7.87054	1.5679389	11.164862	-19.503948	41047.246	3.5237749	7101.252922296524
22	1011.6161	36.66545	1071.9637	948.0695	315.38074	42.186897	385.8081	279.52637	0.0	0.0	0.0	0.0	0.0	0.0	0.0	0.0	315.38074	42.186897	385.8081	279.52637	1011.6161	36.66545	1071.9637	948.0695	1000.0	1000.0	87999	154.68542	10.225788	181.64319	95.23764	154.68553	10.225414	180.14381	96.65916	-7.8851786	1.5802484	17.550808	-18.922482	41419.8	3.604521	7447.261914730072
23	996.0272	25.356243	1041.1382	954.4585	337.20245	33.406178	377.18716	285.39365	0.0	0.0	0.0	0.0	0.0	0.0	0.0	0.0	337.20245	33.406178	377.18716	285.39365	996.0272	25.356243	1041.1382	954.4585	1000.0	1000.0	91999	156.22716	9.936939	185.15483	95.77297	156.22713	9.935789	184.10844	93.63736	-7.8621264	1.6361372	22.740913	-19.819649	41447.16	3.6830857	7866.487380743027
24	959.42664	87.617134	1040.4297	739.1507	311.80112	58.939713	413.64767	273.046	0.0	0.0	0.0	0.0	0.0	0.0	0.0	0.0	311.80112	58.939713	413.64767	273.046	959.42664	87.617134	1040.4297	739.1507	1000.0	1000.0	95999	157.69928	9.508193	190.71979	92.19176	157.69937	9.508328	189.01169	89.14027	-7.818846	1.7332615	16.7988	-18.871124	41616.62	3.8234506	8236.655455827713
25	1002.6017	17.722742	1044.3188	971.905	296.87408	17.031916	310.9641	267.74207	0.0	0.0	0.0	0.0	0.0	0.0	0.0	0.0	296.87408	17.031916	310.9641	267.74207	1002.6017	17.722742	1044.3188	971.905	1000.0	1000.0	99999	158.91609	9.146873	198.74039	88.6455	158.91615	9.145545	193.50041	89.47174	-7.8411126	1.7250649	17.063526	-19.828064	42092.895	3.8412275	8579.280009508133
26	913.9321	115.52138	1043.9557	637.6775	280.34293	29.802658	321.5351	251.61603	0.0	0.0	0.0	0.0	0.0	0.0	0.0	0.0	280.34293	29.802658	321.5351	251.61603	913.9321	115.52138	1043.9557	637.6775	1000.0	1000.0	103999	159.9686	8.946599	192.65164	92.95973	159.96861	8.9473095	195.27774	98.639946	-7.8479643	1.7471552	18.601267	-19.687387	42375.65	3.7266767	8924.32037639618
27	957.2477	101.975105	1036.1987	706.9509	307.08432	26.178211	333.78394	263.92746	0.0	0.0	0.0	0.0	0.0	0.0	0.0	0.0	307.08432	26.178211	333.78394	263.92746	957.2477	101.975105	1036.1987	706.9509	1000.0	1000.0	107999	160.93713	8.667627	203.99744	101.24223	160.93706	8.668135	200.5843	102.52269	-7.8741107	1.7359836	17.342512	-19.21399	42775.902	3.6466758	9298.717847108841
28	966.9507	104.97386	1066.518	770.192	285.78717	15.44667	302.8239	263.57663	0.0	0.0	0.0	0.0	0.0	0.0	0.0	0.0	285.78717	15.44667	302.8239	263.57663	966.9507	104.97386	1066.518	770.192	1000.0	1000.0	111999	161.68637	8.515089	196.20422	107.18912	161.6863	8.515472	194.1963	106.094864	-7.913742	1.6334239	17.506695	-19.012985	42857.8	3.4211645	9642.901644468307
29	1024.4487	96.60342	1216.3077	800.59753	312.93262	17.537638	340.49957	296.34256	0.0	0.0	0.0	0.0	0.0	0.0	0.0	0.0	312.93262	17.537638	340.49957	296.34256	1024.4487	96.60342	1216.3077	800.59753	1000.0	1000.0	115999	162.3781	8.5330515	195.41927	105.85494	162.37807	8.532591	196.40903	100.19376	-7.923951	1.6056879	19.300064	-20.165043	42774.08	3.351645	9999.290243148804
30	1048.4939	51.868866	1112.1305	982.80634	310.86066	27.19606	357.2522	288.29468	0.0	0.0	0.0	0.0	0.0	0.0	0.0	0.0	310.86066	27.19606	357.2522	288.29468	1048.4939	51.868866	1112.1305	982.80634	1000.0	1000.0	119999	162.99438	8.568996	197.57481	96.56836	162.99449	8.568426	195.39676	99.78969	-7.931741	1.587148	15.879181	-18.354431	42572.176	3.3742852	10344.794907331467
31	975.6628	113.551346	1089.4739	662.0153	351.89117	63.26291	414.33554	250.92274	0.0	0.0	0.0	0.0	0.0	0.0	0.0	0.0	351.89117	63.26291	414.33554	250.92274	975.6628	113.551346	1089.4739	662.0153	1000.0	1000.0	123999	163.54092	8.601635	201.91148	95.580376	163.54102	8.602165	198.65747	94.20393	-7.913908	1.602918	21.424252	-18.329456	42351.773	3.3872662	10693.336302757263
32	989.5457	135.21992	1130.6128	615.2172	301.92395	28.921932	349.1749	275.38504	0.0	0.0	0.0	0.0	0.0	0.0	0.0	0.0	301.92395	28.921932	349.1749	275.38504	989.5457	135.21992	1130.6128	615.2172	1000.0	1000.0	127999	164.05989	8.535548	197.97612	93.27455	164.05984	8.534156	193.69644	93.57178	-7.924055	1.6147805	16.908741	-18.832472	41936.598	3.3178515	11042.921130180359
33	984.53156	93.63771	1068.6897	729.27545	322.70526	12.749048	342.09717	306.5471	0.0	0.0	0.0	0.0	0.0	0.0	0.0	0.0	322.70526	12.749048	342.09717	306.5471	984.53156	93.63771	1068.6897	729.27545	1000.0	1000.0	131999	164.6013	8.517786	197.26015	89.74802	164.60147	8.517728	198.50119	89.90045	-7.901197	1.6570779	34.070347	-19.223068	41926.734	3.331132	11511.196076154709
34	917.6129	261.5773	1204.701	447.50357	324.5223	49.87773	400.69608	261.5189	0.0	0.0	0.0	0.0	0.0	0.0	0.0	0.0	324.5223	49.87773	400.69608	261.5189	917.6129	261.5773	1204.701	447.50357	1000.0	1000.0	135999	165.18439	8.432793	209.03136	91.52862	165.18443	8.431743	209.93703	94.7334	-7.945133	1.6120958	25.290012	-18.248692	41639.86	3.347834	11931.496397256851
35	1068.1986	69.06735	1219.9398	995.8186	296.4522	41.488293	350.41464	248.26344	0.0	0.0	0.0	0.0	0.0	0.0	0.0	0.0	296.4522	41.488293	350.41464	248.26344	1068.1986	69.06735	1219.9398	995.8186	1000.0	1000.0	139999	165.59222	8.426632	207.02806	93.541756	165.59229	8.425792	211.63171	94.647255	-7.927229	1.6518338	19.643244	-20.29132	41804.36	3.3527372	12335.998916387558
36	989.27344	78.87935	1080.6561	838.12146	317.5453	34.489246	365.0755	280.81506	0.0	0.0	0.0	0.0	0.0	0.0	0.0	0.0	317.5453	34.489246	365.0755	280.81506	989.27344	78.87935	1080.6561	838.12146	1000.0	1000.0	143999	166.01918	8.263698	206.7367	103.512764	166.01929	8.263511	208.31097	98.983246	-7.9320545	1.6319482	20.526478	-18.806486	41905.324	3.2749453	12681.461292266846
37	1040.9409	30.895979	1105.4558	1005.6272	283.91864	47.11211	336.37894	221.00693	0.0	0.0	0.0	0.0	0.0	0.0	0.0	0.0	283.91864	47.11211	336.37894	221.00693	1040.9409	30.895979	1105.4558	1005.6272	1000.0	1000.0	147999	166.37572	8.286266	206.94907	97.61064	166.37581	8.284766	210.17897	99.61455	-7.939945	1.6114123	15.46229	-18.200813	41767.816	3.2660224	13035.108645439148
38	982.98065	105.73293	1112.3822	720.93317	345.87933	53.51192	429.52365	283.61707	0.0	0.0	0.0	0.0	0.0	0.0	0.0	0.0	345.87933	53.51192	429.52365	283.61707	982.98065	105.73293	1112.3822	720.93317	1000.0	1000.0	151999	166.7247	8.210276	213.5373	101.41665	166.72472	8.208838	212.5378	102.55024	-7.897707	1.6697646	21.020565	-18.749172	41814.71	3.3613567	13405.402191877365
39	1071.8936	58.52817	1218.8293	997.34064	337.01123	92.45401	486.90604	234.04193	0.0	0.0	0.0	0.0	0.0	0.0	0.0	0.0	337.01123	92.45401	486.90604	234.04193	1071.8936	58.52817	1218.8293	997.34064	1000.0	1000.0	155999	167.05145	8.126705	211.1195	100.01444	167.05139	8.126355	213.73956	101.9365	-7.9096613	1.6574867	19.693768	-17.966997	42258.703	3.4319532	13823.098182201385
40	987.0834	66.868904	1065.1711	802.2254	362.92697	18.934332	388.17038	335.2767	0.0	0.0	0.0	0.0	0.0	0.0	0.0	0.0	362.92697	18.934332	388.17038	335.2767	987.0834	66.868904	1065.1711	802.2254	1000.0	1000.0	159999	167.26962	8.037621	213.52199	101.28793	167.26968	8.037623	205.97787	97.845566	-7.9398775	1.5788499	15.748856	-18.998215	42524.473	3.3166976	14287.978822231293
41	1025.5989	31.288965	1092.1444	980.88403	355.15292	98.73773	507.63248	239.56837	0.0	0.0	0.0	0.0	0.0	0.0	0.0	0.0	355.15292	98.73773	507.63248	239.56837	1025.5989	31.288965	1092.1444	980.88403	1000.0	1000.0	163999	167.46185	8.10971	213.92485	100.21452	167.46202	8.109881	211.59013	98.846405	-7.934189	1.6042905	13.1939745	-19.46852	42588.41	3.408529	14778.327167272568
42	970.20233	128.89372	1170.045	676.6914	271.2271	16.901142	299.25888	255.06377	0.0	0.0	0.0	0.0	0.0	0.0	0.0	0.0	271.2271	16.901142	299.25888	255.06377	970.20233	128.89372	1170.045	676.6914	1000.0	1000.0	167999	167.66064	8.151607	213.77379	101.22222	167.66074	8.15138	210.83562	98.63496	-7.967065	1.5787168	15.97834	-19.245277	42393.258	3.2418206	15124.920148849487
43	1010.07733	22.534649	1042.1118	973.42505	326.4695	8.711759	340.2016	316.17264	0.0	0.0	0.0	0.0	0.0	0.0	0.0	0.0	326.4695	8.711759	340.2016	316.17264	1010.07733	22.534649	1042.1118	973.42505	1000.0	1000.0	171999	167.94104	8.067456	214.11801	100.456604	167.94115	8.067972	213.1514	96.94577	-7.9446855	1.586216	34.23679	-19.546824	42186.676	3.2316062	15546.256095409393
44	1040.9225	50.124336	1139.1793	975.4964	270.67157	17.024778	289.4536	245.29063	0.0	0.0	0.0	0.0	0.0	0.0	0.0	0.0	270.67157	17.024778	289.4536	245.29063	1040.9225	50.124336	1139.1793	975.4964	1000.0	1000.0	175999	168.1157	8.176918	213.28728	97.53473	168.1157	8.1756735	212.45358	95.53719	-7.9565988	1.5952418	19.33665	-21.192904	42103.305	3.2530718	15892.915758132935
45	1020.2676	115.358955	1160.5874	794.38385	269.29327	42.492527	326.03552	216.80621	0.0	0.0	0.0	0.0	0.0	0.0	0.0	0.0	269.29327	42.492527	326.03552	216.80621	1020.2676	115.358955	1160.5874	794.38385	1000.0	1000.0	179999	168.30386	8.074822	211.53731	93.58052	168.30415	8.0743475	210.94922	89.70849	-7.939031	1.5934671	21.020954	-19.641369	42085.742	3.2709322	16239.653583049774
46	1026.0355	81.33268	1163.0602	875.5082	338.44394	52.693058	401.6497	259.07822	0.0	0.0	0.0	0.0	0.0	0.0	0.0	0.0	338.44394	52.693058	401.6497	259.07822	1026.0355	81.33268	1163.0602	875.5082	1000.0	1000.0	183999	168.4498	8.067586	214.23503	102.926	168.44978	8.067005	215.30318	101.82191	-7.906085	1.631602	22.59964	-20.431702	42493.6	3.3362427	16689.49588227272
47	937.1703	130.32181	1104.3527	711.714	307.74667	41.52317	375.08328	269.67188	0.0	0.0	0.0	0.0	0.0	0.0	0.0	0.0	307.74667	41.52317	375.08328	269.67188	937.1703	130.32181	1104.3527	711.714	1000.0	1000.0	187999	168.6307	8.066224	211.58357	100.46884	168.63086	8.065968	210.95116	100.5875	-7.9342046	1.6099969	14.77707	-18.598007	42571.617	3.231604	17129.534747838974
48	1047.1338	73.47949	1128.1875	868.4829	322.05975	53.57277	394.76077	263.74176	0.0	0.0	0.0	0.0	0.0	0.0	0.0	0.0	322.05975	53.57277	394.76077	263.74176	1047.1338	73.47949	1128.1875	868.4829	1000.0	1000.0	191999	168.82404	7.923646	213.72989	94.28842	168.82378	7.9225593	215.04202	93.983376	-7.9398127	1.5776886	38.765163	-18.906048	42146.793	3.1914096	17483.81330013275
49	1021.16956	30.432068	1078.0682	966.9306	389.95352	42.47164	456.2219	338.0415	0.0	0.0	0.0	0.0	0.0	0.0	0.0	0.0	389.95352	42.47164	456.2219	338.0415	1021.16956	30.432068	1078.0682	966.9306	1000.0	1000.0	195999	168.91965	7.973462	212.2363	91.081726	168.91985	7.9739637	214.44322	90.917694	-7.92074	1.5997882	26.540667	-19.573156	41478.91	3.3366606	17876.26404619217
50	1018.8185	116.006134	1149.5778	783.57166	344.33432	56.673153	398.54102	249.48009	0.0	0.0	0.0	0.0	0.0	0.0	0.0	0.0	344.33432	56.673153	398.54102	249.48009	1018.8185	116.006134	1149.5778	783.57166	1000.0	1000.0	199999	169.03146	7.9478626	212.67108	100.91941	169.03142	7.94667	211.13315	95.00883	-7.9475026	1.5794756	18.820023	-19.058167	41513.832	3.2722807	18281.66015434265
51	1004.82654	117.39719	1139.6672	672.3178	334.14713	69.1246	453.58505	290.2081	0.0	0.0	0.0	0.0	0.0	0.0	0.0	0.0	334.14713	69.1246	453.58505	290.2081	1004.82654	117.39719	1139.6672	672.3178	1000.0	1000.0	203999	169.13124	7.957184	213.48997	99.67525	169.1315	7.9564013	209.86942	98.43748	-7.95606	1.5722569	24.861969	-19.345394	41805.72	3.230561	18694.836407899857
52	1011.9412	84.65478	1123.4069	792.92316	314.23083	28.500921	349.31766	281.24985	0.0	0.0	0.0	0.0	0.0	0.0	0.0	0.0	314.23083	28.500921	349.31766	281.24985	1011.9412	84.65478	1123.4069	792.92316	1000.0	1000.0	207999	169.2112	7.984725	209.21153	99.041916	169.21112	7.9845943	208.3299	98.48499	-7.974105	1.5865208	18.55262	-18.408352	41735.977	3.2484217	19126.93887257576
53	819.62305	251.972	1047.7363	438.15805	404.11978	52.28842	453.19873	318.11417	0.0	0.0	0.0	0.0	0.0	0.0	0.0	0.0	404.11978	52.28842	453.19873	318.11417	819.62305	251.972	1047.7363	438.15805	1000.0	1000.0	211999	169.33766	7.980997	211.98613	100.486855	169.3378	7.980833	210.49228	97.67117	-7.938157	1.5706216	19.000725	-20.841444	41611.016	3.182682	19537.643845319748
54	971.5049	168.29504	1099.8586	525.6997	355.09192	34.39992	390.16418	310.9685	0.0	0.0	0.0	0.0	0.0	0.0	0.0	0.0	355.09192	34.39992	390.16418	310.9685	971.5049	168.29504	1099.8586	525.6997	1000.0	1000.0	215999	169.44478	8.015377	210.30637	100.29686	169.44478	8.015259	208.74315	95.46792	-7.9607825	1.5494615	12.500899	-19.796299	41492.316	3.203475	19914.834715604782
55	1043.5183	128.15155	1278.7065	726.2645	295.3739	37.49438	350.08508	252.82077	0.0	0.0	0.0	0.0	0.0	0.0	0.0	0.0	295.3739	37.49438	350.08508	252.82077	1043.5183	128.15155	1278.7065	726.2645	1000.0	1000.0	219999	169.60683	7.993744	213.93602	96.64099	169.60684	7.9937844	212.84656	98.13516	-7.9295206	1.6065376	31.549683	-19.861855	40979.848	3.2592206	20404.60062122345
56	1042.323	47.214703	1146.6886	988.2828	315.05408	11.328329	326.22726	296.13425	0.0	0.0	0.0	0.0	0.0	0.0	0.0	0.0	315.05408	11.328329	326.22726	296.13425	1042.323	47.214703	1146.6886	988.2828	1000.0	1000.0	223999	169.75629	7.8053217	211.09627	96.03482	169.75642	7.8049436	217.13257	98.69307	-7.905695	1.5931534	21.03275	-20.972706	40805.55	3.2845328	20901.19045472145
57	1041.106	35.575375	1112.872	993.0859	354.4391	112.928375	548.3717	274.99835	0.0	0.0	0.0	0.0	0.0	0.0	0.0	0.0	354.4391	112.928375	548.3717	274.99835	1041.106	35.575375	1112.872	993.0859	1000.0	1000.0	227999	169.83385	7.6282897	214.07579	97.732834	169.834	7.6271896	216.48347	97.367256	-7.948794	1.5616715	17.910067	-19.476976	40789.496	3.2131147	21338.894279003143
58	1072.4563	51.776417	1164.9719	1015.1923	367.37372	57.44705	431.14902	288.3407	0.0	0.0	0.0	0.0	0.0	0.0	0.0	0.0	367.37372	57.44705	431.14902	288.3407	1072.4563	51.776417	1164.9719	1015.1923	1000.0	1000.0	231999	169.97928	7.3917475	218.38399	100.480865	169.97926	7.3910675	211.01358	96.003876	-7.94859	1.5402598	22.740099	-18.356117	40894.617	3.10148	21691.10595679283
59	991.8717	146.68907	1079.3607	558.5383	363.5324	52.36512	443.7746	312.72668	0.0	0.0	0.0	0.0	0.0	0.0	0.0	0.0	363.5324	52.36512	443.7746	312.72668	991.8717	146.68907	1079.3607	558.5383	1000.0	1000.0	235999	170.11115	7.356352	213.99965	95.95826	170.11118	7.35687	211.90717	93.23	-7.971866	1.527822	25.98197	-18.905544	40885.23	3.0842557	22105.215274095535
60	1083.3047	93.814255	1340.8264	996.80927	317.29596	26.46841	342.3491	276.25055	0.0	0.0	0.0	0.0	0.0	0.0	0.0	0.0	317.29596	26.46841	342.3491	276.25055	1083.3047	93.814255	1340.8264	996.80927	1000.0	1000.0	239999	170.18687	7.4360538	212.84064	92.73721	170.18687	7.4347095	213.45552	87.02724	-7.970546	1.5262246	17.883404	-19.384249	40843.246	3.1641798	22486.30081796646
61	955.97217	142.95541	1096.5447	624.75024	398.4843	72.56787	474.34232	310.9233	0.0	0.0	0.0	0.0	0.0	0.0	0.0	0.0	398.4843	72.56787	474.34232	310.9233	955.97217	142.95541	1096.5447	624.75024	1000.0	1000.0	243999	170.31277	7.4071474	211.87254	90.830894	170.31294	7.4050837	211.18158	89.559166	-7.9235177	1.5592707	16.010933	-19.167156	40957.12	3.1213038	22834.22701883316
62	1014.5858	66.94459	1147.7534	860.7785	311.33075	96.4291	452.35794	199.60495	0.0	0.0	0.0	0.0	0.0	0.0	0.0	0.0	311.33075	96.4291	452.35794	199.60495	1014.5858	66.94459	1147.7534	860.7785	1000.0	1000.0	247999	170.35503	7.5695457	220.10956	92.648445	170.35503	7.568371	216.4667	95.80363	-7.944063	1.5919455	23.018139	-19.88007	40659.87	3.1783414	23182.157480955124
63	982.40076	127.58338	1054.4988	604.2839	341.11066	29.042368	367.49832	293.26273	0.0	0.0	0.0	0.0	0.0	0.0	0.0	0.0	341.11066	29.042368	367.49832	293.26273	982.40076	127.58338	1054.4988	604.2839	1000.0	1000.0	251999	170.49953	7.5910754	212.75122	95.23044	170.49957	7.590088	215.33998	94.00731	-7.9594927	1.5659186	32.191708	-20.11211	40627.56	3.1908083	23530.693526268005
64	1000.59033	161.86597	1215.6146	638.32587	323.44574	47.757175	372.8138	256.9976	0.0	0.0	0.0	0.0	0.0	0.0	0.0	0.0	323.44574	47.757175	372.8138	256.9976	1000.59033	161.86597	1215.6146	638.32587	1000.0	1000.0	255999	170.55576	7.5189962	213.76418	96.285835	170.55592	7.5179768	215.25993	96.164055	-7.9324856	1.556891	31.1829	-18.302723	40509.0	3.1531942	23880.154782295227
65	1028.738	75.894745	1116.1621	880.9163	352.238	30.762493	389.53757	304.98193	0.0	0.0	0.0	0.0	0.0	0.0	0.0	0.0	352.238	30.762493	389.53757	304.98193	1028.738	75.894745	1116.1621	880.9163	1000.0	1000.0	259999	170.6514	7.304617	213.37527	92.70762	170.65126	7.303439	218.24649	91.41729	-7.91538	1.5773815	24.593906	-19.517513	40605.97	3.1627867	24228.37361764908
66	1076.781	78.56656	1252.0668	965.47266	335.88873	35.20918	395.91586	305.9673	0.0	0.0	0.0	0.0	0.0	0.0	0.0	0.0	335.88873	35.20918	395.91586	305.9673	1076.781	78.56656	1252.0668	965.47266	1000.0	1000.0	263999	170.63905	7.453094	213.59941	91.305855	170.63922	7.4517393	215.88774	91.58143	-7.937882	1.5748754	26.222326	-23.727161	41140.797	3.1967719	24588.091435670853
67	1080.9668	80.54033	1306.7797	1015.6472	277.2874	35.015427	316.02582	238.81308	0.0	0.0	0.0	0.0	0.0	0.0	0.0	0.0	277.2874	35.015427	316.02582	238.81308	1080.9668	80.54033	1306.7797	1015.6472	1000.0	1000.0	267999	170.64876	7.4808955	212.88579	89.50717	170.6489	7.479668	212.27824	88.10615	-7.9391913	1.5893638	32.088654	-19.486362	41514.363	3.2869956	24942.143548488617
68	1032.3247	205.62117	1305.3429	568.94684	321.81433	42.743526	371.7368	267.38446	0.0	0.0	0.0	0.0	0.0	0.0	0.0	0.0	321.81433	42.743526	371.7368	267.38446	1032.3247	205.62117	1305.3429	568.94684	1000.0	1000.0	271999	170.63155	7.547718	213.3279	96.24315	170.6316	7.5459127	216.26497	93.21726	-7.9298644	1.5786952	24.244848	-21.497837	41807.06	3.2657585	25296.51130414009
69	1042.8135	43.097057	1159.4501	1000.918	380.89587	76.60532	468.21054	280.6833	0.0	0.0	0.0	0.0	0.0	0.0	0.0	0.0	380.89587	76.60532	468.21054	280.6833	1042.8135	43.097057	1159.4501	1000.918	1000.0	1000.0	275999	170.6132	7.612495	216.87598	97.099594	170.61337	7.611242	214.73807	96.629456	-7.933763	1.543802	18.835928	-18.117044	41874.88	3.1710398	25696.33931207657
70	1061.4681	41.974297	1139.3994	994.39874	332.6908	29.092182	382.26065	308.90823	0.0	0.0	0.0	0.0	0.0	0.0	0.0	0.0	332.6908	29.092182	382.26065	308.90823	1061.4681	41.974297	1139.3994	994.39874	1000.0	1000.0	279999	170.64368	7.6374393	214.51518	94.45337	170.64368	7.6358986	212.90598	96.964264	-7.9386106	1.5431486	20.743816	-20.3457	41914.785	3.1320126	26101.553609132767
71	1045.967	42.414787	1135.7332	957.81354	376.2582	81.456985	487.36646	277.35657	0.0	0.0	0.0	0.0	0.0	0.0	0.0	0.0	376.2582	81.456985	487.36646	277.35657	1045.967	42.414787	1135.7332	957.81354	1000.0	1000.0	283999	170.65102	7.6850815	214.67987	88.97628	170.65108	7.68281	213.49144	92.347694	-7.936475	1.5770437	23.515282	-18.32481	41789.004	3.2137954	26510.05207133293
72	1060.1028	24.200535	1109.3915	1028.3639	334.66843	50.848446	421.76105	297.71698	0.0	0.0	0.0	0.0	0.0	0.0	0.0	0.0	334.66843	50.848446	421.76105	297.71698	1060.1028	24.200535	1109.3915	1028.3639	1000.0	1000.0	287999	170.6914	7.71654	213.39447	93.40827	170.69138	7.715701	211.96825	93.8484	-7.9578633	1.5587637	37.585854	-18.661533	41695.867	3.2027256	26972.127391576767
73	1009.76624	32.31128	1053.9692	941.9795	291.12323	36.025776	319.12677	229.28162	0.0	0.0	0.0	0.0	0.0	0.0	0.0	0.0	291.12323	36.025776	319.12677	229.28162	1009.76624	32.31128	1053.9692	941.9795	1000.0	1000.0	291999	170.7843	7.6020303	215.13927	94.69761	170.78432	7.6024127	213.26697	93.39595	-7.956194	1.586146	53.088013	-20.362663	41758.44	3.1562564	27392.36083507538
74	997.51074	81.55461	1102.2856	779.43854	319.53302	56.104836	406.81613	253.29272	0.0	0.0	0.0	0.0	0.0	0.0	0.0	0.0	319.53302	56.104836	406.81613	253.29272	997.51074	81.55461	1102.2856	779.43854	1000.0	1000.0	295999	170.8111	7.6388006	213.02579	98.302536	170.81116	7.638565	214.07486	97.364456	-7.951426	1.5602142	35.945755	-18.79672	42031.688	3.233275	27823.699977874756
75	1081.7542	70.124535	1208.0175	1004.75085	329.73276	42.028137	376.55704	269.88998	0.0	0.0	0.0	0.0	0.0	0.0	0.0	0.0	329.73276	42.028137	376.55704	269.88998	1081.7542	70.124535	1208.0175	1004.75085	1000.0	1000.0	299999	170.78032	7.6981473	214.49649	95.05347	170.78024	7.696953	213.86493	94.81322	-7.966394	1.5599701	26.534992	-20.132336	42585.03	3.231352	28304.744380950928
76	1045.5569	32.698647	1125.0409	1007.8314	326.91068	63.823563	388.59607	219.92152	0.0	0.0	0.0	0.0	0.0	0.0	0.0	0.0	326.91068	63.823563	388.59607	219.92152	1045.5569	32.698647	1125.0409	1007.8314	1000.0	1000.0	303999	170.80263	7.717628	214.51698	93.7808	170.80273	7.718211	212.24779	89.35265	-7.947155	1.5309535	27.048306	-19.509455	42420.49	3.1841109	28827.85107445717
77	1028.7109	18.623135	1062.1095	992.07605	473.12378	75.750854	568.29456	392.9391	0.0	0.0	0.0	0.0	0.0	0.0	0.0	0.0	473.12378	75.750854	568.29456	392.9391	1028.7109	18.623135	1062.1095	992.07605	1000.0	1000.0	307999	170.84796	7.6765866	216.51811	89.694046	170.84792	7.6755953	214.32945	89.04371	-7.9397125	1.5733607	27.442322	-19.24739	42273.465	3.2910063	29191.544414281845
78	1081.26	61.928284	1238.3949	1013.0212	361.8332	39.990406	410.4282	320.3181	0.0	0.0	0.0	0.0	0.0	0.0	0.0	0.0	361.8332	39.990406	410.4282	320.3181	1081.26	61.928284	1238.3949	1013.0212	1000.0	1000.0	311999	170.90475	7.6049905	215.18427	85.85208	170.90462	7.604697	211.03143	84.084595	-7.9631033	1.516474	18.115196	-19.484768	42410.223	3.23782	29577.407219409943
79	1001.03467	3.5588968	1004.91095	994.8336	411.57184	72.46488	505.214	302.86862	0.0	0.0	0.0	0.0	0.0	0.0	0.0	0.0	411.57184	72.46488	505.214	302.86862	1001.03467	3.5588968	1004.91095	994.8336	1000.0	1000.0	315999	170.9202	7.656134	214.4195	86.69803	170.92033	7.6531506	216.6106	83.63151	-7.9908643	1.4757732	18.72026	-20.33327	42473.984	3.3480284	30029.177946805954
80	992.02576	2.5374293	997.64795	988.0721	252.55487	66.51114	356.6029	188.06151	0.0	0.0	0.0	0.0	0.0	0.0	0.0	0.0	252.55487	66.51114	356.6029	188.06151	992.02576	2.5374293	997.64795	988.0721	1000.0	1000.0	319999	169.50336	9.806958	205.32938	74.0354	169.50375	9.802912	206.08284	68.59885	-8.091264	1.2111348	-5.3722878	-18.24355	42367.715	3.7512035	30430.258887529373
81	999.22864	2.3396935	1004.80707	996.0396	321.2912	9.640304	332.3597	306.97543	0.0	0.0	0.0	0.0	0.0	0.0	0.0	0.0	321.2912	9.640304	332.3597	306.97543	999.22864	2.3396935	1004.80707	996.0396	1000.0	1000.0	323999	167.66441	12.644536	200.35718	60.212624	167.66454	12.64058	198.7696	65.176956	-8.067978	1.2187523	-3.2096124	-18.969765	41781.16	4.2446966	30867.512417554855
82	1003.03723	0.7716792	1004.565	1001.5435	342.83588	52.789402	414.69128	272.9853	0.0	0.0	0.0	0.0	0.0	0.0	0.0	0.0	342.83588	52.789402	414.69128	272.9853	1003.03723	0.7716792	1004.565	1001.5435	1000.0	1000.0	327999	165.85828	15.290365	203.8858	52.831287	165.85843	15.285556	202.23373	54.205082	-8.038227	1.2293663	43.08357	-20.094765	41371.56	4.6646953	31301.478688955307
83	990.62756	2.9262722	995.93024	986.5371	211.96425	27.040007	254.05898	178.58751	0.0	0.0	0.0	0.0	0.0	0.0	0.0	0.0	211.96425	27.040007	254.05898	178.58751	990.62756	2.9262722	995.93024	986.5371	1000.0	1000.0	331999	164.25806	17.233036	201.68617	44.54223	164.2584	17.228146	199.87569	40.914173	-8.115095	1.2102225	-2.55339	-18.600754	40476.09	5.0440526	31680.801667928696
84	997.7327	2.877238	1002.7631	992.18994	294.00363	26.546762	311.23462	248.07138	0.0	0.0	0.0	0.0	0.0	0.0	0.0	0.0	294.00363	26.546762	311.23462	248.07138	997.7327	2.877238	1002.7631	992.18994	1000.0	1000.0	335999	162.9681	18.670847	195.55266	40.526867	162.96837	18.66818	195.01102	38.69478	-8.129486	1.1995469	-5.435478	-19.22681	39768.62	5.168184	32039.570458173752
85	997.2252	2.606974	1000.3489	991.9257	307.94037	10.280293	315.22983	290.31183	0.0	0.0	0.0	0.0	0.0	0.0	0.0	0.0	307.94037	10.280293	315.22983	290.31183	997.2252	2.606974	1000.3489	991.9257	1000.0	1000.0	339999	161.91818	19.673542	198.64966	38.480984	161.91817	19.67074	204.05005	40.07695	-8.15377	1.2162956	116.93576	-18.38418	39351.86	5.458644	32399.861663103104
86	992.1542	3.681673	998.08734	987.3475	273.6982	49.955406	305.79428	187.30154	0.0	0.0	0.0	0.0	0.0	0.0	0.0	0.0	273.6982	49.955406	305.79428	187.30154	992.1542	3.681673	998.08734	987.3475	1000.0	1000.0	343999	161.16214	20.315609	197.373	39.819588	161.16211	20.314253	194.06609	35.72939	-8.170498	1.1920215	-5.428893	-17.927795	39384.008	5.259503	32876.974732637405
87	994.988	1.6845483	998.35974	992.4827	271.27466	87.576584	331.22058	121.034325	0.0	0.0	0.0	0.0	0.0	0.0	0.0	0.0	271.27466	87.576584	331.22058	121.034325	994.988	1.6845483	998.35974	992.4827	1000.0	1000.0	347999	160.6471	20.654198	192.51514	36.359604	160.647	20.651083	196.24083	32.71379	-8.129548	1.2017851	-5.477779	-19.44861	39193.215	5.404858	33285.46713757515
88	993.79865	1.8106481	995.8409	989.52814	276.8483	45.84838	347.0481	221.624	0.0	0.0	0.0	0.0	0.0	0.0	0.0	0.0	276.8483	45.84838	347.0481	221.624	993.79865	1.8106481	995.8409	989.52814	1000.0	1000.0	351999	160.0864	21.057165	193.9613	30.849905	160.0866	21.05498	192.05843	27.705261	-8.152989	1.1961895	-5.5565214	-19.772842	38784.098	5.36595	33650.443739652634
89	996.24365	1.7510158	999.21576	993.3735	288.41968	19.55137	313.6957	266.61426	0.0	0.0	0.0	0.0	0.0	0.0	0.0	0.0	288.41968	19.55137	313.6957	266.61426	996.24365	1.7510158	999.21576	993.3735	1000.0	1000.0	355999	159.6983	21.344856	197.80022	28.042238	159.6982	21.343845	196.35277	23.287342	-8.192187	1.1802448	-5.535157	-17.556927	38873.195	5.272311	34062.43180322647
90	996.87024	3.4223707	1002.83826	992.5745	265.3258	27.385983	312.44275	246.42918	0.0	0.0	0.0	0.0	0.0	0.0	0.0	0.0	265.3258	27.385983	312.44275	246.42918	996.87024	3.4223707	1002.83826	992.5745	1000.0	1000.0	359999	159.52068	21.4952	196.51259	36.83513	159.52069	21.492662	192.42845	34.843014	-8.159185	1.1903287	5.708127	-19.818623	38703.28	5.319212	34472.06945872307
91	996.4824	1.5448221	999.74896	994.1912	263.34015	22.44266	287.15344	227.1125	0.0	0.0	0.0	0.0	0.0	0.0	0.0	0.0	263.34015	22.44266	287.15344	227.1125	996.4824	1.5448221	999.74896	994.1912	1000.0	1000.0	363999	159.29285	21.611063	198.28818	33.54995	159.29295	21.610508	195.8648	30.371878	-8.176793	1.1903279	1.5299768	-18.052261	38872.95	5.5491934	34885.74671268463
92	996.5917	3.2510374	1003.8908	991.6522	256.7388	50.93025	305.35333	173.57198	0.0	0.0	0.0	0.0	0.0	0.0	0.0	0.0	256.7388	50.93025	305.35333	173.57198	996.5917	3.2510374	1003.8908	991.6522	1000.0	1000.0	367999	159.1163	21.795994	195.2583	33.292313	159.11621	21.79591	199.2897	34.536964	-8.166833	1.1957309	-5.192415	-19.949207	38482.49	5.6506586	35263.41893172264
93	994.74286	1.567264	997.3686	992.3345	280.26898	26.055481	323.93863	255.79297	0.0	0.0	0.0	0.0	0.0	0.0	0.0	0.0	280.26898	26.055481	323.93863	255.79297	994.74286	1.567264	997.3686	992.3345	1000.0	1000.0	371999	158.97928	21.84025	197.56702	19.361929	158.97906	21.839016	197.20961	28.668135	-8.140073	1.1984503	-5.4604616	-18.966381	38411.973	5.420118	35662.374747276306
94	987.7869	3.102609	992.58923	984.20435	254.8908	8.458228	266.18964	243.92934	0.0	0.0	0.0	0.0	0.0	0.0	0.0	0.0	254.8908	8.458228	266.18964	243.92934	987.7869	3.102609	992.58923	984.20435	1000.0	1000.0	375999	158.99042	21.824732	195.6141	22.112518	158.99042	21.82474	195.83733	17.526897	-8.1517	1.1969322	-5.4619236	-19.581818	37824.77	5.6325	36074.99607038498
95	988.96747	3.5120857	994.49994	983.6432	300.26773	89.77847	453.92316	236.06955	0.0	0.0	0.0	0.0	0.0	0.0	0.0	0.0	300.26773	89.77847	453.92316	236.06955	988.96747	3.5120857	994.49994	983.6432	1000.0	1000.0	379999	158.78716	22.076504	191.11143	19.847748	158.78699	22.075726	194.49089	21.777561	-8.18395	1.192727	-5.4273605	-19.355923	37090.55	5.4611893	36432.219663619995
96	990.0837	1.6152322	991.8867	986.34094	321.41907	28.73118	366.87155	287.3211	0.0	0.0	0.0	0.0	0.0	0.0	0.0	0.0	321.41907	28.73118	366.87155	287.3211	990.0837	1.6152322	991.8867	986.34094	1000.0	1000.0	383999	158.62971	22.172457	191.08037	12.797945	158.62988	22.17361	189.16362	14.51407	-8.166879	1.1912357	-5.359268	-19.4749	37016.57	5.598729	36805.94017624855
97	999.42664	2.1368408	1003.8193	996.1035	283.75476	53.094013	345.32333	203.41985	0.0	0.0	0.0	0.0	0.0	0.0	0.0	0.0	283.75476	53.094013	345.32333	203.41985	999.42664	2.1368408	1003.8193	996.1035	1000.0	1000.0	387999	158.51186	22.121496	195.45152	7.3066473	158.51176	22.12191	198.66531	9.20569	-8.184148	1.18677	-5.5383725	-20.033257	37135.727	5.3543243	37207.351623535156
98	996.6502	1.881626	999.60376	993.5232	272.55817	45.61441	302.32718	193.65286	0.0	0.0	0.0	0.0	0.0	0.0	0.0	0.0	272.55817	45.61441	302.32718	193.65286	996.6502	1.881626	999.60376	993.5232	1000.0	1000.0	391999	158.69855	21.947615	195.13924	17.903814	158.6986	21.94714	198.79169	20.508774	-8.198069	1.1816891	-5.427864	-18.1009	37298.49	5.4034295	37671.964960575104
99	996.21875	1.8528811	999.4122	993.28107	276.42676	31.54718	322.56293	239.80281	0.0	0.0	0.0	0.0	0.0	0.0	0.0	0.0	276.42676	31.54718	322.56293	239.80281	996.21875	1.8528811	999.4122	993.28107	1000.0	1000.0	395999	158.81969	21.815996	195.72507	18.409096	158.81963	21.815197	199.22513	17.575966	-8.191398	1.1820563	-5.4394894	-19.093191	37346.94	5.3173475	38115.33929634094
100	993.99084	2.130963	997.4003	991.3062	274.65668	11.703995	287.81598	256.48093	0.0	0.0	0.0	0.0	0.0	0.0	0.0	0.0	274.65668	11.703995	287.81598	256.48093	993.99084	2.130963	997.4003	991.3062	1000.0	1000.0	399999	158.89095	21.713238	195.19527	19.022867	158.89096	21.712915	195.29466	24.836475	-8.191311	1.1823552	-5.6163445	-18.459011	37599.17	5.3172393	38540.92429971695
101	1001.6293	3.422439	1005.46136	993.885	280.0777	38.11848	328.7322	226.11775	0.0	0.0	0.0	0.0	0.0	0.0	0.0	0.0	280.0777	38.11848	328.7322	226.11775	1001.6293	3.422439	1005.46136	993.885	1000.0	1000.0	403999	158.96098	21.657318	198.43929	27.355963	158.96082	21.656206	198.41925	24.03287	-8.194794	1.1834764	-5.417789	-18.053782	37780.305	5.3280406	38941.87117648125
102	989.4167	3.3458908	995.45636	984.3715	262.8912	27.51131	293.1728	227.06636	0.0	0.0	0.0	0.0	0.0	0.0	0.0	0.0	262.8912	27.51131	293.1728	227.06636	989.4167	3.3458908	995.45636	984.3715	1000.0	1000.0	407999	159.10416	21.528315	190.0277	23.939095	159.10432	21.52773	189.43332	21.183817	-8.233469	1.1730397	-5.615432	-20.912115	37621.414	5.1442366	39379.03979063034
103	997.77814	1.9463571	1001.8849	993.7199	247.20984	46.023083	318.99762	194.16702	0.0	0.0	0.0	0.0	0.0	0.0	0.0	0.0	247.20984	46.023083	318.99762	194.16702	997.77814	1.9463571	1001.8849	993.7199	1000.0	1000.0	411999	159.20184	21.449682	192.00662	20.060837	159.20166	21.450846	191.5535	24.456675	-8.241941	1.1663271	-5.6280756	-18.554619	37295.297	5.106199	39875.145611763
104	998.5947	1.4465511	1000.70386	996.3931	264.96286	30.998556	309.9653	227.91638	0.0	0.0	0.0	0.0	0.0	0.0	0.0	0.0	264.96286	30.998556	309.9653	227.91638	998.5947	1.4465511	1000.70386	996.3931	1000.0	1000.0	415999	159.17645	21.449627	195.56314	28.626373	159.17639	21.450426	190.20348	33.38888	-8.1946535	1.1883048	-5.5207305	-20.265583	37238.97	5.113484	40384.55646133423
105	992.05597	1.9192083	995.7027	989.13403	295.78806	38.16462	361.1387	264.83008	0.0	0.0	0.0	0.0	0.0	0.0	0.0	0.0	295.78806	38.16462	361.1387	264.83008	992.05597	1.9192083	995.7027	989.13403	1000.0	1000.0	419999	159.33858	21.219229	189.48994	31.670528	159.33855	21.219894	189.3612	33.501377	-8.172668	1.1912023	-5.440096	-18.136566	36999.184	5.180752	40808.101951122284
106	987.8483	0.99168146	989.47833	986.48737	262.92648	25.441618	305.44656	239.78836	0.0	0.0	0.0	0.0	0.0	0.0	0.0	0.0	262.92648	25.441618	305.44656	239.78836	987.8483	0.99168146	989.47833	986.48737	1000.0	1000.0	423999	159.40353	21.091719	198.65125	38.126743	159.40376	21.091908	195.62439	31.036346	-8.184809	1.1867929	-5.5822926	-18.349968	36560.44	4.9819207	41320.35315322876
107	1000.3839	2.946568	1004.98535	993.2927	236.51665	109.62426	417.7536	134.68475	0.0	0.0	0.0	0.0	0.0	0.0	0.0	0.0	236.51665	109.62426	417.7536	134.68475	1000.3839	2.946568	1004.98535	993.2927	1000.0	1000.0	427999	159.71346	20.76949	194.01912	33.9471	159.71344	20.76918	196.07028	33.657715	-8.221154	1.1795235	-5.4765644	-18.967419	36514.4	4.8120575	41847.45368218422
108	1000.1909	1.6940144	1003.2157	997.1942	263.38443	78.59819	385.35577	165.85878	0.0	0.0	0.0	0.0	0.0	0.0	0.0	0.0	263.38443	78.59819	385.35577	165.85878	1000.1909	1.6940144	1003.2157	997.1942	1000.0	1000.0	431999	159.84584	20.639769	193.42422	29.00819	159.84557	20.639572	200.33191	33.297123	-8.210902	1.1829627	-5.4460387	-20.778994	36184.812	4.982033	42410.614429950714
109	993.1779	1.9371349	997.4561	990.50415	254.01419	29.227615	300.4263	228.90305	0.0	0.0	0.0	0.0	0.0	0.0	0.0	0.0	254.01419	29.227615	300.4263	228.90305	993.1779	1.9371349	997.4561	990.50415	1000.0	1000.0	435999	160.02031	20.527449	191.48822	20.116056	160.02036	20.527355	197.30235	14.311441	-8.202581	1.1813811	-5.514801	-18.096064	36397.05	4.9933925	42944.813274383545
110	994.5211	2.0233579	997.86847	991.83026	254.84444	45.121	314.9226	192.61949	0.0	0.0	0.0	0.0	0.0	0.0	0.0	0.0	254.84444	45.121	314.9226	192.61949	994.5211	2.0233579	997.86847	991.83026	1000.0	1000.0	439999	160.08368	20.433117	196.40102	31.334936	160.08376	20.433172	194.18616	22.57703	-8.254355	1.1637884	-5.6255455	-18.477482	36604.0	4.766996	43488.660855293274
111	996.861	2.5884142	1001.67664	994.2	257.28732	20.881918	293.2935	242.84885	0.0	0.0	0.0	0.0	0.0	0.0	0.0	0.0	257.28732	20.881918	293.2935	242.84885	996.861	2.5884142	1001.67664	994.2	1000.0	1000.0	443999	160.41281	20.092916	194.48936	37.994198	160.4128	20.09301	195.57773	40.686337	-8.215111	1.1729468	-5.619273	-19.578392	36876.934	4.79904	44063.779821395874
112	994.1315	2.433096	998.5806	990.2549	289.96674	46.098186	368.5321	250.4142	0.0	0.0	0.0	0.0	0.0	0.0	0.0	0.0	289.96674	46.098186	368.5321	250.4142	994.1315	2.433096	998.5806	990.2549	1000.0	1000.0	447999	160.42622	20.026009	194.88164	34.934116	160.42621	20.025051	200.094	38.566418	-8.230336	1.17529	-5.5291076	-18.5212	36954.703	4.7340384	44598.93865609169
113	996.58527	2.2285903	1000.0958	993.13153	256.449	67.65041	362.8066	178.71803	0.0	0.0	0.0	0.0	0.0	0.0	0.0	0.0	256.449	67.65041	362.8066	178.71803	996.58527	2.2285903	1000.0958	993.13153	1000.0	1000.0	451999	160.49791	19.881294	194.27779	48.174637	160.49783	19.881393	201.65526	49.649593	-8.210737	1.1797705	-5.519206	-18.207546	37273.414	4.6306415	45108.08795213699
114	996.4614	2.2023335	998.72394	992.1282	231.00757	48.887753	289.68552	154.3265	0.0	0.0	0.0	0.0	0.0	0.0	0.0	0.0	231.00757	48.887753	289.68552	154.3265	996.4614	2.2023335	998.72394	992.1282	1000.0	1000.0	455999	160.66638	19.765831	201.29161	27.486238	160.66637	19.765522	200.4076	40.246395	-8.233866	1.1708598	-5.47486	-18.630531	36819.543	4.581626	45606.20940065384
115	989.2493	2.198742	993.2245	985.41516	255.13228	40.369183	310.72495	208.23225	0.0	0.0	0.0	0.0	0.0	0.0	0.0	0.0	255.13228	40.369183	310.72495	208.23225	989.2493	2.198742	993.2245	985.41516	1000.0	1000.0	459999	160.68909	19.89529	204.49931	30.777533	160.68913	19.895235	199.52292	28.213642	-8.216004	1.1737882	-5.4451447	-21.115406	36705.47	4.892444	46061.49780035019
116	994.33136	3.109637	997.7589	987.1126	299.8139	33.414455	342.07327	253.75626	0.0	0.0	0.0	0.0	0.0	0.0	0.0	0.0	299.8139	33.414455	342.07327	253.75626	994.33136	3.109637	997.7589	987.1126	1000.0	1000.0	463999	160.65613	19.998907	200.61186	34.59291	160.65619	19.999117	209.57928	33.21321	-8.177709	1.188333	-5.4877195	-19.625105	36506.45	4.876383	46520.09352302551
117	989.60693	2.8685048	994.2742	984.348	296.49213	28.110113	344.47516	274.31396	0.0	0.0	0.0	0.0	0.0	0.0	0.0	0.0	296.49213	28.110113	344.47516	274.31396	989.60693	2.8685048	994.2742	984.348	1000.0	1000.0	467999	160.68665	19.984903	208.15984	35.457428	160.68661	19.984428	208.07204	34.9518	-8.190983	1.1877214	-5.5275087	-19.765635	36111.676	4.7267313	47001.587743997574
118	1001.192	2.9764757	1005.6927	995.52203	284.3697	36.991505	348.0185	259.39368	0.0	0.0	0.0	0.0	0.0	0.0	0.0	0.0	284.3697	36.991505	348.0185	259.39368	1001.192	2.9764757	1005.6927	995.52203	1000.0	1000.0	471999	160.86086	19.891426	200.49568	45.779667	160.86089	19.89153	201.0803	42.620518	-8.220289	1.1764197	-5.5571117	-19.930157	36052.0	4.64194	47497.439663887024
119	995.173	2.9272163	998.80756	989.40704	207.42677	55.113438	257.59482	117.42637	0.0	0.0	0.0	0.0	0.0	0.0	0.0	0.0	207.42677	55.113438	257.59482	117.42637	995.173	2.9272163	998.80756	989.40704	1000.0	1000.0	475999	160.89514	19.824785	198.35118	43.359917	160.895	19.824188	198.15265	44.49871	-8.265586	1.162848	-5.6837506	-17.849009	36087.625	4.587374	47917.16144347191
120	995.32227	2.1810293	999.0804	992.77576	275.22577	15.197955	289.587	251.42868	0.0	0.0	0.0	0.0	0.0	0.0	0.0	0.0	275.22577	15.197955	289.587	251.42868	995.32227	2.1810293	999.0804	992.77576	1000.0	1000.0	479999	161.12808	19.570406	201.24771	29.998299	161.12833	19.570782	200.28473	36.07562	-8.236423	1.1712877	-5.551544	-18.186127	36034.184	4.6163387	48328.63786125183
121	999.26953	2.955004	1003.5261	993.54205	311.32416	44.59702	366.35	254.16402	0.0	0.0	0.0	0.0	0.0	0.0	0.0	0.0	311.32416	44.59702	366.35	254.16402	999.26953	2.955004	1003.5261	993.54205	1000.0	1000.0	483999	161.23045	19.520906	203.06723	36.07385	161.23035	19.521011	201.89395	37.17462	-8.21481	1.1774416	-5.5753274	-18.68298	36155.258	4.7338	48744.293632507324
122	994.13104	2.4006705	997.3212	988.9907	261.9486	14.00927	278.64035	247.37321	0.0	0.0	0.0	0.0	0.0	0.0	0.0	0.0	261.9486	14.00927	278.64035	247.37321	994.13104	2.4006705	997.3212	988.9907	1000.0	1000.0	487999	161.4398	19.339064	199.47809	40.992893	161.43994	19.338497	201.61417	40.15202	-8.236339	1.170177	-5.5422554	-18.24502	36257.543	4.551277	49231.834545850754
123	993.83997	1.9300271	996.04956	989.63477	285.13348	37.096615	340.00232	248.00078	0.0	0.0	0.0	0.0	0.0	0.0	0.0	0.0	285.13348	37.096615	340.00232	248.00078	993.83997	1.9300271	996.04956	989.63477	1000.0	1000.0	491999	161.57318	19.185135	198.98965	29.591827	161.57323	19.183973	211.75798	50.883175	-8.223203	1.1792133	-5.61466	-19.703453	36488.76	4.4681163	49790.46729850769
124	992.3449	2.5632007	995.543	987.73944	270.57373	46.217648	323.71713	198.36006	0.0	0.0	0.0	0.0	0.0	0.0	0.0	0.0	270.57373	46.217648	323.71713	198.36006	992.3449	2.5632007	995.543	987.73944	1000.0	1000.0	495999	161.71709	19.08527	200.61125	37.05186	161.7172	19.085344	199.74857	34.588856	-8.191407	1.1861709	-5.490776	-18.962166	36647.734	4.5928903	50276.61100435257
125	988.9901	0.6646328	990.46875	988.28815	232.66745	36.51208	289.6962	189.43611	0.0	0.0	0.0	0.0	0.0	0.0	0.0	0.0	232.66745	36.51208	289.6962	189.43611	988.9901	0.6646328	990.46875	988.28815	1000.0	1000.0	499999	161.7492	19.050238	198.22159	31.781355	161.74927	19.049402	196.52153	31.753233	-8.197819	1.1863525	-5.576337	-19.883724	37025.574	4.5486197	50700.15320062637
126	991.0998	1.8958755	993.2073	987.4828	296.05133	19.926216	326.47754	271.3245	0.0	0.0	0.0	0.0	0.0	0.0	0.0	0.0	296.05133	19.926216	326.47754	271.3245	991.0998	1.8958755	993.2073	987.4828	1000.0	1000.0	503999	161.84395	19.024033	201.17519	24.256266	161.84396	19.02406	203.20427	32.46489	-8.217146	1.1805506	-5.543398	-18.335726	36835.367	4.5116544	51118.84152555466
127	993.7329	2.181257	998.27826	990.859	253.13675	56.540897	338.2263	179.11244	0.0	0.0	0.0	0.0	0.0	0.0	0.0	0.0	253.13675	56.540897	338.2263	179.11244	993.7329	2.181257	998.27826	990.859	1000.0	1000.0	507999	161.92636	18.96193	201.3723	24.910778	161.92651	18.961586	200.49197	36.221348	-8.214611	1.1796987	-5.5034046	-18.41071	37252.312	4.6608076	51578.5825419426
128	996.5187	1.9491731	999.8015	994.361	268.59705	52.244095	347.81473	210.71901	0.0	0.0	0.0	0.0	0.0	0.0	0.0	0.0	268.59705	52.244095	347.81473	210.71901	996.5187	1.9491731	999.8015	994.361	1000.0	1000.0	511999	161.93385	18.961136	195.90485	46.68177	161.93382	18.959763	199.29309	49.37426	-8.221901	1.1769544	-5.5119843	-18.724161	37634.793	4.36551	52000.935440301895
129	989.8571	2.8393784	994.4305	984.4038	248.28891	6.3380127	255.37506	239.29485	0.0	0.0	0.0	0.0	0.0	0.0	0.0	0.0	248.28891	6.3380127	255.37506	239.29485	989.8571	2.8393784	994.4305	984.4038	1000.0	1000.0	515999	161.96658	18.98686	198.06366	38.60847	161.96645	18.986645	198.07983	33.852104	-8.233465	1.1684307	-5.6235094	-17.972511	37999.367	4.6021967	52484.17680454254
130	993.83466	1.6573093	996.1421	990.9049	271.25684	28.229862	319.91693	250.5928	0.0	0.0	0.0	0.0	0.0	0.0	0.0	0.0	271.25684	28.229862	319.91693	250.5928	993.83466	1.6573093	996.1421	990.9049	1000.0	1000.0	519999	162.07721	18.969145	200.9922	40.30344	162.07732	18.969416	203.06139	43.65544	-8.190866	1.1827115	-5.511544	-17.698093	38428.105	4.503706	53015.14330267906
131	995.83484	2.844216	1000.6628	992.42487	259.93585	36.96524	323.26184	232.6281	0.0	0.0	0.0	0.0	0.0	0.0	0.0	0.0	259.93585	36.96524	323.26184	232.6281	995.83484	2.844216	1000.6628	992.42487	1000.0	1000.0	523999	162.1787	18.944414	202.01537	64.46321	162.17868	18.943855	202.2738	64.909744	-8.209315	1.1744804	-5.4615054	-19.46536	38368.32	4.611959	53479.16654253006
132	997.9459	2.3078206	1001.3588	995.2349	303.77216	36.75569	357.85373	269.03387	0.0	0.0	0.0	0.0	0.0	0.0	0.0	0.0	303.77216	36.75569	357.85373	269.03387	997.9459	2.3078206	1001.3588	995.2349	1000.0	1000.0	527999	162.11389	19.133694	202.94914	48.64256	162.11414	19.13278	200.86154	52.051384	-8.197403	1.1844515	-5.49078	-19.333626	37979.19	4.646932	53945.7958073616
133	998.60583	1.849148	1001.58673	995.7685	261.6607	26.265083	292.85458	221.58533	0.0	0.0	0.0	0.0	0.0	0.0	0.0	0.0	261.6607	26.265083	292.85458	221.58533	998.60583	1.849148	1001.58673	995.7685	1000.0	1000.0	531999	162.09601	19.16003	197.70406	48.329178	162.09584	19.160614	199.75362	48.34327	-8.203669	1.1842643	-5.4426656	-20.740143	38411.92	4.688999	54377.83579659462
134	985.8944	2.7885876	989.3899	980.72943	259.93588	30.77101	307.84628	225.48424	0.0	0.0	0.0	0.0	0.0	0.0	0.0	0.0	259.93588	30.77101	307.84628	225.48424	985.8944	2.7885876	989.3899	980.72943	1000.0	1000.0	535999	162.1708	19.118624	199.44783	54.571453	162.17099	19.118004	199.91335	50.315357	-8.205376	1.1797972	-5.4938784	-18.996346	38738.902	4.5602055	54813.14077997208
135	990.35535	2.3171444	995.39935	987.30994	304.21704	54.358913	387.25494	250.35025	0.0	0.0	0.0	0.0	0.0	0.0	0.0	0.0	304.21704	54.358913	387.25494	250.35025	990.35535	2.3171444	995.39935	987.30994	1000.0	1000.0	539999	162.21828	19.015285	198.61487	48.703682	162.21844	19.014734	200.43556	49.73345	-8.202462	1.1795852	-5.6677213	-18.948582	38763.35	4.441959	55269.5131521225
136	993.9769	1.578293	996.03894	990.77045	248.8916	50.52338	302.70312	173.05943	0.0	0.0	0.0	0.0	0.0	0.0	0.0	0.0	248.8916	50.52338	302.70312	173.05943	993.9769	1.578293	996.03894	990.77045	1000.0	1000.0	543999	162.3324	18.909958	198.86748	53.728767	162.33241	18.910177	199.79596	51.502346	-8.2238865	1.1773622	-5.5790524	-20.228329	38299.016	4.5259833	55739.41891360283
137	989.51886	1.9320132	992.8288	986.4002	337.8004	45.498116	383.8582	267.42682	0.0	0.0	0.0	0.0	0.0	0.0	0.0	0.0	337.8004	45.498116	383.8582	267.42682	989.51886	1.9320132	992.8288	986.4002	1000.0	1000.0	547999	162.21614	19.063303	197.2586	48.8643	162.21616	19.062231	201.09259	50.494324	-8.209866	1.1784655	-5.537485	-19.87555	38154.277	4.7261415	56195.37362194061
138	992.7383	2.1163528	996.8445	990.3165	307.4536	60.772556	375.54706	245.35231	0.0	0.0	0.0	0.0	0.0	0.0	0.0	0.0	307.4536	60.772556	375.54706	245.35231	992.7383	2.1163528	996.8445	990.3165	1000.0	1000.0	551999	162.15546	19.088896	198.78134	50.60254	162.15544	19.089548	199.96109	51.300064	-8.199934	1.183237	-5.4892654	-18.695637	38306.67	4.729425	56643.208275318146
139	996.02325	1.7174485	998.66504	993.0594	280.20734	27.79155	310.99664	249.09854	0.0	0.0	0.0	0.0	0.0	0.0	0.0	0.0	280.20734	27.79155	310.99664	249.09854	996.02325	1.7174485	998.66504	993.0594	1000.0	1000.0	555999	162.19798	19.024054	198.29044	36.832047	162.19798	19.023342	202.19196	46.140495	-8.188107	1.1835774	-5.392396	-21.81974	38352.773	4.615423	57091.605338573456
140	989.6004	1.5142803	991.5925	986.8339	339.9849	56.0942	435.51672	293.63535	0.0	0.0	0.0	0.0	0.0	0.0	0.0	0.0	339.9849	56.0942	435.51672	293.63535	989.6004	1.5142803	991.5925	986.8339	1000.0	1000.0	559999	162.21442	19.000757	198.5112	51.446686	162.21461	19.000948	199.12566	55.330254	-8.179351	1.1871202	-5.5799336	-19.659395	38073.22	4.590765	57668.857390880585
141	988.16815	1.8569343	991.5408	985.55695	272.3118	17.74458	300.44135	252.62845	0.0	0.0	0.0	0.0	0.0	0.0	0.0	0.0	272.3118	17.74458	300.44135	252.62845	988.16815	1.8569343	991.5408	985.55695	1000.0	1000.0	563999	162.29143	18.951017	200.05249	62.933586	162.29123	18.95138	203.54025	56.78837	-8.178023	1.1883192	-5.4690995	-18.771568	37982.945	4.6471796	58150.6096804142
142	995.91174	1.7796363	999.2582	993.30133	284.9179	39.644146	336.92737	235.11604	0.0	0.0	0.0	0.0	0.0	0.0	0.0	0.0	284.9179	39.644146	336.92737	235.11604	995.91174	1.7796363	999.2582	993.30133	1000.0	1000.0	567999	162.24777	19.000097	200.7967	58.31563	162.248	19.00016	198.7266	59.73875	-8.201535	1.180938	-5.5189676	-19.524826	38000.785	4.623214	58695.96521091461
143	999.2355	2.3156927	1002.2536	993.5703	321.8871	53.75342	375.3763	232.52315	0.0	0.0	0.0	0.0	0.0	0.0	0.0	0.0	321.8871	53.75342	375.3763	232.52315	999.2355	2.3156927	1002.2536	993.5703	1000.0	1000.0	571999	162.33302	18.896605	202.96475	59.51197	162.33295	18.895977	202.00552	52.84086	-8.19273	1.1861544	-5.427826	-19.3056	38199.93	4.822999	59183.139568567276
144	992.41943	2.1475055	995.9088	989.6645	236.94629	37.54109	280.7051	177.1812	0.0	0.0	0.0	0.0	0.0	0.0	0.0	0.0	236.94629	37.54109	280.7051	177.1812	992.41943	2.1475055	995.9088	989.6645	1000.0	1000.0	575999	162.38809	18.818174	204.5918	53.406464	162.38828	18.81886	205.40952	53.304188	-8.166247	1.1934919	-5.328041	-18.746058	37699.816	4.649697	59680.03835749626
145	994.3623	1.7226906	996.50073	991.67236	278.05258	65.30147	336.4515	167.28665	0.0	0.0	0.0	0.0	0.0	0.0	0.0	0.0	278.05258	65.30147	336.4515	167.28665	994.3623	1.7226906	996.50073	991.67236	1000.0	1000.0	579999	162.23969	19.011198	200.5929	61.131878	162.23956	19.011448	203.2654	60.82275	-8.194567	1.1841228	-5.3849487	-20.609215	38056.977	4.664016	60255.33706998825
146	990.72675	2.3033588	994.68176	987.3599	312.05756	70.815865	428.56793	245.09628	0.0	0.0	0.0	0.0	0.0	0.0	0.0	0.0	312.05756	70.815865	428.56793	245.09628	990.72675	2.3033588	994.68176	987.3599	1000.0	1000.0	583999	162.1702	19.130083	202.79588	60.80378	162.17006	19.131107	204.50229	64.116425	-8.150533	1.1992158	-5.2895765	-17.970398	38373.152	4.6348257	60800.25029182434
147	995.8851	3.2438776	999.525	989.7785	332.90622	35.87177	385.66803	289.13412	0.0	0.0	0.0	0.0	0.0	0.0	0.0	0.0	332.90622	35.87177	385.66803	289.13412	995.8851	3.2438776	999.525	989.7785	1000.0	1000.0	587999	162.23306	19.063171	203.37312	57.237453	162.23315	19.062754	201.8855	49.435863	-8.145862	1.196353	-5.2763014	-19.213358	38606.574	4.5343523	61254.53335738182
148	989.3167	2.6395793	993.052	984.6373	291.29224	37.528225	346.5213	249.58836	0.0	0.0	0.0	0.0	0.0	0.0	0.0	0.0	291.29224	37.528225	346.5213	249.58836	989.3167	2.6395793	993.052	984.6373	1000.0	1000.0	591999	162.36758	18.858677	203.12793	55.489944	162.36742	18.858833	200.9368	50.023167	-8.165536	1.194337	-5.4165783	-18.725452	38322.477	4.5405188	61694.94624018669
149	996.6326	1.9761431	998.45746	992.8136	299.96692	41.713642	347.03992	233.29881	0.0	0.0	0.0	0.0	0.0	0.0	0.0	0.0	299.96692	41.713642	347.03992	233.29881	996.6326	1.9761431	998.45746	992.8136	1000.0	1000.0	595999	162.49252	18.741003	201.17905	46.492382	162.49245	18.741302	200.48068	52.852806	-8.178277	1.1882639	-5.4844484	-18.41508	38544.473	4.5412188	62225.92774987221
150	995.06445	2.1740108	998.88135	991.60333	314.6348	43.751205	363.33484	243.78654	0.0	0.0	0.0	0.0	0.0	0.0	0.0	0.0	314.6348	43.751205	363.33484	243.78654	995.06445	2.1740108	998.88135	991.60333	1000.0	1000.0	599999	162.5614	18.660072	202.52245	56.336243	162.56142	18.66018	201.71341	57.193764	-8.207357	1.174982	-5.381995	-19.234612	38218.844	4.6599793	62785.07309007645
151	993.6242	3.1037765	999.7154	990.04083	321.19736	19.52116	340.1284	288.87268	0.0	0.0	0.0	0.0	0.0	0.0	0.0	0.0	321.19736	19.52116	340.1284	288.87268	993.6242	3.1037765	999.7154	990.04083	1000.0	1000.0	603999	162.6201	18.690828	206.02138	44.195526	162.6202	18.691387	204.15305	44.846626	-8.145609	1.1998153	-5.289274	-20.867897	38092.945	4.7204685	63283.578649520874
152	995.78577	2.6447937	1000.25916	990.11035	323.57245	44.94728	371.96338	250.95978	0.0	0.0	0.0	0.0	0.0	0.0	0.0	0.0	323.57245	44.94728	371.96338	250.95978	995.78577	2.6447937	1000.25916	990.11035	1000.0	1000.0	607999	162.52106	18.859413	201.0606	41.50072	162.5212	18.85949	201.23497	49.78379	-8.182557	1.1851088	-5.4370303	-19.331488	38527.35	4.7938848	63738.69044685364
153	993.80115	2.4265745	998.4276	991.017	267.3421	36.61444	303.82568	217.47931	0.0	0.0	0.0	0.0	0.0	0.0	0.0	0.0	267.3421	36.61444	303.82568	217.47931	993.80115	2.4265745	998.4276	991.017	1000.0	1000.0	611999	162.64268	18.817846	202.11954	56.268997	162.64278	18.817177	200.91167	66.04405	-8.202678	1.1809965	-5.469678	-18.628706	38321.695	4.544237	64188.52500343323
154	993.96936	2.3523834	997.16895	989.6326	261.3011	31.66498	302.87326	216.22743	0.0	0.0	0.0	0.0	0.0	0.0	0.0	0.0	261.3011	31.66498	302.87326	216.22743	993.96936	2.3523834	997.16895	989.6326	1000.0	1000.0	615999	162.6569	18.713345	202.9306	60.341923	162.65671	18.714138	206.14542	56.152306	-8.185675	1.187875	-5.5386314	-19.238033	38377.754	4.4814787	64631.2562482357
155	995.31824	2.2748585	1000.4807	992.0205	291.6787	71.9711	414.75803	234.40236	0.0	0.0	0.0	0.0	0.0	0.0	0.0	0.0	291.6787	71.9711	414.75803	234.40236	995.31824	2.2748585	1000.4807	992.0205	1000.0	1000.0	619999	162.65367	18.674833	207.65205	54.613663	162.65382	18.6747	205.56172	62.110443	-8.175197	1.1892211	-5.493433	-19.635056	38222.957	4.504347	65052.54621911049
156	997.6896	1.7899379	1000.4388	995.0252	218.58224	89.052986	305.4884	102.755394	0.0	0.0	0.0	0.0	0.0	0.0	0.0	0.0	218.58224	89.052986	305.4884	102.755394	997.6896	1.7899379	1000.4388	995.0252	1000.0	1000.0	623999	162.70982	18.610403	210.05408	61.36403	162.70976	18.609236	211.41154	64.62724	-8.193477	1.1843194	-5.609527	-20.829361	38274.297	4.5906415	65445.326128959656
157	996.97296	1.5128771	999.63135	994.8908	274.5389	6.4750175	283.2239	264.97714	0.0	0.0	0.0	0.0	0.0	0.0	0.0	0.0	274.5389	6.4750175	283.2239	264.97714	996.97296	1.5128771	999.63135	994.8908	1000.0	1000.0	627999	162.69366	18.632349	204.5968	63.709457	162.69359	18.632137	202.34268	63.714504	-8.164585	1.1944366	-5.3205338	-18.88688	38669.09	4.6306014	65850.71853661537
158	991.7909	1.7649184	994.3501	989.17255	268.24036	74.644356	346.78156	147.87791	0.0	0.0	0.0	0.0	0.0	0.0	0.0	0.0	268.24036	74.644356	346.78156	147.87791	991.7909	1.7649184	994.3501	989.17255	1000.0	1000.0	631999	162.83891	18.401373	206.677	65.76242	162.83897	18.401798	202.85768	60.079254	-8.147006	1.1976177	-5.397353	-19.139894	38621.805	4.5314627	66280.62150597572
159	994.3651	2.6228116	998.75507	990.46875	266.52066	14.240433	283.78195	246.9548	0.0	0.0	0.0	0.0	0.0	0.0	0.0	0.0	266.52066	14.240433	283.78195	246.9548	994.3651	2.6228116	998.75507	990.46875	1000.0	1000.0	635999	162.89062	18.371376	204.53091	57.626133	162.89055	18.370935	201.93556	53.525818	-8.167261	1.1896905	-5.5563536	-20.520927	38525.42	4.587076	66732.20734286308
160	995.1339	2.5435543	997.959	990.1847	251.12505	30.625496	288.57263	203.29765	0.0	0.0	0.0	0.0	0.0	0.0	0.0	0.0	251.12505	30.625496	288.57263	203.29765	995.1339	2.5435543	997.959	990.1847	1000.0	1000.0	639999	162.81224	18.472216	204.80049	57.807854	162.8122	18.471556	212.86253	43.72941	-8.1864395	1.1908395	-5.4338875	-19.618673	38539.36	4.694306	67185.39919757843
161	990.3127	3.0294564	994.7953	986.17975	247.33188	40.56685	302.61356	191.15126	0.0	0.0	0.0	0.0	0.0	0.0	0.0	0.0	247.33188	40.56685	302.61356	191.15126	990.3127	3.0294564	994.7953	986.17975	1000.0	1000.0	643999	162.82724	18.37391	207.81218	60.004673	162.82735	18.37283	208.75987	60.442635	-8.151178	1.1971148	-5.284032	-18.353872	38545.586	4.6572747	67588.97354626656
162	991.02246	1.8619184	994.15814	988.1961	275.29773	11.0209055	292.13467	261.70605	0.0	0.0	0.0	0.0	0.0	0.0	0.0	0.0	275.29773	11.0209055	292.13467	261.70605	991.02246	1.8619184	994.15814	988.1961	1000.0	1000.0	647999	162.97026	18.177954	204.837	67.187035	162.97015	18.178072	207.25111	64.97767	-8.143987	1.1943047	-5.3510494	-19.197184	38845.027	4.4956994	67983.75862812996
163	996.95624	2.430587	1000.9114	994.0828	297.94525	15.574574	318.6781	279.34167	0.0	0.0	0.0	0.0	0.0	0.0	0.0	0.0	297.94525	15.574574	318.6781	279.34167	996.95624	2.430587	1000.9114	994.0828	1000.0	1000.0	651999	163.00014	18.15934	208.45421	71.92688	163.00015	18.159029	210.83743	65.83849	-8.148778	1.1991267	-5.3242216	-18.980852	38665.633	4.517125	68376.71989130974
164	995.7928	2.4298403	1000.14856	993.25476	286.36853	50.369217	373.54163	254.0412	0.0	0.0	0.0	0.0	0.0	0.0	0.0	0.0	286.36853	50.369217	373.54163	254.0412	995.7928	2.4298403	1000.14856	993.25476	1000.0	1000.0	655999	163.05801	18.103535	212.30565	70.379234	163.05804	18.103485	212.83574	71.5519	-8.18822	1.1873658	-5.383524	-21.2723	38547.816	4.5618806	68774.16620445251
165	1001.4318	1.8863937	1004.61127	998.7107	295.95193	20.759779	329.97623	273.73148	0.0	0.0	0.0	0.0	0.0	0.0	0.0	0.0	295.95193	20.759779	329.97623	273.73148	1001.4318	1.8863937	1004.61127	998.7107	1000.0	1000.0	659999	162.96016	18.242588	204.43047	63.940315	162.96036	18.242188	205.6063	60.467674	-8.155235	1.1975724	-5.460162	-18.40092	38888.344	4.640626	69202.77500319481
166	990.06134	2.3127196	993.01227	984.92004	323.364	46.383205	367.25882	251.8081	0.0	0.0	0.0	0.0	0.0	0.0	0.0	0.0	323.364	46.383205	367.25882	251.8081	990.06134	2.3127196	993.01227	984.92004	1000.0	1000.0	663999	163.0465	18.19267	204.60814	61.604237	163.04652	18.192108	202.61809	62.500195	-8.1525	1.1960611	-5.5159826	-20.929922	38834.36	4.619414	69688.0875442028
167	993.11975	2.238575	998.37225	990.06934	275.1011	40.33543	318.84824	232.42726	0.0	0.0	0.0	0.0	0.0	0.0	0.0	0.0	275.1011	40.33543	318.84824	232.42726	993.11975	2.238575	998.37225	990.06934	1000.0	1000.0	667999	163.05605	18.211378	208.41829	67.56548	163.05609	18.211126	210.90137	62.17079	-8.154649	1.2003974	-5.425093	-20.774742	38275.297	4.5733795	70084.49611520767
168	997.41925	3.1522782	1004.2685	992.70795	304.68594	20.061768	328.2677	280.24875	0.0	0.0	0.0	0.0	0.0	0.0	0.0	0.0	304.68594	20.061768	328.2677	280.24875	997.41925	3.1522782	1004.2685	992.70795	1000.0	1000.0	671999	163.08025	18.230103	203.52733	63.13501	163.08015	18.230293	204.61168	65.56124	-8.169266	1.1915927	-5.457963	-20.15144	38332.832	4.504104	70486.37088942528
169	1001.9933	1.2709618	1003.9805	999.6448	307.49747	48.160316	354.97955	227.4423	0.0	0.0	0.0	0.0	0.0	0.0	0.0	0.0	307.49747	48.160316	354.97955	227.4423	1001.9933	1.2709618	1003.9805	999.6448	1000.0	1000.0	675999	163.10727	18.21024	207.59898	65.53398	163.10738	18.209156	207.51308	66.450745	-8.148917	1.198168	-5.430427	-18.474495	38835.957	4.4708495	70900.55559372902
170	994.3021	2.0710044	997.6851	990.83527	282.87433	12.513271	303.3897	270.8581	0.0	0.0	0.0	0.0	0.0	0.0	0.0	0.0	282.87433	12.513271	303.3897	270.8581	994.3021	2.0710044	997.6851	990.83527	1000.0	1000.0	679999	163.18839	18.14912	204.0214	62.293633	163.18832	18.149225	205.94167	63.895885	-8.143311	1.2025983	-5.442252	-18.637222	38717.297	4.599489	71371.09989380836
171	990.255	1.9544731	993.3493	988.3607	251.13062	28.438335	293.28583	224.2374	0.0	0.0	0.0	0.0	0.0	0.0	0.0	0.0	251.13062	28.438335	293.28583	224.2374	990.255	1.9544731	993.3493	988.3607	1000.0	1000.0	683999	163.20049	18.162045	208.42255	60.782684	163.20065	18.161856	208.87944	66.140755	-8.153995	1.1925578	-5.2448444	-19.435074	38845.137	4.5197825	71771.89797973633
172	988.29913	2.472915	992.8034	984.27405	314.54175	63.27685	396.07828	218.44653	0.0	0.0	0.0	0.0	0.0	0.0	0.0	0.0	314.54175	63.27685	396.07828	218.44653	988.29913	2.472915	992.8034	984.27405	1000.0	1000.0	687999	163.2212	18.150858	210.85986	65.48167	163.22119	18.15	203.33966	65.586044	-8.177359	1.1873832	-5.29882	-18.896996	39015.348	4.5562983	72161.18530702591
173	1000.7796	1.4634311	1003.1464	997.86487	283.8007	38.37061	334.18964	237.47449	0.0	0.0	0.0	0.0	0.0	0.0	0.0	0.0	283.8007	38.37061	334.18964	237.47449	1000.7796	1.4634311	1003.1464	997.86487	1000.0	1000.0	691999	163.17401	18.22212	204.76935	60.19534	163.17393	18.22257	204.5235	52.793144	-8.135173	1.2052139	-5.375968	-19.342516	38927.33	4.6030736	72555.14919424057
174	993.6009	2.5150666	998.6266	990.94006	276.0744	25.451122	312.05096	241.73589	0.0	0.0	0.0	0.0	0.0	0.0	0.0	0.0	276.0744	25.451122	312.05096	241.73589	993.6009	2.5150666	998.6266	990.94006	1000.0	1000.0	695999	163.24092	18.152725	203.33464	57.416523	163.24113	18.151802	205.49269	63.05201	-8.163884	1.1964693	-5.3655214	-18.241663	39096.152	4.533026	72994.59147500992
175	995.2666	2.8103845	1000.04834	990.905	280.1338	4.5898223	286.73172	273.77805	0.0	0.0	0.0	0.0	0.0	0.0	0.0	0.0	280.1338	4.5898223	286.73172	273.77805	995.2666	2.8103845	1000.04834	990.905	1000.0	1000.0	699999	163.28021	18.228477	210.05727	66.14993	163.28017	18.229198	210.31273	69.05852	-8.19393	1.1828446	-5.573654	-18.460619	39541.137	4.596879	73455.24014115334
176	993.5485	2.0908883	997.96576	990.1991	299.3456	47.834793	347.5404	220.69316	0.0	0.0	0.0	0.0	0.0	0.0	0.0	0.0	299.3456	47.834793	347.5404	220.69316	993.5485	2.0908883	997.96576	990.1991	1000.0	1000.0	703999	163.29819	18.240328	202.65335	69.511734	163.29822	18.240232	204.679	67.096466	-8.1613	1.1958612	-5.515786	-19.93111	40105.977	4.6674027	73916.19084405899
177	994.5902	1.5437584	997.4279	991.73566	295.1818	26.754305	327.388	268.4352	0.0	0.0	0.0	0.0	0.0	0.0	0.0	0.0	295.1818	26.754305	327.388	268.4352	994.5902	1.5437584	997.4279	991.73566	1000.0	1000.0	707999	163.31773	18.24756	204.57916	56.584526	163.31778	18.24734	204.55617	56.77537	-8.155847	1.1943872	-5.1533823	-17.92833	40120.72	4.582003	74368.03271818161
178	995.9935	2.4284623	1001.27765	992.8168	298.03928	38.35695	332.50906	237.67355	0.0	0.0	0.0	0.0	0.0	0.0	0.0	0.0	298.03928	38.35695	332.50906	237.67355	995.9935	2.4284623	1001.27765	992.8168	1000.0	1000.0	711999	163.30193	18.214844	207.49849	64.89114	163.3019	18.215256	205.76149	66.1684	-8.138269	1.2004616	-5.467099	-18.524967	40352.547	4.538174	74842.53803992271
179	985.8483	2.0704958	990.7193	983.8437	278.2781	47.57595	330.0262	201.38065	0.0	0.0	0.0	0.0	0.0	0.0	0.0	0.0	278.2781	47.57595	330.0262	201.38065	985.8483	2.0704958	990.7193	983.8437	1000.0	1000.0	715999	163.30907	18.14021	207.27159	69.513916	163.30927	18.139875	205.86539	66.3927	-8.144776	1.1990752	-5.2828074	-19.908089	40185.793	4.4592347	75276.73912906647
180	996.1621	2.1809537	998.1791	990.6344	284.60883	53.467987	352.6486	209.12462	0.0	0.0	0.0	0.0	0.0	0.0	0.0	0.0	284.60883	53.467987	352.6486	209.12462	996.1621	2.1809537	998.1791	990.6344	1000.0	1000.0	719999	163.28906	18.201227	205.3974	71.42044	163.28894	18.201445	204.71606	67.110405	-8.149423	1.1995765	-5.3501024	-19.628506	40053.863	4.552166	75675.98637676239
181	993.11194	1.8759475	995.3432	989.73816	299.7188	60.200954	391.92157	229.90016	0.0	0.0	0.0	0.0	0.0	0.0	0.0	0.0	299.7188	60.200954	391.92157	229.90016	993.11194	1.8759475	995.3432	989.73816	1000.0	1000.0	723999	163.2764	18.243032	206.38438	68.920204	163.27654	18.242294	203.92233	70.63357	-8.152757	1.2009695	-5.397686	-20.499794	40268.336	4.636742	76083.26269030571
182	992.0817	2.5382805	994.5313	986.8608	290.7637	34.1926	340.37576	244.53113	0.0	0.0	0.0	0.0	0.0	0.0	0.0	0.0	290.7637	34.1926	340.37576	244.53113	992.0817	2.5382805	994.5313	986.8608	1000.0	1000.0	727999	163.40549	18.138456	204.03265	61.916016	163.40552	18.1391	205.26549	60.98568	-8.130657	1.2006283	-5.457589	-18.808859	40139.016	4.597766	76485.31607079506
183	995.81366	3.0903513	1001.71124	991.3544	290.35266	53.9296	329.38345	198.43121	0.0	0.0	0.0	0.0	0.0	0.0	0.0	0.0	290.35266	53.9296	329.38345	198.43121	995.81366	3.0903513	1001.71124	991.3544	1000.0	1000.0	731999	163.43658	18.101097	202.50331	63.752827	163.43668	18.101196	201.81746	61.02602	-8.164038	1.1951417	-5.335059	-18.744047	39707.73	4.50283	76890.92891860008
184	991.77997	2.2497287	996.8629	988.545	311.61102	18.733952	340.40112	289.41574	0.0	0.0	0.0	0.0	0.0	0.0	0.0	0.0	311.61102	18.733952	340.40112	289.41574	991.77997	2.2497287	996.8629	988.545	1000.0	1000.0	735999	163.30972	18.253077	212.31784	68.738106	163.30968	18.252748	205.37389	62.607903	-8.161499	1.1942017	-5.457513	-20.245964	39510.723	4.5735245	77370.63980436325
185	995.53076	2.6959252	1000.0643	991.7941	295.13144	14.282676	319.62494	283.99747	0.0	0.0	0.0	0.0	0.0	0.0	0.0	0.0	295.13144	14.282676	319.62494	283.99747	995.53076	2.6959252	1000.0643	991.7941	1000.0	1000.0	739999	163.31325	18.239841	206.01459	69.899704	163.31322	18.23929	206.30215	70.06623	-8.16343	1.1931409	-5.524593	-20.478739	39341.72	4.5643764	77826.93620657921
186	991.64905	2.296059	996.50635	988.5965	287.20267	30.35189	320.34836	244.9289	0.0	0.0	0.0	0.0	0.0	0.0	0.0	0.0	287.20267	30.35189	320.34836	244.9289	991.64905	2.296059	996.50635	988.5965	1000.0	1000.0	743999	163.31496	18.246416	205.39404	61.21614	163.31503	18.246086	201.8172	64.28241	-8.1420555	1.1969451	-5.4533052	-22.841991	39479.305	4.5064754	78300.94520711899
187	990.6868	2.4442165	994.1244	986.9178	317.2409	44.749733	383.5991	274.7076	0.0	0.0	0.0	0.0	0.0	0.0	0.0	0.0	317.2409	44.749733	383.5991	274.7076	990.6868	2.4442165	994.1244	986.9178	1000.0	1000.0	747999	163.47842	18.10591	207.26675	56.250214	163.47852	18.10594	205.77333	60.245018	-8.15762	1.1971533	-5.35465	-18.920725	39537.95	4.6196876	78765.57267665863
188	994.6167	3.078667	1002.2049	990.06006	272.3622	30.74182	322.58948	241.17677	0.0	0.0	0.0	0.0	0.0	0.0	0.0	0.0	272.3622	30.74182	322.58948	241.17677	994.6167	3.078667	1002.2049	990.06006	1000.0	1000.0	751999	163.46727	18.11674	207.76799	63.437145	163.4674	18.115967	211.85776	61.250214	-8.156663	1.197619	-5.3529196	-18.527916	39333.68	4.505492	79153.48054909706
189	989.4891	2.1166515	993.177	985.8901	312.94135	62.74074	409.54388	234.55173	0.0	0.0	0.0	0.0	0.0	0.0	0.0	0.0	312.94135	62.74074	409.54388	234.55173	989.4891	2.1166515	993.177	985.8901	1000.0	1000.0	755999	163.56306	18.027554	204.80618	57.28124	163.563	18.027811	208.04086	62.028362	-8.147412	1.1975384	-5.370104	-21.19474	39494.887	4.527186	79550.5775771141
190	983.88965	1.9571766	987.4293	980.53375	321.58636	19.686378	343.05804	299.1891	0.0	0.0	0.0	0.0	0.0	0.0	0.0	0.0	321.58636	19.686378	343.05804	299.1891	983.88965	1.9571766	987.4293	980.53375	1000.0	1000.0	759999	163.48196	18.087025	202.93204	67.6601	163.48193	18.08636	204.98824	63.822254	-8.177461	1.1880599	-5.3787146	-17.702263	39414.54	4.600729	79959.77706003189
191	995.1779	2.0157557	997.5182	991.52167	293.12256	11.707981	305.26654	274.81808	0.0	0.0	0.0	0.0	0.0	0.0	0.0	0.0	293.12256	11.707981	305.26654	274.81808	995.1779	2.0157557	997.5182	991.52167	1000.0	1000.0	763999	163.52635	17.997286	202.38199	71.31053	163.52641	17.99755	203.00346	63.96545	-8.190932	1.1850519	-5.464974	-19.531343	39157.426	4.4643407	80385.83789253235
192	1001.0366	2.377866	1004.28973	996.9719	265.76614	37.11075	303.07928	208.50542	0.0	0.0	0.0	0.0	0.0	0.0	0.0	0.0	265.76614	37.11075	303.07928	208.50542	1001.0366	2.377866	1004.28973	996.9719	1000.0	1000.0	767999	163.56078	17.972977	203.9401	66.92882	163.56087	17.972664	204.37021	72.65079	-8.180809	1.1852719	-5.3521886	-19.416042	38810.887	4.491402	80792.49410867691
193	987.2534	2.797765	991.98236	982.82623	286.1128	33.247837	327.96478	241.07043	0.0	0.0	0.0	0.0	0.0	0.0	0.0	0.0	286.1128	33.247837	327.96478	241.07043	987.2534	2.797765	991.98236	982.82623	1000.0	1000.0	771999	163.59035	17.914688	206.87279	72.53312	163.59041	17.915743	206.23363	69.74742	-8.174076	1.1919816	-5.5054073	-20.415422	38265.957	4.5416074	81204.50739812851
194	985.41144	3.2992656	989.16187	980.354	291.45078	29.1802	332.23755	249.98259	0.0	0.0	0.0	0.0	0.0	0.0	0.0	0.0	291.45078	29.1802	332.23755	249.98259	985.41144	3.2992656	989.16187	980.354	1000.0	1000.0	775999	163.70358	17.734398	209.1706	66.62183	163.70341	17.734514	204.91055	73.14813	-8.171071	1.1924908	-5.508259	-18.03313	38135.027	4.4350634	81625.7942841053
195	1002.0654	1.6774354	1004.2795	998.5381	281.47458	34.950375	330.21606	238.4179	0.0	0.0	0.0	0.0	0.0	0.0	0.0	0.0	281.47458	34.950375	330.21606	238.4179	1002.0654	1.6774354	1004.2795	998.5381	1000.0	1000.0	779999	163.78935	17.650173	207.13925	80.029366	163.7896	17.649738	206.01372	82.69413	-8.182028	1.1899269	-5.4415493	-18.698734	38324.543	4.5198145	82036.972448349
196	992.825	1.883637	995.6486	989.4484	240.41971	40.047256	278.6644	180.5822	0.0	0.0	0.0	0.0	0.0	0.0	0.0	0.0	240.41971	40.047256	278.6644	180.5822	992.825	1.883637	995.6486	989.4484	1000.0	1000.0	783999	163.80804	17.664225	206.33382	72.843124	163.80804	17.664406	206.93242	81.12689	-8.188392	1.1886184	-5.5308247	-19.151745	38814.535	4.4180927	82454.0498304367
197	998.4368	1.6320174	1000.11316	994.70844	272.01743	14.131574	285.66626	251.78954	0.0	0.0	0.0	0.0	0.0	0.0	0.0	0.0	272.01743	14.131574	285.66626	251.78954	998.4368	1.6320174	1000.11316	994.70844	1000.0	1000.0	787999	163.87854	17.623993	210.1254	69.98373	163.87848	17.623365	211.72433	73.468346	-8.166197	1.1960058	-5.335308	-20.013977	39172.855	4.566709	82880.9258480072
198	992.07196	2.761094	996.93866	987.9166	303.2299	35.210835	356.03336	256.8585	0.0	0.0	0.0	0.0	0.0	0.0	0.0	0.0	303.2299	35.210835	356.03336	256.8585	992.07196	2.761094	996.93866	987.9166	1000.0	1000.0	791999	163.82492	17.700983	209.65967	66.95425	163.82503	17.70208	223.104	67.53776	-8.177337	1.1913669	-5.4259562	-20.161762	38992.57	4.4405603	83384.59600830078
199	993.0926	1.3172973	996.555	991.46594	278.00986	75.35603	347.08704	155.12874	0.0	0.0	0.0	0.0	0.0	0.0	0.0	0.0	278.00986	75.35603	347.08704	155.12874	993.0926	1.3172973	996.555	991.46594	1000.0	1000.0	795999	163.8933	17.648445	207.36813	77.14957	163.89333	17.649511	204.51384	76.29608	-8.161581	1.1946932	-5.427062	-18.254728	38863.33	4.470696	83805.74217128754
200	990.0576	2.165496	993.839	987.2814	296.7256	38.465137	357.74377	252.91266	0.0	0.0	0.0	0.0	0.0	0.0	0.0	0.0	296.7256	38.465137	357.74377	252.91266	990.0576	2.165496	993.839	987.2814	1000.0	1000.0	799999	163.87692	17.725822	208.32942	73.23066	163.87692	17.725615	208.93282	64.579346	-8.160771	1.1968873	-5.3200116	-18.162155	38793.633	4.5091662	84214.39390087128
