Epoch	AverageTestEnv0Ret	StdTestEnv0Ret	MaxTestEnv0Ret	MinTestEnv0Ret	AverageEnv0Ret	StdEnv0Ret	MaxEnv0Ret	MinEnv0Ret	AverageEpRet	StdEpRet	MaxEpRet	MinEpRet	AverageTestEpRet	StdTestEpRet	MaxTestEpRet	MinTestEpRet	EpLen	TestEpLen	TotalEnvInteracts	AverageQ1Vals	StdQ1Vals	MaxQ1Vals	MinQ1Vals	AverageQ2Vals	StdQ2Vals	MaxQ2Vals	MinQ2Vals	AverageLogPi	StdLogPi	MaxLogPi	MinLogPi	LossPi	LossQ	Time
1	-49.84763	2.3188412	-43.63734	-52.707394	-244.56554	58.45464	-190.07648	-341.49237	-244.56554	58.45464	-190.07648	-341.49237	-49.84763	2.3188412	-43.63734	-52.707394	1000.0	1000.0	3999	3.747379	2.8533854	16.961302	-2.8496943	3.7588317	2.8358319	17.551008	-0.6633012	-3.235805	1.3351579	6.3318233	-12.300287	-3.1025705	0.673021	133.50458979606628
2	-185.65506	5.0165696	-178.04417	-191.8662	-366.039	39.967854	-324.8521	-432.02133	-366.039	39.967854	-324.8521	-432.02133	-185.65506	5.0165696	-178.04417	-191.8662	1000.0	1000.0	7999	13.817283	5.6184535	36.707417	-2.3576682	13.817255	5.6195464	37.079777	-0.5475045	-1.6805329	2.3281233	11.852889	-12.938759	-14.455943	1.9896376	306.69708943367004
3	-141.27853	47.589508	-107.38249	-277.1419	-338.8874	41.782516	-290.3023	-391.25345	-338.8874	41.782516	-290.3023	-391.25345	-141.27853	47.589508	-107.38249	-277.1419	1000.0	1000.0	11999	29.12438	8.488757	55.843582	3.2237928	29.125296	8.49013	55.941837	4.036412	-0.22737728	2.8027112	16.699108	-13.107709	-30.447409	3.2882245	484.13960552215576
4	14.821348	104.00408	65.684044	-289.80997	-238.24715	32.573223	-193.084	-274.4256	-238.24715	32.573223	-193.084	-274.4256	14.821348	104.00408	65.684044	-289.80997	1000.0	1000.0	15999	38.984673	13.206486	69.7525	12.6164665	38.985394	13.206756	69.4196	13.146553	-0.70486236	2.926825	17.698376	-13.878435	-40.156765	3.0323482	662.2095501422882
5	-22.71362	27.531937	17.764338	-77.153625	-239.85054	13.267141	-219.34344	-254.58391	-239.85054	13.267141	-219.34344	-254.58391	-22.71362	27.531937	17.764338	-77.153625	1000.0	1000.0	19999	43.490154	17.948559	79.96071	16.169136	43.490093	17.948967	79.85082	16.680109	-1.3335828	2.9500947	20.631695	-13.141055	-44.550804	2.7522857	840.5826137065887
6	-144.48805	27.598627	-95.88296	-169.21953	-111.82905	81.190834	9.775531	-208.0762	-111.82905	81.190834	9.775531	-208.0762	-144.48805	27.598627	-95.88296	-169.21953	1000.0	1000.0	23999	48.931423	21.007004	89.67762	18.755938	48.93114	21.007998	88.79988	19.115995	-1.4234493	2.996821	18.739035	-17.231544	-49.992413	3.062131	1019.1243391036987
7	-87.167656	2.125696	-83.370766	-90.718414	-132.0594	35.231094	-75.28359	-169.70668	-132.0594	35.231094	-75.28359	-169.70668	-87.167656	2.125696	-83.370766	-90.718414	1000.0	1000.0	27999	57.13144	23.246937	100.900536	21.330042	57.1311	23.24805	99.925514	21.361773	-1.1928754	3.0216713	19.055584	-15.028994	-58.24886	3.3308082	1240.8264527320862
8	-100.69228	13.318146	-60.89093	-107.54266	-191.39224	40.630497	-137.65404	-249.01445	-191.39224	40.630497	-137.65404	-249.01445	-100.69228	13.318146	-60.89093	-107.54266	1000.0	1000.0	31999	63.33513	26.709415	111.177315	23.92849	63.334675	26.710236	111.265205	23.92584	-0.9780647	3.1524868	17.513666	-13.237524	-64.543236	3.4994745	1479.5195045471191
9	-75.40629	1.1886047	-73.72366	-77.17131	-153.0222	45.685326	-94.73154	-219.5193	-153.0222	45.685326	-94.73154	-219.5193	-75.40629	1.1886047	-73.72366	-77.17131	1000.0	1000.0	35999	71.92113	31.057146	130.00328	25.997816	71.9207	31.057152	130.02516	26.026917	-0.65875065	3.2943187	20.64163	-14.84891	-73.28117	4.2831655	1712.3665044307709
10	-100.02568	1.7725687	-96.806656	-102.71817	-69.754745	45.08986	-5.7309694	-132.5182	-69.754745	45.08986	-5.7309694	-132.5182	-100.02568	1.7725687	-96.806656	-102.71817	1000.0	1000.0	39999	81.67053	36.73409	143.67886	29.089098	81.67034	36.73416	145.32648	28.359524	-0.31221133	3.5365407	23.54051	-13.965256	-83.19837	5.024508	1952.2947978973389
11	-56.7148	16.658354	-42.869976	-100.382706	-159.78337	68.987015	-41.26878	-212.07916	-159.78337	68.987015	-41.26878	-212.07916	-56.7148	16.658354	-42.869976	-100.382706	1000.0	1000.0	43999	91.37354	43.127712	158.82365	31.287619	91.37372	43.12764	159.33273	30.70504	-0.10864041	3.7932632	21.15657	-12.999781	-93.00695	5.4957	2190.0035655498505
12	-189.23273	116.35301	-18.957714	-331.58392	-167.02612	18.76583	-153.00923	-199.3445	-167.02612	18.76583	-153.00923	-199.3445	-189.23273	116.35301	-18.957714	-331.58392	1000.0	1000.0	47999	98.74329	49.608955	168.87509	33.36856	98.74275	49.609226	169.01889	33.291744	-0.36257622	3.7466815	28.146774	-15.224814	-100.347404	5.656814	2424.4003508090973
13	-91.84862	74.90569	-65.385796	-316.5499	-161.64946	32.41496	-107.94662	-189.08215	-161.64946	32.41496	-107.94662	-189.08215	-91.84862	74.90569	-65.385796	-316.5499	1000.0	1000.0	51999	101.21444	52.577976	174.89923	35.63146	101.21409	52.5781	176.15912	35.521515	-0.86592907	3.432226	25.625767	-13.570803	-102.63739	4.9125395	2613.506630420685
14	-189.96355	35.582474	-159.42287	-246.27357	-165.16284	60.998512	-69.75069	-229.12988	-165.16284	60.998512	-69.75069	-229.12988	-189.96355	35.582474	-159.42287	-246.27357	1000.0	1000.0	55999	104.15873	55.18924	181.51498	36.751743	104.15875	55.189144	182.35869	35.986324	-0.6899059	3.6564238	24.802027	-13.162813	-105.6685	4.9646177	2794.6808693408966
15	-92.61357	3.3786955	-84.155685	-96.694756	-139.85652	38.70543	-109.00628	-206.1808	-139.85652	38.70543	-109.00628	-206.1808	-92.61357	3.3786955	-84.155685	-96.694756	1000.0	1000.0	59999	111.09019	58.75252	193.4607	37.6177	111.08984	58.751724	191.5185	37.7791	-0.6438038	3.6100373	33.423225	-13.868486	-112.68584	5.286084	2976.8561611175537
16	-56.06117	93.10127	5.9681973	-242.82202	-126.86354	40.62061	-64.65897	-171.85301	-126.86354	40.62061	-64.65897	-171.85301	-56.06117	93.10127	5.9681973	-242.82202	1000.0	1000.0	63999	117.87329	62.14356	199.92218	39.333767	117.873	62.143135	199.8939	38.945946	-0.6508658	3.543764	31.136063	-14.0947	-119.51027	5.4043984	3159.9101066589355
17	-14.179416	93.33043	80.45771	-110.24541	-94.43101	22.226131	-71.1092	-125.642815	-94.43101	22.226131	-71.1092	-125.642815	-14.179416	93.33043	80.45771	-110.24541	1000.0	1000.0	67999	123.13094	64.18733	205.06403	39.794613	123.13085	64.18672	204.12701	40.350845	-0.731466	3.398561	34.79327	-13.934858	-124.67442	5.213053	3355.9828226566315
18	-142.20796	37.340652	-64.161415	-165.95366	-109.68045	37.863857	-54.63714	-153.16885	-109.68045	37.863857	-54.63714	-153.16885	-142.20796	37.340652	-64.161415	-165.95366	1000.0	1000.0	71999	127.40739	64.00039	204.69348	40.930206	127.407	63.999596	207.1211	41.46151	-0.86242694	3.191487	41.547016	-17.61931	-128.90656	4.8015614	3609.0173633098602
19	-113.97898	2.9144802	-109.96024	-117.94538	-101.79402	45.321404	-42.22566	-169.72498	-101.79402	45.321404	-42.22566	-169.72498	-113.97898	2.9144802	-109.96024	-117.94538	1000.0	1000.0	75999	129.11142	63.68996	209.39021	38.59114	129.11131	63.68954	207.18341	41.60823	-0.8968708	3.1453688	31.093307	-16.103191	-130.62605	4.984269	3871.039741754532
20	-80.33612	22.338707	-20.601212	-95.07376	-86.04402	36.98017	-35.493942	-127.3999	-86.04402	36.98017	-35.493942	-127.3999	-80.33612	22.338707	-20.601212	-95.07376	1000.0	1000.0	79999	130.38658	63.10575	204.43184	41.63984	130.3868	63.105907	206.8556	42.64198	-0.98923033	3.0470595	31.24769	-15.49625	-131.85335	4.4526525	4140.264580965042
21	-42.14356	4.0461035	-34.07427	-47.04066	-133.41965	26.619543	-90.89531	-160.66496	-133.41965	26.619543	-90.89531	-160.66496	-42.14356	4.0461035	-34.07427	-47.04066	1000.0	1000.0	83999	129.09276	62.491253	205.29819	41.328796	129.09229	62.491558	204.06439	43.3172	-0.96755964	3.0708277	44.710197	-12.801672	-130.56151	4.5215197	4414.4594643116
22	-63.44576	18.858946	-33.055035	-110.093155	-40.658348	39.677887	26.667028	-72.15263	-40.658348	39.677887	26.667028	-72.15263	-63.44576	18.858946	-33.055035	-110.093155	1000.0	1000.0	87999	128.91481	62.56195	207.34792	42.726868	128.91447	62.561172	205.58977	44.115	-0.9512313	3.1233506	37.3725	-13.604006	-130.40971	4.417929	4664.503835201263
23	-63.913353	2.6037805	-59.960815	-68.067795	-23.46565	33.41535	31.566652	-52.10271	-23.46565	33.41535	31.566652	-52.10271	-63.913353	2.6037805	-59.960815	-68.067795	1000.0	1000.0	91999	130.00952	62.45143	207.42368	42.19614	130.00928	62.451057	208.2865	44.40571	-0.9794026	3.0697832	35.2517	-13.621898	-131.51178	4.319952	4901.365868091583
24	-44.207787	53.730907	45.43348	-80.87398	-14.55418	47.64315	61.91491	-68.238556	-14.55418	47.64315	61.91491	-68.238556	-44.207787	53.730907	45.43348	-80.87398	1000.0	1000.0	95999	131.52483	62.157547	209.50583	43.36614	131.52457	62.157482	207.78464	45.381107	-0.9251718	3.1080399	39.352077	-14.12314	-133.02972	4.3188405	5141.1024441719055
25	-91.60837	51.0811	-12.699587	-126.09673	-17.104448	53.967636	58.10271	-92.38438	-17.104448	53.967636	58.10271	-92.38438	-91.60837	51.0811	-12.699587	-126.09673	1000.0	1000.0	99999	133.114	62.189915	210.76799	44.42507	133.11382	62.189377	210.02919	45.35897	-0.8019305	3.1580725	41.437775	-13.272302	-134.68735	4.2234387	5412.519238233566
26	-26.673971	71.94995	64.97952	-89.019615	-49.376404	60.968277	12.135779	-112.33149	-49.376404	60.968277	12.135779	-112.33149	-26.673971	71.94995	64.97952	-89.019615	1000.0	1000.0	103999	135.27141	63.8335	217.56334	45.31771	135.27135	63.83308	216.88129	45.528496	-0.63658786	3.2958894	38.633743	-14.688792	-136.94122	4.4053526	5679.261311292648
27	-64.78005	7.4538765	-42.58811	-68.2131	-90.97186	39.66859	-32.04013	-139.85043	-90.97186	39.66859	-32.04013	-139.85043	-64.78005	7.4538765	-42.58811	-68.2131	1000.0	1000.0	107999	137.25081	65.58703	217.90637	45.721	137.25075	65.586426	219.33148	46.02723	-0.7470766	3.2228472	45.019917	-12.333054	-138.85353	4.6332755	5945.882346153259
28	-59.20365	0.71328187	-57.716503	-60.057434	-22.330935	13.3893175	-6.1438165	-43.13021	-22.330935	13.3893175	-6.1438165	-43.13021	-59.20365	0.71328187	-57.716503	-60.057434	1000.0	1000.0	111999	138.55643	66.6443	223.98114	46.13158	138.55647	66.64399	221.13872	46.291874	-0.60264885	3.286194	37.91226	-12.729264	-140.2032	4.8111186	6217.238998889923
29	-57.139168	1.0624386	-55.349945	-58.584885	-34.93117	22.798178	-5.148545	-67.63889	-34.93117	22.798178	-5.148545	-67.63889	-57.139168	1.0624386	-55.349945	-58.584885	1000.0	1000.0	115999	142.27237	67.14405	226.15814	45.33748	142.27225	67.14366	224.84274	46.895172	-0.58646417	3.2704487	51.008408	-13.93473	-143.91537	4.4293914	6491.301339149475
30	-68.85826	0.66486084	-67.577354	-69.82075	-31.565582	3.208098	-26.767212	-35.1858	-31.565582	3.208098	-26.767212	-35.1858	-68.85826	0.66486084	-67.577354	-69.82075	1000.0	1000.0	119999	144.58133	66.98738	226.06088	46.406395	144.58119	66.98718	225.70816	46.521732	-0.61459076	3.2206602	51.43977	-13.697096	-146.19572	4.17875	6761.3593056201935
31	-119.83208	1.9312065	-116.811104	-123.369865	-57.544865	47.754757	13.925198	-115.10271	-57.544865	47.754757	13.925198	-115.10271	-119.83208	1.9312065	-116.811104	-123.369865	1000.0	1000.0	123999	146.27861	66.1796	224.75067	46.158142	146.27855	66.17933	223.82593	46.98234	-0.7101226	3.0978014	44.512634	-15.693121	-147.83252	3.9618406	7026.458427667618
32	-98.141266	2.7511258	-94.29701	-104.323906	-101.6414	41.98865	-58.512012	-168.70207	-101.6414	41.98865	-58.512012	-168.70207	-98.141266	2.7511258	-94.29701	-104.323906	1000.0	1000.0	127999	144.40714	65.35543	222.6207	46.35509	144.40689	65.35526	221.75197	46.76445	-0.8075747	3.045114	43.18881	-14.2086315	-145.89694	4.3210015	7284.133195877075
33	-49.713142	1.2796794	-47.372345	-52.032223	-111.19219	50.002636	-72.996445	-197.1226	-111.19219	50.002636	-72.996445	-197.1226	-49.713142	1.2796794	-47.372345	-52.032223	1000.0	1000.0	131999	142.22617	64.12247	218.42874	45.85545	142.22581	64.122574	216.58534	47.247005	-0.90213835	2.9945884	47.202465	-14.949114	-143.67981	3.9146972	7550.566003084183
34	-24.19999	33.208744	6.7596993	-67.04903	-60.29821	37.55934	-8.497444	-111.17061	-60.29821	37.55934	-8.497444	-111.17061	-24.19999	33.208744	6.7596993	-67.04903	1000.0	1000.0	135999	140.07687	62.188072	217.51721	45.38294	140.07658	62.18789	215.32773	47.347103	-0.9277402	2.9494154	52.167534	-13.358337	-141.50719	3.889431	7904.110456705093
35	-13.730273	5.763505	-2.2796736	-19.495249	-68.58922	48.197105	-32.81869	-151.55327	-68.58922	48.197105	-32.81869	-151.55327	-13.730273	5.763505	-2.2796736	-19.495249	1000.0	1000.0	139999	139.4729	60.90346	213.02208	46.988655	139.47278	60.90308	213.74033	47.159298	-0.9284464	2.8972676	46.665924	-13.319136	-140.96346	3.6173642	8265.317964315414
36	-1.8296589	0.7681034	-0.30753136	-2.6492598	-68.16672	39.364944	-26.979399	-130.93912	-68.16672	39.364944	-26.979399	-130.93912	-1.8296589	0.7681034	-0.30753136	-2.6492598	1000.0	1000.0	143999	139.06863	60.122402	213.25487	44.90259	139.06839	60.122017	213.54527	46.032608	-0.91615564	2.9044805	42.715435	-14.428074	-140.54857	4.2037396	8634.329121112823
37	-5.044175	14.183644	0.63110363	-47.56726	-77.40338	22.45049	-54.756607	-109.66387	-77.40338	22.45049	-54.756607	-109.66387	-5.044175	14.183644	0.63110363	-47.56726	1000.0	1000.0	147999	139.33327	59.58025	212.68884	44.479393	139.33302	59.580067	213.1421	46.038963	-0.84604096	2.9151464	41.901703	-13.081103	-140.84596	3.715426	8988.988489866257
38	4.272828	1.2022734	6.1109514	2.1548636	-48.698086	11.905687	-37.374706	-66.407234	-48.698086	11.905687	-37.374706	-66.407234	4.272828	1.2022734	6.1109514	2.1548636	1000.0	1000.0	151999	139.29088	58.66314	212.15166	45.31975	139.29056	58.663094	212.84721	47.922157	-0.9496537	2.884406	48.002537	-14.175105	-140.73578	4.027356	9333.245358467102
39	-16.207458	14.253858	-6.1822724	-38.45604	-58.944862	38.045483	-4.4798584	-105.23616	-58.944862	38.045483	-4.4798584	-105.23616	-16.207458	14.253858	-6.1822724	-38.45604	1000.0	1000.0	155999	138.88918	57.33975	207.73724	44.66872	138.88878	57.33969	206.87923	47.170624	-0.95320135	2.8401206	53.799057	-15.30308	-140.33722	3.9347231	9590.121041297913
40	6.861554	0.7583583	8.371714	5.578741	-62.696655	24.746313	-42.825623	-103.68073	-62.696655	24.746313	-42.825623	-103.68073	6.861554	0.7583583	8.371714	5.578741	1000.0	1000.0	159999	138.10976	56.030804	206.50066	46.368546	138.10954	56.03038	206.74579	46.987217	-0.97430766	2.7812612	40.523613	-12.639524	-139.55115	3.3347104	9846.859400749207
41	5.273978	0.55150384	6.2479706	4.5092216	-31.697872	17.907122	-17.575293	-62.424274	-31.697872	17.907122	-17.575293	-62.424274	5.273978	0.55150384	6.2479706	4.5092216	1000.0	1000.0	163999	137.71599	55.106636	206.36444	46.247025	137.71587	55.106945	205.00912	47.7443	-0.9522274	2.7778616	35.252808	-13.5476885	-139.1729	3.2981045	10075.824609994888
42	6.3672876	1.2572026	8.628339	4.5393543	-26.049097	12.032852	-9.327815	-40.47828	-26.049097	12.032852	-9.327815	-40.47828	6.3672876	1.2572026	8.628339	4.5393543	1000.0	1000.0	167999	137.74927	53.916763	202.0241	46.386986	137.7492	53.91664	202.59647	47.88548	-0.9635006	2.7647126	34.93541	-16.050524	-139.1949	3.0850222	10296.766025066376
43	-49.61126	1.5819004	-47.45224	-52.727276	-35.093216	5.5620594	-28.529	-42.587757	-35.093216	5.5620594	-28.529	-42.587757	-49.61126	1.5819004	-47.45224	-52.727276	1000.0	1000.0	171999	137.77557	53.10751	202.46153	47.32867	137.77533	53.1079	201.85504	47.7282	-0.98253095	2.7306218	45.88548	-14.796036	-139.22752	2.992434	10512.753226995468
44	4.382249	1.1667211	6.0628	2.011886	-24.885956	9.871255	-8.271529	-33.335266	-24.885956	9.871255	-8.271529	-33.335266	4.382249	1.1667211	6.0628	2.011886	1000.0	1000.0	175999	137.65189	51.90472	199.07118	46.627117	137.65182	51.904953	199.83574	47.738567	-0.9369729	2.7176032	44.93242	-13.21742	-139.10516	2.8122633	10730.6260368824
45	-34.935616	26.068783	5.0584044	-52.866367	-21.656336	17.381823	2.816095	-40.905327	-21.656336	17.381823	2.816095	-40.905327	-34.935616	26.068783	5.0584044	-52.866367	1000.0	1000.0	179999	137.32794	50.60671	196.93227	47.86881	137.3276	50.60695	197.29233	48.054535	-1.080099	2.5968134	43.90007	-13.342038	-138.74876	2.601901	10941.036669969559
46	4.0713406	1.8406793	6.8878603	0.95072776	-11.99893	27.165693	33.52048	-38.3921	-11.99893	27.165693	33.52048	-38.3921	4.0713406	1.8406793	6.8878603	0.95072776	1000.0	1000.0	183999	136.74054	49.356686	194.64813	47.97066	136.74039	49.356796	194.9561	48.628452	-1.1054229	2.5847042	50.620605	-14.713625	-138.15509	2.7025957	11184.7991771698
47	2.6528084	1.094504	5.4726195	1.4386356	-38.21928	7.566724	-29.97558	-49.224586	-38.21928	7.566724	-29.97558	-49.224586	2.6528084	1.094504	5.4726195	1.4386356	1000.0	1000.0	187999	136.73332	48.55998	196.8151	47.753025	136.73318	48.560043	195.24873	46.990604	-0.9867276	2.6048522	37.52042	-14.096685	-138.19754	2.4483218	11538.48795390129
48	-5.803734	0.8375612	-4.8512883	-7.825455	-18.085545	9.680468	-9.043152	-34.409058	-18.085545	9.680468	-9.043152	-34.409058	-5.803734	0.8375612	-4.8512883	-7.825455	1000.0	1000.0	191999	136.74715	47.956337	193.16219	47.599823	136.74709	47.956432	194.95183	48.342552	-1.0053961	2.619643	43.563004	-12.498127	-138.17839	2.4777606	11889.178775548935
49	-2.1818714	0.8269306	-0.725999	-3.3149662	-16.182655	14.460526	-0.09038202	-39.155273	-16.182655	14.460526	-0.09038202	-39.155273	-2.1818714	0.8269306	-0.725999	-3.3149662	1000.0	1000.0	195999	136.5512	47.173798	195.00948	44.11216	136.55107	47.17405	195.269	48.483696	-1.0875434	2.5666306	33.251205	-14.571593	-137.97743	2.3803005	12238.795560598373
50	3.8017814	1.1532052	6.0631604	1.882879	-46.58347	2.977243	-41.964947	-49.497204	-46.58347	2.977243	-41.964947	-49.497204	3.8017814	1.1532052	6.0631604	1.882879	1000.0	1000.0	199999	136.62755	46.493195	192.1768	47.634052	136.6275	46.49289	191.52574	48.63674	-1.0669969	2.547616	38.618668	-15.026616	-138.06908	2.2348886	12521.819481611252
51	4.9333596	1.2624333	6.479014	2.356239	-32.274227	37.068295	-2.0844207	-95.65739	-32.274227	37.068295	-2.0844207	-95.65739	4.9333596	1.2624333	6.479014	2.356239	1000.0	1000.0	203999	136.20074	45.681656	188.5167	47.254585	136.20059	45.68137	188.74031	48.441776	-1.1273504	2.5008156	37.798347	-14.164525	-137.60493	2.4016156	12787.20795083046
52	-0.029244954	0.9377807	2.1239388	-1.3548259	-22.995522	17.64015	6.7956553	-39.117016	-22.995522	17.64015	6.7956553	-39.117016	-0.029244954	0.9377807	2.1239388	-1.3548259	1000.0	1000.0	207999	135.16565	45.035904	188.76324	47.666378	135.16534	45.036213	187.53757	48.34796	-1.1971209	2.4794126	37.679268	-13.064341	-136.55103	2.4423208	13086.035239458084
53	-4.608387	5.415058	2.1123257	-13.816447	-59.004417	35.214355	-12.222305	-102.07987	-59.004417	35.214355	-12.222305	-102.07987	-4.608387	5.415058	2.1123257	-13.816447	1000.0	1000.0	211999	134.78528	44.335186	187.49225	48.507294	134.78522	44.335247	186.10962	48.231243	-1.175622	2.4832277	38.33226	-14.699812	-136.19444	2.0745525	13414.658230543137
54	0.85584104	0.83256376	2.2648714	-0.6858718	-27.033731	35.661842	8.3276205	-81.64117	-27.033731	35.661842	8.3276205	-81.64117	0.85584104	0.83256376	2.2648714	-0.6858718	1000.0	1000.0	215999	133.85904	43.614983	186.58012	47.462296	133.85896	43.614895	185.73074	48.16292	-1.2390062	2.444345	38.860474	-14.541938	-135.23694	2.1459	13746.571135759354
55	0.26588312	1.4463949	2.8795068	-2.1862357	-50.944244	17.498308	-30.957634	-73.15026	-50.944244	17.498308	-30.957634	-73.15026	0.26588312	1.4463949	2.8795068	-2.1862357	1000.0	1000.0	219999	133.1227	42.601734	182.09956	47.881683	133.1226	42.601974	182.46365	47.68601	-1.2650975	2.4381325	48.447693	-12.674196	-134.461	2.0149314	14082.486415863037
56	-2.2305458	1.7196801	0.44573975	-4.7581506	-69.015236	28.26055	-36.486034	-110.66798	-69.015236	28.26055	-36.486034	-110.66798	-2.2305458	1.7196801	0.44573975	-4.7581506	1000.0	1000.0	223999	131.43083	41.68493	180.34627	47.59301	131.4307	41.68485	179.40588	48.701195	-1.3610811	2.3836923	34.498344	-13.861267	-132.74315	1.7697356	14389.665753364563
57	3.69869	1.7531042	6.4736724	0.64471406	-36.274372	21.015049	-2.7585979	-60.82811	-36.274372	21.015049	-2.7585979	-60.82811	3.69869	1.7531042	6.4736724	0.64471406	1000.0	1000.0	227999	129.86913	40.314957	175.85974	43.7747	129.86911	40.314976	176.19753	47.83608	-1.4886347	2.275741	33.550793	-14.158953	-131.16003	1.781741	14695.396929502487
58	-0.64722013	1.4134723	1.7202554	-3.9591355	10.790241	19.596634	40.300453	-14.554146	10.790241	19.596634	40.300453	-14.554146	-0.64722013	1.4134723	1.7202554	-3.9591355	1000.0	1000.0	231999	128.5402	39.26662	174.0838	46.58512	128.54002	39.26663	173.74738	48.352165	-1.4193575	2.3105838	42.922794	-13.757849	-129.84232	1.9713603	14983.402012586594
59	6.0698137	1.5109317	8.520582	3.8016684	-51.742165	56.230995	-2.6280587	-147.3876	-51.742165	56.230995	-2.6280587	-147.3876	6.0698137	1.5109317	8.520582	3.8016684	1000.0	1000.0	235999	127.42028	38.45548	171.73022	47.824764	127.42015	38.45562	171.45592	47.510635	-1.5046751	2.240347	40.906754	-14.0047655	-128.70753	1.8483548	15258.2932741642
60	5.0943747	1.867939	8.360192	2.9280944	-28.501677	9.952607	-14.535557	-42.621178	-28.501677	9.952607	-14.535557	-42.621178	5.0943747	1.867939	8.360192	2.9280944	1000.0	1000.0	239999	126.22248	37.277992	169.49254	48.826954	126.22236	37.278263	169.1386	48.80094	-1.5734897	2.1800852	32.926975	-16.041012	-127.48235	1.6334585	15522.304990053177
61	-16.33363	22.427422	3.9817283	-44.20086	-7.613627	32.515453	27.771904	-59.0749	-7.613627	32.515453	27.771904	-59.0749	-16.33363	22.427422	3.9817283	-44.20086	1000.0	1000.0	243999	125.13756	36.30995	167.93271	47.906418	125.13757	36.309937	167.95683	47.21703	-1.5201684	2.211916	33.55947	-13.981197	-126.41898	1.6583527	15779.49850320816
62	-3.916207	16.19306	6.4092913	-37.453068	-49.464016	25.817047	-21.128767	-86.77507	-49.464016	25.817047	-21.128767	-86.77507	-3.916207	16.19306	6.4092913	-37.453068	1000.0	1000.0	247999	124.53912	35.74501	165.8075	47.82297	124.53896	35.744946	165.16069	48.289154	-1.5094932	2.2221427	33.846737	-13.46897	-125.840355	1.6355982	16009.701916694641
63	-15.299266	17.010338	4.3444448	-34.499146	-52.265347	31.758875	-0.5408766	-81.450066	-52.265347	31.758875	-0.5408766	-81.450066	-15.299266	17.010338	4.3444448	-34.499146	1000.0	1000.0	251999	124.19895	35.3065	166.52849	47.86373	124.19895	35.30653	165.74164	48.1733	-1.5358616	2.2052643	34.11497	-13.012799	-125.5006	1.628515	16217.096667051315
64	4.2797155	2.362926	8.045853	0.036880054	-36.034412	31.95509	-5.4830346	-88.88973	-36.034412	31.95509	-5.4830346	-88.88973	4.2797155	2.362926	8.045853	0.036880054	1000.0	1000.0	255999	124.20194	35.223404	166.22624	49.134388	124.20183	35.22345	166.43204	49.242886	-1.4422125	2.2523613	33.326847	-13.402908	-125.54592	1.6135904	16424.541596889496
65	-25.6776	15.693251	6.0156517	-37.490707	-14.876721	55.811375	47.728466	-104.53487	-14.876721	55.811375	47.728466	-104.53487	-25.6776	15.693251	6.0156517	-37.490707	1000.0	1000.0	259999	124.3638	35.130905	165.53966	49.3733	124.36372	35.13118	165.04572	49.575428	-1.4997338	2.2454283	35.291176	-13.42729	-125.67913	1.6964233	16688.49629354477
66	-3.7036521	3.215079	2.8002002	-7.8072796	-72.36362	44.89989	-26.15962	-118.88285	-72.36362	44.89989	-26.15962	-118.88285	-3.7036521	3.215079	2.8002002	-7.8072796	1000.0	1000.0	263999	123.63052	34.93331	164.06006	48.75029	123.63048	34.93318	163.87128	49.500145	-1.6030998	2.2035966	29.548288	-14.227688	-124.89799	1.6407988	16996.596443891525
67	-20.525095	12.916393	5.3347626	-31.956766	-51.85828	28.833878	-18.86765	-97.02307	-51.85828	28.833878	-18.86765	-97.02307	-20.525095	12.916393	5.3347626	-31.956766	1000.0	1000.0	267999	123.29177	34.597507	164.35095	48.705868	123.29169	34.597538	163.53114	48.842487	-1.5351491	2.2002358	27.74097	-13.993971	-124.6056	1.7248734	17334.30531692505
68	-6.463027	3.6059158	0.9649777	-14.905124	-84.6217	46.951202	-12.581469	-138.46788	-84.6217	46.951202	-12.581469	-138.46788	-6.463027	3.6059158	0.9649777	-14.905124	1000.0	1000.0	271999	123.82406	34.56387	163.2743	49.43421	123.82401	34.563652	163.58937	48.976227	-1.4822026	2.220393	26.910114	-15.154011	-125.15803	1.6642385	17694.247821092606
69	0.32600754	6.9523907	6.3750157	-10.229573	-60.41074	51.311157	-3.2029057	-140.62276	-60.41074	51.311157	-3.2029057	-140.62276	0.32600754	6.9523907	6.3750157	-10.229573	1000.0	1000.0	275999	123.33272	34.665424	164.92142	50.286655	123.33261	34.665432	163.93457	49.228584	-1.5130223	2.2272978	30.15439	-12.982011	-124.63439	1.636382	17933.47836279869
70	-2.1171725	4.754995	7.544663	-6.013239	-60.67308	48.47191	-16.614206	-141.76685	-60.67308	48.47191	-16.614206	-141.76685	-2.1171725	4.754995	7.544663	-6.013239	1000.0	1000.0	279999	123.05708	34.546833	165.01836	50.351814	123.05699	34.546566	164.87685	50.192223	-1.549843	2.2047386	28.871855	-13.465427	-124.34177	1.6913608	18142.953837394714
71	-2.61452	4.3095107	6.3663654	-8.153099	-69.479095	38.378292	-25.94102	-121.27225	-69.479095	38.378292	-25.94102	-121.27225	-2.61452	4.3095107	6.3663654	-8.153099	1000.0	1000.0	283999	122.38655	34.040108	161.84508	49.872635	122.38646	34.039806	161.96207	50.151356	-1.5814769	2.1920457	33.923176	-13.806453	-123.66022	1.7849396	18357.278465032578
72	-4.5363646	1.9138508	1.02583	-6.2163973	-96.54704	29.01657	-49.876957	-127.69017	-96.54704	29.01657	-49.876957	-127.69017	-4.5363646	1.9138508	1.02583	-6.2163973	1000.0	1000.0	287999	122.17258	34.191166	163.17818	50.237934	122.17244	34.191307	163.53487	50.474136	-1.5285482	2.2174642	22.986443	-12.81485	-123.48411	1.5856123	18611.77791285515
73	-6.725908	1.0170974	-5.338856	-8.651621	-101.17557	15.131278	-83.5421	-125.29841	-101.17557	15.131278	-83.5421	-125.29841	-6.725908	1.0170974	-5.338856	-8.651621	1000.0	1000.0	291999	121.86949	34.23724	165.37154	49.855846	121.86947	34.23705	164.79153	50.73528	-1.5712382	2.205053	24.531235	-14.530261	-123.17908	1.4743387	18865.58156466484
74	-4.0315695	0.91450626	-2.3370612	-5.555977	-109.79767	26.07352	-72.496864	-140.27478	-109.79767	26.07352	-72.496864	-140.27478	-4.0315695	0.91450626	-2.3370612	-5.555977	1000.0	1000.0	295999	122.70546	34.588665	164.40553	49.382553	122.70527	34.58871	163.82854	50.566982	-1.430282	2.2348783	30.126904	-13.544485	-124.0597	1.6482754	19200.383513450623
75	-5.6231008	0.76840615	-4.4731903	-7.0351367	-173.55887	69.83683	-90.12627	-268.67636	-173.55887	69.83683	-90.12627	-268.67636	-5.6231008	0.76840615	-4.4731903	-7.0351367	1000.0	1000.0	299999	123.34803	34.700577	165.78247	50.943153	123.34807	34.70044	165.54646	51.621063	-1.555586	2.1962159	25.497757	-13.953166	-124.66545	1.6277462	19537.968267679214
76	-2.3617334	3.441283	5.3473587	-7.6617894	-84.06528	26.681568	-39.852478	-105.26198	-84.06528	26.681568	-39.852478	-105.26198	-2.3617334	3.441283	5.3473587	-7.6617894	1000.0	1000.0	303999	124.03135	34.849876	169.50206	50.4968	124.03125	34.850132	168.22153	50.504402	-1.4585025	2.2608352	30.310692	-13.224835	-125.40155	1.7090567	19756.16907095909
77	-3.7819798	5.1189246	4.9314494	-10.813126	-68.667984	13.074313	-49.44856	-84.22923	-68.667984	13.074313	-49.44856	-84.22923	-3.7819798	5.1189246	4.9314494	-10.813126	1000.0	1000.0	307999	125.16485	35.46487	169.17632	50.93515	125.16475	35.46486	170.1338	50.751522	-1.3218107	2.3178167	26.135906	-12.416681	-126.57677	1.6280949	19976.72019982338
78	-8.23133	2.4196396	-6.1437106	-14.434492	-68.14896	17.199686	-42.70798	-90.0098	-68.14896	17.199686	-42.70798	-90.0098	-8.23133	2.4196396	-6.1437106	-14.434492	1000.0	1000.0	311999	126.59251	35.91713	172.82753	51.26081	126.59262	35.916996	171.41675	51.596428	-1.3736515	2.2745807	29.080622	-14.194722	-127.98736	1.6619016	20218.314653158188
79	-9.647138	3.6176405	-6.4018474	-18.45411	-109.58039	27.580135	-78.494804	-154.12703	-109.58039	27.580135	-78.494804	-154.12703	-9.647138	3.6176405	-6.4018474	-18.45411	1000.0	1000.0	315999	127.6883	36.02176	170.61713	51.57097	127.68815	36.02185	170.20639	51.377434	-1.364135	2.2787888	27.249285	-14.109661	-129.08118	1.7849852	20492.29834127426
80	-7.326349	1.3657802	-4.92805	-9.410471	-115.615845	44.023376	-74.3688	-182.22423	-115.615845	44.023376	-74.3688	-182.22423	-7.326349	1.3657802	-4.92805	-9.410471	1000.0	1000.0	319999	127.99918	36.551434	172.51328	50.806465	127.99921	36.551086	171.89676	51.15798	-1.3740228	2.255228	23.508312	-13.232269	-129.39711	1.6457657	20754.742386341095
81	-13.826057	8.278184	-6.5486236	-30.2427	-119.354614	36.448143	-80.43787	-157.1012	-119.354614	36.448143	-80.43787	-157.1012	-13.826057	8.278184	-6.5486236	-30.2427	1000.0	1000.0	323999	129.10138	36.894623	173.35922	50.62947	129.1013	36.89463	172.90599	50.71773	-1.2889735	2.2934682	26.30856	-13.330377	-130.53438	1.7112352	20967.41818857193
82	-8.136669	0.99027544	-6.3844585	-9.571373	-61.863625	28.587307	-31.077234	-91.27923	-61.863625	28.587307	-31.077234	-91.27923	-8.136669	0.99027544	-6.3844585	-9.571373	1000.0	1000.0	327999	130.24068	37.172577	175.04088	50.79017	130.24042	37.172855	174.46182	51.483803	-1.2419181	2.3816972	25.909367	-15.156311	-131.67534	1.64679	21180.474031209946
83	-4.8169184	0.5076305	-4.111548	-5.662667	-134.30966	43.428734	-60.83079	-173.28114	-134.30966	43.428734	-60.83079	-173.28114	-4.8169184	0.5076305	-4.111548	-5.662667	1000.0	1000.0	331999	130.99144	37.259098	175.948	51.31175	130.99149	37.259155	175.63347	52.11862	-1.3239506	2.3242612	31.26672	-13.563078	-132.4025	1.6493629	21395.98396897316
84	-5.5028086	1.131209	-3.8576438	-8.272767	-95.26764	30.251005	-62.8587	-133.3074	-95.26764	30.251005	-62.8587	-133.3074	-5.5028086	1.131209	-3.8576438	-8.272767	1000.0	1000.0	335999	131.24052	37.130123	175.57625	51.060555	131.24075	37.129208	175.96202	51.79873	-1.3763169	2.2724009	30.91851	-12.800911	-132.62659	1.7203863	21619.070277690887
85	-6.1972833	0.9364733	-4.8173766	-7.643127	-142.95468	46.45568	-95.962875	-214.09572	-142.95468	46.45568	-95.962875	-214.09572	-6.1972833	0.9364733	-4.8173766	-7.643127	1000.0	1000.0	339999	131.65572	37.16134	175.5969	50.983826	131.65543	37.16169	175.66896	51.713146	-1.2887089	2.3259492	25.028671	-13.348844	-133.07944	1.7321063	21841.41023349762
86	-4.243439	0.6151609	-2.9430003	-5.446505	-141.67998	52.274986	-104.006836	-231.80812	-141.67998	52.274986	-104.006836	-231.80812	-4.243439	0.6151609	-2.9430003	-5.446505	1000.0	1000.0	343999	132.74144	37.42932	178.4101	51.54074	132.74152	37.42921	177.5085	52.511112	-1.2828007	2.325275	31.38746	-13.079348	-134.19543	1.6703422	22093.91687655449
87	-6.4678116	1.7755237	-4.5765276	-10.98197	-132.39333	35.270435	-71.65441	-158.17316	-132.39333	35.270435	-71.65441	-158.17316	-6.4678116	1.7755237	-4.5765276	-10.98197	1000.0	1000.0	347999	133.33676	37.538918	176.17012	51.488266	133.3366	37.538803	175.96416	51.54846	-1.3150954	2.3102124	23.040737	-14.377654	-134.77293	1.6636304	22354.35635471344
88	-90.00957	0.9544267	-88.88801	-92.211586	-99.87857	25.188915	-58.760902	-125.436485	-99.87857	25.188915	-58.760902	-125.436485	-90.00957	0.9544267	-88.88801	-92.211586	1000.0	1000.0	351999	134.03725	37.745132	178.0816	51.99955	134.0372	37.744995	178.94855	51.160614	-1.2606617	2.308388	25.863691	-13.481486	-135.50948	1.7720933	22615.291304826736
89	-17.76914	0.7103953	-16.71527	-19.148396	-112.00011	44.321865	-80.711	-188.03612	-112.00011	44.321865	-80.711	-188.03612	-17.76914	0.7103953	-16.71527	-19.148396	1000.0	1000.0	355999	135.30717	38.07221	178.31534	51.93472	135.30711	38.07234	177.86485	51.79795	-1.1794146	2.3763437	26.398764	-14.286458	-136.7895	1.6812	22880.063875436783
90	-7.989961	2.3255682	-4.5042505	-12.797178	-123.542366	35.807846	-73.2494	-159.67226	-123.542366	35.807846	-73.2494	-159.67226	-7.989961	2.3255682	-4.5042505	-12.797178	1000.0	1000.0	359999	136.16777	38.14677	179.07729	51.421898	136.16774	38.14673	179.74179	52.015644	-1.2435936	2.305801	26.5936	-12.809221	-137.6391	1.7213582	23147.046576738358
91	-8.616947	1.3149337	-6.866642	-11.973271	-125.25896	26.687532	-83.98419	-158.18892	-125.25896	26.687532	-83.98419	-158.18892	-8.616947	1.3149337	-6.866642	-11.973271	1000.0	1000.0	363999	136.59164	38.133327	178.25636	51.307762	136.59158	38.13319	178.44922	51.636475	-1.2961082	2.2937827	32.68515	-12.721349	-138.03543	1.7248449	23440.841314315796
92	-36.19856	18.379635	-7.3774366	-51.911434	-135.07878	25.01325	-98.587906	-163.72653	-135.07878	25.01325	-98.587906	-163.72653	-36.19856	18.379635	-7.3774366	-51.911434	1000.0	1000.0	367999	136.30843	37.935497	179.46243	52.033005	136.30826	37.935493	179.59781	51.888992	-1.3066825	2.2613213	21.79205	-13.39159	-137.75406	1.6390588	23734.144240617752
93	-7.029035	1.857083	-5.581047	-11.060533	-116.31515	22.411152	-88.90918	-147.54456	-116.31515	22.411152	-88.90918	-147.54456	-7.029035	1.857083	-5.581047	-11.060533	1000.0	1000.0	371999	136.9978	37.84447	179.5339	51.070663	136.99792	37.844696	178.92345	51.299248	-1.1981053	2.350733	30.148289	-14.842025	-138.49623	1.7233996	24048.926743984222
94	-8.22098	1.9669727	-5.4352927	-11.471192	-153.8038	69.52004	-83.08575	-269.26077	-153.8038	69.52004	-83.08575	-269.26077	-8.22098	1.9669727	-5.4352927	-11.471192	1000.0	1000.0	375999	137.86014	37.965504	182.16812	51.06716	137.86005	37.96522	180.37772	51.19493	-1.2218808	2.2847054	25.076956	-14.58588	-139.34703	1.7578541	24357.45313358307
95	-8.195925	2.3383331	-5.113748	-12.772227	-108.752106	31.291143	-72.28719	-157.83348	-108.752106	31.291143	-72.28719	-157.83348	-8.195925	2.3383331	-5.113748	-12.772227	1000.0	1000.0	379999	138.25609	37.973873	179.90651	50.548115	138.25616	37.97332	178.63911	51.436424	-1.2793567	2.252704	25.156246	-14.597277	-139.714	1.8695354	24622.643257141113
96	-31.213718	15.853882	-6.298754	-42.407486	-135.07162	30.369743	-100.206314	-183.339	-135.07162	30.369743	-100.206314	-183.339	-31.213718	15.853882	-6.298754	-42.407486	1000.0	1000.0	383999	138.42001	37.68385	180.13239	51.578297	138.41994	37.683735	180.168	53.029198	-1.2627337	2.2658932	22.440323	-16.517439	-139.8911	1.8033332	24860.714843273163
97	-10.643547	2.1465936	-6.594546	-13.566195	-158.45639	55.137848	-103.12642	-220.10466	-158.45639	55.137848	-103.12642	-220.10466	-10.643547	2.1465936	-6.594546	-13.566195	1000.0	1000.0	387999	138.27144	37.595844	179.8915	51.571373	138.27141	37.59606	179.64505	52.60914	-1.3475342	2.2185001	25.902678	-13.096397	-139.71916	1.7502844	25121.298075914383
98	-6.451941	1.3894614	-4.8312736	-8.6159725	-150.31677	50.33239	-79.45264	-209.70454	-150.31677	50.33239	-79.45264	-209.70454	-6.451941	1.3894614	-4.8312736	-8.6159725	1000.0	1000.0	391999	137.73895	37.32702	178.163	50.783314	137.73898	37.32682	177.76077	50.85081	-1.3040254	2.2355084	24.10653	-14.686507	-139.18146	1.6809245	25385.628962278366
99	-7.5452523	2.0028045	-4.1671205	-9.959479	-129.60611	17.611977	-105.06214	-154.25647	-129.60611	17.611977	-105.06214	-154.25647	-7.5452523	2.0028045	-4.1671205	-9.959479	1000.0	1000.0	395999	137.96419	36.95666	177.89726	52.083153	137.96407	36.95691	178.12163	51.308002	-1.2173933	2.2848582	26.7664	-12.997968	-139.43996	1.7190179	25699.589464187622
100	-7.6667986	1.7591324	-6.03372	-11.573375	-183.72772	94.8388	-100.25694	-341.44403	-183.72772	94.8388	-100.25694	-341.44403	-7.6667986	1.7591324	-6.03372	-11.573375	1000.0	1000.0	399999	138.11478	36.901196	180.03758	50.464703	138.11469	36.900993	179.29703	51.3219	-1.2476128	2.2763367	60.70585	-18.253582	-139.58377	1.800984	26059.24971818924
101	-5.340228	1.0910741	-4.145465	-8.000007	-147.30797	78.4283	-69.97639	-270.60446	-147.30797	78.4283	-69.97639	-270.60446	-5.340228	1.0910741	-4.145465	-8.000007	1000.0	1000.0	403999	138.24619	36.813854	179.3194	50.412045	138.24629	36.81382	178.678	50.718716	-1.2132105	2.3023186	27.155396	-17.630726	-139.7158	1.7285883	26302.224848747253
102	-3.5586941	0.47195378	-2.825563	-4.4468365	-125.26827	56.892895	-55.88074	-186.99927	-125.26827	56.892895	-55.88074	-186.99927	-3.5586941	0.47195378	-2.825563	-4.4468365	1000.0	1000.0	407999	138.64671	36.84468	179.45757	50.495922	138.64667	36.844776	178.11305	50.528233	-1.1718564	2.3119917	28.501785	-13.902454	-140.15201	1.6983433	26523.744988918304
103	-8.52146	1.7069718	-5.1428795	-11.143783	-81.03284	21.18321	-49.00062	-100.46733	-81.03284	21.18321	-49.00062	-100.46733	-8.52146	1.7069718	-5.1428795	-11.143783	1000.0	1000.0	411999	138.78284	37.035843	179.0146	50.530945	138.78271	37.035664	178.13695	51.991592	-1.2218493	2.2775335	21.823479	-13.1030245	-140.27185	1.7295762	26760.475108623505
104	-6.8624473	1.7426586	-4.103423	-8.867825	-132.79321	68.312096	-55.555454	-238.06296	-132.79321	68.312096	-55.555454	-238.06296	-6.8624473	1.7426586	-4.103423	-8.867825	1000.0	1000.0	415999	139.56541	37.009884	179.13002	50.15118	139.56541	37.009953	179.3425	49.987675	-1.2347621	2.2584662	25.025642	-14.692951	-141.06541	1.7507588	27156.536821365356
105	-4.858777	2.0249517	-1.7756602	-7.7847466	-159.79633	61.931934	-92.57135	-226.05255	-159.79633	61.931934	-92.57135	-226.05255	-4.858777	2.0249517	-1.7756602	-7.7847466	1000.0	1000.0	419999	139.71873	36.89475	181.31116	50.119957	139.71872	36.894917	179.80945	50.25449	-1.2292824	2.266549	57.46245	-12.830784	-141.20923	1.7583662	27473.158328294754
106	-21.296942	18.094574	-1.8445855	-41.274757	-172.54462	36.43965	-127.78449	-228.58638	-172.54462	36.43965	-127.78449	-228.58638	-21.296942	18.094574	-1.8445855	-41.274757	1000.0	1000.0	423999	139.74551	36.822548	181.03595	50.125774	139.74539	36.822453	180.99452	50.387115	-1.2270119	2.2407749	26.07404	-13.568331	-141.21991	1.7755749	27739.741711854935
107	-4.6288023	1.6813825	-2.2990968	-7.2033715	-84.58315	10.5399685	-71.141754	-96.27379	-84.58315	10.5399685	-71.141754	-96.27379	-4.6288023	1.6813825	-2.2990968	-7.2033715	1000.0	1000.0	427999	139.22331	36.53332	179.7017	50.89952	139.2232	36.533333	179.42598	50.395542	-1.2758607	2.2378972	39.636395	-13.04985	-140.69185	1.7510798	28048.063424110413
108	-2.802568	0.5047719	-1.8968339	-3.3944836	-161.41385	42.106346	-125.850235	-232.59204	-161.41385	42.106346	-125.850235	-232.59204	-2.802568	0.5047719	-1.8968339	-3.3944836	1000.0	1000.0	431999	139.77777	36.58422	179.71332	49.359093	139.7777	36.584248	179.9176	51.02405	-1.1015142	2.3545544	25.294537	-14.260788	-141.30128	1.7839035	28433.202900886536
109	-6.68669	2.1637905	-3.7859724	-10.479218	-147.69592	20.535957	-126.23512	-171.17465	-147.69592	20.535957	-126.23512	-171.17465	-6.68669	2.1637905	-3.7859724	-10.479218	1000.0	1000.0	435999	140.751	36.763897	179.65755	50.58809	140.75104	36.763737	179.82912	50.43725	-1.0924492	2.3595064	33.302002	-13.298584	-142.31076	1.802606	28801.426715135574
110	-5.9251194	1.4684316	-4.1428075	-8.848589	-138.8696	31.00356	-107.83328	-176.13127	-138.8696	31.00356	-107.83328	-176.13127	-5.9251194	1.4684316	-4.1428075	-8.848589	1000.0	1000.0	439999	142.16165	37.03299	181.39226	49.88859	142.16159	37.03305	180.93388	50.738926	-1.0438255	2.348038	35.739178	-15.6854315	-143.7384	1.7592261	29155.35085749626
111	-31.282846	18.084776	-3.0814564	-44.685326	-129.41113	24.68865	-90.33262	-158.51186	-129.41113	24.68865	-90.33262	-158.51186	-31.282846	18.084776	-3.0814564	-44.685326	1000.0	1000.0	443999	143.1855	37.320747	184.8105	49.652527	143.18562	37.32061	183.03096	50.05266	-1.077497	2.3158112	26.655819	-14.81053	-144.74368	1.7332342	29417.478829860687
112	-29.224085	16.684252	-3.5950966	-41.768196	-129.50737	67.82884	-41.202724	-229.46901	-129.50737	67.82884	-41.202724	-229.46901	-29.224085	16.684252	-3.5950966	-41.768196	1000.0	1000.0	447999	143.28928	37.227062	184.69739	52.138264	143.28914	37.226948	183.87296	52.815044	-1.1646223	2.298986	23.547836	-13.501526	-144.79529	1.7600273	29681.817902088165
113	-6.055909	1.4345183	-3.8927922	-8.5174465	-142.39339	72.06395	-42.249714	-217.4492	-142.39339	72.06395	-42.249714	-217.4492	-6.055909	1.4345183	-3.8927922	-8.5174465	1000.0	1000.0	451999	143.3204	36.937943	184.01535	50.868824	143.32036	36.93788	182.59572	50.719822	-1.1553991	2.2828064	26.314758	-16.62687	-144.84634	1.6977931	30047.588391542435
114	-4.7662625	1.1378329	-2.5996873	-6.824165	-186.73001	42.257175	-145.67378	-251.9357	-186.73001	42.257175	-145.67378	-251.9357	-4.7662625	1.1378329	-2.5996873	-6.824165	1000.0	1000.0	455999	143.45078	36.94296	184.06628	50.879517	143.4508	36.942417	183.63303	51.409115	-1.0660349	2.326309	24.393314	-13.535921	-145.00887	1.8707954	30435.71571946144
115	-6.5842643	2.0688376	-3.4885345	-9.773196	-189.37689	21.572313	-159.78157	-217.8272	-189.37689	21.572313	-159.78157	-217.8272	-6.5842643	2.0688376	-3.4885345	-9.773196	1000.0	1000.0	459999	144.03981	37.16338	183.12726	49.833706	144.03964	37.163395	183.97327	49.80773	-1.0715034	2.3529825	29.593008	-13.988716	-145.58888	1.7333877	30833.19959139824
116	-22.874966	16.69073	-5.3962035	-39.965153	-178.35464	67.64022	-97.33748	-276.3579	-178.35464	67.64022	-97.33748	-276.3579	-22.874966	16.69073	-5.3962035	-39.965153	1000.0	1000.0	463999	144.74408	37.314342	186.05472	51.194668	144.74413	37.31404	184.38646	51.250374	-0.974275	2.4073694	34.56125	-13.544665	-146.32193	1.7987794	31123.42478632927
117	-6.653788	1.6580921	-4.595124	-9.755724	-217.86539	44.271767	-173.45229	-285.75906	-217.86539	44.271767	-173.45229	-285.75906	-6.653788	1.6580921	-4.595124	-9.755724	1000.0	1000.0	467999	145.55415	37.57575	185.08719	50.058033	145.55421	37.575184	185.13094	50.21441	-1.0114243	2.3864958	26.353579	-14.181683	-147.1328	1.9343113	31387.7694542408
118	-6.5040703	1.0139534	-3.8434741	-7.64881	-155.79306	49.037224	-86.36889	-212.3501	-155.79306	49.037224	-86.36889	-212.3501	-6.5040703	1.0139534	-3.8434741	-7.64881	1000.0	1000.0	471999	145.64192	37.71777	186.69127	50.4157	145.64186	37.71747	186.02362	51.018593	-1.0301272	2.3840935	36.407066	-13.743613	-147.22206	1.9563582	31690.10714006424
119	-5.4744444	1.0838788	-3.6234756	-6.799815	-153.30557	52.643852	-106.524216	-239.65738	-153.30557	52.643852	-106.524216	-239.65738	-5.4744444	1.0838788	-3.6234756	-6.799815	1000.0	1000.0	475999	146.30473	37.641937	187.06885	49.644154	146.30486	37.641987	187.61874	49.918552	-1.0421776	2.367951	38.9602	-15.987375	-147.86858	1.9151399	32017.689697027206
120	-32.04438	13.77505	-4.225701	-40.013622	-148.91695	41.3985	-105.81288	-215.5194	-148.91695	41.3985	-105.81288	-215.5194	-32.04438	13.77505	-4.225701	-40.013622	1000.0	1000.0	479999	146.90233	37.90468	186.50592	49.602924	146.90233	37.90455	186.29077	49.878418	-0.93750393	2.4369767	28.646786	-16.26982	-148.51355	1.9475763	32357.448094844818
121	-40.752014	0.8540616	-39.045128	-41.8783	-163.24329	59.555714	-118.8806	-265.19827	-163.24329	59.555714	-118.8806	-265.19827	-40.752014	0.8540616	-39.045128	-41.8783	1000.0	1000.0	483999	147.0803	37.737724	186.25043	49.554413	147.08018	37.737545	185.98433	49.60968	-1.0634543	2.3596203	28.551723	-15.418696	-148.61163	1.9536688	32703.146321296692
122	-41.391056	0.827895	-39.64587	-42.372528	-101.51646	22.175106	-64.52793	-119.175606	-101.51646	22.175106	-64.52793	-119.175606	-41.391056	0.827895	-39.64587	-42.372528	1000.0	1000.0	487999	146.76294	37.667294	186.41231	48.71143	146.7627	37.667755	186.06427	49.371	-0.98290366	2.3845785	40.42548	-12.319919	-148.35472	1.905157	32922.54879593849
123	-36.54969	1.2895023	-34.10746	-38.296204	-98.45443	12.0607395	-85.13096	-112.35218	-98.45443	12.0607395	-85.13096	-112.35218	-36.54969	1.2895023	-34.10746	-38.296204	1000.0	1000.0	491999	147.33437	37.653267	186.4821	49.732544	147.33444	37.653503	185.74695	48.981506	-1.0126896	2.3913753	27.544456	-12.874493	-148.92032	1.8908935	33138.47894740105
124	-36.49963	15.388485	-5.444048	-45.99677	-176.7948	63.424603	-72.1685	-243.2339	-176.7948	63.424603	-72.1685	-243.2339	-36.49963	15.388485	-5.444048	-45.99677	1000.0	1000.0	495999	147.48547	37.632378	185.99811	47.96588	147.4853	37.632397	185.70625	49.25225	-1.0020767	2.3903604	37.715622	-13.491815	-149.08475	1.8644576	33362.80750966072
125	-22.438293	19.197327	7.198734	-36.451244	-124.96889	49.18866	-72.06233	-179.2354	-124.96889	49.18866	-72.06233	-179.2354	-22.438293	19.197327	7.198734	-36.451244	1000.0	1000.0	499999	148.11562	37.91671	187.68277	49.9227	148.1155	37.916836	187.83633	48.538673	-0.9826735	2.3886983	47.54213	-12.869059	-149.72012	1.8886219	33630.6034719944
126	-37.75103	0.7976472	-36.003357	-39.25779	-63.394245	33.169	-14.549067	-106.83948	-63.394245	33.169	-14.549067	-106.83948	-37.75103	0.7976472	-36.003357	-39.25779	1000.0	1000.0	503999	148.62769	37.94807	189.38118	49.615032	148.62762	37.947773	188.08661	50.18709	-0.9840157	2.3691604	35.227875	-13.185024	-150.23312	1.9392875	33886.715495824814
127	-42.34635	1.616839	-38.85743	-43.981052	-186.00812	80.10415	-87.87377	-280.6608	-186.00812	80.10415	-87.87377	-280.6608	-42.34635	1.616839	-38.85743	-43.981052	1000.0	1000.0	507999	149.29733	38.017178	190.44954	48.02648	149.29721	38.01729	189.4429	49.008904	-0.9310028	2.3948815	34.433636	-14.620719	-150.91512	1.970958	34102.84805083275
128	-2.6561694	17.207256	7.070751	-38.529884	-114.40647	35.34814	-57.406834	-150.86145	-114.40647	35.34814	-57.406834	-150.86145	-2.6561694	17.207256	7.070751	-38.529884	1000.0	1000.0	511999	149.75632	37.92457	191.60637	46.3593	149.75642	37.924545	188.8575	47.963528	-0.99199444	2.3856049	29.796303	-14.719437	-151.35933	1.9431155	34318.442487716675
129	-48.79086	1.511116	-46.905426	-51.27616	-49.185997	17.595852	-24.259876	-68.64306	-49.185997	17.595852	-24.259876	-68.64306	-48.79086	1.511116	-46.905426	-51.27616	1000.0	1000.0	515999	149.51584	37.93797	189.16676	46.14949	149.51582	37.937748	189.6001	50.705975	-1.0048909	2.3784485	33.197178	-14.756466	-151.09375	1.8885661	34538.714495658875
130	-36.23443	20.281132	4.8950305	-48.20058	-21.954676	16.5693	4.397611	-41.451817	-21.954676	16.5693	4.397611	-41.451817	-36.23443	20.281132	4.8950305	-48.20058	1000.0	1000.0	519999	149.49287	37.8307	187.54237	47.751102	149.4929	37.82961	187.80283	49.123676	-0.8891182	2.4517107	35.47142	-14.382885	-151.11111	1.9463589	34753.45848989487
131	-46.332317	0.82966536	-44.286617	-47.378677	-34.09802	45.245716	25.833025	-101.65603	-34.09802	45.245716	25.833025	-101.65603	-46.332317	0.82966536	-44.286617	-47.378677	1000.0	1000.0	523999	149.9011	38.006756	186.89783	46.213017	149.90108	38.0066	187.3878	48.20746	-0.9892904	2.4121842	25.00846	-14.765708	-151.49892	1.998187	34970.41616511345
132	-45.017994	0.60089463	-43.894608	-45.813362	-151.41916	65.14343	-86.85421	-239.29953	-151.41916	65.14343	-86.85421	-239.29953	-45.017994	0.60089463	-43.894608	-45.813362	1000.0	1000.0	527999	149.982	37.77395	187.4387	48.255703	149.98187	37.77464	187.31786	48.38967	-1.0497957	2.384804	29.266357	-14.205201	-151.56813	1.940446	35187.70584440231
133	-44.457436	13.672802	-37.222034	-85.27656	-73.273605	61.452595	-20.58324	-177.44437	-73.273605	61.452595	-20.58324	-177.44437	-44.457436	13.672802	-37.222034	-85.27656	1000.0	1000.0	531999	150.06056	37.73607	190.78261	49.309433	150.06058	37.735798	191.31606	49.581688	-0.9397835	2.4267104	32.768627	-14.79843	-151.68135	1.8676827	35399.34255075455
134	-44.637196	1.2326262	-41.906746	-46.565926	-85.153595	49.512688	-34.159344	-160.74738	-85.153595	49.512688	-34.159344	-160.74738	-44.637196	1.2326262	-41.906746	-46.565926	1000.0	1000.0	535999	150.16615	37.89912	188.3333	28.374508	150.16628	37.898304	188.412	47.84505	-0.98692423	2.3965733	36.30958	-18.36239	-151.75078	1.9367936	35608.13762593269
135	-41.21688	11.7235365	-6.106828	-46.52952	-45.775227	23.49633	-25.048847	-85.63775	-45.775227	23.49633	-25.048847	-85.63775	-41.21688	11.7235365	-6.106828	-46.52952	1000.0	1000.0	539999	149.98792	37.614574	188.98071	46.692535	149.98773	37.61466	188.30328	47.664352	-0.9675208	2.404929	25.696447	-13.944101	-151.57045	1.9088382	35817.256803274155
136	-44.412155	0.5634207	-43.418194	-44.999508	-61.153072	17.606537	-32.38388	-76.17975	-61.153072	17.606537	-32.38388	-76.17975	-44.412155	0.5634207	-43.418194	-44.999508	1000.0	1000.0	543999	150.20876	37.65029	187.93483	46.328568	150.20863	37.650753	188.35223	47.246857	-0.83946794	2.480586	30.61128	-13.336145	-151.83998	1.8834107	36044.11530089378
137	-38.190086	1.2265499	-36.02737	-39.839554	-169.76059	102.86061	-74.19048	-323.33237	-169.76059	102.86061	-74.19048	-323.33237	-38.190086	1.2265499	-36.02737	-39.839554	1000.0	1000.0	547999	150.44086	37.44633	188.7143	47.116665	150.44073	37.446915	189.00146	46.94947	-0.96745634	2.4372652	30.591686	-14.305417	-152.02621	1.809571	36269.89956045151
138	-43.53251	1.0807117	-40.58013	-44.68273	-29.937643	25.612473	0.31530917	-65.961426	-29.937643	25.612473	0.31530917	-65.961426	-43.53251	1.0807117	-40.58013	-44.68273	1000.0	1000.0	551999	150.31677	37.34871	187.64105	45.840736	150.31667	37.348392	188.11522	46.739918	-0.95344025	2.4035738	30.104736	-13.371296	-151.90895	1.8447016	36503.90504908562
139	-45.04226	0.7525876	-44.1512	-46.57049	-106.67424	56.686832	-60.820347	-203.10709	-106.67424	56.686832	-60.820347	-203.10709	-45.04226	0.7525876	-44.1512	-46.57049	1000.0	1000.0	555999	150.33223	37.075043	186.69632	45.81194	150.33228	37.07475	187.63443	46.500664	-0.94968724	2.4091105	34.88702	-16.649704	-151.9426	1.8340305	36775.837170124054
140	-40.065247	7.2225375	-18.470657	-43.204666	-154.50925	57.12115	-76.473305	-236.69514	-154.50925	57.12115	-76.473305	-236.69514	-40.065247	7.2225375	-18.470657	-43.204666	1000.0	1000.0	559999	150.17918	37.214596	189.89963	38.135548	150.17908	37.21488	190.84749	46.8973	-1.0339937	2.3785946	29.105305	-13.304488	-151.74919	1.7808614	37048.0759408474
141	-45.214058	0.73186684	-43.907898	-46.249653	-89.06212	11.184764	-77.57985	-104.7018	-89.06212	11.184764	-77.57985	-104.7018	-45.214058	0.73186684	-43.907898	-46.249653	1000.0	1000.0	563999	150.24686	36.809654	190.5593	46.76964	150.24693	36.809135	189.79066	47.252968	-0.94796365	2.4239182	28.70205	-14.8720045	-151.85345	1.8815205	37277.45234155655
142	-43.919674	13.562557	-3.2856467	-49.940273	-89.87448	16.740154	-70.74928	-112.74722	-89.87448	16.740154	-70.74928	-112.74722	-43.919674	13.562557	-3.2856467	-49.940273	1000.0	1000.0	567999	150.10403	36.927727	188.83461	40.013058	150.10422	36.926918	187.4732	47.125057	-0.89270663	2.4419203	30.319347	-14.630388	-151.71727	1.9702559	37508.0207760334
143	-45.300674	11.055464	-12.203004	-50.021694	-255.49023	89.88268	-129.84294	-363.4561	-255.49023	89.88268	-129.84294	-363.4561	-45.300674	11.055464	-12.203004	-50.021694	1000.0	1000.0	571999	150.94556	36.900497	189.17665	45.985146	150.94536	36.90106	188.66553	46.680138	-0.8215886	2.477233	32.479073	-12.886818	-152.59485	1.9304323	37733.90285348892
144	-48.086548	0.894307	-45.81093	-49.17371	-186.64566	46.07263	-122.2235	-249.51788	-186.64566	46.07263	-122.2235	-249.51788	-48.086548	0.894307	-45.81093	-49.17371	1000.0	1000.0	575999	151.33403	37.085297	190.90004	46.21479	151.33383	37.08586	190.732	46.67281	-0.86810994	2.4492486	34.551254	-14.462126	-152.95303	1.9244453	37963.11948251724
145	-69.1939	1.0819503	-67.09361	-70.728386	-249.37909	49.544018	-197.15564	-329.9617	-249.37909	49.544018	-197.15564	-329.9617	-69.1939	1.0819503	-67.09361	-70.728386	1000.0	1000.0	579999	151.86954	37.199486	188.88791	41.536945	151.86977	37.198708	190.25241	45.212257	-0.78125125	2.5005927	27.986296	-13.223539	-153.52693	1.930615	38187.81077361107
146	-55.599133	7.077599	-48.474026	-64.970055	-193.29187	106.57455	-62.821552	-359.89554	-193.29187	106.57455	-62.821552	-359.89554	-55.599133	7.077599	-48.474026	-64.970055	1000.0	1000.0	583999	152.5099	37.59422	190.58556	46.32557	152.51001	37.593937	190.51674	46.75121	-0.769042	2.5337038	30.367853	-15.501327	-154.16823	2.0523984	38454.0760679245
147	-72.1137	1.1132327	-70.37465	-74.30634	-243.65414	17.329813	-217.38132	-261.54007	-243.65414	17.329813	-217.38132	-261.54007	-72.1137	1.1132327	-70.37465	-74.30634	1000.0	1000.0	587999	152.62186	37.710728	190.36642	44.98687	152.62187	37.710102	191.68974	48.17888	-0.9001411	2.4806545	34.09458	-13.823407	-154.25038	1.9701084	38737.64768719673
148	-49.023502	6.660648	-40.526955	-57.562836	-206.06525	60.385197	-109.917854	-257.70523	-206.06525	60.385197	-109.917854	-257.70523	-49.023502	6.660648	-40.526955	-57.562836	1000.0	1000.0	591999	152.947	37.522724	191.3574	47.91674	152.94685	37.522537	190.61902	47.946453	-0.81772625	2.5076468	37.899464	-15.8229265	-154.58684	2.0628178	39009.21599316597
149	-37.1764	0.9516875	-35.32958	-38.858257	-120.40082	20.0265	-88.71479	-141.38303	-120.40082	20.0265	-88.71479	-141.38303	-37.1764	0.9516875	-35.32958	-38.858257	1000.0	1000.0	595999	152.4945	37.44228	191.16492	43.288017	152.49464	37.441853	191.07817	46.033848	-0.969594	2.4098775	38.664074	-14.794885	-154.07858	2.1093452	39271.33734321594
150	-8.912622	2.3139424	-5.57844	-15.067377	-9.869633	69.091225	107.545265	-66.720566	-9.869633	69.091225	107.545265	-66.720566	-8.912622	2.3139424	-5.57844	-15.067377	1000.0	1000.0	599999	152.65605	37.375427	191.62024	45.708305	152.65623	37.375103	192.41032	46.208282	-0.6985828	2.5466025	31.411947	-14.062712	-154.32742	2.0726714	39516.787873506546
151	-31.751287	17.95677	4.650116	-42.02571	-53.989075	47.320732	-11.609999	-128.82025	-53.989075	47.320732	-11.609999	-128.82025	-31.751287	17.95677	4.650116	-42.02571	1000.0	1000.0	603999	153.20341	37.30096	190.13255	45.515194	153.20322	37.301506	189.84834	46.595596	-0.7720439	2.502755	26.674389	-13.116537	-154.83177	1.9840509	39732.6405916214
152	-45.561398	0.70018315	-44.266132	-46.66862	-74.73733	8.71076	-67.52984	-89.35062	-74.73733	8.71076	-67.52984	-89.35062	-45.561398	0.70018315	-44.266132	-46.66862	1000.0	1000.0	607999	152.6664	37.02988	189.96527	45.5173	152.66653	37.029633	189.00438	45.631172	-0.8521354	2.4803853	70.05495	-13.102642	-154.26524	1.8972456	39948.279718875885
153	-49.152718	1.2205948	-46.720394	-50.93357	-140.7735	55.519085	-83.17453	-198.8327	-140.7735	55.519085	-83.17453	-198.8327	-49.152718	1.2205948	-46.720394	-50.93357	1000.0	1000.0	611999	152.42667	36.737885	190.27765	45.380745	152.4268	36.73765	189.89214	45.3752	-0.8702734	2.4776187	42.98148	-15.468978	-154.03258	1.9318892	40198.691521406174
154	-35.745712	19.313927	-6.0248713	-49.08562	-67.287094	8.195721	-57.199966	-76.866844	-67.287094	8.195721	-57.199966	-76.866844	-35.745712	19.313927	-6.0248713	-49.08562	1000.0	1000.0	615999	151.77118	36.447727	187.82793	40.471073	151.77087	36.447792	189.00523	46.284832	-0.9362725	2.393871	40.22799	-12.883824	-153.35754	1.9302226	40483.14545941353
155	-39.998756	11.350935	-6.0878477	-45.464657	-140.73167	54.77838	-79.46697	-227.68745	-140.73167	54.77838	-79.46697	-227.68745	-39.998756	11.350935	-6.0878477	-45.464657	1000.0	1000.0	619999	151.61017	36.266457	188.89342	45.724216	151.61028	36.266136	189.92798	46.530487	-0.7708634	2.4969778	30.317598	-14.817356	-153.25108	1.894646	40762.75755190849
156	-51.895294	14.622955	-8.2245865	-58.587456	-102.35156	20.673386	-69.697395	-120.83132	-102.35156	20.673386	-69.697395	-120.83132	-51.895294	14.622955	-8.2245865	-58.587456	1000.0	1000.0	623999	152.26521	36.449314	188.98253	44.47548	152.26521	36.449924	189.32684	46.149563	-0.7351139	2.5256586	30.630817	-13.658285	-153.94887	1.9323579	41036.64462709427
157	-47.561535	13.700132	-6.515138	-53.1269	-100.234314	30.78734	-71.52086	-152.07227	-100.234314	30.78734	-71.52086	-152.07227	-47.561535	13.700132	-6.515138	-53.1269	1000.0	1000.0	627999	152.90619	36.41137	188.91792	46.35559	152.90604	36.411457	189.66727	46.555637	-0.8354	2.4569983	35.879017	-14.581366	-154.5431	1.9141165	41296.80977320671
158	-37.760094	10.295643	-7.011055	-43.17078	-65.82682	16.699215	-45.903275	-88.21375	-65.82682	16.699215	-45.903275	-88.21375	-37.760094	10.295643	-7.011055	-43.17078	1000.0	1000.0	631999	153.48175	36.653477	190.93398	44.48123	153.48183	36.65284	191.72083	45.894108	-0.69322157	2.5383987	37.697033	-15.143218	-155.18002	2.054156	41508.35801029205
159	1.7768358	1.5312748	4.0968866	-0.80394405	-79.45316	6.773131	-71.62815	-90.13035	-79.45316	6.773131	-71.62815	-90.13035	1.7768358	1.5312748	4.0968866	-0.80394405	1000.0	1000.0	635999	154.34518	36.75329	189.47798	45.436775	154.3451	36.75356	189.81125	45.997475	-0.8106482	2.4742184	28.393764	-13.395208	-156.00589	1.9218352	41719.67499542236
160	-31.173178	16.687288	-5.494992	-44.17119	-137.53104	81.862686	-76.52799	-278.31125	-137.53104	81.862686	-76.52799	-278.31125	-31.173178	16.687288	-5.494992	-44.17119	1000.0	1000.0	639999	154.27667	36.72821	191.00464	45.331566	154.27663	36.727592	190.71857	45.85686	-0.8721893	2.4360497	27.235477	-14.091962	-155.89641	1.805846	41952.81494021416
161	-34.457397	17.405851	-7.328789	-47.268612	-158.47269	35.543854	-113.72487	-205.43352	-158.47269	35.543854	-113.72487	-205.43352	-34.457397	17.405851	-7.328789	-47.268612	1000.0	1000.0	643999	153.88708	36.399067	189.62909	46.442665	153.88737	36.398388	190.31586	46.30859	-0.8250575	2.4351	37.858063	-12.904157	-155.5209	1.9213239	42213.614404439926
162	-46.924362	1.6579537	-44.63458	-49.1216	-60.694168	45.4974	6.953118	-121.19628	-60.694168	45.4974	6.953118	-121.19628	-46.924362	1.6579537	-44.63458	-49.1216	1000.0	1000.0	647999	153.39421	36.384018	190.21042	45.32028	153.39426	36.383213	190.87302	46.02424	-0.8586839	2.4351466	39.293293	-14.907856	-155.01262	1.9758035	42473.09585213661
163	-36.293804	19.157795	2.1781814	-46.552933	-77.66875	41.4297	-26.389349	-141.05334	-77.66875	41.4297	-26.389349	-141.05334	-36.293804	19.157795	2.1781814	-46.552933	1000.0	1000.0	651999	153.44548	35.948616	191.4858	46.18164	153.44566	35.948166	189.60191	47.760735	-0.81803906	2.4333224	34.641026	-13.330298	-155.07152	1.9111454	42686.47055101395
164	1.7575347	0.9742691	4.2614336	0.49290156	-45.685757	14.443656	-21.137022	-57.13873	-45.685757	14.443656	-21.137022	-57.13873	1.7575347	0.9742691	4.2614336	0.49290156	1000.0	1000.0	655999	152.91199	35.76395	189.70924	45.3658	152.9116	35.764923	189.8187	45.82219	-0.926805	2.3820152	37.608677	-14.263116	-154.50688	1.777001	42900.12081813812
165	-50.193775	0.6399521	-48.716076	-50.975136	-40.73036	3.8970237	-35.453896	-45.41617	-40.73036	3.8970237	-35.453896	-45.41617	-50.193775	0.6399521	-48.716076	-50.975136	1000.0	1000.0	659999	152.59068	35.33997	188.43396	46.92064	152.59067	35.340076	188.76517	47.41805	-0.8227298	2.440929	43.262924	-14.009601	-154.21458	1.7667	43136.54541707039
166	-12.614432	19.920782	5.4754386	-38.265102	-60.168392	12.793766	-43.074055	-77.91271	-60.168392	12.793766	-43.074055	-77.91271	-12.614432	19.920782	5.4754386	-38.265102	1000.0	1000.0	663999	152.3169	35.31554	188.4398	45.842323	152.3168	35.315292	187.48274	46.222576	-0.82969326	2.4652607	37.631042	-12.777508	-153.91592	1.8331251	43429.27222633362
167	3.1762514	0.78934973	4.5255914	1.5601139	3.0071473	36.765663	32.04823	-59.077152	3.0071473	36.765663	32.04823	-59.077152	3.1762514	0.78934973	4.5255914	1.5601139	1000.0	1000.0	667999	151.6636	34.92955	187.18198	45.061333	151.66379	34.929146	187.58252	44.815872	-0.9325516	2.3928425	32.06012	-14.84909	-153.2491	1.7490181	43720.38325667381
168	1.9460309	0.85204554	3.8926656	0.55674034	-13.5467205	32.062428	21.610744	-65.78201	-13.5467205	32.062428	21.610744	-65.78201	1.9460309	0.85204554	3.8926656	0.55674034	1000.0	1000.0	671999	151.41508	34.595688	186.51524	47.132446	151.415	34.596066	185.65631	47.742577	-0.9243185	2.347353	39.858242	-13.675369	-153.01454	1.8251501	44007.031705379486
169	-18.350323	1.0257318	-16.290617	-20.026608	-12.954262	39.629894	27.910471	-68.48815	-12.954262	39.629894	27.910471	-68.48815	-18.350323	1.0257318	-16.290617	-20.026608	1000.0	1000.0	675999	151.29533	34.42905	185.82433	45.25962	151.29523	34.42913	185.69832	46.01314	-0.85777545	2.3838108	31.965275	-15.306204	-152.8943	1.8126458	44291.146131277084
170	-13.321521	12.21147	-4.8563676	-34.244656	5.700786	17.537174	34.155994	-13.690753	5.700786	17.537174	34.155994	-13.690753	-13.321521	12.21147	-4.8563676	-34.244656	1000.0	1000.0	679999	151.62811	34.77005	187.65106	45.017242	151.62822	34.769566	187.05742	46.097343	-0.6603586	2.4766004	37.228867	-13.3931875	-153.28337	1.8276234	44563.192831516266
171	-30.827637	9.803685	-1.6696122	-35.70472	-31.602524	17.602467	-11.696453	-54.7935	-31.602524	17.602467	-11.696453	-54.7935	-30.827637	9.803685	-1.6696122	-35.70472	1000.0	1000.0	683999	152.1856	34.750107	187.24539	46.968445	152.18565	34.749485	187.26738	46.833263	-0.7531939	2.4921153	35.049625	-13.639832	-153.82353	1.8962187	44834.84341931343
172	-47.536125	0.59208786	-46.718533	-48.441303	-20.366444	19.60736	9.231528	-45.893513	-20.366444	19.60736	9.231528	-45.893513	-47.536125	0.59208786	-46.718533	-48.441303	1000.0	1000.0	687999	152.58328	34.706196	188.40298	44.854404	152.5835	34.704834	187.84616	45.18529	-0.7916772	2.4503033	40.532536	-14.8548355	-154.19582	2.1208043	45053.10604953766
173	-38.99582	15.98301	-7.079754	-48.501194	-77.98421	49.54373	5.6543946	-119.01613	-77.98421	49.54373	5.6543946	-119.01613	-38.99582	15.98301	-7.079754	-48.501194	1000.0	1000.0	691999	152.07062	34.38121	185.30867	45.676407	152.0707	34.38134	185.51025	44.881504	-0.89275986	2.3767157	26.028133	-14.324628	-153.67332	1.8377578	45267.70701980591
174	-6.4641166	0.4974306	-5.6925354	-7.1796875	-108.95266	41.912567	-50.975693	-167.85266	-108.95266	41.912567	-50.975693	-167.85266	-6.4641166	0.4974306	-5.6925354	-7.1796875	1000.0	1000.0	695999	152.07336	34.436382	186.1401	44.95656	152.07306	34.437336	186.34732	45.632904	-0.84280413	2.400029	39.10845	-13.3288555	-153.70506	1.8405147	45485.26585125923
175	-5.965984	0.67536956	-4.9905305	-7.593086	-129.74376	37.208767	-77.752235	-168.24083	-129.74376	37.208767	-77.752235	-168.24083	-5.965984	0.67536956	-4.9905305	-7.593086	1000.0	1000.0	699999	152.51872	34.63336	188.67845	45.854	152.51865	34.63355	188.32123	45.019836	-0.81269354	2.401987	37.774845	-15.429924	-154.17532	1.7971774	45722.63861179352
176	-8.483103	1.3283441	-6.58707	-10.482925	-170.9393	52.908333	-123.87363	-258.73468	-170.9393	52.908333	-123.87363	-258.73468	-8.483103	1.3283441	-6.58707	-10.482925	1000.0	1000.0	703999	152.94882	34.486565	188.14096	44.24084	152.94875	34.48739	189.1628	45.4625	-0.9342324	2.3375998	39.514606	-14.795494	-154.55292	1.8445889	45960.566088438034
177	-5.9453974	1.1845258	-4.631498	-9.186453	-140.18188	42.5423	-67.03241	-169.44772	-140.18188	42.5423	-67.03241	-169.44772	-5.9453974	1.1845258	-4.631498	-9.186453	1000.0	1000.0	707999	152.7284	34.552227	189.06644	44.112373	152.72827	34.552094	188.69887	44.528732	-0.85730034	2.3817058	38.974678	-14.183613	-154.3655	1.6993144	46194.68443250656
178	-6.9385653	0.68581265	-5.9015117	-8.030416	-150.66644	39.233677	-110.33449	-205.89883	-150.66644	39.233677	-110.33449	-205.89883	-6.9385653	0.68581265	-5.9015117	-8.030416	1000.0	1000.0	711999	153.10156	34.328003	186.2157	45.37078	153.10172	34.32793	185.88086	45.872314	-0.8873596	2.385639	31.855675	-16.571648	-154.71825	1.6636697	46425.685690164566
179	-7.1720796	0.5003738	-6.288887	-8.059489	-172.97945	33.83786	-122.10433	-216.33	-172.97945	33.83786	-122.10433	-216.33	-7.1720796	0.5003738	-6.288887	-8.059489	1000.0	1000.0	715999	152.78183	34.22576	187.09854	45.00256	152.78185	34.225773	186.42784	45.534122	-0.8909815	2.349535	29.361376	-12.597492	-154.41325	1.6888908	46657.41130590439
180	-7.2186594	0.5195896	-6.2259417	-8.002361	-167.53871	73.08415	-63.305626	-240.13918	-167.53871	73.08415	-63.305626	-240.13918	-7.2186594	0.5195896	-6.2259417	-8.002361	1000.0	1000.0	719999	152.59213	33.990314	186.55739	43.821106	152.59209	33.990166	187.03136	44.389214	-0.9213904	2.3425195	26.347534	-15.868366	-154.20012	1.7099326	46890.163746118546
181	-5.180729	0.5683115	-4.6591725	-6.171912	-187.96953	64.93513	-110.69457	-253.68321	-187.96953	64.93513	-110.69457	-253.68321	-5.180729	0.5683115	-4.6591725	-6.171912	1000.0	1000.0	723999	152.76706	34.097675	187.96971	45.19451	152.76678	34.098415	188.52948	45.723206	-0.8050191	2.4120224	33.96662	-15.502342	-154.42978	1.795361	47116.31839323044
182	-5.074691	0.7679878	-3.6560228	-6.084604	-174.47282	18.66941	-156.22513	-204.856	-174.47282	18.66941	-156.22513	-204.856	-5.074691	0.7679878	-3.6560228	-6.084604	1000.0	1000.0	727999	153.72775	34.426052	190.98093	43.613644	153.72787	34.42623	188.85826	46.50615	-0.81252617	2.396638	31.012236	-13.161288	-155.40915	1.7814562	47343.57050561905
183	-6.0884223	0.6313824	-5.111136	-7.111649	-180.76538	15.226011	-163.94823	-205.22235	-180.76538	15.226011	-163.94823	-205.22235	-6.0884223	0.6313824	-5.111136	-7.111649	1000.0	1000.0	731999	155.01569	34.646606	191.00368	44.637085	155.0158	34.64619	189.39854	45.153687	-0.69586885	2.4405909	24.10144	-14.464063	-156.73538	1.7796489	47569.11660075188
184	-6.4863153	0.4860577	-5.748729	-7.4195914	-156.82664	69.62375	-47.731857	-235.5092	-156.82664	69.62375	-47.731857	-235.5092	-6.4863153	0.4860577	-5.748729	-7.4195914	1000.0	1000.0	735999	155.80933	34.759953	190.92336	44.381397	155.8094	34.758987	191.87366	45.735733	-0.78507787	2.4046593	66.24215	-14.454578	-157.49863	1.8724868	47794.058876514435
185	-5.72888	0.54204273	-4.693278	-6.578288	-190.4633	47.86884	-125.896866	-243.72217	-190.4633	47.86884	-125.896866	-243.72217	-5.72888	0.54204273	-4.693278	-6.578288	1000.0	1000.0	739999	156.53572	34.783737	190.56317	41.25214	156.53581	34.783825	190.7692	45.506397	-0.83815044	2.3578188	25.640816	-14.345709	-158.20288	1.7862542	48018.98585367203
186	-5.3892913	0.52332735	-4.6898913	-6.443506	-187.94815	64.23493	-137.98723	-298.14008	-187.94815	64.23493	-137.98723	-298.14008	-5.3892913	0.52332735	-4.6898913	-6.443506	1000.0	1000.0	743999	155.91496	34.649	189.53165	39.839836	155.91501	34.648144	190.7721	44.914593	-0.82856417	2.3916976	38.16908	-15.599915	-157.55168	1.8633419	48242.64689016342
187	-5.336096	0.7357461	-3.938785	-6.8706207	-157.74036	6.318876	-149.4233	-164.79773	-157.74036	6.318876	-149.4233	-164.79773	-5.336096	0.7357461	-3.938785	-6.8706207	1000.0	1000.0	747999	155.54372	34.238132	190.71266	43.46529	155.54358	34.23861	188.58888	44.222603	-0.89431024	2.3715832	31.77831	-13.333626	-157.16812	1.7630595	48472.13484621048
188	-7.2442536	0.95173186	-5.618099	-9.389773	-157.85596	52.477375	-70.51292	-210.00742	-157.85596	52.477375	-70.51292	-210.00742	-7.2442536	0.95173186	-5.618099	-9.389773	1000.0	1000.0	751999	154.96838	34.034683	188.30768	45.479683	154.96826	34.03558	188.28024	44.903202	-0.8552482	2.3892546	47.7929	-13.603376	-156.61603	1.638889	48764.56486058235
189	-7.016513	0.48324502	-6.334876	-7.6338863	-167.6777	54.06328	-116.39424	-256.2687	-167.6777	54.06328	-116.39424	-256.2687	-7.016513	0.48324502	-6.334876	-7.6338863	1000.0	1000.0	755999	155.31612	34.08797	190.09467	44.07257	155.31616	34.0875	189.16006	45.500088	-0.84391963	2.412718	27.405241	-14.956509	-156.9898	1.6689988	49056.037412405014
190	-6.803388	0.6742447	-5.80641	-7.8282514	-162.30598	4.8600645	-154.46648	-167.60944	-162.30598	4.8600645	-154.46648	-167.60944	-6.803388	0.6742447	-5.80641	-7.8282514	1000.0	1000.0	759999	155.8749	34.11872	190.91824	47.166103	155.87479	34.118343	190.76688	46.856155	-0.81457734	2.4229505	43.20028	-15.672327	-157.553	1.6210899	49274.481528282166
191	-5.638556	1.0185055	-4.4611917	-7.4160767	-169.05168	39.420856	-114.911446	-215.9788	-169.05168	39.420856	-114.911446	-215.9788	-5.638556	1.0185055	-4.4611917	-7.4160767	1000.0	1000.0	763999	156.07953	34.076656	190.26572	46.41081	156.07974	34.07612	190.97179	46.68419	-0.84021217	2.386035	39.53637	-14.415514	-157.7582	1.6658117	49493.51487708092
192	-7.4357963	0.6766867	-6.5870295	-9.02818	-129.44666	21.637583	-99.766556	-160.6309	-129.44666	21.637583	-99.766556	-160.6309	-7.4357963	0.6766867	-6.5870295	-9.02818	1000.0	1000.0	767999	156.61693	34.164055	190.79553	45.17039	156.61687	34.164364	191.39575	45.542217	-0.80581737	2.3843968	39.970463	-14.250301	-158.31532	1.7401263	49728.61862421036
193	-5.5375266	0.7278542	-3.8501143	-6.4138308	-131.31511	25.718388	-95.43542	-159.43683	-131.31511	25.718388	-95.43542	-159.43683	-5.5375266	0.7278542	-3.8501143	-6.4138308	1000.0	1000.0	771999	157.30716	34.13815	192.16985	44.95603	157.3072	34.138016	191.02486	45.62014	-0.69001734	2.4714544	43.288578	-13.592211	-159.00883	1.778117	50006.27003479004
194	-5.442973	0.8931332	-4.282185	-7.0485644	-170.37396	46.13638	-104.01583	-234.47	-170.37396	46.13638	-104.01583	-234.47	-5.442973	0.8931332	-4.282185	-7.0485644	1000.0	1000.0	775999	157.0275	34.125317	190.04846	46.624	157.0274	34.125477	189.92854	46.232533	-0.8402106	2.4075794	33.70249	-13.514699	-158.66096	1.6444936	50282.86678004265
195	-6.9726777	0.81704414	-5.687055	-8.632942	-187.96605	42.28764	-126.9061	-241.06319	-187.96605	42.28764	-126.9061	-241.06319	-6.9726777	0.81704414	-5.687055	-8.632942	1000.0	1000.0	779999	156.36876	33.94195	190.50131	45.301964	156.3686	33.94238	191.02005	46.113396	-0.81731576	2.4011376	39.638424	-14.068558	-158.02669	1.5950379	50556.57650279999
196	-5.8621817	0.7166353	-4.4066296	-6.922485	-172.28564	25.829128	-146.40182	-211.155	-172.28564	25.829128	-146.40182	-211.155	-5.8621817	0.7166353	-4.4066296	-6.922485	1000.0	1000.0	783999	156.75117	33.68943	189.74928	43.4202	156.75127	33.68911	189.79424	45.25212	-0.71617466	2.4111896	34.887127	-14.782013	-158.4507	1.6253413	50830.071517944336
197	-5.7336807	0.4336668	-5.057163	-6.3310804	-148.11118	35.788696	-89.3619	-186.32703	-148.11118	35.788696	-89.3619	-186.32703	-5.7336807	0.4336668	-5.057163	-6.3310804	1000.0	1000.0	787999	157.35759	34.035877	191.53752	44.12847	157.35765	34.03526	190.67108	44.964382	-0.6891664	2.4450057	31.287704	-13.920605	-159.07147	1.7327217	51054.971927165985
198	-7.7084455	0.4926008	-6.81445	-8.663087	-188.11418	35.517345	-147.14128	-239.79118	-188.11418	35.517345	-147.14128	-239.79118	-7.7084455	0.4926008	-6.81445	-8.663087	1000.0	1000.0	791999	157.66692	34.218895	189.88116	45.745064	157.66714	34.217884	190.78271	46.91319	-0.77598083	2.4338567	35.7054	-13.4949	-159.33926	1.758664	51275.78040957451
199	-5.900508	0.58856755	-5.1521	-6.8612905	-149.73674	19.919085	-118.48807	-169.79042	-149.73674	19.919085	-118.48807	-169.79042	-5.900508	0.58856755	-5.1521	-6.8612905	1000.0	1000.0	795999	157.77934	33.933388	191.03102	43.9132	157.77922	33.933865	191.13783	44.96737	-0.7784287	2.3891428	37.620033	-12.573399	-159.4684	1.6077725	51497.55091047287
200	-6.9488845	0.46047345	-6.114456	-7.5977488	-158.21901	22.070972	-137.77101	-192.49724	-158.21901	22.070972	-137.77101	-192.49724	-6.9488845	0.46047345	-6.114456	-7.5977488	1000.0	1000.0	799999	158.16711	33.830475	190.76543	43.875538	158.16711	33.830887	191.3907	45.367992	-0.7612899	2.4104455	36.535255	-12.511651	-159.84634	1.633794	51719.60807132721
