Epoch	AverageTestEnv0Ret	StdTestEnv0Ret	MaxTestEnv0Ret	MinTestEnv0Ret	AverageEnv0Ret	StdEnv0Ret	MaxEnv0Ret	MinEnv0Ret	AverageTestEnv1Ret	StdTestEnv1Ret	MaxTestEnv1Ret	MinTestEnv1Ret	AverageEnv1Ret	StdEnv1Ret	MaxEnv1Ret	MinEnv1Ret	AverageEpRet	StdEpRet	MaxEpRet	MinEpRet	AverageTestEpRet	StdTestEpRet	MaxTestEpRet	MinTestEpRet	EpLen	TestEpLen	TotalEnvInteracts	AverageQ1Vals	StdQ1Vals	MaxQ1Vals	MinQ1Vals	AverageQ2Vals	StdQ2Vals	MaxQ2Vals	MinQ2Vals	AverageLogPi	StdLogPi	MaxLogPi	MinLogPi	LossPi	LossQ	Time
1	207.98296	43.440853	265.60226	142.75142	-327.59473	25.87727	-302.73184	-363.95773	-61.62849	15.44027	-36.469254	-93.120476	-204.52983	31.491472	-152.75229	-237.8862	-532.1246	26.529947	-515.9098	-578.0608	146.35446	49.958782	218.24655	70.55985	1000.0	1000.0	3999	9.852669	5.6643186	32.537888	-0.07231809	9.85284	5.6664968	32.488277	-0.615479	-8.021136	2.0874074	12.323164	-17.803907	9.139616	1.1735586	74.23267769813538
2	-808.8048	51.927372	-715.46204	-886.86584	-356.65067	37.09641	-303.28302	-407.93503	-214.33916	35.45899	-159.93523	-266.6775	-213.58192	62.512367	-131.13596	-305.87427	-570.2326	25.724789	-539.071	-609.1573	-1023.14386	71.262566	-875.3972	-1128.8518	1000.0	1000.0	7999	36.130913	12.275075	96.95806	6.3604193	36.130344	12.279237	96.4029	5.4708204	-2.2866144	5.07696	31.00161	-18.76949	30.159893	5.3397226	166.16536116600037
3	-34.046	70.14155	46.56998	-166.32411	-653.379	335.30115	-290.99158	-1037.982	-172.37044	106.45752	0.41988313	-423.58725	-196.52094	32.935165	-166.28773	-250.88432	-849.9	363.77557	-457.27933	-1288.8663	-206.41646	100.41734	-72.2115	-390.12	1000.0	1000.0	11999	80.69839	15.49955	136.029	38.507633	80.69924	15.502413	137.60411	38.626278	0.9647231	5.977028	45.515095	-21.715929	64.358315	14.279189	278.2297320365906
4	504.20776	34.830593	551.37213	456.7194	-594.99	97.21572	-446.19766	-709.87787	20.39714	50.730183	136.22421	-47.60871	-192.03442	52.589756	-136.88156	-267.44818	-787.0244	97.30576	-660.72375	-910.1349	524.60486	47.121887	625.35406	471.32706	1000.0	1000.0	15999	89.66595	14.825098	145.79771	45.258755	89.6661	14.830681	143.17094	44.81223	-6.233768	3.2908335	19.558624	-19.344463	68.901535	12.176969	396.901034116745
5	722.0032	52.772545	784.87115	592.21594	-399.9234	32.405045	-347.96118	-434.45572	130.08066	109.28347	332.47775	-62.762497	-168.73648	36.32499	-112.42632	-210.24977	-568.6599	51.99438	-512.3837	-644.7055	852.0838	109.793335	1108.0704	722.10864	1000.0	1000.0	19999	81.24014	16.000381	137.40228	39.93195	81.24112	16.002575	136.99529	39.54723	-7.6359973	2.2953403	10.458117	-17.446058	62.72079	8.222635	511.11432671546936
6	848.72473	34.86367	903.19916	794.19226	-303.4087	27.61881	-264.79898	-329.95862	177.67812	99.5125	295.41052	18.441156	-77.910576	58.781185	3.8452468	-135.251	-381.31927	86.39888	-260.9537	-465.20963	1026.4028	74.8744	1120.4142	919.1905	1000.0	1000.0	23999	76.75472	14.0154	129.87636	39.656967	76.75516	14.019753	127.324265	38.454994	-8.144514	1.8486657	9.727051	-20.967358	59.34472	6.5186152	628.5887498855591
7	930.35803	30.252457	979.1353	868.38916	-212.31464	11.46841	-193.67192	-224.69597	-5.3615007	22.976757	30.405895	-39.40843	-79.823845	57.562397	5.9609604	-156.3172	-292.13846	47.074913	-218.735	-349.9891	924.99646	24.129808	960.98425	878.41095	1000.0	1000.0	27999	74.75113	11.735184	120.31618	37.544613	74.75181	11.738678	121.141785	31.873026	-8.186592	1.7567722	10.723026	-18.88023	57.913704	5.6933184	744.220517873764
8	935.6465	22.970675	962.67737	884.3732	-109.73252	9.580774	-94.434135	-120.55227	-26.66151	24.196589	31.768227	-45.607628	-65.21368	41.16037	-10.8108635	-116.689255	-174.9462	39.45135	-121.04656	-230.39723	908.985	11.756508	927.7718	886.9981	1000.0	1000.0	31999	74.86358	10.0507765	120.327225	35.08618	74.86376	10.0545435	119.80812	31.236917	-8.182647	1.7355397	14.642302	-17.5951	57.921608	5.478204	857.5854213237762
9	806.3195	7.5576973	820.74097	796.782	-122.79309	28.892288	-76.54931	-149.87102	-68.872314	4.996643	-60.201447	-76.61434	-81.96692	22.837667	-57.926113	-112.52711	-204.76001	23.496433	-178.39227	-239.62292	737.44727	10.314445	760.53955	725.84717	1000.0	1000.0	35999	76.10233	8.790178	120.5186	31.472834	76.10219	8.794448	121.5228	35.937893	-8.197688	1.7113843	13.449146	-19.677616	57.863224	5.425746	971.674238204956
10	804.3922	4.9735856	812.8537	797.9399	-65.432816	35.63107	-10.141891	-104.65322	-38.891285	2.726311	-35.023663	-44.494316	-104.073715	17.31958	-76.1703	-122.92878	-169.50653	40.51331	-122.26264	-209.72826	765.501	3.874837	772.6287	758.7786	1000.0	1000.0	39999	77.72914	7.886795	122.85505	34.17249	77.729095	7.891316	121.4507	34.97586	-8.136834	1.7458246	17.786983	-18.364292	58.264103	5.3307486	1086.7986443042755
11	887.2507	4.036548	893.9914	882.0382	-16.299202	62.489105	91.8158	-54.851383	-8.506173	1.1933857	-6.3832555	-10.95892	-59.478874	47.392258	-5.66579	-115.183426	-75.778076	96.13747	71.90565	-169.79494	878.7445	4.289907	885.6773	871.0793	1000.0	1000.0	43999	79.8669	7.2248983	123.09392	25.183254	79.867226	7.2271504	122.906456	33.885418	-8.123597	1.7111024	15.994209	-18.57486	57.918827	5.376712	1204.9751262664795
12	854.6823	11.560078	884.67816	839.4716	-19.347929	36.88217	33.980675	-61.857964	-16.946392	8.535508	3.5849333	-29.816544	-73.96778	30.36667	-30.30518	-104.18597	-93.31573	62.142677	-26.978626	-162.27867	837.736	18.60671	888.2631	818.3617	1000.0	1000.0	47999	82.1431	6.820998	124.719246	31.845255	82.143364	6.823229	127.503975	33.956966	-8.127461	1.6795522	10.979652	-19.541845	58.791588	5.220293	1323.724523305893
13	861.7103	38.09462	897.8155	772.10803	-92.337234	51.758446	-7.2641373	-137.34125	12.667021	12.860113	32.603798	-0.40899774	-65.49518	59.85947	7.840285	-128.73967	-157.83243	66.66681	-86.501144	-266.0809	874.37744	26.984262	899.22675	804.7118	1000.0	1000.0	51999	84.81281	6.4490104	125.45331	35.737423	84.81279	6.4510984	126.49477	36.799534	-8.103621	1.6921946	18.76672	-19.40542	60.43105	5.306824	1443.2805864810944
14	874.45636	31.743887	910.74164	821.8321	3.3593826	35.54917	52.4505	-48.031994	3.4622123	10.296533	16.84516	-14.3662	-40.24597	13.652206	-22.09027	-60.501057	-36.88659	45.23567	14.563658	-108.53305	877.9186	29.892176	903.44867	827.6045	1000.0	1000.0	55999	87.45537	6.1925797	135.20296	35.8746	87.45548	6.196626	134.21933	29.12239	-8.072224	1.7187176	11.431979	-19.203524	61.749973	5.266287	1560.60888338089
15	903.28534	22.237198	923.6876	842.51245	-31.517561	55.336098	41.398113	-108.86749	29.27737	31.750895	117.12053	1.253348	-83.225105	72.5059	1.6758169	-177.60858	-114.74266	107.17328	43.07393	-236.6821	932.5627	10.030791	959.63293	924.941	1000.0	1000.0	59999	90.34651	6.090513	134.35939	29.429356	90.34698	6.0949445	130.82552	34.044155	-8.016183	1.7939842	16.230976	-19.19927	65.29768	5.3472614	1677.044615983963
16	855.85724	4.3969097	864.32965	848.21686	-47.17035	70.497986	45.629337	-152.92029	12.453989	3.8862212	19.414509	6.0017605	-98.49671	35.379883	-42.382965	-130.18782	-145.66705	101.24387	3.2463696	-280.29614	868.31116	6.0697784	879.2885	861.1586	1000.0	1000.0	63999	93.10317	6.1200495	134.40396	35.65605	93.10309	6.1226263	136.99675	35.212006	-8.007314	1.7999916	20.59804	-19.22545	66.30279	5.2624035	1805.0833096504211
17	779.4171	48.667736	876.4426	748.8263	-112.96104	26.043291	-88.85952	-152.07178	-16.275467	4.226321	-11.074823	-25.956268	-144.90894	18.711536	-112.68895	-158.23375	-257.87	38.346996	-202.49545	-304.6543	763.1417	46.615704	860.09485	728.84125	1000.0	1000.0	67999	95.85277	6.087376	135.42072	35.210728	95.85299	6.0922723	135.0303	39.07274	-8.006733	1.7908324	17.68485	-19.650663	66.52499	5.069422	1937.047427892685
18	729.6591	58.219147	886.7001	664.67584	-40.502808	13.800461	-30.77194	-64.279274	-7.789298	6.238398	7.365709	-17.127834	-120.84268	34.89063	-73.2108	-171.1404	-161.34549	46.468075	-107.94801	-235.41968	721.8699	62.826176	894.0658	654.67804	1000.0	1000.0	71999	98.54655	6.1456127	137.48761	39.279	98.54681	6.14839	136.97954	39.2375	-8.000861	1.8232085	17.78566	-18.004692	67.51355	5.0745234	2067.1905868053436
19	884.1888	34.229206	918.5791	810.45654	37.524475	44.03394	78.46864	-36.735985	-2.16612	37.749214	76.97979	-52.955204	-60.549377	33.79577	-27.192186	-111.11891	-23.024899	76.34267	51.27646	-147.85489	882.0226	60.22195	940.0142	766.78174	1000.0	1000.0	75999	101.28912	6.208196	151.5076	46.80333	101.28913	6.213874	142.73502	45.891167	-8.024899	1.79453	19.774395	-18.502167	71.73871	5.0278134	2190.175219774246
20	803.89233	34.96834	830.5255	726.8986	-19.255873	45.40148	28.31862	-93.65276	-9.716512	12.459066	0.39603826	-35.99516	-93.24385	18.253538	-62.4512	-110.126564	-112.499725	56.07957	-34.132576	-192.66626	794.1758	47.03037	827.8014	690.90344	1000.0	1000.0	79999	103.79198	6.2277994	145.4652	48.49454	103.79212	6.232618	144.56615	48.318207	-8.030925	1.7964549	20.726473	-21.218266	71.018616	5.024834	2304.3367166519165
21	800.6043	13.665993	823.0515	778.67926	-4.4124594	95.50734	144.23161	-89.74605	-2.7262635	18.758976	47.00415	-19.907707	-75.49422	43.456688	-14.726605	-126.97872	-79.90666	129.0325	129.50502	-216.72478	797.87805	20.15587	833.72534	765.2223	1000.0	1000.0	83999	106.15438	6.2903566	142.16995	46.46344	106.15456	6.2934875	142.6752	44.42882	-8.0012665	1.8234367	20.683651	-18.245363	71.1277	4.956798	2417.1050188541412
22	884.2843	24.91934	915.9625	846.1574	-8.204795	48.547596	51.80717	-73.052536	2.990545	8.129231	14.992117	-11.323533	-87.4301	54.94589	3.8060637	-142.63521	-95.6349	100.04648	55.61323	-215.68774	887.2748	29.946249	920.95325	840.6203	1000.0	1000.0	87999	108.6477	6.270448	147.14178	47.85859	108.64782	6.273083	147.10619	55.650658	-8.003898	1.8260992	14.610337	-19.63141	73.51915	4.7734003	2530.6919071674347
23	792.52	33.277798	837.1322	719.41956	-43.289276	28.185778	-6.185056	-82.484055	-1.6865371	3.517078	3.5278795	-7.4653854	-115.98474	7.0265913	-108.31407	-127.34894	-159.27402	22.312948	-133.534	-190.79813	790.83356	30.232367	829.6668	722.94745	1000.0	1000.0	91999	110.89818	6.301365	146.83604	54.539185	110.89832	6.3055263	148.56055	51.64954	-8.003296	1.8424975	21.57558	-18.285877	77.15789	4.726447	2641.5396547317505
24	815.2711	25.146595	850.8913	770.30994	2.2558107	31.146753	42.956223	-44.599976	-3.9345849	3.330377	0.17629871	-10.606537	-81.58467	20.283688	-62.682045	-114.83723	-79.32887	47.138664	-37.766594	-159.43721	811.33655	23.462273	848.3673	769.60645	1000.0	1000.0	95999	112.93879	6.385079	147.5837	57.430428	112.93894	6.3861723	150.37418	53.221672	-8.025974	1.8126804	12.616867	-19.035534	78.60209	4.6830606	2752.192955970764
25	704.20575	115.049515	971.0422	608.58325	-35.497093	33.52599	15.891616	-74.949875	-24.38713	12.700291	-3.357911	-38.77575	-111.59004	11.2005415	-94.13272	-124.616234	-147.08713	41.179398	-78.241104	-185.79309	679.81854	126.57389	964.34485	575.315	1000.0	1000.0	99999	114.89909	6.405627	151.58147	59.51177	114.8991	6.4086957	154.68001	60.088196	-8.054836	1.8061546	22.890276	-18.51275	80.5087	4.563269	2866.384354829788
26	866.68536	46.674347	954.88696	797.6686	-0.6951456	23.58408	19.548977	-40.58604	-14.310652	5.0766144	-4.240325	-22.209175	-84.33317	28.225088	-39.22821	-112.160545	-85.02832	35.821407	-26.180199	-122.86819	852.37463	50.601322	950.6466	780.7432	1000.0	1000.0	103999	116.67341	6.421838	150.97458	60.334408	116.67337	6.425139	151.84634	60.34398	-8.046787	1.8087155	16.68352	-18.766342	80.4324	4.486201	2999.2271752357483
27	678.7115	82.39916	791.8698	565.5635	12.372096	21.211483	45.19493	-8.931651	-9.518957	29.398073	25.406572	-48.855637	-106.368286	20.958323	-76.94419	-135.07472	-93.996185	10.697288	-80.38587	-109.87469	669.1925	93.726944	814.91876	526.70856	1000.0	1000.0	107999	118.31323	6.4777055	157.11719	63.519974	118.31322	6.481196	155.9997	61.6386	-8.027111	1.8191655	17.92465	-20.26815	79.61011	4.457585	3134.1028776168823
28	818.59827	81.32842	985.3793	720.3644	47.569927	43.34003	116.69135	-2.5304883	-11.959742	12.993844	20.22146	-29.70285	-76.38871	32.69479	-20.65392	-104.36687	-28.81878	36.5403	27.272123	-71.03555	806.6384	92.018715	1005.60077	698.99347	1000.0	1000.0	111999	119.79244	6.533939	162.41464	65.8844	119.7925	6.5378485	158.75537	71.11421	-8.056742	1.8057632	20.420975	-18.437065	83.53871	4.5132656	3265.70685338974
29	771.17413	42.904984	823.2123	703.7749	11.312519	31.405272	62.47672	-15.614368	7.7975235	5.8301845	16.352571	-0.35018483	-89.79214	9.280577	-78.12908	-102.70701	-78.47962	33.060085	-22.166676	-106.91713	778.97156	38.908867	828.54297	717.58386	1000.0	1000.0	115999	121.03302	6.7717886	159.57204	62.467506	121.03309	6.774764	156.54369	61.14118	-8.059661	1.7831529	28.497597	-17.974205	85.36366	4.6097507	3397.226837158203
30	709.1462	61.650703	806.9938	635.8257	58.442734	31.829159	98.94814	23.563526	-2.6618896	6.6910615	11.956224	-9.724489	-75.10646	32.941513	-18.666634	-101.32611	-16.663727	58.627583	80.28151	-69.00026	706.4844	64.26652	804.57874	632.3228	1000.0	1000.0	119999	122.106	7.0798597	158.73013	68.362625	122.10612	7.0823984	160.8828	69.7462	-8.038315	1.7717859	13.892779	-18.707409	84.8506	4.614601	3516.908579349518
31	693.35297	46.666702	738.3432	615.1153	39.88784	30.812138	84.43436	5.5738916	32.613483	4.971591	41.735664	23.373491	-85.79661	8.365266	-73.78904	-97.2346	-45.908775	35.15359	10.645312	-82.04686	725.96643	43.41882	763.10583	649.4954	1000.0	1000.0	123999	123.0763	7.3735466	170.29953	58.56279	123.07637	7.376313	161.0478	59.6292	-8.091764	1.7185432	21.625698	-19.613712	87.60836	4.787413	3632.565798997879
32	801.6004	55.62499	918.59735	728.7977	116.39675	31.290691	158.95909	70.769875	4.096348	7.9861484	17.591692	-5.1981025	-88.15333	19.53655	-63.155025	-109.735245	28.243423	46.884926	83.76347	-38.965366	805.6967	52.62046	914.4957	741.25183	1000.0	1000.0	127999	123.59973	7.8861604	168.04857	67.76472	123.59953	7.8910403	169.97267	67.02452	-8.120511	1.6758341	13.085285	-18.159431	87.59478	4.84984	3745.4803326129913
33	670.91003	29.224958	726.40704	628.48016	59.737823	60.114967	130.29234	-13.217175	-5.4907618	6.6307874	6.261328	-17.05323	-85.262054	11.377164	-66.082924	-94.33236	-25.524239	69.82637	64.20943	-107.54953	665.4193	23.360731	709.35376	634.7415	1000.0	1000.0	131999	124.17511	8.271935	164.42003	54.170982	124.1753	8.273688	159.71278	61.1608	-8.134524	1.6522694	17.115187	-18.734432	87.39903	4.867286	3860.832469701767
34	818.78723	31.027271	873.72327	768.82684	91.70486	28.357464	128.27985	53.852196	-9.865956	8.161477	6.8699265	-21.44816	-90.757706	17.94322	-62.205128	-110.07214	0.9471581	23.39206	27.570738	-32.648453	808.92126	35.171314	875.8901	747.37866	1000.0	1000.0	135999	124.7168	8.74211	160.70349	63.38906	124.71674	8.744342	159.00635	56.426407	-8.092267	1.6896147	57.08531	-18.884327	83.614105	4.8234124	3976.4408888816833
35	801.4674	85.78816	930.144	707.4211	71.58594	67.66841	151.63715	-28.30187	-31.554516	23.947527	6.8087654	-56.600365	-110.78586	9.232486	-97.10496	-122.87709	-39.19993	66.78816	41.835007	-141.66115	769.91296	106.797134	926.2239	652.85406	1000.0	1000.0	139999	125.28229	9.343163	158.00285	61.559345	125.28247	9.345166	156.77307	64.324646	-8.067143	1.7049186	13.22459	-20.089882	82.63931	4.990333	4090.4473819732666
36	886.0167	52.92794	941.81903	748.67914	26.309599	45.3609	86.09804	-35.835667	7.7802176	8.094912	19.07957	-8.867681	-93.25862	12.711075	-75.83156	-111.57212	-66.94903	41.836426	-8.562112	-126.80635	893.7969	54.61425	932.95135	749.1434	1000.0	1000.0	143999	125.98424	9.761101	162.3637	61.933815	125.98436	9.762252	163.03683	64.392456	-8.0538	1.7261328	21.958387	-18.544592	83.45855	4.970653	4202.6789672374725
37	733.6394	6.2668366	746.58984	724.9616	85.712875	40.328842	132.07133	30.625277	-9.729053	1.3035235	-7.3910623	-11.48512	-83.94638	22.730515	-47.740032	-105.063644	1.7664909	60.985485	84.3313	-70.76581	723.9104	7.154545	739.1988	714.02966	1000.0	1000.0	147999	126.5181	10.225373	158.4117	60.229046	126.51814	10.227169	158.61507	61.395325	-8.0568285	1.7123743	17.482243	-18.52121	81.820984	5.1641126	4316.917142152786
38	780.0872	44.537262	841.29614	674.30756	88.356514	20.077435	113.13134	66.92266	-23.169228	14.947951	-2.4540992	-49.320404	-95.28269	11.106985	-78.15305	-107.71103	-6.9261823	20.930742	11.343401	-40.788364	756.9179	49.076427	810.62103	624.9872	1000.0	1000.0	151999	127.19274	10.5291815	161.35909	59.274193	127.19262	10.530724	161.23294	57.53616	-8.019705	1.7209758	23.696789	-20.833122	80.001015	5.07055	4430.384081840515
39	790.0033	89.33129	903.11926	658.31665	124.69705	35.021008	174.29158	75.31155	-2.6335967	11.898576	15.592786	-22.977098	-70.89339	4.991233	-63.7397	-77.85064	53.803665	32.79312	103.139145	11.571849	787.36975	83.170074	903.0331	653.9159	1000.0	1000.0	155999	127.98031	10.88232	158.45703	64.01077	127.9805	10.883493	156.22035	65.83107	-8.02281	1.7275064	21.417797	-20.58854	79.088875	5.1048784	4543.541741609573
40	843.27295	59.06965	916.2419	755.70605	155.70067	48.659645	209.7749	104.65775	-14.141963	6.2269697	-5.4670396	-26.609325	-90.81189	5.0791435	-82.57506	-96.40953	64.88879	45.352196	113.365364	17.171085	829.131	55.460125	900.57825	747.8628	1000.0	1000.0	159999	128.60709	11.106368	162.76363	58.113895	128.60716	11.1077585	161.77286	52.008247	-8.057034	1.6796523	17.366299	-19.419361	80.44266	5.030486	4654.74308180809
41	831.5505	95.55789	1002.8073	731.6147	92.296	52.32342	175.16737	33.616577	4.646622	9.056179	13.68032	-15.578811	-98.783005	5.1530833	-90.98316	-104.56498	-6.4870033	55.583485	84.18421	-63.949104	836.19714	92.43977	1011.30615	736.1588	1000.0	1000.0	163999	129.21864	11.351686	157.26	64.73227	129.21867	11.352091	156.16446	67.21775	-8.019488	1.7142352	25.764301	-19.612446	79.579155	5.098921	4783.019223690033
42	742.62134	154.68414	925.1442	306.97037	105.62459	43.180546	138.47496	31.350082	-15.024679	5.792866	-9.119514	-29.129618	-98.5832	10.509215	-84.39268	-112.94674	7.0413895	51.664455	44.106064	-81.59666	727.5967	159.63316	912.72845	277.84076	1000.0	1000.0	167999	129.85596	11.450628	158.48286	61.161667	129.8562	11.451609	160.83813	62.884518	-8.065446	1.6845181	28.044632	-18.540356	78.38221	5.027808	4913.4156675338745
43	960.6693	33.302074	1005.09735	906.1443	132.94594	17.040205	151.0938	113.27509	-2.6246445	9.572084	16.928308	-11.381851	-93.6913	7.682909	-81.02406	-101.72029	39.254623	20.338654	67.58349	17.727224	958.04474	40.81057	1015.2704	899.05695	1000.0	1000.0	171999	130.49934	11.6072	163.09961	68.03314	130.49937	11.608066	158.24414	63.62234	-8.038704	1.677744	22.37082	-20.41777	77.81607	4.9689183	5040.568170070648
44	774.4049	120.58566	955.0083	622.18164	146.03824	25.060158	185.5768	120.47814	1.7163923	8.312578	11.8674345	-14.8805275	-85.523125	17.107859	-59.118034	-101.36436	60.51511	39.890842	126.45876	19.113789	776.1212	122.53741	965.2491	626.92633	1000.0	1000.0	175999	131.1674	11.694391	167.71529	65.90701	131.16743	11.695589	166.1671	68.55649	-8.023413	1.6908015	30.022045	-19.848019	78.03521	4.967645	5167.558613061905
45	810.42584	49.893906	895.3301	723.83295	137.38406	13.109119	155.189	118.199814	3.1183977	9.516552	16.749123	-20.015894	-92.733475	8.123206	-83.53264	-100.95124	44.650593	19.653997	69.42305	17.248568	813.54425	43.1366	888.90283	733.93896	1000.0	1000.0	179999	131.7237	11.895252	162.32251	65.42292	131.7239	11.895977	160.13004	60.920914	-8.017489	1.6923975	19.987349	-19.218025	78.81311	4.981919	5294.339220762253
46	819.65576	115.32345	1003.643	606.21844	148.29053	25.835407	170.32571	105.36075	-16.000038	26.253315	18.435425	-63.445667	-87.78236	19.943663	-65.70156	-120.1872	60.50817	45.034836	100.88054	-14.826457	803.6557	140.12552	1022.0784	542.77277	1000.0	1000.0	183999	132.4311	11.950843	164.52202	69.30437	132.43126	11.9514885	164.23781	72.67122	-8.034644	1.6736217	18.015657	-18.426552	78.17092	4.864561	5423.07026553154
47	832.25586	127.635155	1026.4758	677.44977	119.18003	47.043064	183.2485	60.101845	-11.67439	16.027813	12.362688	-34.22817	-87.68289	6.5483475	-82.111916	-98.36501	31.497128	52.98993	101.13658	-38.263165	820.5814	138.55212	1038.8385	648.54694	1000.0	1000.0	187999	133.01308	12.017903	164.4629	73.83001	133.01332	12.018555	164.27965	72.53578	-8.005739	1.6623597	18.576868	-18.543879	83.10906	4.8764873	5553.8315007686615
48	828.1991	38.960533	930.8496	788.42053	177.18712	29.837397	200.79971	126.44653	2.8824425	1.6968251	4.3602943	-1.2566911	-91.17066	12.8168125	-75.69349	-108.62359	86.01645	28.821672	125.106224	43.713024	831.08167	37.878796	929.5929	789.4194	1000.0	1000.0	191999	133.5068	12.185323	167.51797	69.338326	133.50677	12.186043	161.64404	70.679276	-7.982909	1.6718826	21.247892	-18.89235	81.85184	4.895917	5667.54687666893
49	851.3128	90.69344	1009.9876	719.1039	147.01277	12.805217	162.89584	130.88345	-16.148594	12.981271	15.575906	-30.099134	-83.583374	9.082409	-72.35364	-97.281944	63.429394	13.477971	83.11157	45.969807	835.1642	101.234375	1025.5635	689.00476	1000.0	1000.0	195999	134.04938	12.3673525	166.06802	69.07412	134.04953	12.367732	167.19849	71.82575	-7.9837823	1.6794187	16.60899	-18.642887	79.39056	4.8780093	5779.28959274292
50	816.8146	112.05205	1026.7906	694.5399	132.07475	40.2232	175.71281	66.7058	1.549597	8.303799	12.647819	-17.869532	-89.17006	18.173256	-71.33701	-119.56656	42.904686	34.52384	66.21206	-16.486069	818.36414	113.371086	1032.0046	700.4584	1000.0	1000.0	199999	134.55946	12.473839	161.74153	66.13233	134.55978	12.474163	161.54182	64.80605	-8.0118265	1.6687485	22.92384	-19.37135	85.04334	4.841455	5892.261820554733
51	695.6721	36.7411	765.39874	613.2838	166.14313	40.404675	234.94797	135.3164	-25.641397	5.6470103	-14.83292	-35.691692	-76.17449	18.902662	-52.412273	-98.763275	89.96863	48.711678	171.48447	49.202496	670.0307	33.577805	729.70703	598.45087	1000.0	1000.0	203999	135.0999	12.447021	164.75056	70.227325	135.09995	12.447606	164.30748	65.99339	-7.9540133	1.7280842	41.099533	-18.811388	85.76589	4.967241	6005.732689857483
52	945.41956	99.97358	1040.9084	694.9147	162.07643	29.32837	180.18497	111.29987	0.3638376	10.1705	15.769001	-18.758617	-84.49905	3.9706097	-80.16535	-88.83432	77.57738	27.380733	97.59859	30.371452	945.7834	103.20123	1055.3632	699.4055	1000.0	1000.0	207999	135.47992	12.489351	163.42838	68.11249	135.48013	12.489034	163.92023	70.26184	-7.982536	1.6994362	20.401257	-20.012802	83.98529	4.943285	6118.989944458008
53	855.95667	140.27199	1002.90015	549.063	158.56479	55.635612	200.77448	64.531296	3.5104346	11.003037	13.781284	-25.294245	-91.848114	11.214053	-77.27324	-108.80567	66.71667	64.429375	109.80496	-44.27438	859.4671	144.9109	1012.8974	557.7187	1000.0	1000.0	211999	135.74867	12.6540165	166.99579	66.69582	135.74902	12.65494	171.77948	68.76286	-7.9618545	1.6937151	28.50129	-18.27375	83.5491	4.961143	6237.413370609283
54	806.07825	72.266235	977.18774	713.1918	214.16911	40.93044	262.0918	171.01715	-2.2342026	8.25705	13.377354	-13.189946	-99.4904	7.3432846	-90.09693	-110.35376	114.6787	41.7003	171.99487	74.30683	803.84393	80.07933	990.56506	700.0018	1000.0	1000.0	215999	136.03558	12.786607	163.72044	68.365616	136.03539	12.788065	169.0483	71.82255	-7.936128	1.7026197	18.255648	-18.529852	80.586784	4.924406	6361.869899511337
55	819.7331	67.68726	988.4793	763.519	240.203	69.74783	358.05252	179.52768	-22.364468	5.181592	-7.378133	-25.679518	-92.080444	11.522272	-75.00219	-106.1413	148.12256	78.46362	283.05032	90.24692	797.36865	72.337204	981.10114	738.643	1000.0	1000.0	219999	136.35464	12.871491	162.0699	70.91184	136.3547	12.871662	164.3685	71.679184	-7.97349	1.6465443	21.760212	-18.876598	81.451546	4.7952867	6485.13901925087
56	895.36395	111.74473	1024.4739	669.2394	183.19473	10.921508	197.98477	167.23254	-9.028871	15.649474	10.7833605	-39.91967	-87.73749	9.412576	-76.188545	-102.0334	95.45724	3.7201319	101.15557	91.04401	886.3351	126.62584	1035.2573	629.3197	1000.0	1000.0	223999	136.80756	12.913922	170.4389	69.023865	136.80772	12.9154005	166.62114	70.005684	-7.9536414	1.6644847	18.49234	-19.01119	80.23207	4.777355	6609.161859512329
57	907.95605	104.58481	1041.6195	676.05756	183.52682	7.771458	194.56287	173.02234	-1.8269441	7.1410537	8.842628	-12.3387575	-80.4577	7.970233	-72.4615	-90.79944	103.06911	3.5789328	108.64286	99.79017	906.129	107.9281	1048.9711	678.0514	1000.0	1000.0	227999	137.32898	12.855416	166.51553	70.42862	137.32901	12.856637	166.37361	73.69284	-7.8903813	1.7459661	40.027378	-21.864346	81.658516	4.9629707	6733.318271160126
58	881.6616	127.66181	1012.5568	695.5682	241.00755	16.1384	260.72958	216.63115	2.534573	9.216576	14.350779	-12.130639	-88.496704	9.927033	-76.44784	-100.52271	152.51083	15.784373	179.44586	140.1833	884.19617	133.26872	1021.96014	697.66876	1000.0	1000.0	231999	137.78683	12.837267	168.14659	74.99011	137.78687	12.837758	166.59798	75.46891	-7.9143696	1.6849661	19.811249	-19.00166	74.495125	4.8698153	6853.618165969849
59	912.0912	95.86328	1058.7019	759.73676	203.50806	35.95382	242.24776	159.60605	1.3046288	11.385135	19.448483	-12.621832	-79.59866	13.974065	-56.622772	-91.17837	123.90938	29.960756	155.4016	86.18326	913.3959	104.776344	1070.4208	756.2415	1000.0	1000.0	235999	138.01447	12.978556	167.6198	73.55485	138.01454	12.980156	168.68146	74.08503	-7.9391294	1.667069	25.374554	-18.541887	81.22722	4.7883077	6970.314081907272
60	906.1997	98.048775	1059.79	720.8538	179.94875	44.09356	208.29607	103.676476	-3.969686	8.233727	8.656884	-15.311816	-86.440186	19.347155	-59.02188	-113.24377	93.50856	50.770443	146.83078	13.26387	902.23	103.92747	1064.2042	708.98157	1000.0	1000.0	239999	138.32602	13.079047	170.6538	66.19691	138.32596	13.080688	170.18411	74.849556	-7.9208364	1.6669551	31.739723	-18.758135	78.9067	4.812403	7086.710921525955
61	851.7786	101.23224	1027.3755	709.7566	220.35565	35.530396	264.4851	167.98242	-2.5016532	9.221089	14.989405	-16.805473	-87.78725	11.17247	-75.13512	-105.57977	132.5684	32.666725	177.0962	84.93725	849.277	110.16757	1038.2247	692.9511	1000.0	1000.0	243999	138.6476	13.177067	174.45708	65.71651	138.64775	13.1771965	166.38797	69.40734	-7.8772984	1.6881799	43.176758	-19.076279	77.181816	4.925448	7205.213887691498
62	806.005	192.68222	1041.6516	598.79694	241.54233	21.866972	265.35022	210.73926	-18.721462	34.60526	11.120308	-102.77968	-91.33744	6.6616216	-80.32322	-98.151436	150.2049	16.385424	171.22554	130.41605	787.2835	209.04713	1037.877	502.60132	1000.0	1000.0	247999	138.93225	13.35376	186.72743	67.7905	138.9324	13.35462	176.79808	69.66714	-7.8797545	1.6727244	26.825066	-18.879433	73.70831	4.8994017	7323.39959526062
63	884.2202	155.57335	1045.9016	551.78705	231.913	38.276104	297.2239	201.15578	-4.5916047	17.643387	27.324207	-27.177633	-89.13884	17.74969	-67.93873	-109.55566	142.77415	36.09736	193.66473	91.60012	879.62854	169.83813	1064.6179	524.60944	1000.0	1000.0	251999	139.29068	13.346988	173.3305	72.169586	139.29073	13.349486	174.22693	69.82964	-7.880349	1.6974581	19.917425	-23.44276	69.947845	4.847603	7447.558726072311
64	904.0376	110.435844	1018.00726	690.1812	242.61884	6.7674932	251.24492	233.02655	-0.5027296	8.709185	14.875538	-12.264799	-93.04631	7.686124	-82.15154	-100.60649	149.57253	5.693355	158.09488	143.55196	903.5348	114.01023	1032.8828	683.6197	1000.0	1000.0	255999	139.52277	13.4510145	172.07338	69.382774	139.52284	13.45268	172.75426	69.05367	-7.9017925	1.6620955	22.597267	-18.477905	75.17092	4.7637324	7572.19136595726
65	961.2249	68.03966	1028.9321	842.32324	256.60373	30.940958	304.2492	217.84438	9.958515	5.7339406	18.448524	1.6958678	-90.13362	9.547263	-78.59215	-102.30092	166.4701	27.159203	207.98036	134.47177	971.1834	71.198845	1035.0164	844.0191	1000.0	1000.0	259999	139.8526	13.314733	175.04102	67.39196	139.8527	13.316388	179.25606	67.35898	-7.921726	1.6468751	29.445503	-19.243587	76.760605	4.7661767	7694.961629390717
66	816.1333	114.83928	1014.02997	611.71484	207.3323	17.712702	233.27382	186.01242	6.8925066	8.618839	15.179494	-9.256999	-98.04051	13.373368	-82.84699	-119.49381	109.29181	26.053812	136.82889	66.51861	823.02576	118.57976	1029.2095	623.212	1000.0	1000.0	263999	140.24011	13.155807	174.81357	67.48126	140.2402	13.157024	177.20096	69.203514	-7.868086	1.665552	16.10256	-19.107124	79.334404	4.693252	7823.257865905762
67	835.64386	137.95631	1034.0326	647.12134	199.40149	53.66255	273.77036	145.56409	3.573532	6.734391	10.784866	-9.896527	-84.739494	6.431776	-76.71143	-92.03734	114.661995	59.990295	197.05893	55.586292	839.2174	143.17316	1044.8174	640.6354	1000.0	1000.0	267999	140.50124	13.238062	183.83499	68.94608	140.50133	13.238758	178.66702	66.97423	-7.873017	1.6547337	24.889708	-18.873194	80.58027	4.676064	7947.181126356125
68	966.14484	73.55879	1040.142	801.2388	242.81093	50.70208	321.8517	184.67172	-3.6023018	22.777319	18.960815	-65.35332	-90.45729	1.956109	-87.94179	-93.36813	152.35362	49.641624	228.48357	93.95029	962.5425	92.47594	1049.0983	735.8855	1000.0	1000.0	271999	140.60254	13.58563	172.00668	70.14558	140.60252	13.585986	171.69731	66.1762	-7.8837295	1.6513824	34.99112	-20.653675	80.870766	4.834119	8066.548978090286
69	965.5917	85.90447	1039.7567	789.6501	207.31674	50.01721	280.18326	148.03584	5.3124475	7.3690643	14.654679	-11.467623	-96.30424	6.1395354	-86.5177	-103.375114	111.012505	47.669518	181.71046	61.51815	970.9042	89.43886	1040.1841	794.1756	1000.0	1000.0	275999	140.82156	13.618224	172.10864	70.16138	140.82184	13.618959	170.69217	73.21003	-7.874332	1.6801902	48.641968	-19.85514	78.82677	4.7690654	8186.721405982971
70	796.9874	222.5938	1023.3267	446.45828	223.70552	22.87911	256.52026	192.29562	9.578232	7.803067	18.53638	-0.8706021	-75.65437	5.2617936	-69.032166	-81.076515	148.05116	22.633894	184.55379	123.26345	806.5656	222.71332	1041.863	459.34656	1000.0	1000.0	279999	141.1894	13.441862	175.3023	71.56286	141.18948	13.443167	172.3323	67.89974	-7.9018893	1.647545	16.427567	-19.23736	80.25723	4.6831512	8306.416149139404
71	909.3431	76.9873	974.83575	744.4691	236.0992	34.09779	283.83768	195.61879	5.0031404	10.143242	17.978786	-16.514475	-86.72269	1.7483685	-84.272446	-88.95163	149.37651	33.29063	194.88605	108.00098	914.3463	86.514145	987.7005	727.9546	1000.0	1000.0	283999	141.47702	13.412399	172.77313	71.70889	141.47697	13.414743	171.4022	69.14521	-7.878576	1.6513861	22.755577	-18.907845	77.141716	4.7040195	8428.041714191437
72	970.03986	53.593056	1031.0734	876.0702	197.38669	121.88198	290.19904	-7.547095	-4.0399857	11.851898	8.871293	-23.122938	-98.627106	15.1412945	-76.388405	-117.57421	98.75958	126.42276	212.57855	-113.20819	965.9998	64.88128	1039.9446	852.94727	1000.0	1000.0	287999	141.65384	13.535248	174.76805	69.85978	141.65398	13.536341	172.5656	69.8113	-7.8893027	1.6445247	31.382292	-18.75325	80.117065	4.721314	8550.487348556519
73	886.81024	114.24546	1007.7434	713.263	199.53093	39.248264	259.48087	153.42184	0.43268624	16.978523	19.726383	-31.05654	-89.08377	18.215229	-70.50864	-114.93626	110.447174	45.61028	162.05011	38.485596	887.243	128.316	1027.4697	690.6492	1000.0	1000.0	291999	141.75604	13.638372	174.13019	69.652214	141.75615	13.639348	178.24292	72.768524	-7.87105	1.6677861	17.198439	-19.817234	83.863434	4.796146	8666.498646736145
74	964.23846	64.57934	1039.6199	859.14355	206.36792	34.483765	251.22034	169.04936	9.359642	6.764235	19.489641	-2.2198935	-87.764984	10.10031	-79.993576	-105.045494	118.60295	41.531097	171.22676	71.828804	973.59827	66.11969	1047.5697	861.14844	1000.0	1000.0	295999	141.75401	13.945768	175.69345	69.883575	141.75426	13.947929	174.20757	69.77827	-7.8599477	1.6705818	29.388922	-18.84591	86.07984	4.8312335	8781.10901427269
75	868.55585	168.14133	1038.9384	498.81088	235.17297	19.692768	265.1997	211.8424	6.661229	12.558523	18.759384	-20.37589	-95.10129	17.112751	-66.733505	-112.65059	140.07169	35.262848	198.4662	111.61105	875.21716	177.72313	1057.6978	478.435	1000.0	1000.0	299999	141.92436	14.006538	173.13733	75.40607	141.92432	14.007983	173.3031	71.700615	-7.892998	1.6140481	17.778954	-20.525768	84.980095	4.733431	8896.617970466614
76	949.7412	99.87109	1046.4946	733.5892	276.1836	43.457096	350.3877	240.67113	6.3451953	4.4932914	13.409653	-1.9202443	-87.615036	15.633135	-66.064575	-109.793816	188.56857	49.246338	266.33197	130.8773	956.0863	101.71922	1058.7815	739.1487	1000.0	1000.0	303999	142.0774	13.9899025	178.29915	65.65808	142.07751	13.990462	172.8365	69.250916	-7.864021	1.6454227	15.37886	-18.862316	84.28278	4.7643375	9012.78612780571
77	931.41425	60.62695	1022.5885	831.8706	259.40573	23.373661	291.19073	225.90578	3.9359717	8.802338	19.260962	-10.28316	-94.6329	18.0633	-78.32096	-124.39452	164.77284	40.162567	208.88849	101.51125	935.3502	64.328316	1041.8495	835.6225	1000.0	1000.0	307999	142.14545	14.052357	179.42618	68.48117	142.14525	14.056124	178.17807	69.452065	-7.859115	1.6499069	15.20486	-19.243084	81.67335	4.8106775	9129.809553146362
78	834.68195	216.28679	1027.5724	498.00735	246.54347	15.705621	268.49084	225.73955	-23.13712	18.27279	-1.0125808	-46.924385	-95.86151	28.819824	-61.970486	-130.34279	150.68195	43.019054	206.52036	107.98539	811.5448	227.28387	1023.8154	452.87625	1000.0	1000.0	311999	142.32896	14.020478	174.81714	73.82659	142.32916	14.022554	178.40868	71.98495	-7.8498273	1.6721954	16.99218	-18.029387	84.05186	4.7940254	9251.18643784523
79	889.23096	148.61176	1049.8615	604.7016	243.26138	35.059124	300.64014	210.70898	-3.2185833	24.574942	22.763496	-54.007725	-84.61785	12.690414	-71.455765	-97.62691	158.64355	45.733948	228.22786	113.08207	886.0123	168.06789	1072.6249	550.6939	1000.0	1000.0	315999	142.47641	13.972929	175.52687	71.78219	142.47632	13.97546	180.65472	68.673836	-7.8655305	1.6425992	16.600468	-18.97545	81.57413	4.7072315	9367.240844249725
80	886.77966	156.94464	1047.1328	671.44696	279.55466	10.318509	293.7942	266.48502	-9.7961235	22.78841	20.326534	-36.86352	-95.347336	16.861738	-77.546486	-121.42186	184.20734	26.880072	216.2477	145.06314	876.9836	178.11163	1065.0299	634.58344	1000.0	1000.0	319999	142.59512	13.97292	176.71475	69.18767	142.5951	13.975289	174.38155	70.07656	-7.8618116	1.6515336	19.509792	-20.086458	82.86309	4.7320337	9483.398350715637
81	1000.3846	71.325966	1063.6737	799.8117	258.283	11.346903	269.853	242.54094	10.648007	5.7480645	16.78361	-2.2867908	-95.68524	8.402994	-83.876175	-105.48808	162.59775	18.802616	184.38678	141.11554	1011.0327	76.2401	1079.8062	797.5249	1000.0	1000.0	323999	142.72409	14.112704	178.40927	70.02465	142.72412	14.114499	178.38484	64.82862	-7.871472	1.6499151	22.980904	-18.381283	82.68657	4.8438926	9599.381105661392
82	687.3439	146.92111	1027.8951	532.41974	311.79462	34.72242	343.60797	256.13492	17.06776	2.911938	21.022497	11.794711	-95.1632	6.146635	-86.3581	-102.20812	216.63141	39.28679	257.24985	156.74388	704.4116	147.38493	1046.6895	545.31354	1000.0	1000.0	327999	142.84756	14.172092	177.25233	70.45768	142.84753	14.173545	177.06947	70.434135	-7.876577	1.6298293	19.47739	-19.985344	89.92439	4.7265	9716.321796178818
83	865.5745	140.35408	1001.69556	604.59094	272.06628	26.40544	308.61987	237.35168	5.5586367	14.800559	18.536898	-35.556576	-98.05112	15.822102	-77.29247	-120.13535	174.01517	42.19776	231.32741	117.21633	871.1331	144.27174	1020.2325	616.4942	1000.0	1000.0	331999	142.99344	14.146112	176.61945	72.48459	142.99342	14.147996	175.67224	69.94067	-7.8723407	1.6167039	22.096233	-20.12096	88.420746	4.716977	9830.782926082611
84	969.74524	51.385693	1032.2156	878.6388	217.2703	36.420837	262.75827	174.24474	6.321386	10.809849	19.599846	-19.932484	-89.26812	18.884943	-58.597706	-105.06977	128.00217	26.430882	157.68849	85.4687	976.0666	54.09128	1051.8153	885.64124	1000.0	1000.0	335999	143.14523	14.1736965	180.37364	59.09514	143.14502	14.176478	178.93817	65.09208	-7.879135	1.6450815	16.68761	-18.868319	91.39228	4.8083663	9945.070761203766
85	882.1968	183.62953	1081.5247	469.5033	260.99814	26.509127	294.36905	224.70027	-1.2020322	10.529305	11.530127	-17.008396	-71.9402	16.756702	-51.538033	-96.58143	189.05795	36.0002	217.81322	128.11885	880.99475	190.20847	1089.3862	452.4949	1000.0	1000.0	339999	143.22366	14.261018	178.80977	50.20065	143.22375	14.2634535	177.91962	64.19547	-7.8584766	1.6574063	30.976898	-19.611908	91.493576	4.7796545	10058.792106866837
86	854.9948	147.78108	1030.034	608.73535	238.81898	59.20563	295.45416	140.66628	9.963112	9.527524	21.485188	-8.435776	-84.94145	6.0408773	-75.913445	-91.408516	153.87753	53.383507	204.04564	64.75283	864.9579	154.90382	1050.0807	615.75934	1000.0	1000.0	343999	143.39368	14.248346	181.68701	70.06393	143.39383	14.248708	182.69055	69.62751	-7.828895	1.6714143	20.2556	-20.11678	92.05159	4.7581472	10189.110892295837
87	928.42004	121.08717	1030.1418	612.8575	255.30797	44.771362	311.65	196.10649	-0.77388024	15.883736	16.536467	-27.214779	-90.762985	19.93732	-59.39541	-113.011734	164.54498	60.44217	223.17415	83.09476	927.6461	134.99004	1045.2928	585.6427	1000.0	1000.0	347999	143.53854	14.285329	176.40976	68.93356	143.53842	14.287644	179.53076	70.69592	-7.85711	1.6542147	42.27978	-20.30125	96.87002	4.7566543	10321.778423547745
88	771.7694	194.59306	991.43024	493.11768	277.48184	70.02579	358.17004	165.2198	3.9950612	8.302417	15.977933	-15.429713	-82.10936	11.085682	-71.016655	-96.04405	195.37247	76.53438	286.70956	75.30358	775.7645	199.0272	1001.70734	489.4926	1000.0	1000.0	351999	143.58614	14.351512	183.09793	66.35103	143.58629	14.351268	178.53706	64.45427	-7.857008	1.6585722	18.91524	-19.710602	96.98111	4.788154	10453.323544502258
89	864.2907	130.4411	1042.385	663.96265	276.1624	46.68694	340.8717	222.21034	10.279256	8.38891	20.203205	-3.3024309	-87.73973	19.700949	-67.86679	-113.51764	188.42267	50.428497	271.5059	142.62244	874.56995	136.78088	1062.5883	673.3427	1000.0	1000.0	355999	143.57664	14.41335	179.61012	61.41173	143.57666	14.4150715	178.44171	67.1078	-7.8593993	1.6321471	18.149178	-19.731325	99.749626	4.87716	10582.192845106125
90	939.1758	117.90818	1027.2021	633.33276	268.7173	10.948307	281.69974	257.03577	3.3730102	8.114804	15.963495	-9.167421	-89.42722	30.152882	-53.13093	-125.78046	179.29007	20.376743	205.6189	151.6034	942.5487	121.000046	1038.6819	624.4363	1000.0	1000.0	359999	143.55905	14.565057	183.4329	60.03543	143.55885	14.566559	181.1157	62.466225	-7.8474507	1.6358968	15.916138	-17.91988	101.39783	4.8524804	10706.156820058823
91	922.1117	124.35202	1074.7036	702.0496	271.46106	43.43108	343.45303	229.17203	14.971909	9.675846	30.974245	-7.636943	-75.13384	18.773674	-43.707363	-91.965065	196.32724	46.404213	265.0452	137.20695	937.0836	121.22609	1092.1815	733.02386	1000.0	1000.0	363999	143.68852	14.51094	180.92099	67.210686	143.68842	14.512361	183.4366	65.872444	-7.8353014	1.6728317	28.011753	-19.96731	99.52386	4.945719	10822.345667123795
92	900.8976	131.80135	1035.6053	680.0764	300.4242	11.932837	320.40225	288.9506	4.970926	7.2094893	16.667295	-8.979991	-76.859024	10.447198	-61.105778	-88.71748	223.56519	6.7702847	231.68475	214.03136	905.86847	132.61877	1052.2726	689.8909	1000.0	1000.0	367999	143.78247	14.540163	179.30269	72.88417	143.7826	14.540718	180.6234	68.98017	-7.8638163	1.6298137	29.93063	-18.62703	100.52884	4.7469883	10938.660243749619
93	984.8182	2.4761114	987.4486	980.65845	296.8181	57.244495	393.7545	253.81314	-3.552028	0.49025294	-2.6079934	-4.385519	-117.02691	40.75599	-62.333065	-166.59874	179.79117	62.49541	249.85298	87.2144	981.2661	2.4897485	983.8292	977.03064	1000.0	1000.0	371999	143.13185	15.210949	175.51335	59.3851	143.13197	15.212148	175.49115	58.716774	-8.107256	1.3498461	19.53635	-20.791107	97.21316	5.0006347	11056.553324460983
94	991.9167	1.6477879	994.0924	988.42944	229.09027	65.60373	315.28622	135.34927	-4.540794	0.28920844	-4.060159	-5.2027535	-195.48547	25.545832	-159.31068	-228.89912	33.604794	47.808556	108.894966	-23.961422	987.37585	1.7731451	989.8254	983.88196	1000.0	1000.0	375999	140.78728	17.475824	170.94759	49.83309	140.78741	17.477854	172.51123	49.701447	-8.177876	1.2039945	-5.3581924	-17.759232	97.15108	5.825133	11171.306960344315
95	992.119	1.8907683	995.04254	988.89667	232.21873	10.233785	249.62213	224.16231	-2.6820798	0.46159506	-1.8503041	-3.3067431	-196.45264	18.68785	-173.78719	-225.05309	35.766106	9.513303	50.37511	24.569038	989.4369	2.0524445	992.10205	985.9919	1000.0	1000.0	379999	138.56696	19.60997	170.579	35.807415	138.56729	19.610395	167.61475	37.985172	-8.162803	1.211621	-5.386286	-19.84065	93.676414	6.5172834	11290.728004693985
96	992.47656	3.062186	997.86096	985.9284	289.21594	28.252436	323.78424	246.02625	-3.2116723	0.33233097	-2.623174	-3.8966177	-224.05858	56.933556	-156.18701	-314.02377	65.15738	51.75613	144.24321	9.760484	989.26495	3.0122156	994.6644	982.6087	1000.0	1000.0	383999	136.32295	21.574768	170.03651	28.005856	136.32329	21.574709	168.46513	28.227392	-8.13499	1.2206632	-5.2413106	-18.01094	93.6495	7.0887427	11429.54382967949
97	978.0952	2.7596128	983.7798	973.9439	291.98846	46.5655	351.61032	245.66911	-3.3197765	0.6699673	-1.9569916	-4.224618	-173.97006	29.11618	-127.05782	-199.62492	118.01839	46.390656	179.3837	48.698204	974.7754	3.0473647	981.8228	970.3602	1000.0	1000.0	387999	134.27405	23.22422	171.29608	19.65812	134.27448	23.22432	165.58807	22.982504	-8.11469	1.2278544	-5.141861	-19.880692	91.49144	7.5971503	11569.202993392944
98	993.69745	1.6707302	996.8466	989.93427	293.35077	40.53689	356.41962	245.56575	-5.846285	0.39529708	-5.1696887	-6.5033374	-145.40247	49.142864	-102.09569	-228.83319	147.94833	67.104485	234.15756	46.99963	987.8511	1.9073086	991.1801	983.43097	1000.0	1000.0	391999	132.26257	24.861933	174.83078	15.642039	132.26294	24.862501	170.55873	18.947119	-8.117611	1.2245167	-5.2111254	-19.059711	89.579834	7.7658896	11708.689538478851
99	986.4201	4.1520104	993.49023	981.19885	310.296	25.814892	334.9211	270.36203	-6.814144	0.27307916	-6.5299315	-7.414216	-184.12924	52.15069	-125.208824	-268.1001	126.16673	76.31173	209.7123	2.261929	979.60596	4.0644865	986.82324	974.66895	1000.0	1000.0	395999	130.49422	26.16026	164.10924	16.208738	130.4943	26.160732	162.97418	11.164363	-8.12472	1.2290232	-5.2570577	-21.39682	87.16894	8.1139345	11831.454038381577
100	994.0582	3.1291523	997.4076	987.9326	279.84454	19.275354	306.17572	254.39285	-2.7482908	0.30116925	-2.2796712	-3.108559	-211.10518	28.352604	-176.79106	-255.23363	68.739365	26.200611	111.11817	43.582836	991.30994	3.171602	994.94226	984.94055	1000.0	1000.0	399999	129.10033	27.046116	165.27724	11.616305	129.10051	27.046947	165.27016	13.046787	-8.091187	1.2369394	-4.967256	-19.94408	85.35167	8.242346	11947.460549592972
101	991.16833	3.0270631	995.5638	986.77844	237.8745	28.75966	279.14545	210.81444	-1.5163095	0.38519517	-0.7661051	-2.024145	-182.18872	38.48695	-138.8235	-223.39635	55.685776	52.427216	130.11275	-12.58191	989.65204	2.9675615	993.6672	984.8243	1000.0	1000.0	403999	128.03966	27.48885	164.71826	13.428752	128.04001	27.489136	159.81117	9.596376	-8.124896	1.2222788	-4.964711	-18.05226	84.45858	8.3852625	12065.884378194809
102	992.4808	2.1988106	995.20807	988.38007	251.3754	111.8914	413.64484	113.677605	-3.637442	0.5955958	-2.6429856	-4.598249	-200.45216	43.548336	-155.85042	-270.36954	50.92322	141.54231	239.77231	-156.69193	988.8434	2.2638857	991.775	984.6687	1000.0	1000.0	407999	126.97376	27.92476	164.4163	11.9759865	126.97368	27.926584	164.2272	8.475231	-8.156249	1.2179756	-5.267393	-18.069096	81.34872	8.355551	12182.370662927628
103	984.33435	2.255241	988.2507	981.0238	275.25806	23.16616	293.81433	235.99144	-3.0862985	0.3212029	-2.6078691	-3.555383	-192.40259	36.035385	-155.19234	-251.98514	82.85548	37.862698	125.623985	38.425037	981.24817	2.2484322	985.02	977.46844	1000.0	1000.0	411999	126.07002	28.416397	168.30681	10.036459	126.07018	28.417942	172.9199	10.288084	-8.116432	1.2232462	-5.2907286	-18.05985	82.69	8.457985	12299.721853733063
104	989.14307	2.9402785	993.16656	985.28156	238.99988	70.73728	339.4573	158.63515	-2.9135854	0.5006075	-1.6965778	-3.357563	-185.95883	22.664879	-154.35394	-218.29396	53.04104	65.69134	121.16334	-24.712385	986.2296	2.945742	990.794	982.191	1000.0	1000.0	415999	125.3771	28.645546	161.12956	9.741091	125.37759	28.647472	173.923	7.6284757	-8.127647	1.2162675	-5.3583035	-19.161453	79.748436	8.242765	12415.511366844177
105	987.4136	2.1413682	991.98737	984.7176	279.55252	43.184254	342.28268	228.81842	-4.990126	0.6172131	-4.1239667	-5.9295573	-205.4614	38.269413	-152.7566	-260.4201	74.09115	53.897568	143.30534	-7.824393	982.42346	2.1555955	986.94995	980.01324	1000.0	1000.0	419999	124.71802	29.031246	161.25679	6.2221313	124.71787	29.032959	161.74272	-3.6372433	-8.145353	1.2180748	-4.8157363	-19.38621	76.728004	8.516095	12530.983356237411
106	983.65344	3.8777223	992.44104	979.11	276.64078	43.27934	331.94296	214.5889	-3.4312801	0.31766352	-2.958802	-4.086191	-205.19888	34.094902	-163.31697	-245.14003	71.44188	70.731	168.626	-30.551138	980.22217	3.8886056	988.86926	975.5135	1000.0	1000.0	423999	124.14711	29.162354	165.28363	9.0410795	124.14716	29.164171	164.3375	3.6932664	-8.165527	1.2163488	-5.286337	-21.487717	77.09306	8.486963	12648.840044498444
107	996.2471	2.1007774	999.0113	993.38135	255.21436	37.7947	295.20328	194.65341	-4.569053	0.44758263	-3.8313668	-5.227203	-198.16838	14.412777	-178.03291	-216.0489	57.04597	30.999022	103.09144	16.620502	991.67804	2.288101	994.73267	988.1541	1000.0	1000.0	427999	123.55306	29.373177	161.92828	8.54985	123.55338	29.374275	157.20493	0.18287373	-8.171185	1.2116181	-5.1442776	-19.385893	75.879234	8.548016	12763.898467063904
108	993.33215	4.2154503	1002.25903	987.8576	242.8682	55.2214	302.84915	154.78235	-3.196206	0.35157767	-2.5903668	-3.6716838	-181.7055	38.444405	-119.41198	-224.38321	61.16268	89.961586	183.43718	-69.60086	990.1359	4.2187514	998.58734	984.38983	1000.0	1000.0	431999	123.26014	29.360157	162.8747	5.949716	123.26013	29.36281	160.68317	-2.7950702	-8.1770115	1.2105051	-5.32681	-19.78356	78.687515	8.394922	12879.359092473984
109	996.13885	1.9264225	998.83875	992.3536	211.71014	20.873001	245.1276	189.80598	-4.496707	0.5321122	-3.7048948	-5.810041	-181.22723	32.80048	-152.70645	-236.55238	30.482904	15.330124	50.363956	8.575211	991.6423	1.8194749	993.91125	988.2658	1000.0	1000.0	435999	123.37258	29.012934	163.42729	11.906755	123.37246	29.01559	159.89384	4.179248	-8.216027	1.1973792	-5.361021	-21.345345	79.08669	7.9784474	12995.784043073654
110	992.249	1.9077725	994.5235	988.33093	262.7289	11.425914	279.28598	251.7159	-3.5104167	0.41373527	-2.6168218	-4.1293015	-195.09772	58.200485	-120.62957	-253.49709	67.63119	64.230545	158.65642	-1.7811924	988.7386	1.7678665	990.84766	985.7141	1000.0	1000.0	439999	123.44057	28.785318	158.6963	9.567877	123.44044	28.788324	157.8264	-21.867414	-8.202191	1.2000464	-5.279546	-18.99245	77.62916	8.000454	13110.834222316742
111	996.48083	3.0091722	1002.65265	991.11127	282.99963	67.37696	399.14313	233.78987	-3.099533	0.3783	-2.4848585	-3.7913392	-163.09787	92.39537	-73.854805	-317.91272	119.90173	140.45781	325.28833	-70.33415	993.38135	3.0064986	999.84106	988.6264	1000.0	1000.0	443999	123.67428	28.510098	161.49602	7.0352154	123.67424	28.512375	164.51099	8.052847	-8.188553	1.2087446	-5.335707	-20.250883	76.60941	7.766906	13238.599730730057
112	992.0734	3.3592215	997.15466	987.22675	257.30344	17.904472	288.14685	245.26122	-3.9864774	0.40587077	-3.0758517	-4.574658	-211.79068	39.220833	-160.8937	-268.869	45.51276	46.32469	91.395805	-23.111792	988.08704	3.3609056	993.41064	983.29974	1000.0	1000.0	447999	123.82167	28.249884	159.45491	8.961285	123.82167	28.251957	157.47188	4.8743424	-8.174796	1.2071496	-5.1705356	-19.415077	78.48304	7.9634676	13369.396010875702
113	978.29034	1.756812	980.3443	975.0963	271.0267	24.809616	309.86447	244.21948	-4.2104526	0.7234757	-2.9445465	-5.1096487	-187.46655	19.531153	-164.18329	-216.59413	83.560135	37.566944	133.00964	27.625353	974.07996	2.2576728	977.06067	970.6384	1000.0	1000.0	451999	123.93046	28.049082	168.36894	11.9309	123.93054	28.051725	159.3519	8.173502	-8.183081	1.2005184	-5.2830486	-19.744532	77.077675	7.8552337	13499.906627178192
114	985.49445	1.9658337	988.6559	981.3417	243.79347	15.602309	260.3808	220.7257	-3.2457442	0.5679286	-2.0496266	-4.223085	-115.605484	10.718889	-101.07909	-130.399	128.18797	20.593803	159.3017	101.40161	982.24866	2.2267892	985.2548	977.1186	1000.0	1000.0	455999	124.09234	27.77591	160.39723	15.060425	124.09211	27.77866	156.98428	6.1144814	-8.217215	1.1910752	-5.4053226	-20.478664	77.42122	7.779044	13631.050028324127
115	986.22675	2.5340343	991.6998	981.1754	261.28088	28.913286	310.5782	236.568	-3.983857	0.42612422	-3.5745502	-4.960605	-229.21388	62.749763	-128.56488	-298.88373	32.066986	69.91396	121.04151	-50.51282	982.2428	2.6521797	987.59424	977.1519	1000.0	1000.0	459999	124.10335	27.71933	158.28882	12.705063	124.10317	27.722866	155.96716	11.574256	-8.2130375	1.1979467	-0.74344254	-20.71748	79.643486	7.6869006	13758.566601514816
116	983.4625	2.2763932	987.1615	978.88074	279.05054	45.796272	346.7507	227.46579	-7.235583	0.29498416	-6.644606	-7.563048	-191.37961	38.48244	-142.31271	-249.55942	87.67089	48.01271	166.62155	43.961582	976.2269	2.4600096	980.1694	971.3302	1000.0	1000.0	463999	124.18426	27.697586	168.51729	15.90489	124.18407	27.70044	164.01595	15.774426	-8.20679	1.1995846	-5.255358	-19.450327	81.54486	7.632222	13885.810991287231
117	990.77405	3.3698745	996.2053	983.8774	272.66553	34.345417	328.188	243.03102	-4.275295	0.4184427	-3.518926	-4.9133677	-168.45969	40.483532	-112.91176	-207.92697	104.205826	56.70804	181.54704	35.104053	986.49866	3.5467706	991.9821	979.27277	1000.0	1000.0	467999	124.33839	27.489092	167.525	11.947121	124.33858	27.491867	157.7448	8.44735	-8.205089	1.1994376	-4.9073787	-18.32765	81.93941	7.65475	14013.004291534424
118	987.14294	1.941237	990.2691	984.468	258.24133	68.62731	365.35327	180.48027	-3.2809741	0.348632	-2.8626847	-3.9573958	-245.91615	41.964096	-209.77065	-317.22705	12.325161	98.44917	132.90279	-136.7468	983.862	1.91836	986.3117	980.9002	1000.0	1000.0	471999	124.43302	27.340677	161.67049	15.870923	124.43268	27.343405	157.93533	12.735704	-8.200581	1.1994585	-5.5359583	-18.735056	79.78024	7.6414967	14130.340715646744
119	983.1434	2.6175687	988.4658	980.12354	302.52472	30.816006	342.45447	257.94415	-3.1799338	0.2158045	-2.7513878	-3.409977	-201.70656	45.536278	-133.38824	-261.61307	100.81818	48.39633	181.60777	53.18256	979.9635	2.7382767	985.7145	976.71356	1000.0	1000.0	475999	124.22393	27.583578	163.68854	12.652798	124.22386	27.586813	162.56802	7.1750636	-8.214745	1.1989655	-5.3365574	-20.487516	78.86349	7.6946154	14240.261511564255
120	984.1818	2.956416	988.06433	979.20886	250.64537	53.827244	316.02692	174.32002	-3.2208626	0.36421815	-2.4531357	-3.7780397	-182.93262	43.219425	-121.282326	-242.79501	67.71274	77.04002	161.56787	-13.410709	980.9608	2.9304705	984.8707	975.48987	1000.0	1000.0	479999	124.29687	27.449705	163.11752	15.947446	124.29634	27.454336	172.35141	4.579086	-8.184874	1.2018653	-5.3724566	-19.225098	81.13844	7.6387315	14352.127259731293
121	984.4332	2.091502	987.37756	981.7309	258.1776	104.70791	389.92584	130.45409	-6.464045	0.33050245	-6.0693502	-7.2241483	-185.34572	22.612051	-157.46698	-220.19238	72.83189	99.49799	170.02846	-55.243576	977.9691	2.0494103	980.9935	975.64215	1000.0	1000.0	483999	124.3694	27.242424	164.97643	19.259275	124.36928	27.244274	162.09569	14.270298	-8.161257	1.2137719	-5.3263097	-18.952438	79.83974	7.638245	14465.144263267517
122	998.4704	3.5195565	1004.2815	994.30786	240.76973	37.424496	304.695	212.31349	-5.3376236	0.53314483	-4.605325	-6.2397475	-147.32503	30.462801	-100.722145	-184.01474	93.44471	64.642	203.97287	45.23126	993.1328	3.6156187	999.1062	988.0681	1000.0	1000.0	487999	124.5231	27.063353	169.36115	19.978424	124.52286	27.068037	171.74677	15.417495	-8.1934595	1.2014041	-5.1685123	-18.030895	78.15382	7.655957	14575.436675071716
123	989.4761	1.8393645	992.66254	986.5298	284.797	18.756933	312.6883	260.45175	-2.8017619	0.56797856	-1.4599802	-3.5175123	-189.39265	48.672024	-120.39161	-239.95604	95.40437	38.466763	140.06015	39.17003	986.6743	1.798389	989.6089	983.9578	1000.0	1000.0	491999	124.51584	26.91517	171.20746	17.859304	124.51548	26.918135	162.84491	13.207433	-8.160643	1.2123024	-5.3216023	-19.646496	79.68172	7.468222	14685.03256034851
124	983.8143	2.497933	987.3284	978.98566	212.35399	31.612349	250.81018	173.11375	-2.2346578	0.46183255	-1.3270723	-3.1504037	-206.37405	66.040245	-93.08194	-252.06432	5.9799356	89.34001	157.72823	-61.435947	981.5797	2.5604415	984.7525	976.73193	1000.0	1000.0	495999	124.67561	26.669416	164.85399	16.134495	124.67545	26.672531	163.73094	15.110297	-8.212435	1.1916981	-5.4389787	-18.524887	78.01591	7.475883	14800.79718708992
125	989.3915	3.2905798	994.9583	984.12317	243.74284	39.883087	283.50406	177.69217	-3.301117	0.35938102	-2.760872	-3.9378295	-214.04434	35.94895	-157.64937	-256.852	29.69852	18.91705	57.00424	6.0947814	986.09033	3.415443	991.83575	980.93335	1000.0	1000.0	499999	124.83987	26.336185	162.65408	12.592947	124.84006	26.338512	163.4641	7.6148715	-8.229297	1.1924963	-5.4019403	-19.127834	79.57086	7.356136	14920.821396112442
126	992.00165	2.355417	995.0685	988.10626	246.9977	19.907202	273.2292	217.92749	-4.1356926	0.37812892	-3.5582128	-4.60796	-199.75624	7.8196535	-191.92511	-211.89743	47.241455	13.984948	61.331757	23.970762	987.8659	2.5195172	990.99335	983.55865	1000.0	1000.0	503999	125.15474	25.95328	160.8544	19.035767	125.15436	25.957304	162.72183	7.359695	-8.229529	1.1893197	-5.395695	-18.16858	81.853134	7.291655	15044.136550426483
127	997.98425	2.3061526	1002.9036	995.5163	269.0502	19.420858	283.4591	235.60727	-2.5374136	0.46083468	-1.8043725	-3.2146592	-186.43378	48.34678	-126.635895	-251.11008	82.61642	36.41882	121.80812	28.31908	995.4469	2.3241742	999.9555	992.92096	1000.0	1000.0	507999	125.375	25.710371	163.92241	12.508837	125.37506	25.712666	161.64845	13.107	-8.214995	1.1926385	-5.4164953	-19.268368	82.25318	7.429547	15167.349782705307
128	986.48584	1.6711396	989.0284	984.2957	257.0516	20.713161	288.4527	233.32059	-1.8918501	0.3316028	-1.5316554	-2.7820709	-146.55113	38.638065	-84.94479	-185.38832	110.500465	51.431023	176.56432	59.535603	984.59406	1.7707139	987.37177	982.52234	1000.0	1000.0	511999	125.52475	25.568111	163.17804	15.311773	125.52457	25.571701	161.24744	4.714246	-8.215536	1.196277	-5.401803	-20.11435	83.14656	7.354235	15291.39741897583
129	991.45294	2.2643023	994.6165	988.52783	270.05682	24.959932	300.92197	234.643	-4.6523843	0.6436233	-3.9340937	-5.6387835	-180.69873	21.080229	-150.54251	-209.5127	89.35809	30.076874	133.51155	48.974224	986.8006	2.453528	990.1638	983.9034	1000.0	1000.0	515999	125.78658	25.347403	161.06712	14.712289	125.78637	25.350803	160.00954	6.1555514	-8.200092	1.2063494	-5.2534866	-19.549019	81.88217	7.4148626	15410.541820764542
130	992.1227	1.8344494	995.5902	989.57135	249.54883	19.013647	274.15796	220.82277	-4.7709675	0.47886762	-4.0948224	-5.422501	-159.66518	30.557814	-113.25151	-190.56248	89.88366	36.69371	140.20033	37.495483	987.35156	2.1485085	991.49536	984.32556	1000.0	1000.0	519999	125.90072	25.231012	166.57356	15.591561	125.90084	25.23328	160.036	12.106453	-8.21427	1.2011378	-5.207959	-18.737003	82.79446	7.191326	15524.660507917404
131	985.51855	1.6385019	987.1265	982.0831	223.9318	33.44404	257.45273	182.6386	-1.7934768	0.48466602	-1.395551	-3.0149555	-185.21411	66.18446	-134.9145	-299.0717	38.71769	52.503586	100.78426	-41.618958	983.725	1.5584788	985.3483	980.5687	1000.0	1000.0	523999	126.06479	25.102081	163.9	23.58445	126.0645	25.105131	159.41417	16.842072	-8.215219	1.199761	-5.2377734	-19.833364	79.54759	7.339929	15640.94227719307
132	993.71936	2.7524343	997.7499	989.2304	244.28282	29.71147	272.08063	197.66841	-4.5411105	0.47525004	-3.9951367	-5.3717384	-179.36948	19.511003	-151.90523	-206.75674	64.91334	48.233166	120.17541	-9.088339	989.17834	2.6532145	992.56195	984.4529	1000.0	1000.0	527999	126.1405	24.956503	171.03676	17.494358	126.14041	24.95924	167.45929	9.901866	-8.196663	1.2052319	-5.2629433	-18.749859	77.40652	7.241993	15756.842409610748
133	995.0853	2.2228417	999.1087	991.7635	261.62003	19.773884	291.79025	237.71042	-1.9675115	0.5079393	-1.1967108	-2.8491864	-181.5199	52.382652	-117.04673	-258.19202	80.100136	36.843292	135.8521	33.598217	993.11786	2.1022296	996.5523	989.8363	1000.0	1000.0	531999	126.21316	24.823622	159.90921	21.011017	126.21284	24.827084	165.52518	23.55463	-8.173891	1.2093958	-5.4146852	-19.331528	76.43801	7.24941	15872.297503709793
134	990.26575	1.9522207	993.3829	987.4467	252.01602	51.589043	330.08792	200.05367	-2.1349149	0.27693233	-1.5357019	-2.503986	-168.42784	11.067938	-152.44904	-183.323	83.58819	60.312805	177.63889	28.16504	988.13086	2.074362	991.35895	985.29346	1000.0	1000.0	535999	126.44099	24.641659	175.5153	19.21316	126.44094	24.6448	175.93547	18.1977	-8.207977	1.1947656	-5.430719	-19.057095	77.01348	7.2193327	15989.137951374054
135	991.432	1.0055039	993.17035	990.13794	236.30153	25.238705	277.893	215.54108	-2.9753928	0.6946393	-2.0515985	-4.282066	-222.44574	28.560118	-185.3858	-263.1621	13.855791	10.873665	31.276438	3.8909929	988.45667	1.400916	991.1187	986.61884	1000.0	1000.0	539999	126.56118	24.414122	168.17102	16.53948	126.56148	24.416193	164.28712	18.93272	-8.19117	1.2032566	-5.38772	-18.92646	77.349815	7.0846825	16098.74333524704
136	984.4422	2.8104665	988.87866	981.0347	314.36972	63.985146	421.9703	254.04045	-1.57046	0.38567254	-1.1170601	-2.157467	-176.59645	28.475899	-150.47008	-222.23517	137.77325	39.69756	199.73514	99.19312	982.87177	2.9431543	987.1746	979.15735	1000.0	1000.0	543999	126.78895	24.341528	173.00839	20.114557	126.78838	24.344196	168.04485	19.40688	-8.19434	1.2040522	-5.457115	-19.043116	76.96782	7.1374793	16211.442962408066
137	992.86487	2.8754797	998.42993	989.11536	256.35706	15.058218	270.4821	232.15643	-2.763799	0.42111573	-2.2050214	-3.6209927	-224.18454	44.38929	-169.03677	-290.90366	32.17251	37.934372	86.39756	-20.421558	990.1011	2.8351998	995.4282	986.4067	1000.0	1000.0	547999	126.86211	24.282629	170.71997	21.223518	126.8622	24.285341	171.45483	22.33014	-8.192237	1.2025955	-5.3237777	-19.57831	77.150925	7.17718	16330.678476810455
138	995.182	3.6669803	1000.23206	990.01117	276.46268	54.412266	353.9024	215.84659	-2.673274	0.47891027	-2.0478935	-3.7518315	-182.7196	14.617902	-165.39453	-201.64804	93.743065	68.75123	188.50787	14.198544	992.50867	3.6345553	997.465	986.81964	1000.0	1000.0	551999	127.03177	24.022978	168.93272	21.626616	127.03152	24.026468	167.91913	13.940284	-8.174091	1.2102649	-5.3324094	-19.400011	76.11706	7.033086	16447.471647024155
139	982.47986	2.2701623	985.4355	978.4963	219.81656	13.96061	238.62825	199.2304	-2.039599	0.3288735	-1.5119684	-2.7048948	-194.82932	49.41398	-145.92029	-265.77136	24.987242	61.831215	92.70796	-66.54096	980.44025	2.4416778	983.64594	975.7914	1000.0	1000.0	555999	127.24467	23.857578	163.32175	18.707144	127.2443	23.860102	167.55368	15.614692	-8.15775	1.2170293	-5.268853	-20.621737	76.4707	7.0112424	16560.89884877205
140	984.08057	2.6052222	988.3637	980.0975	300.41925	14.387623	323.4649	283.81506	-3.303332	0.4853209	-2.386565	-4.1451383	-235.17998	35.9277	-183.42435	-278.33093	65.239265	44.01234	113.290855	5.4841437	980.7772	2.5903	984.7562	977.25995	1000.0	1000.0	559999	127.24756	23.84709	165.81036	11.976463	127.24742	23.850067	168.25996	-1.3621883	-8.210868	1.1952176	-5.397696	-18.85233	78.397224	7.0387707	16674.339609384537
141	987.41766	2.5335484	991.33636	983.9548	287.8198	41.58595	346.11102	242.21599	-2.0476294	0.5659191	-1.0948856	-3.2294974	-201.84492	38.190582	-146.53812	-249.40219	85.974884	60.59685	161.01004	6.0018463	985.37	2.3281536	989.49664	982.42096	1000.0	1000.0	563999	127.25469	23.755386	163.35828	18.4942	127.25455	23.75797	162.27109	14.359064	-8.20323	1.1996161	-5.42826	-18.508156	75.82171	6.9495187	16789.065835237503
142	982.6992	1.6462809	986.6017	980.9985	240.78818	70.46226	320.86694	147.39027	-5.106131	0.40101466	-4.182466	-5.518196	-223.45462	41.880173	-176.49364	-289.917	17.333557	59.20601	117.23928	-29.103367	977.5931	1.7436651	981.29736	975.5027	1000.0	1000.0	567999	127.38018	23.658403	169.17506	19.118769	127.38007	23.662237	165.53284	14.033566	-8.201048	1.1997037	-5.3724756	-20.025898	75.33269	7.0846405	16906.053308725357
143	988.4678	3.2412481	995.0054	983.1065	248.38754	5.5758576	254.0495	239.21974	-7.730207	0.42508328	-7.1854124	-8.616022	-209.62274	46.754135	-134.52272	-262.2582	38.7648	48.707527	119.52678	-11.090893	980.7375	3.3739715	987.49506	975.1479	1000.0	1000.0	571999	127.39249	23.560143	161.86372	17.799793	127.39206	23.563269	168.5574	9.817627	-8.183619	1.2107288	-5.207387	-18.930517	77.41564	7.028006	17022.40509223938
144	988.75165	1.7825317	992.0413	986.27484	306.64178	20.438362	333.308	282.294	-1.6897161	0.5670417	-0.57826084	-2.8881655	-183.81548	62.0234	-87.07088	-253.73958	122.826324	74.02946	246.23715	65.23964	987.062	2.2677953	991.4631	983.38666	1000.0	1000.0	575999	127.52847	23.382793	165.16855	15.560104	127.52827	23.38687	162.80763	17.475828	-8.160595	1.2077497	-5.320812	-18.758118	79.75464	6.997667	17137.54228758812
145	985.2914	2.3490272	988.31104	981.5525	246.68744	56.929222	317.0818	158.50316	-0.9696457	0.5356215	-0.36682576	-2.1041605	-167.84583	33.9409	-109.469475	-193.51505	78.84163	86.15759	207.6123	-35.01188	984.32166	2.282654	987.94104	980.4423	1000.0	1000.0	579999	127.66457	23.19249	167.54019	19.230618	127.66456	23.194948	166.21902	21.962536	-8.160218	1.2182614	-5.1538234	-18.84552	78.92073	7.0854764	17253.503094911575
146	993.56964	3.2285993	997.76154	987.8157	263.7253	41.09534	320.80258	213.95467	-4.6729965	0.59440506	-3.7823522	-5.4929576	-171.00049	31.785145	-118.48286	-199.2083	92.724815	71.330734	202.31973	21.00346	988.8966	3.1459982	993.3133	983.94147	1000.0	1000.0	583999	127.70587	23.06709	168.05511	19.714775	127.7057	23.069712	163.65732	15.455315	-8.174629	1.2094434	-5.2553263	-18.407875	82.056	7.084548	17368.99637913704
147	992.20636	2.159553	996.01086	988.5899	298.40063	36.836964	340.21304	256.48517	-2.116828	0.52283233	-1.34757	-2.8285353	-165.39813	49.061108	-120.72278	-245.70831	133.00253	33.64364	176.08788	83.74919	990.08954	2.2999258	994.66327	986.28064	1000.0	1000.0	587999	127.65939	23.144861	167.93898	19.85152	127.6591	23.146925	170.16968	19.929482	-8.211435	1.1939856	-5.3874016	-18.752342	84.19819	7.1104107	17484.596965312958
148	993.90283	1.9971484	995.9854	989.4532	313.96298	26.006968	356.98813	287.0525	-3.679662	0.46687725	-2.9822235	-4.494123	-171.22458	46.815758	-99.3013	-223.25531	142.7384	42.38181	206.23682	87.32297	990.22327	2.0937083	992.50055	985.4426	1000.0	1000.0	591999	127.67732	23.06714	163.31212	11.708242	127.67736	23.069227	166.28667	13.434619	-8.153942	1.2162559	-5.214633	-18.077768	83.52376	7.077494	17602.228596687317
149	989.2416	1.6291591	991.9132	985.57336	258.69162	42.581654	321.95404	206.9421	-3.2602375	0.6482323	-2.3941824	-4.807193	-231.24307	52.8149	-153.82544	-298.2471	27.44853	75.98758	103.11669	-91.305016	985.9813	1.4435947	988.85815	982.99884	1000.0	1000.0	595999	127.85836	22.898874	165.40245	16.363985	127.85819	22.901022	168.50374	12.60276	-8.15125	1.2142453	-5.0958767	-18.321486	79.7395	6.9967465	17719.38881778717
150	989.55725	1.6735142	992.21576	986.79236	276.89398	38.15756	327.33563	221.92615	-2.3554592	0.43784806	-1.7297186	-3.1106763	-181.15927	53.074356	-124.2124	-267.76245	95.73469	82.17805	154.49509	-45.836315	987.2018	1.6935617	989.8381	984.87915	1000.0	1000.0	599999	127.84313	22.842133	163.4716	19.642323	127.84302	22.844902	162.81831	15.561508	-8.101258	1.2337416	-5.0287414	-19.16464	76.99259	7.079274	17832.5974547863
151	985.604	3.7963176	991.45294	979.08105	247.29614	27.002762	272.5331	201.96056	-2.5424683	0.29979932	-2.180463	-3.1661649	-171.66687	40.323063	-111.055855	-213.11638	75.62924	59.89961	161.47723	-0.8330816	983.0614	3.7996807	989.1376	976.68274	1000.0	1000.0	603999	127.92313	22.700737	168.44919	25.949642	127.92279	22.703146	167.84831	18.808537	-8.157048	1.21557	-5.076742	-19.762753	78.84799	7.150879	17949.17845249176
152	989.22394	1.7923111	992.2627	986.60284	276.31882	56.979786	371.42422	229.61484	-6.10999	0.6682299	-4.9019127	-7.273803	-141.16634	66.095825	-41.200752	-203.60692	135.1525	45.985558	188.41408	71.41399	983.1139	1.5220687	986.02716	980.50793	1000.0	1000.0	607999	128.00293	22.5538	165.98682	21.757387	128.0031	22.555073	164.54343	23.891678	-8.15499	1.2147717	-5.2851577	-21.412647	74.993774	6.965169	18070.246200799942
153	985.0327	3.1061692	988.77216	980.18	239.46088	27.073608	284.47092	216.14915	-3.38632	0.47142082	-2.5001297	-4.3804107	-172.3557	80.815956	-119.65579	-312.18384	67.10518	94.26748	155.7889	-91.54622	981.64636	3.1627	985.5411	976.52295	1000.0	1000.0	611999	128.12395	22.409748	174.82446	24.056416	128.12386	22.411379	177.62315	14.579298	-8.144384	1.2186056	-5.1534586	-21.253033	72.52727	6.925742	18191.639091014862
154	984.8086	2.1160731	987.5697	979.6736	245.01248	34.63531	304.7224	221.66252	-1.23825	0.5987568	0.035215776	-1.9895345	-192.8938	44.08046	-140.6664	-260.4224	52.118683	65.18968	133.03413	-38.759884	983.57043	2.3317711	986.7818	978.0442	1000.0	1000.0	615999	128.07916	22.45554	164.25806	23.83347	128.0791	22.456984	164.87558	26.951958	-8.130448	1.2251601	-5.1668777	-19.403458	71.03123	6.9591494	18308.511800289154
155	989.85095	2.3501453	993.1435	984.7917	294.8471	66.02811	362.56116	185.78764	-5.6646132	0.5747407	-4.4367332	-6.6757903	-154.08669	53.61941	-92.67383	-222.46959	140.7604	77.7724	269.88733	74.09686	984.1864	2.693652	987.67334	978.78406	1000.0	1000.0	619999	128.13365	22.4015	168.61035	23.112923	128.13348	22.403904	166.24028	28.795742	-8.143732	1.2133285	-5.238675	-18.688469	70.76288	6.977316	18426.700623750687
156	987.8922	1.4791006	989.89246	985.9408	281.49054	43.21561	356.27695	254.61748	-3.0112407	0.45673212	-2.2607973	-3.5850148	-151.74301	38.509083	-86.61785	-186.99684	129.74751	81.04168	269.65912	72.452385	984.881	1.3362699	986.3531	982.87775	1000.0	1000.0	623999	128.21558	22.326918	163.32889	25.068668	128.21535	22.330067	167.19751	26.982885	-8.118536	1.2229158	-5.267563	-19.193703	72.65164	7.012422	18545.367827653885
157	995.8424	1.7883679	997.8394	991.9759	286.93475	19.922314	308.04047	262.64954	-2.2531886	0.36706465	-1.6679713	-2.7589993	-191.03519	42.409256	-133.21027	-247.47427	95.89959	45.306374	171.85692	60.566204	993.5892	1.8125402	996.17145	989.61316	1000.0	1000.0	627999	128.26591	22.259962	164.22206	29.839308	128.26576	22.26276	168.53563	25.74879	-8.1934185	1.201532	-5.0867567	-20.376743	71.8148	6.916161	18663.873931884766
158	986.3262	2.7776203	992.0951	982.52136	226.10454	15.320603	251.59935	210.83662	-3.3430684	0.4331858	-2.6443748	-4.133747	-162.48059	44.99114	-94.880035	-215.8096	63.623955	32.817905	115.95659	35.65014	982.9831	2.8270986	989.0812	978.9136	1000.0	1000.0	631999	128.24596	22.231373	164.20267	25.782444	128.24593	22.233734	165.1947	31.134573	-8.2107315	1.1974626	-5.3541183	-18.444756	67.31759	7.054188	18780.33810210228
159	998.1086	1.7582076	1000.0159	993.8812	256.80167	13.125143	272.1877	236.15192	-3.372797	0.46382427	-2.4901826	-3.881031	-184.46103	38.057163	-149.08926	-243.21667	72.34063	35.58046	109.32866	13.759012	994.73584	1.9832519	997.08264	990.405	1000.0	1000.0	635999	128.39897	22.094044	170.30885	28.889528	128.39893	22.095222	166.06732	26.282852	-8.177462	1.2096399	-5.301347	-18.589788	69.53256	6.9869943	18896.260536432266
160	994.19885	1.7885884	997.59766	991.23193	263.53046	14.112791	281.43195	244.64517	-2.95907	0.5085821	-2.0464864	-3.8698769	-171.70564	55.163055	-98.68967	-253.84492	91.82478	52.127712	173.04897	27.587008	991.23975	1.8013897	994.3977	988.0204	1000.0	1000.0	639999	128.45638	21.96947	168.04301	30.377686	128.45636	21.970509	163.86061	27.235844	-8.153499	1.2172835	-5.4148574	-21.026314	67.71398	6.978264	19011.89623117447
161	997.93536	2.435437	1002.733	995.3309	246.9289	37.752495	309.74124	214.33147	-4.0848603	0.4761617	-3.3536592	-4.971063	-177.8224	40.748016	-133.99104	-243.75627	69.10648	56.618397	150.99756	-1.059429	993.85046	2.5194468	998.96313	991.00775	1000.0	1000.0	643999	128.46533	21.921545	169.64552	34.438396	128.46515	21.925098	166.72748	32.02589	-8.142416	1.21798	-5.2397146	-19.301378	69.59257	7.0861406	19140.12897324562
162	985.39667	2.4591446	991.3451	981.823	265.1941	69.65188	333.64407	163.36896	-2.2602258	0.28912663	-1.6278222	-2.78369	-185.05086	39.404877	-123.934555	-232.07678	80.14322	86.19464	201.50641	-37.811924	983.13654	2.5454714	988.9628	979.31433	1000.0	1000.0	647999	128.53339	21.889439	164.41719	30.254791	128.53317	21.890743	166.38124	28.360622	-8.155975	1.2149673	-5.3179264	-20.531538	69.31008	6.9201035	19281.90225172043
163	983.6058	3.1216202	989.0671	980.1747	279.00055	28.51555	313.04944	233.97992	-2.974488	0.5115331	-2.184727	-3.879771	-184.11365	44.91078	-115.78146	-233.40518	94.88689	67.04639	197.26796	20.500313	980.6312	3.1730895	986.3547	976.9003	1000.0	1000.0	651999	128.53629	21.857399	164.22118	18.75036	128.5361	21.8604	164.31529	21.210163	-8.098234	1.2323087	-5.182516	-19.41666	74.07942	7.0246134	19423.055911540985
164	988.7739	2.032286	993.1368	985.94037	293.33362	40.843376	347.94208	237.99155	-3.0721097	0.48333105	-2.065403	-3.8637426	-216.31139	33.635643	-158.07796	-236.86465	77.02221	24.54648	111.07743	41.823555	985.7018	2.3604538	990.5548	982.6944	1000.0	1000.0	655999	128.5855	21.844166	167.14592	27.74641	128.58537	21.846008	167.1549	22.301846	-8.127518	1.2225747	-5.1331754	-19.196766	71.15373	7.100943	19564.520926237106
165	980.2145	2.765311	985.96094	976.96014	287.27658	15.489443	305.12045	270.56564	-4.7946057	0.30196008	-4.3881817	-5.4359307	-221.26791	25.992767	-193.4462	-251.67885	66.00868	10.507424	77.11946	53.441616	975.4198	2.6650875	980.79785	972.4771	1000.0	1000.0	659999	128.6099	21.733189	169.49089	17.444574	128.6097	21.735847	169.42786	20.01713	-8.131341	1.2222338	-5.224475	-18.753284	65.42891	7.101868	19702.064589500427
166	985.0332	2.331294	987.9775	980.09375	257.92496	15.949408	283.91226	241.56667	-1.8788226	0.57752913	-1.041574	-3.0494218	-247.81088	17.745153	-221.43092	-267.62793	10.114084	28.41612	41.463093	-18.27524	983.1545	2.3160164	986.53375	978.0475	1000.0	1000.0	663999	128.77776	21.618181	166.27293	21.031431	128.77779	21.619295	171.96521	24.030449	-8.142084	1.2190434	-5.0635796	-19.086758	67.73132	6.9068604	19821.049286842346
167	988.30945	2.8081808	993.42114	984.38794	247.28795	34.402775	281.86435	195.80284	-5.0209603	0.45993719	-4.3470497	-5.788071	-186.04968	43.01246	-123.339005	-240.36168	61.238266	76.027695	158.52533	-44.558846	983.2886	3.000321	989.01587	979.6195	1000.0	1000.0	667999	128.81944	21.529741	165.4714	10.284485	128.8192	21.531473	163.91754	7.0270505	-8.137811	1.2209077	-5.2232914	-17.99553	66.499756	7.1180167	19941.937432527542
168	989.0204	2.076347	992.2878	986.4376	290.31134	19.190475	318.26102	264.07904	-3.7740319	0.47136497	-3.028231	-4.5143757	-189.02368	32.76233	-149.29921	-223.66698	101.28766	25.590197	139.07993	66.8592	985.2463	1.8646638	988.4911	983.1491	1000.0	1000.0	671999	128.9029	21.45281	163.37206	24.550858	128.90302	21.453892	167.22044	25.098608	-8.122046	1.2260733	-4.736966	-19.597414	69.17885	7.078861	20062.37268257141
169	979.10236	1.8746618	982.2667	976.7449	289.088	42.315125	353.5455	234.83641	-3.8385665	0.5027902	-2.966957	-4.4943266	-190.84021	51.89767	-135.12024	-266.43417	98.24781	51.61474	146.3956	20.020128	975.2638	1.9897879	978.05524	972.449	1000.0	1000.0	675999	128.89072	21.466063	169.89091	24.530178	128.8903	21.46895	175.39917	23.12138	-8.1178055	1.2265415	-4.8840294	-17.154839	70.290344	7.1153264	20182.646726608276
170	984.75635	2.041435	987.76886	982.3114	263.51917	47.931156	320.88235	194.55579	-2.330927	0.47699702	-1.6871543	-3.3148353	-199.36392	18.874508	-170.02853	-222.35518	64.155266	62.41471	150.85382	-10.782124	982.4254	1.9649012	985.7367	980.1839	1000.0	1000.0	679999	128.98793	21.380825	168.04787	28.51783	128.9881	21.382355	168.60667	28.48885	-8.127053	1.2238684	-5.005177	-19.18328	68.482895	6.9515977	20303.208823919296
171	981.76776	2.373967	985.5945	977.8295	290.83755	46.08397	352.93988	224.54138	-1.5601528	0.51708287	-0.87632227	-2.4269974	-204.07509	11.48699	-185.42096	-216.24052	86.76247	51.094498	143.29904	8.300861	980.20764	2.2303908	983.59753	976.3924	1000.0	1000.0	683999	129.07721	21.21288	168.01758	20.988033	129.07726	21.213932	167.45422	23.217213	-8.12956	1.2275482	-4.8255606	-20.054949	74.33753	6.8638735	20422.606357097626
172	984.3127	2.546649	990.4833	982.0878	225.11687	47.440002	281.72614	158.15462	-4.5364237	0.32714915	-4.0796156	-4.980951	-226.69878	20.192379	-200.17468	-251.88197	-1.5819016	52.655468	81.55145	-57.12516	979.77625	2.5072813	985.5023	977.1859	1000.0	1000.0	687999	129.12987	21.157415	164.97162	30.090502	129.12965	21.160381	170.02692	26.728773	-8.142877	1.2206753	-5.353733	-20.624783	74.9737	6.979039	20543.010984420776
173	991.13556	2.7008762	996.7137	988.3086	227.82556	22.054312	264.1899	209.49113	-3.0776591	0.31267717	-2.658638	-3.558196	-217.72343	16.587887	-189.50673	-231.98132	10.102121	37.50417	74.68319	-16.578724	988.0579	2.7091942	993.3562	985.35754	1000.0	1000.0	691999	129.04704	21.242172	165.30104	30.911242	129.04675	21.243162	167.21408	21.466158	-8.145428	1.2185029	-5.242284	-18.522135	75.10233	7.0370927	20659.054708242416
174	990.03094	1.974324	993.1118	987.5211	273.26938	64.97288	341.59766	202.8969	-1.4347749	0.6667233	-0.48502642	-2.3733234	-231.09598	46.044033	-169.46196	-290.47726	42.17339	63.818317	126.33829	-53.333652	988.59607	1.8239402	991.0224	986.0014	1000.0	1000.0	695999	129.10818	21.135223	165.09056	30.099947	129.10817	21.136763	171.07234	29.422981	-8.099293	1.2320765	-5.046009	-21.26429	76.95069	7.020488	20776.287613630295
175	977.871	1.9423164	980.9491	974.9002	273.46982	29.406057	302.78983	224.47441	-5.968942	0.5041527	-5.1077204	-6.7690845	-125.21173	9.255508	-116.90364	-139.91606	148.25807	26.471918	176.47737	106.759636	971.90216	2.1792364	975.49426	969.075	1000.0	1000.0	699999	129.17091	21.061977	170.86037	32.342575	129.17079	21.064318	169.21553	28.066586	-8.084641	1.2344726	-5.2203054	-19.218374	76.52042	7.00298	20892.764790058136
176	993.01355	3.0997727	996.89777	987.1534	271.59796	11.178431	287.49854	258.92996	-2.3200936	0.527388	-1.6122658	-3.0441976	-178.54514	25.330078	-145.98393	-213.00961	93.05282	34.087868	141.51459	45.92035	990.6935	3.2903512	994.8446	984.246	1000.0	1000.0	703999	129.30362	20.999058	167.95253	30.014618	129.30357	21.000597	173.52773	31.30859	-8.099053	1.2286355	-5.016984	-20.887913	74.18783	6.975129	21009.442586183548
177	994.87854	2.8088267	999.4447	990.5644	275.73557	55.117157	332.758	203.64159	-2.2764435	0.36527377	-1.6515458	-2.8504689	-163.13339	43.110477	-109.52157	-219.18463	112.602165	77.16089	190.31865	-15.543049	992.60205	2.9557278	997.3349	987.7139	1000.0	1000.0	707999	129.37115	20.949005	168.79233	33.769012	129.37094	20.951283	177.54138	27.419834	-8.081137	1.2414492	-5.034046	-19.14088	76.03554	6.9346943	21126.815638303757
178	988.514	2.1324418	991.5115	983.9388	302.8579	30.931648	342.60477	264.76465	-0.7633933	0.36343607	-0.23640653	-1.3769257	-172.25475	38.166874	-124.66454	-227.51404	130.6032	50.836555	217.94023	94.45191	987.7505	2.1186562	991.1527	983.40344	1000.0	1000.0	711999	129.40292	20.834402	169.02794	32.959435	129.40282	20.836899	168.79109	25.622389	-8.121863	1.2233968	-5.1597996	-19.955032	81.341095	7.0044775	21243.807094335556
179	980.09015	2.3946986	984.18665	976.9705	277.29703	20.833387	311.36862	254.95555	-2.8696284	0.50031614	-2.3866134	-4.151349	-189.90308	21.913008	-152.9916	-206.63454	87.39392	42.101727	158.37703	48.850876	977.2204	2.4124632	981.39667	974.31433	1000.0	1000.0	715999	129.39864	20.77108	169.198	32.73629	129.39853	20.772818	168.57996	32.726536	-8.125823	1.2233078	-5.132954	-19.609522	79.63517	6.9240956	21361.144737958908
180	988.11847	1.4787824	990.1192	985.41614	285.3084	38.870598	352.249	258.78387	-3.0419679	0.4830039	-2.3332183	-3.9385414	-214.5374	24.988588	-188.9977	-244.84453	70.77103	33.192966	118.69953	24.858978	985.0765	1.6384145	987.786	982.50653	1000.0	1000.0	719999	129.5878	20.646545	174.2787	35.631393	129.58786	20.648872	175.97551	33.999397	-8.113732	1.2265751	-5.2382355	-21.678827	78.32842	6.8198466	21483.54903268814
181	988.83264	2.5686705	994.8516	986.3999	275.65213	31.88591	316.98132	227.35713	-2.8614054	0.40033996	-2.154846	-3.4968262	-173.97543	77.83357	-43.498955	-242.03519	101.676704	52.375366	183.85818	38.118443	985.9712	2.646214	992.3021	983.38776	1000.0	1000.0	723999	129.6728	20.544645	164.83936	31.933037	129.6726	20.546665	168.99585	30.781654	-8.10888	1.229492	-5.256425	-18.800613	79.99989	6.9057126	21605.65545272827
182	991.9404	2.344439	995.8293	987.72107	265.02792	28.5568	300.38013	222.75943	-4.0524163	0.64130247	-3.139141	-5.1300793	-157.93437	62.86534	-91.93981	-248.0653	107.09355	84.521545	208.4403	10.379803	987.88806	2.553247	991.23395	982.591	1000.0	1000.0	727999	129.78644	20.430508	165.46072	39.87753	129.78636	20.432814	166.50945	37.911835	-8.084045	1.2425538	-5.070406	-21.876118	78.81764	6.870341	21727.398977279663
183	983.9154	2.4515755	987.3593	980.13367	283.0017	44.360817	326.70938	214.94946	-2.184257	0.5240983	-1.1480088	-2.9335306	-212.8717	45.40095	-164.07008	-272.06094	70.12998	56.857502	153.83858	0.3783869	981.73114	2.4336143	985.2779	977.8101	1000.0	1000.0	731999	129.8877	20.28036	161.39948	23.515005	129.88744	20.281576	164.96614	34.079353	-8.114463	1.2300893	-4.9290657	-20.031927	79.8844	6.866124	21847.825520515442
184	985.6102	2.533616	990.4611	981.85175	272.8881	45.511814	333.61047	206.62892	-3.7527008	0.5089043	-2.812467	-4.465523	-185.63126	27.69121	-156.64093	-218.95842	87.256836	68.00955	173.6707	-0.3570055	981.85754	2.9382563	987.6487	977.3862	1000.0	1000.0	735999	129.98022	20.203306	167.57556	31.613298	129.98001	20.20528	167.18196	19.428404	-8.100241	1.2330923	-5.0263953	-18.160894	78.33303	6.8986163	21970.973273038864
185	991.0726	1.9803197	994.6358	987.97345	302.7292	40.4176	349.0736	247.64963	-4.507402	0.6059761	-3.6381633	-5.4462476	-166.00496	32.568443	-137.20601	-218.3554	136.72424	66.09856	211.8676	63.103424	986.56525	1.8525671	990.65063	984.3242	1000.0	1000.0	739999	130.07051	20.095453	166.4099	30.583805	130.07063	20.096815	167.25363	17.913763	-8.115557	1.2297069	-5.1411047	-18.750957	80.06611	6.9613767	22107.402434825897
186	985.8517	2.483681	988.4447	981.3626	289.549	30.802706	324.40097	243.01259	-3.6374269	0.44320098	-2.8695118	-4.2145576	-168.27988	33.741234	-111.0253	-198.40381	121.269135	58.04411	213.37569	61.560974	982.21436	2.30439	984.5313	978.4931	1000.0	1000.0	743999	130.14803	20.051687	173.34377	32.035397	130.1479	20.054085	176.00357	26.54786	-8.083712	1.2396513	-5.013517	-18.686325	77.2887	6.9266534	22243.172173261642
187	993.26416	3.3659105	996.6763	984.89954	317.4134	62.18608	371.18866	215.2353	-3.1961741	0.41525698	-2.5762033	-4.10578	-171.47934	62.09716	-104.02808	-272.67307	145.93404	92.346596	267.16058	46.977192	990.068	3.3198698	993.41113	982.0563	1000.0	1000.0	747999	130.34619	19.94013	167.93312	35.893223	130.3461	19.942135	166.03885	34.837868	-8.11424	1.2268459	-5.1136866	-19.43097	72.21094	6.6976385	22371.13846564293
188	991.06885	1.4368488	993.3138	988.6351	324.19052	52.70966	397.53595	269.78116	-3.0248115	0.4507096	-2.2238283	-3.6756551	-179.06914	25.890211	-147.90472	-208.41032	145.12137	50.09774	191.34	69.216125	988.04407	1.4760911	990.0987	985.3949	1000.0	1000.0	751999	130.47508	19.745333	167.83429	37.757347	130.47491	19.746382	170.48645	36.800896	-8.090049	1.2326225	-5.166904	-20.07409	71.68654	6.757652	22488.714839935303
189	993.4587	1.4890673	996.0382	991.88586	251.00168	6.9038906	260.10504	243.79765	-3.9230988	0.21595906	-3.4899192	-4.216244	-219.69481	51.110085	-133.51117	-260.9688	31.306871	46.192425	110.286476	-5.71673	989.5355	1.5174525	991.88336	987.88855	1000.0	1000.0	755999	130.57217	19.605366	171.96349	39.169903	130.57227	19.60612	167.00903	36.140602	-8.082315	1.2389907	-5.096498	-18.913055	71.778656	6.750205	22606.111543416977
190	994.2205	1.6132762	998.4261	992.5346	240.03342	48.36023	286.90048	175.9395	-3.5967312	0.4616028	-2.7584114	-4.406847	-178.77791	31.319708	-150.57787	-228.58047	61.25552	73.61006	136.32262	-18.025043	990.62384	1.4283873	994.5527	989.26825	1000.0	1000.0	759999	130.6597	19.588137	169.92671	31.595798	130.65952	19.590292	167.12308	25.964554	-8.100161	1.2287505	-5.2067657	-18.320984	71.205986	6.8566866	22722.97067642212
191	991.754	1.9598762	994.97076	988.68274	254.4104	54.148834	308.67944	165.61609	-2.7159355	0.48222023	-1.7567674	-3.4467194	-138.68303	66.95272	-31.792631	-216.63446	115.727356	94.297424	252.1855	14.694363	989.03796	1.8111068	991.8103	986.12897	1000.0	1000.0	763999	130.5938	19.549578	168.52924	34.485058	130.59364	19.550564	169.35689	37.40238	-8.099571	1.2330606	-4.9051566	-20.24667	69.53802	6.868512	22841.31729722023
192	990.6219	1.3633609	992.6443	988.2293	292.19794	18.48082	304.9686	260.31982	-1.5661128	0.6915823	-0.21877943	-2.3427873	-145.13977	37.749035	-108.107185	-206.1359	147.05817	55.417404	196.8614	54.18393	989.0558	1.8747374	991.72833	985.9177	1000.0	1000.0	767999	130.53984	19.522627	166.31523	31.371128	130.53969	19.524225	166.55928	36.939407	-8.09715	1.2328761	-5.128764	-20.244452	69.973	6.835306	22961.435213327408
193	980.92676	1.8620937	984.4252	977.46735	294.03485	62.675755	392.1526	221.52803	-2.9359272	0.388713	-2.3124576	-3.5494666	-132.11607	31.23818	-78.810715	-154.95172	161.91878	67.74805	238.63054	80.348236	977.9909	1.9360031	981.7511	973.91785	1000.0	1000.0	771999	130.66083	19.501654	167.36583	31.14077	130.66078	19.502705	170.59492	29.346985	-8.077032	1.2378899	-4.9570227	-19.314062	68.86342	6.8041167	23103.137969493866
194	984.95667	1.5236549	987.0975	981.1487	262.1225	30.666399	307.48077	229.90123	-6.4844985	0.47891563	-5.4884524	-7.30797	-209.88196	10.179377	-197.02379	-223.5109	52.240543	31.0399	103.601204	23.413425	978.47205	1.6928782	980.69867	974.3033	1000.0	1000.0	775999	130.68877	19.49997	167.21745	36.99921	130.68866	19.501957	168.80664	36.18122	-8.055242	1.2524955	-4.7217054	-20.165354	71.1442	6.9184065	23244.892079353333
195	982.16296	1.8386848	985.12067	979.32965	252.46532	46.468887	313.88983	193.56755	-2.4303057	0.44424525	-1.4693139	-3.2546391	-165.98521	64.223114	-109.32183	-271.63437	86.480095	86.75416	193.91663	-46.817287	979.7326	2.017976	982.6477	976.5173	1000.0	1000.0	779999	130.5803	19.50437	167.99619	27.446949	130.58025	19.506277	170.01578	32.73112	-8.062943	1.2555375	-4.1288953	-19.63979	69.09706	7.0030947	23386.47256565094
196	990.81445	2.5136986	994.3257	986.5105	269.9468	27.76408	316.9932	247.51674	-5.238618	0.4311901	-4.410975	-5.7949038	-167.53682	24.136839	-128.95247	-191.16554	102.40999	25.920343	132.71994	72.126724	985.5758	2.8248477	989.14777	980.7261	1000.0	1000.0	783999	130.61337	19.448532	166.49931	25.77226	130.61339	19.450153	167.98349	29.619818	-8.076903	1.2456155	-5.023014	-20.609674	69.290184	6.8786497	23527.501626253128
197	991.01965	1.5248615	994.01697	989.2963	273.68976	34.594658	328.02386	239.77129	-5.9367585	0.34812087	-5.365466	-6.436949	-206.98883	4.249418	-200.62079	-212.55876	66.70093	36.288734	121.04563	31.97376	985.0828	1.3572909	987.9712	983.39105	1000.0	1000.0	787999	130.58171	19.452333	169.02531	29.966278	130.58153	19.453182	178.92767	32.016823	-8.055857	1.2496222	-4.9179792	-19.776312	70.32616	6.980367	23660.815421819687
198	998.55945	1.7161013	1001.04193	994.9604	299.22495	63.893204	369.98544	222.52315	-4.3180604	0.3278185	-3.9252605	-5.194348	-158.74585	60.58417	-78.073006	-243.34743	140.47911	31.724298	190.74828	110.91306	994.24133	1.7103161	996.9905	990.5891	1000.0	1000.0	791999	130.71954	19.309244	166.81413	25.853441	130.7196	19.311024	172.05186	28.99776	-8.046252	1.2462859	-4.9351997	-19.159695	70.233444	6.8712206	23790.870020389557
199	984.5199	1.4653485	986.9125	982.4571	329.79602	76.943405	423.81335	237.97961	-2.514216	0.43740392	-1.7445265	-3.2725956	-208.14026	53.25799	-160.1113	-294.7232	121.655785	108.12251	263.70206	-22.63689	982.0057	1.5001591	984.6561	980.3817	1000.0	1000.0	795999	130.59756	19.34339	168.52283	27.772219	130.59724	19.345161	168.83119	27.481236	-8.101698	1.229009	-5.1201596	-17.979048	65.262024	7.0002604	23922.99866080284
200	984.2967	2.2051737	987.0168	980.68677	290.2737	13.158015	303.74146	270.71494	-5.2586694	0.3208324	-4.9786563	-6.0925074	-156.57729	47.651653	-81.02254	-212.3275	133.69644	59.2581	222.71892	58.387444	979.0381	2.0813446	981.507	975.5002	1000.0	1000.0	799999	130.63188	19.311287	177.25539	19.54286	130.6318	19.313145	180.39687	23.311703	-8.011593	1.2577716	-4.461541	-19.197487	62.812485	6.879847	24054.632999658585
