Epoch	AverageTestEnv0Ret	StdTestEnv0Ret	MaxTestEnv0Ret	MinTestEnv0Ret	AverageEnv0Ret	StdEnv0Ret	MaxEnv0Ret	MinEnv0Ret	AverageTestEnv1Ret	StdTestEnv1Ret	MaxTestEnv1Ret	MinTestEnv1Ret	AverageEnv1Ret	StdEnv1Ret	MaxEnv1Ret	MinEnv1Ret	AverageEpRet	StdEpRet	MaxEpRet	MinEpRet	AverageTestEpRet	StdTestEpRet	MaxTestEpRet	MinTestEpRet	EpLen	TestEpLen	TotalEnvInteracts	AverageQ1Vals	StdQ1Vals	MaxQ1Vals	MinQ1Vals	AverageQ2Vals	StdQ2Vals	MaxQ2Vals	MinQ2Vals	AverageLogPi	StdLogPi	MaxLogPi	MinLogPi	LossPi	LossQ	Time
1	81.62796	65.21039	160.95314	-46.30169	-321.01212	43.413746	-275.75208	-375.00723	0.0	0.0	0.0	0.0	0.0	0.0	0.0	0.0	-321.01212	43.413746	-275.75208	-375.00723	81.62796	65.21039	160.95314	-46.30169	1000.0	1000.0	3999	11.104951	6.3002496	34.387344	-6.702669	11.105549	6.3024483	34.203075	-5.9474883	-8.239482	2.0601704	27.407629	-18.076359	10.057974	1.3251162	73.54644703865051
2	108.55406	97.16189	294.24884	-10.402234	-317.66638	68.26086	-224.32993	-394.26172	0.0	0.0	0.0	0.0	0.0	0.0	0.0	0.0	-317.66638	68.26086	-224.32993	-394.26172	108.55406	97.16189	294.24884	-10.402234	1000.0	1000.0	7999	35.622356	8.666479	74.29552	1.8663818	35.62245	8.668805	75.23657	2.3052316	-6.238593	3.1097467	28.371742	-21.803736	29.069843	3.2876737	164.01716566085815
3	689.6894	58.249252	779.081	607.04803	-340.00323	58.831604	-257.52313	-410.67126	0.0	0.0	0.0	0.0	0.0	0.0	0.0	0.0	-340.00323	58.831604	-257.52313	-410.67126	689.6894	58.249252	779.081	607.04803	1000.0	1000.0	11999	58.765507	6.926569	101.63809	32.09609	58.765587	6.929105	102.29838	32.085094	-6.87831	2.8618002	27.973377	-18.561071	46.38605	4.2647347	258.44670033454895
4	896.8384	23.746035	934.2963	870.9065	-96.321976	33.98778	-39.91541	-130.84581	0.0	0.0	0.0	0.0	0.0	0.0	0.0	0.0	-96.321976	33.98778	-39.91541	-130.84581	896.8384	23.746035	934.2963	870.9065	1000.0	1000.0	15999	70.78405	4.6889668	107.885315	46.213715	70.78393	4.6936135	107.998566	45.430027	-8.3434515	1.628796	18.995296	-19.433556	54.70875	3.672208	354.8504219055176
5	807.6781	7.2738705	819.1402	797.31055	-12.6514435	39.981537	48.318817	-53.08291	0.0	0.0	0.0	0.0	0.0	0.0	0.0	0.0	-12.6514435	39.981537	48.318817	-53.08291	807.6781	7.2738705	819.1402	797.31055	1000.0	1000.0	19999	79.490746	4.2973175	117.937614	48.82811	79.49093	4.3003883	116.6288	46.509106	-8.39128	1.5028151	22.916286	-18.629345	61.62857	3.2282882	452.7312297821045
6	752.4999	10.027522	765.729	731.9461	107.24328	25.835905	141.87868	73.55442	0.0	0.0	0.0	0.0	0.0	0.0	0.0	0.0	107.24328	25.835905	141.87868	73.55442	752.4999	10.027522	765.729	731.9461	1000.0	1000.0	23999	88.1451	4.14613	129.0099	43.892345	88.14521	4.14855	127.96939	47.64254	-8.290298	1.4924257	22.087202	-20.03553	68.216606	2.9141135	549.533814907074
7	847.73175	19.64065	878.41486	823.58527	93.92142	95.00752	200.17212	-59.8991	0.0	0.0	0.0	0.0	0.0	0.0	0.0	0.0	93.92142	95.00752	200.17212	-59.8991	847.73175	19.64065	878.41486	823.58527	1000.0	1000.0	27999	96.52181	3.959541	134.29651	50.739918	96.52198	3.9634395	136.55457	50.548798	-8.166229	1.5261343	26.231613	-18.53666	74.77811	3.0488708	645.5988607406616
8	725.857	7.3401814	744.1072	718.3822	153.55035	14.025314	167.33707	130.91269	0.0	0.0	0.0	0.0	0.0	0.0	0.0	0.0	153.55035	14.025314	167.33707	130.91269	725.857	7.3401814	744.1072	718.3822	1000.0	1000.0	31999	104.3744	3.922013	139.68999	56.50066	104.37433	3.9280255	141.93329	59.433968	-8.08734	1.5480624	23.295885	-18.540932	80.55647	2.9121146	742.0009713172913
9	682.2417	78.202255	840.4877	606.3755	190.02823	31.998571	239.88538	151.8404	0.0	0.0	0.0	0.0	0.0	0.0	0.0	0.0	190.02823	31.998571	239.88538	151.8404	682.2417	78.202255	840.4877	606.3755	1000.0	1000.0	35999	111.60247	4.0918417	144.46344	68.43282	111.60264	4.0973325	147.85829	71.690475	-8.038742	1.5691717	17.665897	-17.505249	84.63367	2.9459486	838.4322824478149
10	775.3779	53.587116	888.3711	725.7602	247.39069	14.290589	264.57373	225.01118	0.0	0.0	0.0	0.0	0.0	0.0	0.0	0.0	247.39069	14.290589	264.57373	225.01118	775.3779	53.587116	888.3711	725.7602	1000.0	1000.0	39999	118.0792	4.6293015	158.94025	73.52656	118.07923	4.637518	161.37091	73.26284	-7.959039	1.5761039	23.019663	-19.329388	88.10239	3.1260455	934.4860372543335
11	800.89294	60.899986	864.82007	713.3749	260.65475	14.8043	280.5235	238.92982	0.0	0.0	0.0	0.0	0.0	0.0	0.0	0.0	260.65475	14.8043	280.5235	238.92982	800.89294	60.899986	864.82007	713.3749	1000.0	1000.0	43999	123.9669	5.262882	162.09297	82.710175	123.96688	5.269114	167.37387	80.31474	-7.914827	1.6230145	34.085983	-19.358185	89.535484	3.1795816	1030.9539487361908
12	815.13885	19.52799	848.61255	787.2986	222.29259	36.491383	277.59985	175.03236	0.0	0.0	0.0	0.0	0.0	0.0	0.0	0.0	222.29259	36.491383	277.59985	175.03236	815.13885	19.52799	848.61255	787.2986	1000.0	1000.0	47999	129.26167	5.7090883	167.21535	84.42476	129.2618	5.7146134	168.3695	86.273094	-7.8862514	1.6417085	21.107685	-18.428427	92.328445	3.0574758	1127.665465593338
13	822.26306	7.777141	832.4608	805.77045	219.40704	108.58727	350.04947	49.825253	0.0	0.0	0.0	0.0	0.0	0.0	0.0	0.0	219.40704	108.58727	350.04947	49.825253	822.26306	7.777141	832.4608	805.77045	1000.0	1000.0	51999	133.72372	6.227201	173.8816	90.525024	133.72394	6.231866	176.60645	89.39462	-7.898544	1.6030556	31.692331	-18.122395	95.33428	3.4439814	1230.7441070079803
14	812.26544	49.872612	905.7351	694.57495	257.05554	13.324702	270.66434	236.69191	0.0	0.0	0.0	0.0	0.0	0.0	0.0	0.0	257.05554	13.324702	270.66434	236.69191	812.26544	49.872612	905.7351	694.57495	1000.0	1000.0	55999	137.19458	7.2531157	174.47574	89.42558	137.19463	7.2564187	174.97127	89.27005	-7.8641214	1.6328974	18.627913	-21.342407	96.907104	3.5076995	1333.5278434753418
15	928.4989	116.39366	1041.3337	657.6287	256.11728	55.74078	341.91418	189.78664	0.0	0.0	0.0	0.0	0.0	0.0	0.0	0.0	256.11728	55.74078	341.91418	189.78664	928.4989	116.39366	1041.3337	657.6287	1000.0	1000.0	59999	140.11667	8.361586	174.42441	87.59192	140.11678	8.363514	175.84854	90.80993	-7.8843613	1.6364839	18.812683	-19.532114	100.93764	3.6099937	1436.1487469673157
16	882.96484	59.74252	996.4573	814.4893	307.67505	106.57614	452.7592	191.59967	0.0	0.0	0.0	0.0	0.0	0.0	0.0	0.0	307.67505	106.57614	452.7592	191.59967	882.96484	59.74252	996.4573	814.4893	1000.0	1000.0	63999	142.74832	9.155022	175.41087	93.871666	142.74832	9.157028	176.76682	95.74083	-7.873067	1.6314199	17.997787	-20.288372	101.36027	3.735685	1540.3023550510406
17	839.2988	90.42259	1014.9584	758.7443	321.41055	71.38655	424.90973	223.40779	0.0	0.0	0.0	0.0	0.0	0.0	0.0	0.0	321.41055	71.38655	424.90973	223.40779	839.2988	90.42259	1014.9584	758.7443	1000.0	1000.0	67999	144.99635	9.919155	181.85358	92.88859	144.99646	9.920333	178.62851	92.027115	-7.8325014	1.6723981	24.067318	-21.199009	100.52133	3.8815928	1641.9391436576843
18	724.29297	124.58012	1024.9705	589.35864	300.1867	17.783712	323.4977	278.97015	0.0	0.0	0.0	0.0	0.0	0.0	0.0	0.0	300.1867	17.783712	323.4977	278.97015	724.29297	124.58012	1024.9705	589.35864	1000.0	1000.0	71999	147.21481	10.256208	180.22914	99.30708	147.21504	10.258487	179.9175	100.025475	-7.823961	1.6721768	19.27858	-18.591356	101.10125	3.753869	1744.6787939071655
19	946.00574	77.249825	1020.2874	775.0195	291.28873	72.00362	404.03677	221.82596	0.0	0.0	0.0	0.0	0.0	0.0	0.0	0.0	291.28873	72.00362	404.03677	221.82596	946.00574	77.249825	1020.2874	775.0195	1000.0	1000.0	75999	149.21735	10.47462	181.37172	96.28417	149.21732	10.476577	185.517	99.194664	-7.8288116	1.6605124	15.121848	-18.377197	106.43413	3.7603326	1841.779324054718
20	751.1708	96.93469	970.4553	638.4125	290.01978	63.156506	360.646	194.38698	0.0	0.0	0.0	0.0	0.0	0.0	0.0	0.0	290.01978	63.156506	360.646	194.38698	751.1708	96.93469	970.4553	638.4125	1000.0	1000.0	79999	151.11642	10.444386	187.95662	99.31092	151.11642	10.44748	188.07263	98.78624	-7.8224554	1.6836883	24.414742	-21.273436	104.72372	3.7405322	1937.0700278282166
21	913.2505	85.44867	1047.2375	799.2708	289.08536	91.45728	390.31723	144.61784	0.0	0.0	0.0	0.0	0.0	0.0	0.0	0.0	289.08536	91.45728	390.31723	144.61784	913.2505	85.44867	1047.2375	799.2708	1000.0	1000.0	83999	152.38217	10.73913	186.92516	88.90856	152.38203	10.742706	193.2894	90.897514	-7.802774	1.7489846	37.710457	-19.729792	102.933655	4.150283	2032.3622479438782
22	949.3146	93.45834	1103.3035	811.8169	267.46616	37.88077	317.48856	224.46495	0.0	0.0	0.0	0.0	0.0	0.0	0.0	0.0	267.46616	37.88077	317.48856	224.46495	949.3146	93.45834	1103.3035	811.8169	1000.0	1000.0	87999	153.62152	10.824897	194.30394	92.26022	153.6215	10.828054	194.5986	92.353775	-7.8331623	1.745722	17.34519	-19.00004	105.379036	4.089052	2128.6937925815582
23	983.048	113.608826	1062.0406	654.759	339.54846	54.677868	423.94788	288.88516	0.0	0.0	0.0	0.0	0.0	0.0	0.0	0.0	339.54846	54.677868	423.94788	288.88516	983.048	113.608826	1062.0406	654.759	1000.0	1000.0	91999	154.83516	10.76137	198.96367	85.683044	154.83507	10.764685	194.91422	89.22781	-7.8288813	1.7458481	20.003752	-18.599335	109.73678	4.129977	2224.5591855049133
24	989.37225	50.61425	1063.3483	852.5409	269.50348	29.641441	297.711	222.48747	0.0	0.0	0.0	0.0	0.0	0.0	0.0	0.0	269.50348	29.641441	297.711	222.48747	989.37225	50.61425	1063.3483	852.5409	1000.0	1000.0	95999	155.9874	10.599964	195.3662	88.289474	155.98743	10.6024065	196.3412	89.65726	-7.8350344	1.7465746	32.4522	-19.635788	111.7955	3.9739823	2321.3103873729706
25	903.166	202.81891	1074.1189	445.9114	303.19986	28.924519	333.74863	255.61388	0.0	0.0	0.0	0.0	0.0	0.0	0.0	0.0	303.19986	28.924519	333.74863	255.61388	903.166	202.81891	1074.1189	445.9114	1000.0	1000.0	99999	157.01756	10.440752	200.15192	89.034096	157.01756	10.442025	206.70366	89.347496	-7.8438845	1.7677989	33.52084	-19.328373	112.174194	4.108381	2416.967801094055
26	959.8915	119.776146	1043.8503	611.07184	297.49533	55.27289	383.28366	229.20094	0.0	0.0	0.0	0.0	0.0	0.0	0.0	0.0	297.49533	55.27289	383.28366	229.20094	959.8915	119.776146	1043.8503	611.07184	1000.0	1000.0	103999	157.93945	10.146359	202.12738	87.390816	157.93947	10.148523	202.69012	86.80472	-7.8356967	1.771164	42.621277	-19.281029	111.30547	4.081585	2514.6643345355988
27	901.8115	146.70166	1052.4626	624.0017	323.63364	54.61383	394.2365	258.34174	0.0	0.0	0.0	0.0	0.0	0.0	0.0	0.0	323.63364	54.61383	394.2365	258.34174	901.8115	146.70166	1052.4626	624.0017	1000.0	1000.0	107999	158.87473	9.745454	202.85457	90.69991	158.87468	9.748468	203.81718	90.76743	-7.825018	1.7963897	25.87182	-21.255886	110.92156	4.0539594	2611.1951909065247
28	995.9328	104.53241	1132.7183	717.58093	307.87833	98.18427	452.13718	195.13983	0.0	0.0	0.0	0.0	0.0	0.0	0.0	0.0	307.87833	98.18427	452.13718	195.13983	995.9328	104.53241	1132.7183	717.58093	1000.0	1000.0	111999	159.64874	9.387496	206.01869	95.70911	159.64868	9.389815	206.35255	94.76855	-7.8290143	1.8269616	56.238636	-20.803963	114.31678	4.169674	2707.81867647171
29	896.9922	141.75885	1063.1965	634.77313	297.31418	32.79445	342.69418	250.51584	0.0	0.0	0.0	0.0	0.0	0.0	0.0	0.0	297.31418	32.79445	342.69418	250.51584	896.9922	141.75885	1063.1965	634.77313	1000.0	1000.0	115999	160.16331	9.30992	211.25404	92.42313	160.16322	9.312758	213.21461	96.09501	-7.8594637	1.7749062	21.92759	-19.161037	114.79116	4.098584	2804.214024782181
30	1026.4578	56.265076	1123.2123	945.29926	258.87793	37.515987	298.15076	208.51189	0.0	0.0	0.0	0.0	0.0	0.0	0.0	0.0	258.87793	37.515987	298.15076	208.51189	1026.4578	56.265076	1123.2123	945.29926	1000.0	1000.0	119999	160.75516	9.226414	208.09718	94.24213	160.75505	9.229243	208.52184	95.18853	-7.8662705	1.8319441	24.673176	-18.545378	113.23975	4.189076	2899.9102833271027
31	988.6455	94.23892	1165.9437	844.0501	308.52725	45.679504	386.82538	274.3005	0.0	0.0	0.0	0.0	0.0	0.0	0.0	0.0	308.52725	45.679504	386.82538	274.3005	988.6455	94.23892	1165.9437	844.0501	1000.0	1000.0	123999	161.22694	9.21445	213.00827	93.45802	161.22694	9.217896	210.76251	95.84033	-7.8713994	1.826474	30.161345	-19.71878	116.07797	4.249667	2997.624162912369
32	1046.8176	74.20808	1198.9447	987.81915	294.16476	53.41956	356.60422	219.8375	0.0	0.0	0.0	0.0	0.0	0.0	0.0	0.0	294.16476	53.41956	356.60422	219.8375	1046.8176	74.20808	1198.9447	987.81915	1000.0	1000.0	127999	161.4879	9.297251	209.77675	93.33056	161.48798	9.298857	210.77588	95.01781	-7.9365754	1.6896915	35.269516	-19.472095	116.32713	4.1440697	3094.9821569919586
33	1024.267	84.26649	1119.0071	785.6776	348.0866	51.88414	417.69498	274.5313	0.0	0.0	0.0	0.0	0.0	0.0	0.0	0.0	348.0866	51.88414	417.69498	274.5313	1024.267	84.26649	1119.0071	785.6776	1000.0	1000.0	131999	161.41258	9.721132	207.62642	86.81457	161.41248	9.723601	209.21602	89.505936	-7.9344025	1.6725724	31.095787	-20.102764	116.048294	4.0443587	3192.1355628967285
34	967.1297	118.60626	1064.3081	725.9517	294.98505	45.342045	370.49243	251.67392	0.0	0.0	0.0	0.0	0.0	0.0	0.0	0.0	294.98505	45.342045	370.49243	251.67392	967.1297	118.60626	1064.3081	725.9517	1000.0	1000.0	135999	161.64456	9.86039	207.76451	96.276924	161.64432	9.862802	209.42287	95.29534	-7.94624	1.6882907	30.430586	-19.050674	110.733765	4.0478587	3290.4944677352905
35	917.16125	135.71568	1101.1082	651.02515	331.72083	63.840992	425.9214	267.7203	0.0	0.0	0.0	0.0	0.0	0.0	0.0	0.0	331.72083	63.840992	425.9214	267.7203	917.16125	135.71568	1101.1082	651.02515	1000.0	1000.0	139999	161.97502	9.872384	207.54935	93.87372	161.97523	9.873327	209.25827	96.68227	-7.956621	1.6629891	26.161129	-20.205555	108.28972	4.0003276	3388.203847885132
36	1034.9918	41.358852	1091.6896	966.31445	338.70667	58.705784	409.52664	279.97733	0.0	0.0	0.0	0.0	0.0	0.0	0.0	0.0	338.70667	58.705784	409.52664	279.97733	1034.9918	41.358852	1091.6896	966.31445	1000.0	1000.0	143999	162.14229	9.912534	207.46466	87.96111	162.14226	9.913049	211.4578	95.64568	-7.9371495	1.6388853	53.20282	-18.761578	109.225044	4.000644	3487.419575214386
37	1027.0845	44.714424	1096.783	966.9608	285.8817	33.658524	339.7068	246.86354	0.0	0.0	0.0	0.0	0.0	0.0	0.0	0.0	285.8817	33.658524	339.7068	246.86354	1027.0845	44.714424	1096.783	966.9608	1000.0	1000.0	147999	162.45238	9.851502	207.98871	85.820206	162.45233	9.852961	214.34929	88.49557	-7.923174	1.6600305	31.943909	-18.131866	109.60834	3.9781246	3585.2347276210785
38	998.0876	43.988506	1043.6316	909.168	291.77377	28.74488	309.8374	242.01196	0.0	0.0	0.0	0.0	0.0	0.0	0.0	0.0	291.77377	28.74488	309.8374	242.01196	998.0876	43.988506	1043.6316	909.168	1000.0	1000.0	151999	162.76572	9.707085	211.22044	100.04068	162.76572	9.708399	210.96645	99.942314	-7.9501905	1.664142	31.098913	-18.350166	106.02975	4.0279207	3684.5195116996765
39	988.9412	84.8561	1115.6835	772.4586	369.86514	68.656296	476.41843	290.87393	0.0	0.0	0.0	0.0	0.0	0.0	0.0	0.0	369.86514	68.656296	476.41843	290.87393	988.9412	84.8561	1115.6835	772.4586	1000.0	1000.0	155999	163.20442	9.419724	224.92265	98.46113	163.20422	9.421949	222.90002	97.65539	-7.91036	1.7602158	37.700867	-22.31034	105.851715	4.272125	3782.3811604976654
40	988.67786	87.43801	1074.7439	750.0342	319.8962	24.64451	355.85074	292.84534	0.0	0.0	0.0	0.0	0.0	0.0	0.0	0.0	319.8962	24.64451	355.85074	292.84534	988.67786	87.43801	1074.7439	750.0342	1000.0	1000.0	159999	163.70206	9.061739	220.59511	99.54812	163.70222	9.062465	222.83972	99.573364	-7.884478	1.7903632	33.81755	-19.737995	106.77495	4.1888247	3882.462867498398
41	1039.7896	62.771423	1168.3806	954.2439	338.21796	25.263287	372.71164	304.0135	0.0	0.0	0.0	0.0	0.0	0.0	0.0	0.0	338.21796	25.263287	372.71164	304.0135	1039.7896	62.771423	1168.3806	954.2439	1000.0	1000.0	163999	164.06183	8.816125	221.75105	98.15821	164.06177	8.8176365	220.0071	101.22443	-7.930437	1.7001312	33.546295	-20.051432	104.84197	3.9701843	3978.723837375641
42	1010.51105	51.226242	1091.177	902.2195	336.839	61.3003	423.25784	250.41617	0.0	0.0	0.0	0.0	0.0	0.0	0.0	0.0	336.839	61.3003	423.25784	250.41617	1010.51105	51.226242	1091.177	902.2195	1000.0	1000.0	167999	164.34435	8.642813	220.34436	101.63747	164.34435	8.643981	221.45438	97.29033	-7.924486	1.7411557	25.504728	-19.28243	104.28901	4.0701137	4078.0832993984222
43	1031.1237	45.63447	1110.3014	955.63104	310.97342	35.980648	356.7775	262.7801	0.0	0.0	0.0	0.0	0.0	0.0	0.0	0.0	310.97342	35.980648	356.7775	262.7801	1031.1237	45.63447	1110.3014	955.63104	1000.0	1000.0	171999	164.59842	8.505693	224.15704	96.57586	164.59834	8.50649	224.51985	96.67848	-7.9356914	1.6394315	25.424923	-21.571377	104.65157	3.7674062	4176.410321712494
44	987.72736	71.67439	1082.7179	855.1719	310.47565	32.422943	341.5607	256.1682	0.0	0.0	0.0	0.0	0.0	0.0	0.0	0.0	310.47565	32.422943	341.5607	256.1682	987.72736	71.67439	1082.7179	855.1719	1000.0	1000.0	175999	164.8064	8.534624	224.9587	97.68893	164.80653	8.534592	224.41956	98.39554	-7.9631486	1.6640302	25.575989	-20.360617	105.37792	3.804972	4278.9063177108765
45	991.6545	112.387	1082.0884	671.9848	385.12213	71.694115	483.68204	289.75674	0.0	0.0	0.0	0.0	0.0	0.0	0.0	0.0	385.12213	71.694115	483.68204	289.75674	991.6545	112.387	1082.0884	671.9848	1000.0	1000.0	179999	165.07079	8.501027	228.64876	101.83196	165.07085	8.501578	229.85916	102.78149	-7.929668	1.6684023	28.193218	-19.19213	106.172935	3.8681166	4384.588320016861
46	961.217	137.31631	1084.1633	629.28577	313.7183	29.676363	350.73953	273.45218	0.0	0.0	0.0	0.0	0.0	0.0	0.0	0.0	313.7183	29.676363	350.73953	273.45218	961.217	137.31631	1084.1633	629.28577	1000.0	1000.0	183999	165.33867	8.391398	228.07137	103.31997	165.33861	8.39082	228.0918	102.99307	-7.9203215	1.7175571	30.312952	-18.725245	103.55167	4.0725436	4488.954202890396
47	984.3589	113.379265	1085.3103	705.62555	353.37402	107.66671	501.84225	214.5037	0.0	0.0	0.0	0.0	0.0	0.0	0.0	0.0	353.37402	107.66671	501.84225	214.5037	984.3589	113.379265	1085.3103	705.62555	1000.0	1000.0	187999	165.61012	8.234231	228.53882	102.54008	165.61023	8.233941	228.38275	97.07947	-7.9398694	1.6749641	21.010391	-17.896091	107.38565	3.9337866	4592.426444768906
48	1017.5911	116.0794	1116.8561	691.7752	303.2702	19.369423	330.8777	278.63583	0.0	0.0	0.0	0.0	0.0	0.0	0.0	0.0	303.2702	19.369423	330.8777	278.63583	1017.5911	116.0794	1116.8561	691.7752	1000.0	1000.0	191999	166.0068	8.037718	232.80324	98.72242	166.00693	8.038758	231.28098	101.8924	-7.9154215	1.7188615	40.626205	-18.674603	106.697	3.9581087	4696.714045286179
49	991.12024	145.98026	1187.6416	722.45953	305.75116	20.022253	332.24347	285.66232	0.0	0.0	0.0	0.0	0.0	0.0	0.0	0.0	305.75116	20.022253	332.24347	285.66232	991.12024	145.98026	1187.6416	722.45953	1000.0	1000.0	195999	166.31299	7.823203	228.421	105.099945	166.31302	7.82446	227.12999	104.52972	-7.9310007	1.6916039	31.151617	-19.0333	104.997856	3.9045994	4801.20472240448
50	1033.5344	47.03648	1143.164	989.3748	322.53595	30.595602	374.70627	297.7066	0.0	0.0	0.0	0.0	0.0	0.0	0.0	0.0	322.53595	30.595602	374.70627	297.7066	1033.5344	47.03648	1143.164	989.3748	1000.0	1000.0	199999	166.4688	7.778359	234.00174	104.95634	166.46877	7.7786036	231.8338	105.28214	-7.963353	1.6451988	21.990807	-18.543276	111.45379	3.7928338	4907.293967008591
51	1050.9758	42.990128	1120.2002	981.5015	332.5949	45.430397	385.37112	276.0011	0.0	0.0	0.0	0.0	0.0	0.0	0.0	0.0	332.5949	45.430397	385.37112	276.0011	1050.9758	42.990128	1120.2002	981.5015	1000.0	1000.0	203999	166.57704	7.814027	232.38814	107.74618	166.57713	7.812397	227.74501	106.237724	-7.983378	1.6292567	18.11286	-18.63853	111.95438	3.8126967	5011.581839084625
52	1047.5308	42.243046	1128.1508	995.0591	316.13852	32.880882	351.58337	282.3413	0.0	0.0	0.0	0.0	0.0	0.0	0.0	0.0	316.13852	32.880882	351.58337	282.3413	1047.5308	42.243046	1128.1508	995.0591	1000.0	1000.0	207999	166.69402	7.866269	236.30382	100.89202	166.69408	7.866974	231.43546	103.58723	-7.9692245	1.6998955	22.881714	-19.437483	109.438644	3.9849403	5117.31414103508
53	944.88525	145.33885	1159.256	662.009	314.8213	38.03887	348.54147	251.25458	0.0	0.0	0.0	0.0	0.0	0.0	0.0	0.0	314.8213	38.03887	348.54147	251.25458	944.88525	145.33885	1159.256	662.009	1000.0	1000.0	211999	166.99066	7.690763	231.12872	107.789795	166.99086	7.6899834	228.98299	107.009995	-7.9534936	1.6738459	41.28592	-19.01149	109.311775	3.8520746	5224.691042661667
54	998.9958	92.32656	1086.9152	790.9499	306.5985	17.239506	335.9938	292.12253	0.0	0.0	0.0	0.0	0.0	0.0	0.0	0.0	306.5985	17.239506	335.9938	292.12253	998.9958	92.32656	1086.9152	790.9499	1000.0	1000.0	215999	167.1656	7.6698623	229.43034	103.458786	167.16537	7.67075	236.35287	104.78292	-7.9377904	1.6737298	27.794836	-18.780275	105.553345	3.7750432	5331.40137553215
55	1055.6051	66.32125	1131.8925	882.2963	325.04062	58.017727	392.7312	266.27194	0.0	0.0	0.0	0.0	0.0	0.0	0.0	0.0	325.04062	58.017727	392.7312	266.27194	1055.6051	66.32125	1131.8925	882.2963	1000.0	1000.0	219999	167.3278	7.659383	229.33167	107.22866	167.32797	7.661238	230.08818	101.17473	-7.958797	1.6656684	27.6923	-18.815948	107.05935	3.7359023	5430.257423877716
56	1009.7926	77.6389	1131.3292	823.00134	326.39618	47.567806	371.10654	250.13373	0.0	0.0	0.0	0.0	0.0	0.0	0.0	0.0	326.39618	47.567806	371.10654	250.13373	1009.7926	77.6389	1131.3292	823.00134	1000.0	1000.0	223999	167.54655	7.5634785	228.48573	105.90149	167.54678	7.562976	230.5077	110.20123	-7.9461026	1.6712557	30.201365	-20.231728	105.8558	3.6929452	5530.8071393966675
57	1083.1246	87.62916	1237.2003	927.7901	320.11877	38.187904	377.10767	269.47845	0.0	0.0	0.0	0.0	0.0	0.0	0.0	0.0	320.11877	38.187904	377.10767	269.47845	1083.1246	87.62916	1237.2003	927.7901	1000.0	1000.0	227999	167.7224	7.5146875	229.55222	105.5024	167.72221	7.5167336	230.10376	106.05833	-7.9826226	1.6372726	25.990116	-20.79884	108.16727	3.7163734	5627.240337610245
58	966.98254	93.601265	1067.0068	754.0712	338.18893	62.20824	437.61047	269.4041	0.0	0.0	0.0	0.0	0.0	0.0	0.0	0.0	338.18893	62.20824	437.61047	269.4041	966.98254	93.601265	1067.0068	754.0712	1000.0	1000.0	231999	167.92596	7.4678817	228.19046	105.40781	167.92609	7.4689064	228.28706	100.45593	-7.985936	1.6599172	40.094604	-18.67694	100.77916	3.6357143	5726.105315923691
59	1040.8219	58.269794	1147.8335	926.21735	381.73944	176.34409	687.106	274.73892	0.0	0.0	0.0	0.0	0.0	0.0	0.0	0.0	381.73944	176.34409	687.106	274.73892	1040.8219	58.269794	1147.8335	926.21735	1000.0	1000.0	235999	168.0482	7.5380735	231.9864	108.846375	168.04816	7.53965	224.96451	104.48424	-7.958673	1.6556344	23.424147	-17.917345	106.68103	3.7151039	5824.498323917389
60	1127.6848	122.421425	1463.9132	1021.8025	343.1708	50.821796	410.48486	284.19693	0.0	0.0	0.0	0.0	0.0	0.0	0.0	0.0	343.1708	50.821796	410.48486	284.19693	1127.6848	122.421425	1463.9132	1021.8025	1000.0	1000.0	239999	168.24078	7.4755416	229.49147	102.74892	168.24075	7.474556	234.74147	104.95359	-7.9638157	1.654603	35.215824	-19.055037	105.38627	3.6762235	5922.389966964722
61	1053.1742	67.32272	1193.2786	955.0991	376.91635	49.155018	459.9171	333.7503	0.0	0.0	0.0	0.0	0.0	0.0	0.0	0.0	376.91635	49.155018	459.9171	333.7503	1053.1742	67.32272	1193.2786	955.0991	1000.0	1000.0	243999	168.25307	7.5168395	226.64232	104.33907	168.25323	7.5165944	228.63895	102.3945	-7.973676	1.5970403	27.512924	-20.062187	103.11875	3.596445	6027.279699802399
62	1079.2079	75.72146	1234.856	993.5576	376.08423	115.45048	536.1377	240.27942	0.0	0.0	0.0	0.0	0.0	0.0	0.0	0.0	376.08423	115.45048	536.1377	240.27942	1079.2079	75.72146	1234.856	993.5576	1000.0	1000.0	247999	168.3476	7.529121	225.18172	101.82469	168.34758	7.529758	225.64693	100.72779	-7.955511	1.6348879	25.906782	-18.722376	101.50702	3.6287735	6133.643501758575
63	1034.5879	113.97318	1294.9216	813.2954	369.5565	61.97726	422.5129	265.53128	0.0	0.0	0.0	0.0	0.0	0.0	0.0	0.0	369.5565	61.97726	422.5129	265.53128	1034.5879	113.97318	1294.9216	813.2954	1000.0	1000.0	251999	168.47192	7.5532928	229.39966	100.95576	168.47212	7.552449	225.65338	104.82438	-7.9483356	1.6562647	33.17347	-23.97755	98.997406	3.6815176	6238.355076313019
64	1066.1156	52.13922	1135.0403	964.38	344.24844	47.53393	409.51804	286.13147	0.0	0.0	0.0	0.0	0.0	0.0	0.0	0.0	344.24844	47.53393	409.51804	286.13147	1066.1156	52.13922	1135.0403	964.38	1000.0	1000.0	255999	168.59183	7.642577	227.83821	106.391396	168.59174	7.6435113	224.51917	106.742615	-7.93765	1.6745381	28.874628	-18.748083	101.69101	3.7363956	6343.0374584198
65	1006.27747	104.51591	1150.6322	722.22644	354.06094	47.578102	400.43213	282.97772	0.0	0.0	0.0	0.0	0.0	0.0	0.0	0.0	354.06094	47.578102	400.43213	282.97772	1006.27747	104.51591	1150.6322	722.22644	1000.0	1000.0	259999	168.7344	7.4446893	225.65283	105.74707	168.73448	7.4451623	225.96428	97.52676	-7.959586	1.6302159	20.963453	-19.328337	102.98332	3.6642933	6450.205618619919
66	1038.1526	56.406765	1183.8535	974.50336	430.71674	123.68976	578.58887	298.72778	0.0	0.0	0.0	0.0	0.0	0.0	0.0	0.0	430.71674	123.68976	578.58887	298.72778	1038.1526	56.406765	1183.8535	974.50336	1000.0	1000.0	263999	168.7886	7.453634	230.05215	111.26471	168.78854	7.4555855	227.59268	99.754036	-7.9428525	1.6076065	27.770971	-18.730038	105.243515	3.6499765	6555.850450992584
67	1022.59607	94.7745	1107.1555	757.5446	351.78418	35.01808	388.22076	293.92453	0.0	0.0	0.0	0.0	0.0	0.0	0.0	0.0	351.78418	35.01808	388.22076	293.92453	1022.59607	94.7745	1107.1555	757.5446	1000.0	1000.0	267999	168.88303	7.4155874	226.15102	104.35538	168.88304	7.4167237	223.8656	105.61271	-7.9478765	1.5921184	17.497421	-18.851254	103.83301	3.5165257	6658.3321080207825
68	1060.5846	41.86026	1133.0219	997.7891	375.51666	38.462055	433.6113	328.91553	0.0	0.0	0.0	0.0	0.0	0.0	0.0	0.0	375.51666	38.462055	433.6113	328.91553	1060.5846	41.86026	1133.0219	997.7891	1000.0	1000.0	271999	168.91695	7.592148	228.7277	106.984665	168.917	7.5932393	228.66498	102.23024	-7.9255915	1.6608162	40.446564	-19.721306	103.512886	3.726482	6759.386629343033
69	1031.5825	93.364845	1161.028	789.11707	340.97076	97.41194	487.30228	229.72467	0.0	0.0	0.0	0.0	0.0	0.0	0.0	0.0	340.97076	97.41194	487.30228	229.72467	1031.5825	93.364845	1161.028	789.11707	1000.0	1000.0	275999	168.97316	7.6268	225.46696	108.9153	168.97304	7.6286845	224.6915	99.932785	-7.9241395	1.6425366	28.743025	-18.191395	101.3601	3.7509937	6860.6504056453705
70	1038.9968	111.14498	1155.3799	749.92676	299.3379	30.445318	347.83517	265.71085	0.0	0.0	0.0	0.0	0.0	0.0	0.0	0.0	299.3379	30.445318	347.83517	265.71085	1038.9968	111.14498	1155.3799	749.92676	1000.0	1000.0	279999	169.02718	7.5895705	231.15514	105.73441	169.02722	7.5893087	227.97385	105.68881	-7.922685	1.6527625	28.664555	-18.205462	101.86164	3.7409384	6962.653147220612
71	1067.7235	188.77043	1269.4479	563.51117	378.70993	53.357967	463.18896	332.6464	0.0	0.0	0.0	0.0	0.0	0.0	0.0	0.0	378.70993	53.357967	463.18896	332.6464	1067.7235	188.77043	1269.4479	563.51117	1000.0	1000.0	283999	169.05225	7.58008	225.07225	106.9087	169.05228	7.5806727	224.12404	103.76479	-7.922979	1.6753068	50.030884	-19.834389	99.2805	3.7285142	7063.750402212143
72	1007.53046	66.56968	1093.1835	832.8891	342.99628	90.49016	480.9153	249.48535	0.0	0.0	0.0	0.0	0.0	0.0	0.0	0.0	342.99628	90.49016	480.9153	249.48535	1007.53046	66.56968	1093.1835	832.8891	1000.0	1000.0	287999	169.24252	7.499597	223.72438	106.55951	169.24258	7.5010867	223.77715	99.74958	-7.9081874	1.6863467	29.19502	-19.128046	101.35688	3.7811928	7163.70845246315
73	1074.1555	36.9134	1149.2019	1023.39984	328.6123	37.715595	367.5967	281.8872	0.0	0.0	0.0	0.0	0.0	0.0	0.0	0.0	328.6123	37.715595	367.5967	281.8872	1074.1555	36.9134	1149.2019	1023.39984	1000.0	1000.0	291999	169.35835	7.365877	227.33427	104.587265	169.35838	7.366476	226.80943	102.945885	-7.9346	1.6588831	24.437979	-19.951527	104.82206	3.7427084	7260.95027923584
74	989.4271	215.30771	1213.6644	467.20566	438.11722	81.81749	573.3708	359.3674	0.0	0.0	0.0	0.0	0.0	0.0	0.0	0.0	438.11722	81.81749	573.3708	359.3674	989.4271	215.30771	1213.6644	467.20566	1000.0	1000.0	295999	169.40746	7.3909025	230.58235	102.370255	169.40746	7.3924203	223.85039	100.99231	-7.91689	1.6673566	32.259113	-19.258293	106.828606	3.818636	7359.369955778122
75	1045.6296	38.655888	1146.5364	1005.8472	352.31732	55.872208	439.5564	283.75958	0.0	0.0	0.0	0.0	0.0	0.0	0.0	0.0	352.31732	55.872208	439.5564	283.75958	1045.6296	38.655888	1146.5364	1005.8472	1000.0	1000.0	299999	169.55232	7.306976	230.10094	104.74582	169.55232	7.3101277	226.60098	102.76573	-7.9608235	1.6298836	28.271349	-20.071114	104.57367	3.6364615	7459.487545490265
76	1080.427	54.47943	1188.5099	993.7363	329.98514	42.006645	373.19174	261.03394	0.0	0.0	0.0	0.0	0.0	0.0	0.0	0.0	329.98514	42.006645	373.19174	261.03394	1080.427	54.47943	1188.5099	993.7363	1000.0	1000.0	303999	169.7003	7.2819386	229.17966	106.93539	169.7003	7.2830644	226.71292	104.14277	-7.9435787	1.6758709	37.47933	-21.55983	104.375656	3.5665448	7559.093470096588
77	1048.2556	33.818844	1106.7946	995.6307	352.97635	8.291351	366.7625	344.97592	0.0	0.0	0.0	0.0	0.0	0.0	0.0	0.0	352.97635	8.291351	366.7625	344.97592	1048.2556	33.818844	1106.7946	995.6307	1000.0	1000.0	307999	169.81342	7.4654636	228.4947	106.16068	169.81346	7.466101	227.38168	97.47701	-7.9164987	1.6536988	19.886078	-19.422203	100.90924	3.6827908	7658.164171934128
78	1077.8684	61.95977	1243.6495	1002.3487	357.2691	97.63273	523.6762	281.71802	0.0	0.0	0.0	0.0	0.0	0.0	0.0	0.0	357.2691	97.63273	523.6762	281.71802	1077.8684	61.95977	1243.6495	1002.3487	1000.0	1000.0	311999	169.95552	7.4364247	232.00294	105.10834	169.95563	7.4378285	226.73987	100.08521	-7.932838	1.6517745	37.489815	-18.153515	104.25318	3.74252	7757.415344953537
79	1037.9246	146.36023	1389.7063	776.22565	321.8905	34.96278	367.3607	283.52325	0.0	0.0	0.0	0.0	0.0	0.0	0.0	0.0	321.8905	34.96278	367.3607	283.52325	1037.9246	146.36023	1389.7063	776.22565	1000.0	1000.0	315999	170.04845	7.372665	230.29895	103.00708	170.04836	7.3734064	223.80843	99.45607	-7.9582763	1.6335462	28.074081	-19.316696	103.276825	3.8408804	7856.306051015854
80	1051.6931	45.105106	1116.6244	973.2803	311.89713	25.293098	343.13443	278.36047	0.0	0.0	0.0	0.0	0.0	0.0	0.0	0.0	311.89713	25.293098	343.13443	278.36047	1051.6931	45.105106	1116.6244	973.2803	1000.0	1000.0	319999	170.07755	7.247579	226.53316	106.214386	170.07751	7.2460012	225.35019	105.08099	-7.9669785	1.5964913	22.38797	-19.249313	105.42205	3.5685263	7955.157045841217
81	1084.0048	36.836884	1156.5554	1036.7668	356.67667	78.19912	484.11523	271.24258	0.0	0.0	0.0	0.0	0.0	0.0	0.0	0.0	356.67667	78.19912	484.11523	271.24258	1084.0048	36.836884	1156.5554	1036.7668	1000.0	1000.0	323999	170.14561	7.1944723	232.44958	107.500404	170.14561	7.1933894	226.72858	100.26833	-7.9600186	1.6063768	24.54131	-17.964016	104.65654	3.586641	8055.431800365448
82	1092.5662	56.295002	1220.6392	979.8482	347.69794	24.751493	386.54263	323.5318	0.0	0.0	0.0	0.0	0.0	0.0	0.0	0.0	347.69794	24.751493	386.54263	323.5318	1092.5662	56.295002	1220.6392	979.8482	1000.0	1000.0	327999	170.19885	7.293887	227.05266	109.09278	170.19896	7.295785	223.51352	107.6968	-7.943402	1.6455318	28.422855	-18.781723	111.866425	3.7928584	8156.673186779022
83	1036.1702	69.39512	1103.3859	856.9999	336.10352	17.700422	353.2301	311.00034	0.0	0.0	0.0	0.0	0.0	0.0	0.0	0.0	336.10352	17.700422	353.2301	311.00034	1036.1702	69.39512	1103.3859	856.9999	1000.0	1000.0	331999	170.20493	7.3706064	226.36246	105.51135	170.20506	7.369329	228.18733	103.31351	-7.9248896	1.6438665	23.274847	-18.830004	108.87267	3.750342	8255.616458177567
84	996.70374	32.156666	1058.7323	955.7355	319.61096	17.660856	338.9178	293.08713	0.0	0.0	0.0	0.0	0.0	0.0	0.0	0.0	319.61096	17.660856	338.9178	293.08713	996.70374	32.156666	1058.7323	955.7355	1000.0	1000.0	335999	170.21828	7.404618	222.45052	104.73376	170.21819	7.405688	224.96971	101.04672	-7.9713783	1.6061462	36.37282	-18.996754	112.65072	3.6173651	8354.881080150604
85	1096.4801	100.51332	1260.2926	894.3431	348.2458	39.18149	393.43256	309.03958	0.0	0.0	0.0	0.0	0.0	0.0	0.0	0.0	348.2458	39.18149	393.43256	309.03958	1096.4801	100.51332	1260.2926	894.3431	1000.0	1000.0	339999	170.22884	7.4959025	230.51067	101.51	170.22894	7.496062	223.98969	100.28279	-7.928465	1.6521108	34.81768	-19.074072	111.509735	3.705231	8454.15047955513
86	1065.634	39.932568	1132.3826	995.1481	352.53076	41.178158	417.66605	303.44806	0.0	0.0	0.0	0.0	0.0	0.0	0.0	0.0	352.53076	41.178158	417.66605	303.44806	1065.634	39.932568	1132.3826	995.1481	1000.0	1000.0	343999	170.26459	7.502209	226.49432	104.14525	170.26472	7.502523	226.9359	103.79676	-7.9347405	1.6545817	36.947067	-18.977795	111.87989	3.6719317	8554.805182218552
87	1065.7913	52.944027	1208.0284	1014.78064	354.3579	28.699348	391.39835	325.8147	0.0	0.0	0.0	0.0	0.0	0.0	0.0	0.0	354.3579	28.699348	391.39835	325.8147	1065.7913	52.944027	1208.0284	1014.78064	1000.0	1000.0	347999	170.33994	7.51354	226.76483	98.851425	170.33981	7.5134044	223.47597	96.51031	-7.9265323	1.6164618	25.200617	-19.322517	117.53494	3.6875665	8654.182213783264
88	1047.7931	44.27001	1150.9039	996.1003	367.98138	57.57075	439.8758	307.34564	0.0	0.0	0.0	0.0	0.0	0.0	0.0	0.0	367.98138	57.57075	439.8758	307.34564	1047.7931	44.27001	1150.9039	996.1003	1000.0	1000.0	351999	170.29094	7.5295844	222.18086	100.06183	170.29095	7.5312934	225.3284	97.9637	-7.953676	1.6525776	27.961212	-19.877506	117.752205	3.6162772	8754.144662380219
89	994.66815	2.8691268	999.6516	990.51685	411.3979	93.73178	547.2194	299.18134	0.0	0.0	0.0	0.0	0.0	0.0	0.0	0.0	411.3979	93.73178	547.2194	299.18134	994.66815	2.8691268	999.6516	990.51685	1000.0	1000.0	355999	169.99422	7.77051	221.01323	100.17428	169.99426	7.770903	224.61021	101.55588	-8.040233	1.3859499	17.105522	-19.723146	118.90469	3.5463223	8851.857695102692
90	1003.0216	2.109006	1006.98193	999.6337	286.17706	39.700623	341.68735	229.41853	0.0	0.0	0.0	0.0	0.0	0.0	0.0	0.0	286.17706	39.700623	341.68735	229.41853	1003.0216	2.109006	1006.98193	999.6337	1000.0	1000.0	359999	168.48537	9.456448	215.12695	91.33514	168.48524	9.455796	217.18071	92.42027	-8.109721	1.2077618	-4.8268223	-18.048975	118.688225	3.7902792	8949.045520305634
91	996.0166	1.9014316	999.6987	992.9863	282.70178	39.702538	333.22205	226.20317	0.0	0.0	0.0	0.0	0.0	0.0	0.0	0.0	282.70178	39.702538	333.22205	226.20317	996.0166	1.9014316	999.6987	992.9863	1000.0	1000.0	363999	167.02657	11.51059	216.92368	82.8444	167.0267	11.510734	212.23007	82.094666	-8.082235	1.2228777	9.257999	-19.722294	116.001045	4.0137935	9046.674141407013
92	994.39716	3.6701908	1000.8691	987.7295	303.34238	13.040828	319.05463	283.61942	0.0	0.0	0.0	0.0	0.0	0.0	0.0	0.0	303.34238	13.040828	319.05463	283.61942	994.39716	3.6701908	1000.8691	987.7295	1000.0	1000.0	367999	165.8599	13.226754	208.33101	79.37344	165.85982	13.227379	205.22316	75.73324	-8.072118	1.2236319	-5.182237	-19.724762	116.892746	4.408912	9142.945255041122
93	994.46545	2.079245	999.3138	991.31854	319.10306	41.61506	381.58307	264.7738	0.0	0.0	0.0	0.0	0.0	0.0	0.0	0.0	319.10306	41.61506	381.58307	264.7738	994.46545	2.079245	999.3138	991.31854	1000.0	1000.0	371999	164.60332	14.770665	212.39987	74.10193	164.60323	14.77103	212.1402	68.54882	-8.075324	1.217199	-5.2281375	-20.204353	113.66534	4.62984	9241.981059789658
94	993.8338	1.8284067	996.53156	989.66565	298.52832	20.58132	327.93872	273.51947	0.0	0.0	0.0	0.0	0.0	0.0	0.0	0.0	298.52832	20.58132	327.93872	273.51947	993.8338	1.8284067	996.53156	989.66565	1000.0	1000.0	375999	163.51112	16.04279	207.9457	66.78042	163.51093	16.044388	201.42433	64.02357	-8.090666	1.2163934	-5.2997847	-17.876913	113.95828	4.8067775	9340.162166118622
95	994.69275	3.1456842	999.09753	989.99396	322.8335	36.517994	377.66284	274.95416	0.0	0.0	0.0	0.0	0.0	0.0	0.0	0.0	322.8335	36.517994	377.66284	274.95416	994.69275	3.1456842	999.09753	989.99396	1000.0	1000.0	379999	162.53249	17.221594	204.79059	56.96935	162.53246	17.221016	198.59987	54.468193	-8.08483	1.2195694	-4.945806	-19.787819	111.482956	5.012332	9436.29912018776
96	995.8537	2.0966814	998.4518	990.73395	299.0965	76.3644	423.86493	225.62764	0.0	0.0	0.0	0.0	0.0	0.0	0.0	0.0	299.0965	76.3644	423.86493	225.62764	995.8537	2.0966814	998.4518	990.73395	1000.0	1000.0	383999	161.7526	18.005259	197.53235	57.75439	161.75258	18.005371	195.95653	57.888756	-8.105375	1.2092437	2.7247791	-18.09591	112.864235	5.06305	9532.8754529953
97	996.9794	3.0444534	1000.89746	992.21747	293.93207	37.226566	335.24133	235.52667	0.0	0.0	0.0	0.0	0.0	0.0	0.0	0.0	293.93207	37.226566	335.24133	235.52667	996.9794	3.0444534	1000.89746	992.21747	1000.0	1000.0	387999	160.99756	18.703182	199.16946	50.195892	160.9974	18.70405	199.43225	56.013653	-8.096677	1.2112522	-5.2481503	-18.235355	112.65444	5.225081	9633.14828467369
98	994.76447	2.8156729	999.97314	991.55975	312.83273	43.789986	355.17184	253.8743	0.0	0.0	0.0	0.0	0.0	0.0	0.0	0.0	312.83273	43.789986	355.17184	253.8743	994.76447	2.8156729	999.97314	991.55975	1000.0	1000.0	391999	160.53864	19.12974	199.63557	55.53616	160.53844	19.130272	198.38966	47.933556	-8.118549	1.2079417	-5.3379164	-18.433687	111.51847	5.3094716	9734.121876239777
99	992.0126	1.2384195	994.5202	990.54535	335.31104	23.097052	358.96912	300.5095	0.0	0.0	0.0	0.0	0.0	0.0	0.0	0.0	335.31104	23.097052	358.96912	300.5095	992.0126	1.2384195	994.5202	990.54535	1000.0	1000.0	395999	159.91188	19.604357	194.86017	49.78206	159.91159	19.60517	197.83171	51.20681	-8.084339	1.2208843	-5.3343024	-21.084362	109.86972	5.4559364	9833.545250415802
100	991.37146	2.6081247	995.65424	986.7417	275.52606	37.83796	315.79117	213.97603	0.0	0.0	0.0	0.0	0.0	0.0	0.0	0.0	275.52606	37.83796	315.79117	213.97603	991.37146	2.6081247	995.65424	986.7417	1000.0	1000.0	399999	159.48923	19.880814	195.76067	46.209026	159.48892	19.880827	190.93846	45.95239	-8.12839	1.2023818	-5.4449224	-20.31916	108.83455	5.411375	9933.451943397522
101	987.66583	2.7154214	992.00055	984.0538	286.10657	18.446686	305.40524	262.2717	0.0	0.0	0.0	0.0	0.0	0.0	0.0	0.0	286.10657	18.446686	305.40524	262.2717	987.66583	2.7154214	992.00055	984.0538	1000.0	1000.0	403999	159.16573	20.105762	198.57121	46.000748	159.16579	20.106115	200.16238	46.73939	-8.153121	1.1947159	-5.411704	-17.28145	107.9097	5.323507	10033.336860656738
102	994.4374	4.438697	1001.7782	988.741	284.15482	22.77044	309.7054	254.38133	0.0	0.0	0.0	0.0	0.0	0.0	0.0	0.0	284.15482	22.77044	309.7054	254.38133	994.4374	4.438697	1001.7782	988.741	1000.0	1000.0	407999	159.09186	20.2296	197.19208	43.157005	159.09163	20.229698	192.09636	45.634842	-8.151257	1.2038492	-5.1446757	-18.79796	105.863655	5.422182	10134.281061172485
103	991.16864	1.9534249	994.5481	988.84485	303.41718	27.941618	350.1444	279.2149	0.0	0.0	0.0	0.0	0.0	0.0	0.0	0.0	303.41718	27.941618	350.1444	279.2149	991.16864	1.9534249	994.5481	988.84485	1000.0	1000.0	411999	159.064	20.119452	190.5643	52.767265	159.06384	20.119322	190.55527	53.659374	-8.145474	1.1993762	-5.381991	-18.292458	107.46469	5.224792	10233.491693735123
104	995.8	1.7973796	998.2434	992.4679	269.96793	34.91255	313.92233	223.99327	0.0	0.0	0.0	0.0	0.0	0.0	0.0	0.0	269.96793	34.91255	313.92233	223.99327	995.8	1.7973796	998.2434	992.4679	1000.0	1000.0	415999	159.04619	19.98748	190.55078	52.01453	159.04611	19.98788	185.80397	53.68461	-8.144005	1.1945037	-5.4504585	-18.559505	104.667656	5.0429425	10331.3363199234
105	994.7048	1.7751504	998.44977	992.1035	248.50377	34.053074	284.64844	192.655	0.0	0.0	0.0	0.0	0.0	0.0	0.0	0.0	248.50377	34.053074	284.64844	192.655	994.7048	1.7751504	998.44977	992.1035	1000.0	1000.0	419999	159.17995	19.7013	190.62428	57.96566	159.17989	19.702024	191.63641	51.608658	-8.173992	1.189883	-5.385839	-19.070154	102.15959	5.049798	10430.15557050705
106	993.34845	2.0231194	996.1593	988.62714	298.9562	46.735424	362.1114	232.56769	0.0	0.0	0.0	0.0	0.0	0.0	0.0	0.0	298.9562	46.735424	362.1114	232.56769	993.34845	2.0231194	996.1593	988.62714	1000.0	1000.0	423999	159.17854	19.605968	192.55063	55.097706	159.1784	19.605644	199.00304	46.000965	-8.164635	1.1936361	-5.4488163	-21.180733	103.706184	4.981998	10529.153532981873
107	993.55597	1.6647906	995.78424	990.02423	291.5288	11.998887	306.97922	278.49734	0.0	0.0	0.0	0.0	0.0	0.0	0.0	0.0	291.5288	11.998887	306.97922	278.49734	993.55597	1.6647906	995.78424	990.02423	1000.0	1000.0	427999	159.47781	19.202412	194.28473	57.147636	159.47781	19.202303	194.84317	56.237	-8.186822	1.1860135	-5.3108335	-19.587357	101.93134	4.8685412	10627.843420743942
108	987.80176	2.5777893	993.0817	983.6648	312.07733	36.413258	372.13092	274.78226	0.0	0.0	0.0	0.0	0.0	0.0	0.0	0.0	312.07733	36.413258	372.13092	274.78226	987.80176	2.5777893	993.0817	983.6648	1000.0	1000.0	431999	159.75417	18.988264	193.7026	59.41169	159.75395	18.988615	193.00163	59.322132	-8.189738	1.187762	-5.4245663	-19.751322	105.7681	4.70662	10726.629917144775
109	997.39014	1.8004733	1001.27386	994.1131	248.7587	76.49728	340.73975	128.37448	0.0	0.0	0.0	0.0	0.0	0.0	0.0	0.0	248.7587	76.49728	340.73975	128.37448	997.39014	1.8004733	1001.27386	994.1131	1000.0	1000.0	435999	160.02557	18.79926	200.1526	61.608574	160.02545	18.79972	199.00072	61.487392	-8.20876	1.1802969	-5.5523973	-21.33541	105.75413	4.593066	10825.046595335007
110	996.40027	1.8659757	1000.7403	993.998	284.24728	10.844553	294.66998	266.08127	0.0	0.0	0.0	0.0	0.0	0.0	0.0	0.0	284.24728	10.844553	294.66998	266.08127	996.40027	1.8659757	1000.7403	993.998	1000.0	1000.0	439999	160.22212	18.724543	204.11798	65.792435	160.22226	18.72547	197.77815	59.85497	-8.197208	1.1847017	-5.396769	-18.744902	104.14475	4.6850877	10924.323857307434
111	993.7372	2.2554872	997.6962	989.7178	285.6065	77.01674	418.9531	238.14188	0.0	0.0	0.0	0.0	0.0	0.0	0.0	0.0	285.6065	77.01674	418.9531	238.14188	993.7372	2.2554872	997.6962	989.7178	1000.0	1000.0	443999	160.41003	18.570923	201.95699	65.38696	160.40985	18.571625	200.71204	62.152878	-8.187336	1.190551	-5.440383	-19.463371	102.63244	4.517817	11023.814336061478
112	990.81903	3.2988904	994.9853	983.9394	314.29037	22.77027	334.5942	279.12503	0.0	0.0	0.0	0.0	0.0	0.0	0.0	0.0	314.29037	22.77027	334.5942	279.12503	990.81903	3.2988904	994.9853	983.9394	1000.0	1000.0	447999	160.59486	18.43525	204.89684	63.056286	160.59473	18.43675	201.64714	62.85363	-8.192642	1.1847624	-5.329962	-19.087357	104.61897	4.6400533	11123.166604757309
113	991.2664	3.0947165	996.30304	986.39795	302.30865	29.71405	329.33478	255.12982	0.0	0.0	0.0	0.0	0.0	0.0	0.0	0.0	302.30865	29.71405	329.33478	255.12982	991.2664	3.0947165	996.30304	986.39795	1000.0	1000.0	451999	160.79753	18.217855	198.31087	62.673695	160.79745	18.219616	199.01584	59.868603	-8.145842	1.1969151	-5.3645406	-18.087376	104.42309	4.5287695	11221.897226333618
114	993.0449	1.4001372	996.0362	991.39343	281.43982	38.74747	315.677	216.99878	0.0	0.0	0.0	0.0	0.0	0.0	0.0	0.0	281.43982	38.74747	315.677	216.99878	993.0449	1.4001372	996.0362	991.39343	1000.0	1000.0	455999	161.02985	17.986128	205.10896	66.30741	161.02983	17.985588	205.7343	65.761284	-8.175755	1.187509	-5.4228554	-20.30511	106.598526	4.5147996	11322.321504354477
115	996.5586	2.0276666	999.1873	993.3452	269.81412	35.540928	329.6024	238.60072	0.0	0.0	0.0	0.0	0.0	0.0	0.0	0.0	269.81412	35.540928	329.6024	238.60072	996.5586	2.0276666	999.1873	993.3452	1000.0	1000.0	459999	161.23328	17.66383	203.08655	73.576385	161.2333	17.664587	202.87701	66.50157	-8.202793	1.1869543	-5.4901896	-20.15181	108.892784	4.3414736	11424.67078757286
116	992.37366	1.0539443	994.2161	990.32605	318.75946	49.84158	400.0793	272.43546	0.0	0.0	0.0	0.0	0.0	0.0	0.0	0.0	318.75946	49.84158	400.0793	272.43546	992.37366	1.0539443	994.2161	990.32605	1000.0	1000.0	463999	161.47572	17.51816	210.53123	67.22426	161.47554	17.518797	210.35756	70.24658	-8.219137	1.1759871	-5.529981	-20.39347	111.72355	4.3190603	11525.485575437546
117	995.978	2.9915588	1000.3078	991.14813	261.5504	41.39153	310.58316	204.3555	0.0	0.0	0.0	0.0	0.0	0.0	0.0	0.0	261.5504	41.39153	310.58316	204.3555	995.978	2.9915588	1000.3078	991.14813	1000.0	1000.0	467999	161.76898	17.256971	207.12245	70.25975	161.76897	17.256708	210.6421	69.056625	-8.155173	1.1961912	-5.3489723	-18.183994	112.001724	4.226212	11626.946393966675
118	991.6964	1.5329819	994.1024	989.17804	252.91585	25.282848	296.2166	234.92401	0.0	0.0	0.0	0.0	0.0	0.0	0.0	0.0	252.91585	25.282848	296.2166	234.92401	991.6964	1.5329819	994.1024	989.17804	1000.0	1000.0	471999	161.98138	17.17401	214.32713	70.63166	161.98137	17.174196	208.6474	70.61647	-8.225245	1.1768502	-5.4669204	-18.475645	111.199104	4.1351776	11725.9350938797
119	990.48944	1.9817828	993.32007	987.5636	228.85388	21.925056	252.29054	194.716	0.0	0.0	0.0	0.0	0.0	0.0	0.0	0.0	228.85388	21.925056	252.29054	194.716	990.48944	1.9817828	993.32007	987.5636	1000.0	1000.0	475999	162.1493	17.038477	208.39699	70.45671	162.14928	17.03949	207.10747	73.56201	-8.218477	1.1794416	-5.4223127	-20.762783	109.88581	4.216892	11824.247982025146
120	993.46124	1.9630046	997.2518	990.3479	258.51535	52.055794	306.39972	171.17604	0.0	0.0	0.0	0.0	0.0	0.0	0.0	0.0	258.51535	52.055794	306.39972	171.17604	993.46124	1.9630046	997.2518	990.3479	1000.0	1000.0	479999	162.2953	16.966618	202.30902	74.72702	162.29538	16.966682	200.71692	65.44619	-8.1766205	1.186298	-5.329486	-19.177187	110.27763	4.091121	11923.89133644104
121	989.5423	2.5601428	993.8124	985.75653	281.7236	29.05449	311.025	235.04564	0.0	0.0	0.0	0.0	0.0	0.0	0.0	0.0	281.7236	29.05449	311.025	235.04564	989.5423	2.5601428	993.8124	985.75653	1000.0	1000.0	483999	162.49255	16.81864	203.16196	79.91894	162.49258	16.819746	210.1228	82.72031	-8.207428	1.1804823	-5.4708285	-18.68487	108.29023	4.149575	12028.661180019379
122	985.97687	2.2589145	989.85675	982.4655	286.5335	44.85913	361.20596	246.91373	0.0	0.0	0.0	0.0	0.0	0.0	0.0	0.0	286.5335	44.85913	361.20596	246.91373	985.97687	2.2589145	989.85675	982.4655	1000.0	1000.0	487999	162.71564	16.60037	203.94717	82.777985	162.71555	16.602116	203.00078	83.23107	-8.211956	1.1777796	-5.5340014	-18.622002	105.86212	4.107881	12132.396608352661
123	995.0658	2.1412807	998.8212	991.8643	309.03186	51.923496	383.58435	238.91696	0.0	0.0	0.0	0.0	0.0	0.0	0.0	0.0	309.03186	51.923496	383.58435	238.91696	995.0658	2.1412807	998.8212	991.8643	1000.0	1000.0	491999	162.90646	16.41456	211.45187	80.78806	162.90643	16.414001	210.75128	84.590485	-8.176899	1.1912625	-5.4531074	-19.173157	108.249466	4.0675583	12237.954431295395
124	994.8123	3.0628648	998.8918	990.69	306.0459	19.395403	336.06458	284.2098	0.0	0.0	0.0	0.0	0.0	0.0	0.0	0.0	306.0459	19.395403	336.06458	284.2098	994.8123	3.0628648	998.8918	990.69	1000.0	1000.0	495999	163.00812	16.273651	215.14116	75.07643	163.00804	16.274542	211.1035	79.93756	-8.188679	1.1848433	-5.545217	-18.123158	106.016655	4.0550184	12343.095936775208
125	989.5168	1.1062936	991.1466	987.4922	265.73608	15.665148	288.2423	250.18571	0.0	0.0	0.0	0.0	0.0	0.0	0.0	0.0	265.73608	15.665148	288.2423	250.18571	989.5168	1.1062936	991.1466	987.4922	1000.0	1000.0	499999	163.15761	16.163427	210.10452	75.894196	163.15762	16.16341	207.63637	80.72797	-8.171691	1.1942699	-5.465664	-19.139864	108.49034	3.9782758	12447.005006790161
126	995.5238	3.6417563	999.98785	988.09735	290.04767	22.386906	319.2225	258.78006	0.0	0.0	0.0	0.0	0.0	0.0	0.0	0.0	290.04767	22.386906	319.2225	258.78006	995.5238	3.6417563	999.98785	988.09735	1000.0	1000.0	503999	163.32942	16.059832	203.03264	78.553734	163.32928	16.060516	202.32008	83.10921	-8.173332	1.1890899	-5.4636745	-18.217113	112.22328	4.02143	12548.867556810379
127	997.35333	2.3345761	1000.2199	993.4563	272.9558	29.174555	314.91522	235.31871	0.0	0.0	0.0	0.0	0.0	0.0	0.0	0.0	272.9558	29.174555	314.91522	235.31871	997.35333	2.3345761	1000.2199	993.4563	1000.0	1000.0	507999	163.41783	16.020313	205.71262	81.70399	163.41786	16.019613	205.77753	81.67316	-8.149315	1.196077	-5.2022357	-19.275759	112.744576	3.9630795	12643.477996349335
128	993.74524	2.2573211	996.4296	989.5754	270.36957	40.691376	315.43945	222.35141	0.0	0.0	0.0	0.0	0.0	0.0	0.0	0.0	270.36957	40.691376	315.43945	222.35141	993.74524	2.2573211	996.4296	989.5754	1000.0	1000.0	511999	163.50294	15.971674	203.6918	81.138466	163.503	15.972486	203.9321	81.74753	-8.193217	1.1877848	-5.5077286	-19.605026	112.4258	3.9897153	12740.302096128464
129	992.0571	1.4135774	994.28625	989.3977	292.8353	12.191165	307.505	280.3072	0.0	0.0	0.0	0.0	0.0	0.0	0.0	0.0	292.8353	12.191165	307.505	280.3072	992.0571	1.4135774	994.28625	989.3977	1000.0	1000.0	515999	163.6923	15.82988	209.74095	80.49521	163.69211	15.829416	207.89474	85.33884	-8.157092	1.2010195	-5.504906	-19.714329	110.16253	3.937853	12834.82208609581
130	991.1406	2.5558028	994.4212	985.1515	254.98007	35.634247	306.96677	206.35777	0.0	0.0	0.0	0.0	0.0	0.0	0.0	0.0	254.98007	35.634247	306.96677	206.35777	991.1406	2.5558028	994.4212	985.1515	1000.0	1000.0	519999	163.83241	15.745255	214.58192	84.53463	163.8325	15.7445965	209.8978	88.73439	-8.198384	1.1904715	-5.496517	-19.006996	109.89298	3.9780755	12932.179556369781
131	991.8251	1.918393	994.8886	988.86163	250.41492	62.985035	310.11786	144.83434	0.0	0.0	0.0	0.0	0.0	0.0	0.0	0.0	250.41492	62.985035	310.11786	144.83434	991.8251	1.918393	994.8886	988.86163	1000.0	1000.0	523999	163.83653	15.785624	209.44685	88.599304	163.83655	15.784447	208.6494	88.803925	-8.215535	1.1797539	-5.486492	-19.938343	107.46574	4.0182714	13028.38584947586
132	988.4113	2.0034459	992.1761	984.58563	283.22122	41.533955	336.97125	240.088	0.0	0.0	0.0	0.0	0.0	0.0	0.0	0.0	283.22122	41.533955	336.97125	240.088	988.4113	2.0034459	992.1761	984.58563	1000.0	1000.0	527999	163.8451	15.839522	210.28046	79.19951	163.84505	15.839142	215.02516	84.05794	-8.17437	1.1928396	-5.3509107	-18.687162	103.81651	3.9673467	13124.431192159653
133	993.6742	2.831194	996.3917	988.0008	282.30182	48.571125	323.53607	199.7735	0.0	0.0	0.0	0.0	0.0	0.0	0.0	0.0	282.30182	48.571125	323.53607	199.7735	993.6742	2.831194	996.3917	988.0008	1000.0	1000.0	531999	163.90404	15.746712	210.60864	88.55205	163.90417	15.745909	210.7362	90.82672	-8.20868	1.1807865	-5.2373877	-19.191124	103.36532	3.8408058	13222.103479862213
134	991.4216	2.3619137	996.1819	987.37585	291.69586	23.37847	317.8837	254.18306	0.0	0.0	0.0	0.0	0.0	0.0	0.0	0.0	291.69586	23.37847	317.8837	254.18306	991.4216	2.3619137	996.1819	987.37585	1000.0	1000.0	535999	163.96056	15.781279	212.58578	85.93803	163.9605	15.781304	208.06528	89.1027	-8.1404505	1.1992753	-5.2735286	-19.683245	101.78396	3.8901994	13319.576292991638
135	993.4507	1.5836915	996.0789	991.39856	275.17963	26.64524	310.3734	237.52983	0.0	0.0	0.0	0.0	0.0	0.0	0.0	0.0	275.17963	26.64524	310.3734	237.52983	993.4507	1.5836915	996.0789	991.39856	1000.0	1000.0	539999	164.03642	15.751243	221.89073	85.72082	164.03638	15.751237	215.64217	85.721344	-8.146562	1.1980577	-5.4313893	-19.731007	100.497	3.953751	13418.458925247192
136	991.8091	2.6336796	997.43427	987.94336	311.74414	68.13534	381.20236	223.39343	0.0	0.0	0.0	0.0	0.0	0.0	0.0	0.0	311.74414	68.13534	381.20236	223.39343	991.8091	2.6336796	997.43427	987.94336	1000.0	1000.0	543999	164.13722	15.688449	217.87117	88.474815	164.1372	15.688158	214.30159	89.3097	-8.178992	1.191258	-5.3912086	-18.959839	99.89304	3.8741524	13518.19055557251
137	987.3934	2.0791311	990.48413	983.6769	298.54794	38.310898	363.5619	265.14774	0.0	0.0	0.0	0.0	0.0	0.0	0.0	0.0	298.54794	38.310898	363.5619	265.14774	987.3934	2.0791311	990.48413	983.6769	1000.0	1000.0	547999	164.25212	15.619599	208.6795	90.24403	164.25208	15.61977	216.71204	93.558754	-8.16506	1.1951554	-5.372398	-20.425459	99.70631	3.94489	13615.491094112396
138	994.35974	2.188891	998.2843	992.17255	276.28687	27.145832	322.31796	253.34888	0.0	0.0	0.0	0.0	0.0	0.0	0.0	0.0	276.28687	27.145832	322.31796	253.34888	994.35974	2.188891	998.2843	992.17255	1000.0	1000.0	551999	164.35693	15.517598	214.57536	85.48238	164.35693	15.517749	209.87315	92.31371	-8.179703	1.1895272	-5.504824	-18.548138	97.697075	3.8970535	13713.289293766022
139	992.86993	1.9323184	997.7555	990.22095	276.98013	17.311678	292.98105	247.82993	0.0	0.0	0.0	0.0	0.0	0.0	0.0	0.0	276.98013	17.311678	292.98105	247.82993	992.86993	1.9323184	997.7555	990.22095	1000.0	1000.0	555999	164.43568	15.44756	212.37866	87.280556	164.43565	15.447121	208.03314	89.21839	-8.198508	1.1843364	-5.3319116	-20.370487	96.08302	3.8576083	13816.273353338242
140	996.83435	2.4320009	1001.7433	993.04114	327.86105	31.71116	364.85138	284.71997	0.0	0.0	0.0	0.0	0.0	0.0	0.0	0.0	327.86105	31.71116	364.85138	284.71997	996.83435	2.4320009	1001.7433	993.04114	1000.0	1000.0	559999	164.4622	15.505864	211.93526	86.454094	164.46217	15.505186	213.02959	90.848564	-8.176891	1.1868525	-5.319601	-19.005352	99.509186	3.8799043	13922.144354104996
141	991.52966	2.191587	994.77515	987.8046	281.84125	6.917605	288.72403	271.12244	0.0	0.0	0.0	0.0	0.0	0.0	0.0	0.0	281.84125	6.917605	288.72403	271.12244	991.52966	2.191587	994.77515	987.8046	1000.0	1000.0	563999	164.52072	15.518594	216.55772	90.97606	164.52087	15.518681	214.39984	90.505165	-8.203253	1.1820948	-5.497131	-19.29809	94.896736	3.8585126	14025.561624765396
142	991.8031	1.9641198	995.13763	988.86554	339.63226	29.750732	376.71753	301.7748	0.0	0.0	0.0	0.0	0.0	0.0	0.0	0.0	339.63226	29.750732	376.71753	301.7748	991.8031	1.9641198	995.13763	988.86554	1000.0	1000.0	567999	164.56787	15.5242815	207.07994	86.46238	164.5679	15.522611	209.56992	89.057625	-8.176181	1.1902809	-5.3801126	-20.505932	96.110954	3.973025	14125.417288541794
143	989.3262	3.0975463	994.1108	984.42413	297.57687	109.8196	472.45972	169.5703	0.0	0.0	0.0	0.0	0.0	0.0	0.0	0.0	297.57687	109.8196	472.45972	169.5703	989.3262	3.0975463	994.1108	984.42413	1000.0	1000.0	571999	164.62228	15.4407215	215.11133	90.7083	164.62236	15.440057	210.87923	91.125755	-8.151294	1.1998774	-5.419849	-19.104004	97.48378	4.0209084	14226.924150705338
144	988.5482	2.2671542	993.03046	985.04126	314.26486	26.050472	349.95996	279.43097	0.0	0.0	0.0	0.0	0.0	0.0	0.0	0.0	314.26486	26.050472	349.95996	279.43097	988.5482	2.2671542	993.03046	985.04126	1000.0	1000.0	575999	164.61525	15.397289	214.57707	88.27442	164.61537	15.39703	216.22137	91.64002	-8.13603	1.1988215	-5.4635377	-18.096561	101.08567	3.9700248	14328.46852684021
145	982.651	2.114791	985.39874	978.61273	295.79614	21.858131	329.7789	275.37616	0.0	0.0	0.0	0.0	0.0	0.0	0.0	0.0	295.79614	21.858131	329.7789	275.37616	982.651	2.114791	985.39874	978.61273	1000.0	1000.0	579999	164.59239	15.431848	213.46086	87.773895	164.5923	15.432614	212.53784	83.68957	-8.17263	1.1983702	-5.4427547	-18.496693	98.90659	3.963453	14424.936342477798
146	999.5288	1.4483418	1001.7301	996.58405	306.6994	23.407913	332.3894	270.5954	0.0	0.0	0.0	0.0	0.0	0.0	0.0	0.0	306.6994	23.407913	332.3894	270.5954	999.5288	1.4483418	1001.7301	996.58405	1000.0	1000.0	583999	164.60202	15.431619	210.08994	77.35043	164.60207	15.430673	206.901	86.60681	-8.154783	1.1970743	-5.3282595	-18.896832	103.31189	3.9540718	14521.602728128433
147	993.66504	2.2745268	998.4287	990.98596	276.2961	53.777016	360.07187	220.11237	0.0	0.0	0.0	0.0	0.0	0.0	0.0	0.0	276.2961	53.777016	360.07187	220.11237	993.66504	2.2745268	998.4287	990.98596	1000.0	1000.0	587999	164.60043	15.492761	212.69173	80.26953	164.60043	15.4939	209.19768	85.81289	-8.143674	1.1984205	-5.4306517	-19.168776	106.1073	3.9514034	14618.455629587173
148	999.38	1.5023146	1001.7876	997.1381	264.29025	52.98823	322.1522	182.45502	0.0	0.0	0.0	0.0	0.0	0.0	0.0	0.0	264.29025	52.98823	322.1522	182.45502	999.38	1.5023146	1001.7876	997.1381	1000.0	1000.0	591999	164.48686	15.588037	215.21637	83.18247	164.48676	15.587567	214.99374	81.3903	-8.1478	1.1979334	-5.4417048	-17.964561	103.42698	4.0574675	14716.712557315826
149	993.8546	1.7114849	995.68756	991.283	237.09943	25.822475	279.66943	210.58861	0.0	0.0	0.0	0.0	0.0	0.0	0.0	0.0	237.09943	25.822475	279.66943	210.58861	993.8546	1.7114849	995.68756	991.283	1000.0	1000.0	595999	164.5466	15.553484	216.94217	87.430786	164.54665	15.554554	212.97327	86.20548	-8.140027	1.198724	-5.3590684	-18.494837	97.24854	3.928601	14813.838866472244
150	995.36896	2.6885865	998.7827	990.8554	311.1939	27.113972	356.60788	289.27774	0.0	0.0	0.0	0.0	0.0	0.0	0.0	0.0	311.1939	27.113972	356.60788	289.27774	995.36896	2.6885865	998.7827	990.8554	1000.0	1000.0	599999	164.5387	15.583373	215.25046	79.31212	164.53864	15.584296	212.65762	84.58236	-8.151319	1.1993003	-5.3742814	-19.381144	91.378685	3.9139264	14912.308720111847
151	994.4203	2.4759672	999.8094	991.2999	315.74945	37.597794	379.71536	282.9633	0.0	0.0	0.0	0.0	0.0	0.0	0.0	0.0	315.74945	37.597794	379.71536	282.9633	994.4203	2.4759672	999.8094	991.2999	1000.0	1000.0	603999	164.57523	15.58394	207.88531	82.93073	164.57518	15.58243	208.25525	80.86401	-8.1379595	1.2010596	-5.4593186	-19.433737	93.35466	3.9516587	15016.737042665482
152	990.7331	1.5421394	992.9996	987.83356	218.87936	44.68928	255.76306	144.99094	0.0	0.0	0.0	0.0	0.0	0.0	0.0	0.0	218.87936	44.68928	255.76306	144.99094	990.7331	1.5421394	992.9996	987.83356	1000.0	1000.0	607999	164.61195	15.546405	206.41881	80.40742	164.61208	15.546291	213.60008	82.926575	-8.146561	1.2011412	-5.10853	-21.777794	87.90151	3.8734531	15119.271158218384
153	993.2541	1.5908802	997.1298	991.5233	266.66675	12.575911	279.16132	248.67627	0.0	0.0	0.0	0.0	0.0	0.0	0.0	0.0	266.66675	12.575911	279.16132	248.67627	993.2541	1.5908802	997.1298	991.5233	1000.0	1000.0	611999	164.6435	15.592784	200.69214	84.379524	164.64343	15.592135	207.85695	87.245705	-8.134631	1.2056777	-5.4332066	-21.82008	85.84755	4.041138	15219.215825080872
154	988.4889	1.7462142	991.2928	985.7202	273.01385	19.673288	297.41544	244.8351	0.0	0.0	0.0	0.0	0.0	0.0	0.0	0.0	273.01385	19.673288	297.41544	244.8351	988.4889	1.7462142	991.2928	985.7202	1000.0	1000.0	615999	164.53276	15.678961	204.35597	83.568855	164.53296	15.678358	207.26558	90.09937	-8.145662	1.2019974	-5.387924	-19.71732	83.43039	3.920706	15322.320708990097
155	987.5254	1.3508282	990.11115	985.762	277.91238	37.644157	319.14035	237.15631	0.0	0.0	0.0	0.0	0.0	0.0	0.0	0.0	277.91238	37.644157	319.14035	237.15631	987.5254	1.3508282	990.11115	985.762	1000.0	1000.0	619999	164.57074	15.623238	209.39105	92.35003	164.57056	15.623984	209.0284	93.101326	-8.158255	1.1934354	-5.5029626	-18.91845	82.37609	3.8573215	15426.2721722126
156	990.1227	2.481609	994.508	986.34326	259.7912	3.4080722	263.8732	254.41034	0.0	0.0	0.0	0.0	0.0	0.0	0.0	0.0	259.7912	3.4080722	263.8732	254.41034	990.1227	2.481609	994.508	986.34326	1000.0	1000.0	623999	164.71996	15.525383	212.89452	94.01155	164.71991	15.525195	215.04779	92.581635	-8.150303	1.1972387	-5.3135633	-18.893867	84.258675	3.9117124	15529.631729125977
157	990.1835	1.999251	994.05865	987.0591	258.80942	57.27808	322.60916	172.6283	0.0	0.0	0.0	0.0	0.0	0.0	0.0	0.0	258.80942	57.27808	322.60916	172.6283	990.1835	1.999251	994.05865	987.0591	1000.0	1000.0	627999	164.7714	15.532204	217.53671	83.53906	164.77142	15.532263	213.57007	89.16832	-8.133147	1.2034665	-5.33694	-19.88674	80.98294	3.8976364	15634.29426240921
158	995.1056	2.0839324	997.6244	991.8096	286.99603	42.30646	342.54755	225.15904	0.0	0.0	0.0	0.0	0.0	0.0	0.0	0.0	286.99603	42.30646	342.54755	225.15904	995.1056	2.0839324	997.6244	991.8096	1000.0	1000.0	631999	164.73228	15.653566	216.39745	93.35112	164.73216	15.653099	217.4898	93.42017	-8.135806	1.2040712	-5.3232894	-18.14216	75.87568	3.9474764	15739.163383483887
159	992.2909	2.274656	995.1486	988.0588	315.70233	31.612106	367.946	284.43817	0.0	0.0	0.0	0.0	0.0	0.0	0.0	0.0	315.70233	31.612106	367.946	284.43817	992.2909	2.274656	995.1486	988.0588	1000.0	1000.0	635999	164.83926	15.563134	216.75786	86.35333	164.83945	15.562328	217.9245	87.60541	-8.094207	1.2158436	-5.3083253	-18.353497	78.20322	3.9491782	15844.211482524872
160	991.6914	2.21183	995.8501	988.26416	281.85498	31.139774	328.5646	241.2509	0.0	0.0	0.0	0.0	0.0	0.0	0.0	0.0	281.85498	31.139774	328.5646	241.2509	991.6914	2.21183	995.8501	988.26416	1000.0	1000.0	639999	164.86711	15.532213	220.81906	88.49244	164.86694	15.531389	214.8187	91.03724	-8.127235	1.2077764	-5.281186	-21.446672	74.69787	4.009268	15948.819533586502
161	990.4269	1.0896137	991.7606	988.0203	324.4252	39.345547	369.0948	266.39526	0.0	0.0	0.0	0.0	0.0	0.0	0.0	0.0	324.4252	39.345547	369.0948	266.39526	990.4269	1.0896137	991.7606	988.0203	1000.0	1000.0	643999	164.82748	15.60585	217.9441	91.83637	164.8276	15.605666	218.0446	88.01456	-8.1366625	1.1990862	-5.422798	-19.096954	75.357704	3.8894444	16054.646926403046
162	993.3379	1.6238693	995.6979	990.7338	313.8282	54.98945	386.03537	231.33017	0.0	0.0	0.0	0.0	0.0	0.0	0.0	0.0	313.8282	54.98945	386.03537	231.33017	993.3379	1.6238693	995.6979	990.7338	1000.0	1000.0	647999	164.85423	15.598809	214.12106	92.82208	164.85437	15.598495	215.80363	94.04903	-8.144783	1.1984937	-5.2440214	-19.821241	75.839676	3.8517652	16155.84559416771
163	988.2252	2.2000737	992.15497	984.40955	292.91724	13.540326	312.81937	280.22058	0.0	0.0	0.0	0.0	0.0	0.0	0.0	0.0	292.91724	13.540326	312.81937	280.22058	988.2252	2.2000737	992.15497	984.40955	1000.0	1000.0	651999	164.83054	15.660509	218.80618	89.5025	164.83054	15.66103	220.91092	87.92321	-8.159522	1.1964223	-5.447208	-18.124428	81.12421	3.9858549	16257.316757440567
164	988.46924	2.4853072	992.9258	984.4589	283.46146	28.211704	328.9339	259.2747	0.0	0.0	0.0	0.0	0.0	0.0	0.0	0.0	283.46146	28.211704	328.9339	259.2747	988.46924	2.4853072	992.9258	984.4589	1000.0	1000.0	655999	164.87231	15.633381	220.24281	90.373436	164.87228	15.631979	218.18452	92.39532	-8.1361	1.2014608	-5.366253	-19.53975	77.51731	3.9019523	16358.299059152603
165	994.73193	1.9414124	997.7885	990.8443	253.26312	11.114267	265.89444	237.18835	0.0	0.0	0.0	0.0	0.0	0.0	0.0	0.0	253.26312	11.114267	265.89444	237.18835	994.73193	1.9414124	997.7885	990.8443	1000.0	1000.0	659999	164.91837	15.627825	214.48605	84.044266	164.91841	15.629117	212.83138	89.8728	-8.120231	1.2069093	-5.1011343	-19.233915	66.80882	4.017721	16457.634897470474
166	984.4022	1.1437534	986.0833	982.36816	285.67172	14.465543	308.9525	270.1373	0.0	0.0	0.0	0.0	0.0	0.0	0.0	0.0	285.67172	14.465543	308.9525	270.1373	984.4022	1.1437534	986.0833	982.36816	1000.0	1000.0	663999	164.94467	15.602409	207.85332	90.31636	164.94452	15.602776	203.69183	93.736664	-8.129721	1.2044426	-5.3500905	-18.696482	70.22206	3.9903145	16558.25586104393
167	992.90607	2.9042666	997.1583	987.36127	302.82736	18.143055	331.727	281.64685	0.0	0.0	0.0	0.0	0.0	0.0	0.0	0.0	302.82736	18.143055	331.727	281.64685	992.90607	2.9042666	997.1583	987.36127	1000.0	1000.0	667999	164.99786	15.474538	212.40286	93.478226	164.99797	15.474423	212.2617	92.371346	-8.161494	1.1949625	-5.3556514	-18.07082	67.91942	3.8957114	16658.860956668854
168	995.1496	2.4181657	999.09576	991.80927	315.53244	44.933693	364.27084	268.27304	0.0	0.0	0.0	0.0	0.0	0.0	0.0	0.0	315.53244	44.933693	364.27084	268.27304	995.1496	2.4181657	999.09576	991.80927	1000.0	1000.0	671999	164.99382	15.47451	220.27266	90.59637	164.99367	15.473995	215.33934	89.13916	-8.138455	1.2030761	-5.219398	-20.50339	69.42921	3.9682648	16757.02488207817
169	994.90704	2.0797045	996.70044	990.30194	301.5222	32.035526	346.03183	266.8189	0.0	0.0	0.0	0.0	0.0	0.0	0.0	0.0	301.5222	32.035526	346.03183	266.8189	994.90704	2.0797045	996.70044	990.30194	1000.0	1000.0	675999	164.9479	15.521117	216.15685	88.765724	164.94788	15.522497	215.33081	90.4462	-8.151909	1.1994337	-5.2663236	-17.119	68.374626	3.9606836	16854.366202116013
170	992.22815	2.8161974	995.66394	986.322	288.0788	51.67425	340.67572	231.89093	0.0	0.0	0.0	0.0	0.0	0.0	0.0	0.0	288.0788	51.67425	340.67572	231.89093	992.22815	2.8161974	995.66394	986.322	1000.0	1000.0	679999	164.99118	15.503606	215.78284	86.03422	164.991	15.502734	214.05266	80.69064	-8.095247	1.2120247	-5.2658896	-18.146158	66.50017	4.0109973	16950.982130289078
171	992.2337	2.3635328	996.076	988.9795	322.62775	60.604324	421.84915	257.2933	0.0	0.0	0.0	0.0	0.0	0.0	0.0	0.0	322.62775	60.604324	421.84915	257.2933	992.2337	2.3635328	996.076	988.9795	1000.0	1000.0	683999	164.98888	15.494925	200.8598	83.192276	164.98898	15.494664	208.83331	87.46485	-8.105276	1.2134746	-5.30153	-19.61956	72.952736	3.900276	17048.811707019806
172	987.4945	1.9659946	990.5115	984.3144	281.01254	33.30539	327.0524	245.14795	0.0	0.0	0.0	0.0	0.0	0.0	0.0	0.0	281.01254	33.30539	327.0524	245.14795	987.4945	1.9659946	990.5115	984.3144	1000.0	1000.0	687999	165.07108	15.436068	212.53064	83.56904	165.07098	15.435631	208.81659	87.83909	-8.127847	1.2060599	-5.331781	-20.65657	73.144295	3.863524	17146.5049200058
173	987.4691	1.5829067	990.8537	985.5411	283.5022	24.961725	326.35962	264.13922	0.0	0.0	0.0	0.0	0.0	0.0	0.0	0.0	283.5022	24.961725	326.35962	264.13922	987.4691	1.5829067	990.8537	985.5411	1000.0	1000.0	691999	165.15137	15.316362	213.37465	91.587234	165.15149	15.315986	209.30878	91.7401	-8.125249	1.2071867	-5.340533	-18.461216	71.341896	3.874189	17244.382186174393
174	992.3581	2.5569937	997.6415	988.26263	365.48138	58.351406	462.09534	305.46732	0.0	0.0	0.0	0.0	0.0	0.0	0.0	0.0	365.48138	58.351406	462.09534	305.46732	992.3581	2.5569937	997.6415	988.26263	1000.0	1000.0	695999	165.12444	15.35256	210.59111	93.020294	165.12422	15.35367	210.50447	92.53824	-8.113606	1.207894	-5.2228537	-20.365791	75.845116	3.8619633	17341.936907052994
175	981.8016	2.3613172	984.2296	978.19965	267.26508	50.237553	311.9068	182.01831	0.0	0.0	0.0	0.0	0.0	0.0	0.0	0.0	267.26508	50.237553	311.9068	182.01831	981.8016	2.3613172	984.2296	978.19965	1000.0	1000.0	699999	165.11896	15.387689	203.08554	86.96782	165.11913	15.385479	211.35863	88.68194	-8.139329	1.1993046	-5.455868	-19.93459	76.977684	3.910054	17438.957053661346
176	985.1173	2.038222	987.69653	981.0403	332.7614	75.58011	449.99805	239.49149	0.0	0.0	0.0	0.0	0.0	0.0	0.0	0.0	332.7614	75.58011	449.99805	239.49149	985.1173	2.038222	987.69653	981.0403	1000.0	1000.0	703999	165.04956	15.400442	212.38812	71.82336	165.04929	15.399907	214.14395	74.84827	-8.138182	1.1996766	-5.29824	-20.776514	73.39316	3.9270294	17538.662076473236
177	991.63574	1.8330238	994.44684	988.1761	275.80945	35.655125	332.4495	234.61237	0.0	0.0	0.0	0.0	0.0	0.0	0.0	0.0	275.80945	35.655125	332.4495	234.61237	991.63574	1.8330238	994.44684	988.1761	1000.0	1000.0	707999	165.02766	15.418016	213.90802	83.42231	165.02744	15.41821	211.08311	86.294235	-8.146868	1.2041386	-5.2999578	-18.578556	75.0703	3.8516529	17637.200863599777
178	997.3209	1.6464072	999.2003	994.2884	299.96732	32.01568	352.37512	265.8911	0.0	0.0	0.0	0.0	0.0	0.0	0.0	0.0	299.96732	32.01568	352.37512	265.8911	997.3209	1.6464072	999.2003	994.2884	1000.0	1000.0	711999	165.08435	15.433677	217.17514	93.07099	165.0844	15.433412	216.27512	95.478226	-8.142711	1.1992663	-5.379803	-19.04446	79.665215	3.8667057	17736.030418634415
179	989.84	1.5960276	993.1407	986.8968	345.52237	43.0517	396.99594	291.25546	0.0	0.0	0.0	0.0	0.0	0.0	0.0	0.0	345.52237	43.0517	396.99594	291.25546	989.84	1.5960276	993.1407	986.8968	1000.0	1000.0	715999	165.20322	15.380443	215.38615	93.9105	165.20322	15.380323	212.9503	94.92714	-8.167009	1.1933059	-5.2703333	-18.88018	76.27541	3.7985718	17837.08089184761
180	990.60486	1.9687221	994.2605	986.9304	254.89383	36.893353	310.52686	210.4264	0.0	0.0	0.0	0.0	0.0	0.0	0.0	0.0	254.89383	36.893353	310.52686	210.4264	990.60486	1.9687221	994.2605	986.9304	1000.0	1000.0	719999	165.30637	15.3864355	219.56223	94.59572	165.30637	15.386377	215.71503	93.2449	-8.147861	1.1989527	-5.3154683	-22.661804	71.87003	3.8345535	17935.840042352676
181	996.25244	2.1950898	1000.69415	992.8878	294.5251	20.187817	313.17038	260.4854	0.0	0.0	0.0	0.0	0.0	0.0	0.0	0.0	294.5251	20.187817	313.17038	260.4854	996.25244	2.1950898	1000.69415	992.8878	1000.0	1000.0	723999	165.35172	15.375034	211.66852	86.26847	165.35165	15.374555	218.82228	91.12295	-8.141728	1.2021654	-5.064949	-18.981289	77.710266	3.9045153	18036.435086011887
182	992.34924	2.5947826	996.8846	989.03827	318.11212	48.452213	401.94794	286.7327	0.0	0.0	0.0	0.0	0.0	0.0	0.0	0.0	318.11212	48.452213	401.94794	286.7327	992.34924	2.5947826	996.8846	989.03827	1000.0	1000.0	727999	165.34288	15.439531	210.68336	83.21125	165.34276	15.439417	211.7621	87.41673	-8.138001	1.2062985	-5.36327	-20.567072	73.29297	4.134197	18135.86841082573
183	992.50116	1.2207116	994.5918	991.236	268.5706	25.871506	297.15915	232.02243	0.0	0.0	0.0	0.0	0.0	0.0	0.0	0.0	268.5706	25.871506	297.15915	232.02243	992.50116	1.2207116	994.5918	991.236	1000.0	1000.0	731999	165.25356	15.556154	214.26433	87.51089	165.25346	15.55643	212.66956	87.254555	-8.135511	1.2017624	-5.1450024	-19.980314	72.822174	3.9506388	18234.744311094284
184	992.2609	2.5156412	996.2474	987.87964	291.14383	49.761456	370.24237	241.85487	0.0	0.0	0.0	0.0	0.0	0.0	0.0	0.0	291.14383	49.761456	370.24237	241.85487	992.2609	2.5156412	996.2474	987.87964	1000.0	1000.0	735999	165.24364	15.5570545	206.51288	90.31497	165.24376	15.557119	207.94319	90.06588	-8.135339	1.2001076	-5.1331043	-18.61966	70.66811	3.9260926	18334.709839582443
185	995.44495	1.4887952	999.50604	993.6253	264.0688	17.540937	286.64664	238.59895	0.0	0.0	0.0	0.0	0.0	0.0	0.0	0.0	264.0688	17.540937	286.64664	238.59895	995.44495	1.4887952	999.50604	993.6253	1000.0	1000.0	739999	165.25253	15.486797	217.7246	87.92592	165.25229	15.486931	212.24535	85.47987	-8.14809	1.2015271	-5.3067393	-19.279335	71.157906	3.8174906	18431.755729675293
186	992.2759	1.3942624	994.45917	989.5073	322.97003	60.79801	424.77515	265.99966	0.0	0.0	0.0	0.0	0.0	0.0	0.0	0.0	322.97003	60.79801	424.77515	265.99966	992.2759	1.3942624	994.45917	989.5073	1000.0	1000.0	743999	165.2938	15.466227	214.02354	90.31881	165.29378	15.46548	212.48602	90.68605	-8.154755	1.1973279	-5.4668713	-18.512426	72.109985	3.9301863	18529.570942640305
187	993.1426	3.6206172	999.47076	987.9161	255.88086	46.191837	302.6547	196.83275	0.0	0.0	0.0	0.0	0.0	0.0	0.0	0.0	255.88086	46.191837	302.6547	196.83275	993.1426	3.6206172	999.47076	987.9161	1000.0	1000.0	747999	165.30498	15.52758	206.67828	90.40584	165.305	15.52831	211.1256	93.83134	-8.1179285	1.2064881	-5.3969746	-18.979877	63.890945	4.0115542	18630.4340031147
188	990.7624	2.2631605	994.8974	987.23615	303.4915	49.49335	355.11246	249.8036	0.0	0.0	0.0	0.0	0.0	0.0	0.0	0.0	303.4915	49.49335	355.11246	249.8036	990.7624	2.2631605	994.8974	987.23615	1000.0	1000.0	751999	165.24863	15.554929	215.10956	94.42262	165.24847	15.5543995	213.82222	90.1914	-8.145235	1.2002316	-5.2707148	-19.338163	65.521996	4.029984	18730.94042301178
189	994.0838	2.5492237	998.4911	991.3143	288.77765	33.51061	320.098	238.37904	0.0	0.0	0.0	0.0	0.0	0.0	0.0	0.0	288.77765	33.51061	320.098	238.37904	994.0838	2.5492237	998.4911	991.3143	1000.0	1000.0	755999	165.20277	15.483858	215.78886	91.69619	165.2028	15.483373	214.14104	90.007744	-8.121004	1.2093346	-5.3326054	-18.726551	70.53356	3.9143956	18830.2900056839
190	1002.6588	4.077825	1007.2254	992.8335	260.71307	41.866478	330.21594	218.09128	0.0	0.0	0.0	0.0	0.0	0.0	0.0	0.0	260.71307	41.866478	330.21594	218.09128	1002.6588	4.077825	1007.2254	992.8335	1000.0	1000.0	759999	165.18642	15.456136	216.13486	93.47315	165.1864	15.456125	216.84549	92.056	-8.090125	1.211033	-5.202432	-18.366766	70.28579	3.915394	18930.97033572197
191	992.7332	1.4481267	995.0663	990.7139	299.4853	12.497296	316.23627	281.96844	0.0	0.0	0.0	0.0	0.0	0.0	0.0	0.0	299.4853	12.497296	316.23627	281.96844	992.7332	1.4481267	995.0663	990.7139	1000.0	1000.0	763999	165.20882	15.479732	217.45625	94.00181	165.20863	15.480304	214.16554	95.01962	-8.141333	1.1993426	-5.3886585	-20.58143	66.38333	3.972633	19033.153933286667
192	988.5331	2.0636709	992.04626	985.55743	289.7446	44.260693	359.97464	247.24884	0.0	0.0	0.0	0.0	0.0	0.0	0.0	0.0	289.7446	44.260693	359.97464	247.24884	988.5331	2.0636709	992.04626	985.55743	1000.0	1000.0	767999	165.21675	15.51038	214.87871	96.190346	165.2168	15.509938	217.11601	91.37742	-8.133473	1.2038218	-5.373725	-18.778603	68.924126	3.9693608	19134.077896118164
193	990.97284	1.8818442	994.179	987.9303	338.22232	54.634933	417.0258	274.38763	0.0	0.0	0.0	0.0	0.0	0.0	0.0	0.0	338.22232	54.634933	417.0258	274.38763	990.97284	1.8818442	994.179	987.9303	1000.0	1000.0	771999	165.19061	15.519921	219.17975	88.05743	165.19034	15.519479	216.9834	89.74676	-8.130891	1.2009722	-5.2465115	-19.328253	67.913765	4.064078	19234.566832304
194	989.4909	1.7129607	991.64575	985.9613	286.19382	20.744862	312.0912	263.51974	0.0	0.0	0.0	0.0	0.0	0.0	0.0	0.0	286.19382	20.744862	312.0912	263.51974	989.4909	1.7129607	991.64575	985.9613	1000.0	1000.0	775999	165.17064	15.605391	214.22202	92.97875	165.17078	15.605236	214.83673	89.48624	-8.137967	1.2046201	-5.3275537	-20.630863	70.24274	3.9704509	19335.17163825035
195	994.95087	1.6180236	998.0518	992.55536	306.12634	18.016846	323.64215	282.48798	0.0	0.0	0.0	0.0	0.0	0.0	0.0	0.0	306.12634	18.016846	323.64215	282.48798	994.95087	1.6180236	998.0518	992.55536	1000.0	1000.0	779999	165.20947	15.58146	219.5192	92.397385	165.20937	15.580506	217.5008	88.31851	-8.13194	1.2067642	-5.2141366	-18.712149	67.721275	3.9347768	19437.885553598404
196	993.3873	3.8232658	1000.1384	988.8572	290.52872	34.48714	323.86246	239.80176	0.0	0.0	0.0	0.0	0.0	0.0	0.0	0.0	290.52872	34.48714	323.86246	239.80176	993.3873	3.8232658	1000.1384	988.8572	1000.0	1000.0	783999	165.21404	15.609222	219.15121	89.795654	165.21396	15.608899	217.12671	87.67261	-8.13114	1.2070416	-5.1565466	-20.790361	69.31694	3.9960244	19539.678918123245
197	987.70087	2.490301	990.8986	984.3709	268.63803	39.730812	328.8873	224.04283	0.0	0.0	0.0	0.0	0.0	0.0	0.0	0.0	268.63803	39.730812	328.8873	224.04283	987.70087	2.490301	990.8986	984.3709	1000.0	1000.0	787999	165.14922	15.651862	218.73137	91.39223	165.14917	15.651646	218.74966	90.56028	-8.134674	1.2049361	-5.232342	-20.367083	70.70359	4.1672664	19640.080654859543
198	995.5866	1.8749547	998.26746	992.2494	266.69995	12.001785	286.89377	256.3566	0.0	0.0	0.0	0.0	0.0	0.0	0.0	0.0	266.69995	12.001785	286.89377	256.3566	995.5866	1.8749547	998.26746	992.2494	1000.0	1000.0	791999	165.1557	15.6006	219.21652	86.117645	165.15543	15.600838	221.2074	85.1243	-8.112961	1.2092261	-5.3581476	-19.34616	69.92311	4.0760117	19740.46634697914
199	995.16095	2.4566374	999.05365	991.6968	299.73593	51.97575	356.25015	235.7994	0.0	0.0	0.0	0.0	0.0	0.0	0.0	0.0	299.73593	51.97575	356.25015	235.7994	995.16095	2.4566374	999.05365	991.6968	1000.0	1000.0	795999	165.10057	15.6411085	220.96353	91.76875	165.10078	15.641657	220.09085	91.124435	-8.086839	1.2153707	-5.2793283	-18.331177	64.85444	4.092864	19844.30220103264
200	986.0255	1.6323032	988.5465	983.1551	270.78003	31.08904	316.56607	237.28912	0.0	0.0	0.0	0.0	0.0	0.0	0.0	0.0	270.78003	31.08904	316.56607	237.28912	986.0255	1.6323032	988.5465	983.1551	1000.0	1000.0	799999	165.0201	15.732775	218.85794	87.64247	165.01984	15.733107	221.47505	89.475815	-8.127056	1.200112	-5.27885	-19.530159	60.523186	4.1061025	19948.581451654434
