Epoch	AverageTestEnv0Ret	StdTestEnv0Ret	MaxTestEnv0Ret	MinTestEnv0Ret	AverageEnv0Ret	StdEnv0Ret	MaxEnv0Ret	MinEnv0Ret	AverageTestEnv1Ret	StdTestEnv1Ret	MaxTestEnv1Ret	MinTestEnv1Ret	AverageEnv1Ret	StdEnv1Ret	MaxEnv1Ret	MinEnv1Ret	AverageEpRet	StdEpRet	MaxEpRet	MinEpRet	AverageTestEpRet	StdTestEpRet	MaxTestEpRet	MinTestEpRet	EpLen	TestEpLen	TotalEnvInteracts	AverageQ1Vals	StdQ1Vals	MaxQ1Vals	MinQ1Vals	AverageQ2Vals	StdQ2Vals	MaxQ2Vals	MinQ2Vals	AverageLogPi	StdLogPi	MaxLogPi	MinLogPi	LossPi	LossQ	Time
1	-486.07452	114.9	-241.88438	-619.7283	-383.94	65.8162	-293.41684	-463.19608	24.510849	56.39938	113.774734	-48.59461	-263.34705	74.38945	-135.55498	-319.83182	-647.287	71.27186	-562.46246	-756.2195	-461.56372	168.26743	-148.83504	-668.32294	1000.0	1000.0	3999	8.968622	5.6470776	41.567413	-8.384826	8.967591	5.652414	41.33474	-9.004897	-8.028249	2.2171443	18.535206	-19.56409	8.436157	1.4238014	77.79367876052856
2	-1084.3759	54.911736	-988.7756	-1168.9875	-345.44525	68.270065	-239.80312	-426.40298	-288.8078	40.876102	-218.71861	-374.01556	-174.3503	46.27674	-126.35991	-246.56654	-519.7956	44.144016	-466.48196	-569.21826	-1373.1837	35.08553	-1323.1864	-1424.6956	1000.0	1000.0	7999	33.86926	12.173277	94.744484	-7.9305487	33.86819	12.17836	93.4478	-8.344052	-2.7592187	5.1642804	44.882298	-19.922354	28.36609	6.792946	171.34023308753967
3	-407.6131	68.75794	-239.11298	-502.35037	-684.99365	404.53036	-268.71512	-1164.8375	-120.27177	41.481907	-53.783142	-174.99347	-199.66183	61.82774	-117.34277	-290.86877	-884.65546	451.11893	-386.0579	-1455.7063	-527.8848	84.15025	-369.30658	-655.1532	1000.0	1000.0	11999	82.55938	17.200602	151.30063	22.818771	82.55797	17.208263	153.74274	22.671993	1.7944272	6.4580483	48.562283	-19.251396	66.06574	18.983023	268.7214286327362
4	329.42227	40.300617	399.81412	281.8206	-768.52747	118.95334	-570.32623	-887.64307	-32.84496	21.96472	1.2569413	-73.74778	-213.23126	50.63704	-130.23325	-260.6414	-981.7588	135.45589	-785.7501	-1148.2844	296.57733	41.030926	373.68344	223.19914	1000.0	1000.0	15999	96.46908	13.200686	152.86783	53.947998	96.46833	13.202985	155.54341	53.580406	-4.6927204	4.179706	27.891901	-19.883572	74.02276	16.285515	369.7973062992096
5	793.73035	51.879185	877.0057	713.52563	-488.29776	86.36539	-380.02908	-618.1353	-45.563488	28.067398	-6.436339	-102.041336	-159.94766	66.74395	-55.98703	-227.58228	-648.2454	137.67781	-510.87943	-845.7176	748.1668	66.18209	842.914	647.0773	1000.0	1000.0	19999	86.67047	14.947436	137.83232	42.1553	86.67114	14.946108	138.80527	42.180958	-7.3554707	2.513019	11.568903	-18.569084	66.692375	9.445106	470.4491984844208
6	860.6935	8.8885355	873.47375	843.7035	-352.1966	60.23175	-265.0012	-435.2616	-20.315578	8.26785	-3.8771076	-30.517992	-167.03088	41.320408	-99.9788	-212.93988	-519.2275	73.29536	-441.51456	-613.95306	840.3779	4.9491687	848.52594	830.65405	1000.0	1000.0	23999	79.38202	13.094996	118.227684	39.607292	79.38244	13.096172	119.77719	38.871677	-8.080538	1.9195075	10.200094	-17.02295	61.15449	6.924868	571.4611630439758
7	944.1752	19.046019	972.31824	917.57214	-218.94577	8.451689	-206.04266	-227.04839	-54.356987	10.211384	-40.990917	-69.230194	-120.724014	26.392673	-94.26911	-151.75621	-339.6698	23.734062	-311.6058	-367.957	889.8182	14.636456	908.02924	857.43005	1000.0	1000.0	27999	75.36577	11.013148	105.18684	36.96166	75.366	11.014423	105.41696	35.976185	-8.268029	1.7067786	5.8837433	-19.144335	58.297806	5.9276915	674.1532163619995
8	867.0887	20.194342	897.3276	833.8544	-117.07059	61.552986	-60.201763	-218.25142	-75.121	3.810864	-66.445526	-79.70717	-122.784515	53.027836	-63.709118	-207.40004	-239.8551	112.36433	-123.91088	-425.65146	791.96765	19.446417	819.984	761.8071	1000.0	1000.0	31999	73.38511	9.821349	102.27226	34.391537	73.38528	9.824484	102.257034	33.991386	-8.225619	1.6933839	13.777279	-17.639912	56.728226	5.8179255	800.8171436786652
9	873.2311	11.828542	892.62384	857.3074	-135.83948	38.968006	-69.09747	-167.1524	-80.138466	3.4504204	-72.987526	-84.74002	-75.86509	13.720575	-60.498962	-98.026436	-211.70456	27.723923	-167.12392	-240.77878	793.0926	14.337999	819.6363	772.7051	1000.0	1000.0	35999	73.66019	8.853106	107.73336	38.898148	73.66022	8.856784	107.013725	38.223515	-8.133406	1.7247785	17.42268	-18.935307	56.019516	5.8905015	928.4147326946259
10	771.1246	11.053207	799.2195	759.8229	-52.215755	64.62861	33.65106	-148.53677	-68.39146	7.098723	-59.647877	-79.992485	-80.547485	46.8885	-29.595495	-137.6154	-132.76324	99.39211	-5.6116915	-264.25305	702.7331	6.4930778	719.227	694.944	1000.0	1000.0	39999	74.835785	8.1086445	110.061264	40.71413	74.83607	8.11091	111.38915	38.909878	-8.100224	1.7028891	14.753878	-17.716198	56.120758	5.9019113	1054.190639257431
11	869.09344	6.555931	877.2949	854.6951	-96.089775	34.54644	-42.80177	-137.4183	-56.62387	1.5618918	-53.82194	-59.170734	-77.69256	16.937725	-53.801655	-98.93075	-173.78235	44.949245	-96.603424	-208.62083	812.46954	6.9709954	821.04004	798.2999	1000.0	1000.0	43999	76.4734	7.949525	113.81552	41.207317	76.47356	7.9544945	114.73034	41.862488	-8.065736	1.7212142	10.373013	-19.338717	55.48215	5.7094893	1178.9937942028046
12	752.85565	36.451893	813.0032	717.2933	-103.13949	39.229286	-35.474754	-129.00284	34.839558	42.476032	77.47749	-29.67704	-97.34717	46.10308	-35.976208	-160.7564	-200.48666	80.1718	-71.450966	-288.95837	787.6952	14.066871	811.0806	770.2155	1000.0	1000.0	47999	78.29558	8.134778	116.03929	40.73354	78.29556	8.139192	117.98146	38.460724	-8.059169	1.7214473	13.527027	-18.134869	56.084053	5.797492	1295.2924010753632
13	902.2614	30.052	935.51086	835.51746	-84.00809	38.109764	-51.04761	-147.8823	-43.35799	7.781763	-26.774803	-56.376564	-59.841866	42.90678	-19.173195	-130.23164	-143.84995	55.786434	-70.2208	-205.38623	858.90344	24.977554	889.28845	808.7427	1000.0	1000.0	51999	80.17172	8.5470495	125.89814	45.6806	80.17196	8.549601	128.2998	42.167877	-8.017107	1.7393526	13.114743	-17.649559	57.20499	5.7193108	1396.5557370185852
14	872.4714	9.012848	883.0689	855.8315	-89.56747	8.236191	-80.9014	-103.062096	-38.438408	1.6771512	-36.281914	-40.964664	-122.92461	64.34625	-40.74808	-192.21756	-212.49207	68.592384	-129.01395	-282.04837	834.0329	9.567129	846.553	815.44556	1000.0	1000.0	55999	82.3877	8.597316	126.64054	46.588093	82.38783	8.599119	123.85247	44.916725	-8.024298	1.7298446	12.204174	-18.26479	58.395817	5.7651114	1498.2272953987122
15	876.077	14.607644	894.195	851.76196	-5.9377003	16.053692	20.418615	-22.81586	-29.967337	2.0394223	-26.59858	-32.610523	-17.835491	19.30088	14.58359	-34.61381	-23.773191	16.074812	-8.23227	-47.084846	846.1097	12.996295	861.8002	824.47345	1000.0	1000.0	59999	84.52332	8.776862	127.430305	47.027763	84.52349	8.780703	129.40683	47.54219	-8.02004	1.7354258	19.047356	-18.88216	61.141342	5.769426	1599.8997383117676
16	866.0879	24.676884	898.2837	822.8597	-18.520004	61.579903	49.505863	-117.20221	-9.305804	18.263105	25.149576	-34.17857	-31.775667	41.137188	5.611794	-97.9144	-50.29567	65.478546	15.318334	-117.52007	856.7821	13.367971	888.68677	836.72595	1000.0	1000.0	63999	87.00271	8.72294	127.80429	48.553146	87.00265	8.72527	124.411316	45.900097	-7.994961	1.7308547	19.751316	-18.019743	61.98935	5.785194	1702.4482564926147
17	840.4378	7.580039	858.7732	828.9529	25.043535	42.120434	93.33778	-21.63051	-4.1376967	3.6231928	3.0028145	-9.819765	-38.853462	48.677353	11.256347	-118.42667	-13.809924	60.659515	59.19092	-101.01229	836.3001	9.794911	856.67175	819.1331	1000.0	1000.0	67999	89.51127	9.058546	126.10156	49.87851	89.51112	9.06107	126.08632	41.956207	-7.9657755	1.7371131	18.866444	-19.550365	62.151833	5.932131	1804.5972452163696
18	908.1333	10.500736	925.13617	896.4001	-32.142685	32.583614	22.03009	-61.6255	20.496725	7.656647	31.613764	13.012324	-90.751564	34.623894	-54.099957	-147.71906	-122.89424	54.651493	-58.20818	-209.34456	928.6302	16.25716	955.9226	912.2291	1000.0	1000.0	71999	92.06515	9.428085	126.438805	46.90083	92.06495	9.430803	126.39379	46.59089	-7.947937	1.7618573	12.967323	-17.568079	63.136013	5.8538203	1907.750147819519
19	939.2723	6.6780887	948.79	930.94214	69.48421	24.395939	105.418175	37.271336	9.170928	5.9636693	15.956927	-1.8457162	-9.740368	7.357479	-1.3269103	-21.245451	59.743843	26.04908	99.29698	27.003414	948.44305	10.901395	962.6295	930.7425	1000.0	1000.0	75999	94.77828	9.751168	131.21848	42.251663	94.77823	9.754174	127.43659	48.313675	-7.93091	1.7710906	13.061781	-19.494576	67.174736	5.7417674	2008.944076538086
20	816.1498	40.018135	890.0258	765.80676	-3.6981459	31.751972	28.000565	-42.057625	-1.6055543	2.2487733	2.019122	-4.828342	-65.13516	62.72895	37.24973	-122.993675	-68.833305	80.39049	64.57953	-150.88159	814.54425	40.916355	891.2836	765.8867	1000.0	1000.0	79999	97.53526	10.091652	133.38441	50.633064	97.53523	10.093631	130.14703	49.083675	-7.9111958	1.7913208	25.921495	-21.595959	66.772545	5.560306	2110.826005935669
21	854.49316	19.382652	872.0213	821.01215	19.909641	62.221996	85.41121	-63.09166	8.030054	5.5005126	16.940226	-1.7230227	-5.753431	7.9392076	3.4736779	-16.720995	14.156208	65.56368	85.28103	-79.81265	862.52325	22.651468	887.3387	819.2891	1000.0	1000.0	83999	100.19743	10.614555	133.35583	51.77471	100.19757	10.615673	135.1577	52.10854	-7.9246926	1.7917318	18.425781	-19.845219	67.21909	5.65078	2213.2775704860687
22	735.0636	39.22584	806.1803	688.9158	52.648956	40.77692	114.070854	-0.49793544	-28.1274	2.7663763	-23.487001	-34.25014	-46.704952	85.69813	48.73974	-181.39714	5.94401	118.16575	113.01673	-181.89507	706.93616	38.836796	780.40515	665.4288	1000.0	1000.0	87999	102.69492	11.076526	141.73611	54.410873	102.69477	11.079668	140.48358	52.841057	-7.9446907	1.7751775	20.369625	-20.52248	69.55448	5.726669	2315.818482875824
23	706.29364	44.58847	814.4406	665.358	43.23194	13.631946	58.793236	25.11261	-8.112413	7.785495	5.2248726	-19.314335	-108.26485	60.893364	-3.5453165	-154.87283	-65.0329	51.073414	21.567293	-103.606544	698.1812	51.722385	819.66547	646.0436	1000.0	1000.0	91999	105.10196	11.448164	140.49146	56.58044	105.10192	11.451708	141.98528	55.157314	-7.914444	1.8001184	23.532839	-18.33004	73.18579	5.674179	2418.69345498085
24	630.3487	62.833717	759.927	594.58234	46.38121	13.934266	67.88554	30.253283	-13.951198	3.738765	-9.743743	-22.870016	-51.30052	28.715582	-18.32151	-93.607956	-4.9193172	40.506935	49.564026	-63.35467	616.39746	59.670258	737.057	582.1177	1000.0	1000.0	95999	107.31035	11.869288	144.25047	56.16136	107.31026	11.870462	145.19118	54.839153	-7.9258795	1.8116264	25.161026	-19.786512	74.816	5.649412	2523.5587618350983
25	734.5985	28.925114	771.8555	690.1716	47.660908	74.000984	158.2649	-49.110214	13.203731	4.8469143	18.161753	3.9566228	-26.291225	73.54631	49.093376	-141.66777	21.369677	136.33286	182.31744	-190.77798	747.8022	33.05865	787.5006	694.12823	1000.0	1000.0	99999	109.4678	12.317749	147.89006	58.54503	109.46806	12.317608	147.15701	59.738983	-7.903485	1.8442932	20.205976	-18.365955	76.73233	5.8069305	2628.0268862247467
26	714.4513	53.604126	753.6157	559.53705	37.204243	40.783028	81.19659	-23.783556	-3.5657334	3.8483615	4.531913	-10.223684	-21.45671	64.42752	58.46433	-120.0466	15.747532	104.49879	139.66092	-143.83015	710.88556	53.90061	750.88965	557.27576	1000.0	1000.0	103999	111.53414	12.634667	150.30762	59.598835	111.53408	12.636932	149.4759	58.699104	-7.8594007	1.8642648	18.656746	-18.043549	77.094284	5.6921854	2730.087329864502
27	648.06024	94.93223	807.2902	512.6681	23.170591	42.269543	56.900005	-49.312244	-0.97398645	8.852301	10.00316	-21.601383	-42.08592	55.56379	14.679525	-134.03539	-18.915329	64.48113	71.57953	-89.98659	647.0863	102.889626	817.2934	491.06668	1000.0	1000.0	107999	113.3549	12.897746	153.56187	58.371204	113.35498	12.898034	153.4061	58.762917	-7.90028	1.829459	27.081314	-20.940876	76.89614	5.5591865	2833.724617242813
28	742.6094	15.203246	765.25055	726.9948	48.740425	49.52409	92.07611	-35.14553	-46.516014	2.2245355	-42.877045	-49.72824	-39.31654	84.1013	23.15285	-183.82004	9.423883	131.86115	86.10437	-218.96558	696.0934	16.991661	722.37354	678.7057	1000.0	1000.0	111999	115.0773	13.344237	158.09303	59.41401	115.07766	13.3449955	155.72346	59.71308	-7.9194517	1.8182489	25.980389	-19.6753	80.4263	5.6034846	2936.103810787201
29	522.8861	37.976456	591.83124	471.97968	101.633934	27.997623	142.32906	74.75007	25.522951	20.31327	55.570515	-11.935642	0.91893387	82.56449	54.682404	-141.5636	102.55287	99.447754	179.2331	-66.81352	548.40906	48.063408	613.10144	460.04404	1000.0	1000.0	115999	116.74667	13.653843	160.7081	55.383694	116.74654	13.654709	158.26297	57.081444	-7.9118686	1.8281723	17.356245	-17.99913	82.71987	5.7402825	3038.4894726276398
30	689.7907	36.264225	727.7331	615.82635	85.75302	35.78075	142.62378	45.974216	-3.1412308	28.460476	49.60745	-37.918694	-82.14906	34.39138	-49.945843	-137.51888	3.603963	25.465647	28.95295	-38.005337	686.64954	61.430088	762.7266	577.90765	1000.0	1000.0	119999	117.65277	14.309752	152.39337	57.985218	117.65281	14.311533	154.6485	59.224472	-7.9453244	1.7834809	17.870556	-18.467554	82.02364	5.991422	3141.3616683483124
31	787.85693	77.93154	889.1045	637.82385	89.47302	48.442978	133.23064	8.748824	13.163267	19.614058	43.41599	-12.131261	-47.369038	116.25386	103.20213	-168.80533	42.10399	141.86293	199.48587	-160.0565	801.0202	88.86761	906.2605	645.447	1000.0	1000.0	123999	118.55217	14.939384	152.87912	61.072117	118.55199	14.940838	157.02834	58.583244	-8.015988	1.7125179	15.287701	-19.651585	84.45858	5.946849	3256.5703287124634
32	867.71466	27.646515	925.0854	839.59375	97.92324	47.494614	140.9614	22.049171	29.693914	5.869922	43.23573	19.028307	-0.19921875	30.969044	40.47161	-45.652252	97.72402	70.16549	144.68466	-23.603083	897.4085	26.631512	952.5945	875.4585	1000.0	1000.0	127999	119.38274	15.611159	155.95848	56.441605	119.38265	15.613541	150.19328	56.411045	-7.990612	1.7231929	21.254818	-18.46947	84.82866	6.008135	3355.30943608284
33	693.9801	50.355915	811.1542	604.5666	143.41618	21.260313	178.43321	122.281555	19.60391	35.343758	61.481823	-24.013546	-12.83605	58.737125	76.58381	-87.27373	130.58012	64.984604	208.65549	35.007824	713.5841	70.65672	813.3011	580.55304	1000.0	1000.0	131999	120.40143	16.190882	157.00552	58.39135	120.40127	16.193293	154.05692	54.511883	-8.003543	1.6860116	13.602549	-20.630491	84.83556	6.095621	3453.288279056549
34	791.7477	166.19122	1004.41895	528.21893	132.3766	38.242165	174.174	82.562225	7.2324553	21.43517	38.45852	-28.753685	-29.294748	96.518326	111.93234	-149.94745	103.08186	112.36353	286.10635	7.277851	798.9802	182.4717	1016.507	504.43365	1000.0	1000.0	135999	121.36584	16.571371	152.76082	55.686775	121.3656	16.573797	156.40462	54.870613	-7.9866457	1.7195886	27.03879	-19.741087	81.6349	6.0624924	3552.433355808258
35	730.67175	102.90603	860.3446	525.0817	137.3212	34.08291	195.0288	111.540436	3.2732196	8.495817	16.10977	-10.355287	-42.05891	97.20002	60.41415	-158.21204	95.262276	91.85026	190.20113	-46.671597	733.945	110.81521	875.4279	514.72644	1000.0	1000.0	139999	122.52373	16.736362	159.08803	53.63516	122.52344	16.740404	159.03596	54.13429	-7.9584293	1.749289	11.679348	-19.73054	81.05493	6.077148	3650.748515367508
36	780.6942	187.02798	1047.3881	498.80402	124.098175	30.077852	164.59267	94.11872	8.682739	20.679409	49.1954	-21.70085	24.152872	52.867043	71.777534	-60.52967	148.25104	79.721	236.3702	33.589054	789.377	191.45242	1063.7511	485.27036	1000.0	1000.0	143999	123.72215	16.78368	157.21536	53.83317	123.72187	16.786654	163.67921	53.057762	-7.9425364	1.7463521	22.452143	-19.78292	82.27095	6.0805387	3749.6100146770477
37	794.66595	97.40713	943.46405	631.5579	121.153534	32.06357	150.23679	71.76552	5.7243557	9.198507	19.297167	-9.091142	57.866184	25.663197	83.221565	17.322962	179.01971	54.083378	232.15042	89.088486	800.3903	90.58711	935.8298	642.20844	1000.0	1000.0	147999	125.09428	16.884762	160.33858	51.390835	125.09423	16.887455	159.21521	51.871117	-7.955841	1.7361608	20.445444	-17.975494	81.256805	6.028829	3856.4226694107056
38	848.36847	125.75715	1020.1954	635.4037	94.717926	51.25567	154.59065	26.226004	19.009878	13.0856905	45.117912	3.4922724	-38.129623	95.69815	63.693314	-160.29993	56.588295	113.02752	201.2405	-76.33572	867.3783	119.77463	1038.6881	674.7093	1000.0	1000.0	151999	126.29425	16.940788	163.4768	50.775414	126.29386	16.944109	169.42123	51.88613	-7.930953	1.8140062	23.282751	-18.940125	79.6008	6.0779796	3966.3893251419067
39	784.51917	246.61038	1016.5031	431.2907	116.30859	25.184826	146.0655	84.54444	29.793274	22.396606	62.359837	-0.17077987	-64.096176	70.27843	5.040762	-152.9973	52.212414	95.236786	150.49268	-68.45286	814.31244	229.45627	1020.6866	493.14883	1000.0	1000.0	155999	127.13307	16.992886	169.44553	53.77292	127.13256	16.996635	171.84804	50.6886	-7.9488206	1.791555	17.160776	-21.700886	78.558075	6.0806303	4067.0552825927734
40	938.6251	70.070366	1023.26733	756.941	127.8777	41.544956	163.86272	58.98664	39.71409	9.543401	51.482952	23.432882	24.384804	69.391266	76.64204	-93.64934	152.2625	54.512295	203.6606	70.21339	978.3392	76.131584	1067.0463	780.37384	1000.0	1000.0	159999	128.18793	16.999382	170.62656	54.94923	128.18773	17.002563	171.46547	56.477905	-7.918238	1.8076586	15.573109	-19.040258	80.18255	6.0379543	4167.606862545013
41	640.3656	227.01512	1013.51404	401.0429	116.71081	12.139091	137.38766	107.80878	38.523994	22.027248	70.532394	3.8376088	-45.744057	98.9426	63.930912	-146.00858	70.96675	107.32246	179.22244	-38.199802	678.88965	209.66724	1033.0691	447.9415	1000.0	1000.0	163999	129.13054	17.081188	174.82112	56.563423	129.13042	17.083498	171.58153	55.649727	-7.943349	1.7829316	25.29936	-18.374363	79.45368	5.974752	4268.498490333557
42	908.8255	95.376144	1008.205	760.1328	111.75314	29.04341	151.69589	77.65047	9.325476	15.36011	50.103977	-12.754981	-23.219175	103.21467	114.84858	-172.61455	88.53397	114.5028	206.38127	-94.96408	918.151	91.695816	1012.7173	771.62396	1000.0	1000.0	167999	129.95294	17.1688	174.45049	56.27574	129.95296	17.171516	172.0836	56.412483	-7.9389277	1.8108082	31.034939	-18.825802	78.37989	6.043983	4370.957134723663
43	663.7254	104.17038	967.5205	597.7922	85.74226	13.756703	108.04299	70.684326	42.010704	29.366173	78.58544	4.514498	-43.20786	94.637436	70.14936	-138.26689	42.53441	86.357895	140.8337	-57.975586	705.7361	106.318985	992.8952	612.8458	1000.0	1000.0	171999	130.72652	17.184906	170.71173	59.60561	130.72632	17.18654	171.89584	59.496372	-7.9520617	1.7810119	24.038548	-19.782677	77.85586	5.8850107	4473.439581394196
44	765.7241	221.2284	960.72363	311.19257	124.73825	13.44259	137.35788	104.69307	27.815247	38.800716	94.65103	-34.800243	-15.197582	115.09728	124.20576	-146.9761	109.54067	114.450096	260.8476	-26.715904	793.53937	218.96297	991.371	276.39233	1000.0	1000.0	175999	131.42088	17.228285	173.39046	60.624134	131.42075	17.230785	168.82458	60.78534	-7.9194436	1.8035605	19.75868	-19.394115	78.229065	5.88409	4575.222053527832
45	751.5963	163.72733	983.90454	509.64435	121.36234	27.500702	144.05186	76.09245	28.697254	13.526278	42.036076	-0.049812168	-30.278751	94.44687	63.15314	-160.1399	91.0836	89.81046	205.95557	-37.63723	780.29364	158.92189	992.9959	542.09357	1000.0	1000.0	179999	132.1193	17.33978	169.31552	56.003326	132.11896	17.342506	169.37502	55.506382	-7.940298	1.7765661	20.923733	-19.14748	79.17129	6.0072966	4678.650101184845
46	683.6144	222.26807	1020.5577	447.28665	114.23628	51.98075	177.76932	51.199276	-9.092824	29.280136	31.186758	-46.877605	90.05971	2.799571	92.11327	85.28287	204.29599	50.293243	263.0522	142.0697	674.5216	248.62837	1041.7899	415.9354	1000.0	1000.0	183999	132.76822	17.437336	175.93211	58.44859	132.76804	17.441158	172.01929	57.285828	-7.942841	1.8048135	28.789097	-18.930832	78.33372	5.934002	4781.785774707794
47	695.54553	152.0903	963.8438	506.34277	64.87702	93.96563	176.4729	-44.033848	6.072418	9.531013	23.580034	-9.923567	1.1621742	89.54667	67.08758	-150.95575	66.03919	56.5198	161.05023	21.127062	701.6179	150.01295	962.2381	504.9258	1000.0	1000.0	187999	133.18195	17.801697	175.71043	56.752083	133.18167	17.805653	176.49338	54.00624	-7.922869	1.7691538	37.581047	-19.152573	83.15704	6.120286	4898.4759023189545
48	698.2263	58.931602	764.8434	601.83307	96.63807	56.65393	180.2954	21.40865	-16.978464	21.00022	5.839752	-47.226326	34.256897	76.57662	118.56105	-47.054012	130.89496	126.27291	298.85645	-15.590586	681.2478	76.05564	763.727	561.91754	1000.0	1000.0	191999	133.5458	18.128193	173.57672	56.058327	133.54584	18.130121	168.9699	53.43296	-7.941032	1.7465041	24.32058	-18.60038	81.92374	6.1218467	5000.730315923691
49	834.77997	175.68251	1000.30927	613.20667	159.00792	37.132122	193.36215	100.71958	2.6818357	6.588022	16.98649	-3.6906047	94.3405	14.488757	117.10573	81.047104	253.34842	48.524998	306.1225	183.25775	837.4618	180.5977	1009.4909	609.51605	1000.0	1000.0	195999	134.0647	18.370903	168.95218	55.851818	134.0644	18.374846	169.68134	57.650238	-7.929241	1.776946	33.649326	-18.629097	79.414116	6.1112113	5100.948046445847
50	789.2613	112.442726	1011.2029	703.6229	105.17891	60.92221	195.79645	24.014816	-1.2326144	4.738301	4.8278995	-10.832068	0.08995056	110.326965	120.22964	-114.17024	105.26886	160.83865	316.0261	-90.155426	788.0287	114.820045	1015.5117	708.4508	1000.0	1000.0	199999	134.52666	18.667217	171.06491	54.011547	134.52661	18.670616	171.95963	55.442505	-7.92643	1.7787457	37.707703	-17.925692	85.32977	6.187844	5202.765419960022
51	829.6257	51.387947	976.3656	787.12964	170.9144	56.30211	244.96237	93.99827	35.144238	8.506987	45.78204	17.591433	-14.555187	126.75511	123.56892	-143.14066	156.3592	110.35709	297.88898	8.158939	864.77	46.773785	993.95703	818.37	1000.0	1000.0	203999	134.8688	18.896374	170.98784	54.54479	134.8687	18.89916	169.08786	51.840115	-7.9318733	1.7718202	22.331919	-17.809446	85.93267	6.2456465	5301.837995767593
52	818.56995	46.086617	951.8096	777.41754	152.21188	26.728025	188.52934	115.15786	-3.8765678	26.299076	52.338028	-27.020235	24.004135	120.7539	149.6758	-97.25303	176.21602	108.79871	301.40863	47.345493	814.69336	51.18602	947.58014	774.55743	1000.0	1000.0	207999	135.27756	19.095694	170.7092	56.017773	135.27744	19.098457	170.44734	52.96048	-7.910488	1.7537714	19.482714	-18.490738	84.09785	6.210277	5401.953114032745
53	855.09973	99.31954	982.39606	715.3483	148.19177	63.65122	218.76044	45.193268	10.208005	15.866611	38.531124	-5.329056	82.44096	91.34128	155.28186	-74.01698	230.63272	151.37195	349.79678	-28.823719	865.30774	98.764656	989.72	752.47406	1000.0	1000.0	211999	135.79993	19.241812	175.77614	55.302895	135.79991	19.245026	178.203	54.842754	-7.910563	1.7915835	23.955116	-18.64327	83.6405	6.207634	5503.444003582001
54	937.3665	79.330505	1027.176	759.0456	154.70538	24.073563	194.90999	135.74193	41.8413	19.014347	71.97704	12.730271	52.388725	118.967224	148.93086	-151.37172	207.09412	126.40784	343.84085	0.3462375	979.2078	78.932625	1075.4999	784.2519	1000.0	1000.0	215999	136.29523	19.392632	171.00308	55.980797	136.29523	19.396011	171.0473	52.408623	-7.913498	1.7644066	39.222355	-19.869114	80.81523	6.156908	5604.875972509384
55	751.5153	182.4678	1014.69617	568.72095	144.88092	31.64436	197.61082	115.108025	10.468847	9.58439	31.24813	-4.064105	30.741379	103.14193	116.7675	-136.26949	175.62228	127.28884	314.37833	-21.161453	761.98413	183.23468	1016.91583	576.83264	1000.0	1000.0	219999	136.66399	19.547346	173.12143	55.391075	136.66376	19.551786	172.93141	54.61813	-7.89635	1.7926946	28.724499	-18.617935	81.73123	6.2519035	5706.351514101028
56	671.5156	79.85129	787.8248	564.9538	161.81348	32.85215	191.83667	109.87847	26.981802	16.171104	54.79114	6.9750056	60.235218	97.39708	165.53677	-46.529858	222.04868	114.980095	353.7715	63.348618	698.4974	95.85582	842.61597	571.92883	1000.0	1000.0	223999	137.24944	19.531149	178.0462	53.57415	137.2496	19.533834	172.97466	54.98276	-7.8462286	1.8354285	27.134212	-18.529346	80.13294	6.28338	5812.893938064575
57	824.4904	119.7026	997.1672	580.93146	155.05038	33.37709	191.2794	103.285805	20.762259	14.719027	35.33283	-8.39269	138.11415	2.9345536	141.93266	133.67923	293.16455	35.788494	329.64316	236.96503	845.2526	107.65058	999.3387	616.2643	1000.0	1000.0	227999	137.7889	19.497095	170.53128	55.336105	137.78883	19.502645	170.67033	54.65131	-7.860282	1.8308427	24.661486	-20.867727	81.9221	6.226825	5928.615398406982
58	876.6717	89.13431	997.2615	688.6351	139.50832	39.617794	194.76724	83.05832	32.98388	23.09138	74.77335	-2.61103	99.5201	123.0323	220.40952	-106.22205	239.02841	132.0547	364.83875	29.556425	909.6556	83.62822	1012.1205	717.5292	1000.0	1000.0	231999	138.26271	19.516815	176.98285	59.09207	138.26266	19.520136	173.8834	58.557915	-7.8911285	1.7917286	19.57487	-17.797153	74.64822	6.2095566	6042.607987642288
59	831.4508	88.12036	962.23206	741.0056	165.0939	34.199825	199.80113	120.5495	44.123325	20.672403	78.93579	14.466873	170.05821	15.339816	189.03224	147.95312	335.15213	35.44321	388.83337	298.7948	875.5741	73.96208	976.6989	771.55225	1000.0	1000.0	235999	138.81374	19.616318	173.25862	58.4056	138.81358	19.620665	170.72105	51.453194	-7.893496	1.7620298	20.040062	-19.088894	81.630264	6.1784062	6151.802765607834
60	787.11456	138.43793	972.53784	594.96893	186.44812	36.974518	231.29736	134.22766	42.027443	23.048933	82.15145	10.737437	159.98119	26.316563	186.98563	128.21422	346.42932	50.12666	393.83167	262.44186	829.14197	129.45316	987.4224	660.86694	1000.0	1000.0	239999	139.40617	19.805365	176.16797	56.75455	139.40611	19.808012	171.29826	56.549404	-7.844144	1.8187203	23.934711	-18.130577	79.435875	6.215255	6252.069164514542
61	866.1569	128.96252	982.6729	687.7131	175.08165	33.56219	221.60623	138.96513	21.542604	14.8797655	52.24531	0.82174647	106.259415	106.84093	180.6616	-77.18493	281.34106	130.15843	402.26785	61.780197	887.6995	140.28244	1029.5492	699.182	1000.0	1000.0	243999	139.96669	20.038076	177.86621	56.970676	139.96666	20.041136	176.55014	53.98871	-7.840576	1.7792759	17.94877	-19.689625	77.741486	6.1902223	6353.377395868301
62	878.0165	52.715073	978.76306	834.4385	188.51558	28.608316	212.57964	141.53697	59.772106	14.086038	85.317986	37.906387	59.67091	173.28502	256.8095	-128.4947	248.1865	197.97008	469.38916	13.042267	937.7886	46.708027	1019.352	888.61835	1000.0	1000.0	247999	140.32567	20.125843	178.74516	56.592136	140.32565	20.129196	176.19293	54.700638	-7.8088245	1.8268994	31.850857	-18.599352	74.488556	6.1777062	6451.752861738205
63	805.77313	123.990654	1004.72864	658.8707	209.76736	28.11508	255.50914	183.23033	42.876656	28.524174	96.2596	9.407254	130.2901	133.0333	221.52518	-99.54926	340.0575	107.84226	431.20062	155.95987	848.6498	117.62562	1025.5525	687.64923	1000.0	1000.0	251999	140.85509	20.163368	175.41206	58.35027	140.85515	20.165964	173.68863	57.68865	-7.7959785	1.8322091	19.401167	-23.450129	70.86808	6.248306	6551.459235191345
64	848.9004	87.08112	977.26215	757.29114	130.7792	22.191973	148.81142	92.84275	34.82583	19.254139	63.645996	9.049131	141.60913	150.88947	247.7138	-118.939125	272.38837	172.5723	386.50735	-26.096375	883.72626	73.044014	997.9696	799.3093	1000.0	1000.0	255999	141.35352	20.306131	177.06747	59.262627	141.35353	20.309273	173.52092	58.26887	-7.7717814	1.8743294	39.69377	-18.597986	76.17763	6.359469	6651.858265638351
65	741.5367	29.932327	762.71344	653.2985	210.84921	51.321293	292.0966	159.14229	49.52192	17.16527	96.29456	32.67916	230.73361	25.833527	271.9255	207.97226	441.58282	55.649677	501.68198	367.11453	791.0586	14.577705	806.1456	749.5931	1000.0	1000.0	259999	141.76564	20.51522	177.7585	55.17434	141.76562	20.517914	175.46376	56.447155	-7.797774	1.8100371	17.090778	-20.394497	77.882675	6.264669	6754.075075149536
66	630.80585	43.41064	687.9227	554.1378	193.5753	31.567814	244.90791	162.363	74.167	12.568804	99.65388	59.170593	262.33698	20.14762	286.61862	231.76591	455.9123	48.66481	531.52655	405.94162	704.9728	42.83823	786.76953	638.8964	1000.0	1000.0	263999	142.38669	20.667345	179.31241	58.73113	142.38686	20.67054	174.45718	58.08794	-7.795209	1.79757	16.488136	-18.88557	80.80143	6.3429475	6858.257229089737
67	735.7259	104.38406	961.3583	611.68286	174.43808	21.609478	199.22725	149.976	90.28725	71.83359	203.45903	9.540242	226.80283	24.576118	262.32834	194.54701	401.2409	43.182724	454.69885	350.72556	826.0132	75.7215	987.619	677.6175	1000.0	1000.0	267999	142.98743	20.691296	178.44234	59.33134	142.98755	20.694927	177.28893	57.542904	-7.731101	1.8427894	23.11846	-21.009756	82.04194	6.292001	6963.3110382556915
68	677.47107	28.71916	736.80945	642.4139	193.75775	9.141758	207.01266	181.40543	88.18447	13.025428	111.46244	63.621284	177.22308	181.9801	353.60135	-126.96453	370.98087	185.63475	560.614	64.6676	765.65546	20.739553	811.6147	746.5977	1000.0	1000.0	271999	143.56512	20.793108	177.66032	57.780674	143.56528	20.795673	176.43564	59.006004	-7.7002892	1.8560852	22.08026	-18.522034	82.52886	6.422489	7068.157453536987
69	855.022	102.03584	1033.4121	762.8509	178.91414	51.201355	247.00934	123.42677	149.36816	38.13109	193.41577	85.967094	257.01187	18.86207	283.99158	237.61253	435.926	67.42938	512.2756	361.0393	1004.39014	67.48791	1119.3793	932.51385	1000.0	1000.0	275999	144.18124	20.802273	180.4596	60.021465	144.18118	20.80548	179.97972	51.389668	-7.6842294	1.8917564	28.87944	-18.467358	80.63438	6.343239	7172.170258760452
70	870.2134	72.099174	963.12396	734.20917	154.47388	57.763683	196.98482	55.052498	160.2502	102.197266	333.2504	49.69553	201.77557	130.12714	338.81226	40.093773	356.24945	178.67549	525.9476	95.14627	1030.4636	97.39764	1155.3392	797.16016	1000.0	1000.0	279999	144.82687	20.738188	184.1241	61.51077	144.8267	20.741058	182.23328	59.003784	-7.653494	1.902407	41.938	-18.348171	82.17845	6.275267	7272.051981449127
71	746.4395	17.052704	785.1513	724.8909	197.69708	26.289541	232.18399	165.65742	248.30655	30.278648	295.1971	178.3433	401.62732	26.611246	435.44644	362.21167	599.3244	34.678467	628.87506	542.16724	994.746	43.845676	1080.3484	916.6709	1000.0	1000.0	283999	145.32504	21.004171	182.34218	61.360516	145.32495	21.006628	177.7773	59.822186	-7.6213045	1.8999135	24.381824	-19.470638	79.17222	6.3362556	7371.968106031418
72	723.19165	40.78493	798.73627	672.2429	165.5578	26.553968	194.32349	123.46533	605.52496	45.225403	689.0722	519.4951	49.580692	224.39728	425.41385	-159.69615	215.13849	237.85306	605.7717	-36.23082	1328.7167	45.820007	1392.0521	1247.3802	1000.0	1000.0	287999	146.01396	21.321493	179.93176	63.78411	146.0141	21.323244	179.17613	60.22529	-7.5630755	1.9243692	37.09249	-19.125034	82.523384	6.355805	7469.82519030571
73	770.76373	76.22648	961.1834	709.56696	183.71524	29.854687	217.04099	152.04117	698.48834	30.986513	753.8973	630.5004	294.01483	208.14738	446.7832	-64.76573	477.73007	223.26526	617.15466	91.1979	1469.252	51.998066	1591.6838	1416.8673	1000.0	1000.0	291999	146.58257	21.470882	180.61192	57.138153	146.58292	21.47181	179.71947	60.910976	-7.573338	1.9114509	26.326794	-18.237646	86.67616	6.440032	7568.275537014008
74	713.5638	131.00482	976.25726	617.9392	212.13046	52.60654	268.8203	151.71608	709.1435	44.463345	795.4516	634.41437	356.22568	158.81975	461.66556	82.737976	568.35614	187.37328	720.8209	250.90921	1422.7073	152.19171	1762.493	1329.8365	1000.0	1000.0	295999	147.22334	21.792496	180.67874	58.930992	147.2232	21.7957	180.84036	59.587273	-7.5301685	1.9087578	42.86163	-18.252457	89.38494	6.614015	7666.317677259445
75	845.8087	97.32952	1029.7363	748.0544	211.48363	19.49814	244.48985	194.52156	585.54224	52.758297	696.08344	501.50922	359.2282	116.75888	453.8921	159.51703	570.71185	122.590805	660.0813	360.25092	1431.3508	136.92583	1685.922	1288.0509	1000.0	1000.0	299999	147.8607	22.045898	183.04678	58.83665	147.86095	22.048082	183.98944	58.90931	-7.5124865	1.9091821	34.02487	-18.229624	88.5243	6.561895	7764.310188055038
76	1009.4904	42.012012	1109.6857	959.20996	152.56723	65.48025	202.06038	40.604733	844.5329	55.970997	915.1607	748.0491	443.07178	134.45955	569.1505	217.23595	595.639	136.502	742.60187	411.3884	1854.0234	60.402985	1993.1044	1773.1832	1000.0	1000.0	303999	148.40907	22.35664	182.03752	58.49835	148.40883	22.36009	182.31	58.991096	-7.488738	1.9211878	23.98169	-19.242851	87.90215	6.6089797	7866.565204381943
77	1028.8024	45.43972	1103.6683	977.38116	185.31482	22.248564	207.07327	149.76985	894.7521	77.157074	984.4627	745.74554	424.63678	137.27806	594.61633	285.73102	609.9516	117.07521	744.38617	492.8043	1923.5544	46.458992	1994.1261	1849.4138	1000.0	1000.0	307999	149.11131	22.717678	184.13252	57.469936	149.1114	22.721207	185.26872	57.987732	-7.4377923	1.9522265	34.432533	-18.98583	85.3642	6.7501903	7970.152363538742
78	724.8328	66.65424	879.629	642.45416	225.24567	24.128262	244.26228	184.09694	738.7706	50.67077	860.17615	649.59894	436.92453	247.95883	618.66046	10.125576	662.1702	238.48526	822.7069	250.24042	1463.6035	113.28645	1739.8052	1305.6656	1000.0	1000.0	311999	149.81995	23.110142	184.27423	57.35476	149.81996	23.113327	184.79153	59.25773	-7.3858395	1.961403	22.076529	-19.36796	88.353516	6.8123097	8074.263023138046
79	932.7537	78.09351	1006.629	767.4324	193.76097	16.893227	218.0415	175.62881	824.17596	86.86912	946.3323	597.98267	24.32921	52.136204	66.136765	-64.34647	218.09018	60.128998	266.9306	116.23329	1756.9299	155.94408	1952.9613	1365.415	1000.0	1000.0	315999	150.23586	23.522926	185.8226	61.504856	150.23564	23.525846	185.30661	59.689667	-7.34142	1.9982504	19.116268	-20.189047	85.95262	7.0541544	8176.254818439484
80	984.1209	16.401918	1012.16125	959.34094	201.39989	28.95003	242.9362	161.39838	926.6489	51.823036	1001.42395	852.1411	366.873	247.36575	571.4985	-39.566586	568.2728	273.24707	814.4347	121.831795	1910.7699	53.65239	1997.5981	1815.05	1000.0	1000.0	319999	150.6954	23.848372	189.04712	61.49723	150.69542	23.852684	187.33392	58.607815	-7.374857	1.9898846	20.614342	-20.228247	87.52311	7.067798	8277.953852653503
81	834.4876	35.980522	897.3135	772.02747	207.85284	27.358934	252.61986	182.79263	811.93054	52.476135	880.6578	719.09033	600.75354	30.777203	644.3854	559.3006	808.6063	44.525536	861.3527	742.0932	1646.4182	85.085495	1737.8007	1491.1178	1000.0	1000.0	323999	151.09862	24.335976	187.59987	61.444645	151.0985	24.3393	187.62413	60.503822	-7.3533936	1.9659251	15.697348	-18.361242	87.39322	7.067714	8379.886422634125
82	948.6753	18.66445	983.41766	917.3147	164.4492	28.248234	206.8653	133.71434	952.3468	47.712128	1003.8805	852.02637	582.4459	39.162487	624.90533	524.0633	746.89514	48.883076	797.29565	668.8902	1901.0221	59.34896	1987.2981	1793.158	1000.0	1000.0	327999	151.67938	24.509445	188.37894	61.589043	151.67944	24.511938	189.31032	58.906654	-7.34037	1.9777507	25.551495	-19.524826	95.40998	7.062993	8481.337066173553
83	994.41614	22.746311	1030.3363	955.4863	221.85626	17.828754	238.62749	194.08731	960.3615	52.631886	1043.9974	877.65454	487.16534	266.40735	655.6011	26.104986	709.0216	257.78864	891.86115	264.73248	1954.7776	49.110306	2042.8583	1869.6584	1000.0	1000.0	331999	152.33487	24.695696	189.2966	58.23251	152.33511	24.699127	189.06337	59.11699	-7.3100395	1.9782544	19.463055	-19.977636	93.97048	7.187211	8581.43405842781
84	977.44006	42.279537	1053.9342	908.3617	178.79697	20.800873	200.44579	156.25919	950.0824	83.813484	1037.7069	767.6423	584.9155	26.157997	609.39056	540.8171	763.7125	43.384514	808.0445	697.07623	1927.5225	91.03877	2023.8844	1693.1287	1000.0	1000.0	335999	152.88226	25.044085	192.86421	59.260517	152.8821	25.046951	189.60728	56.93169	-7.2622843	2.0113251	24.30436	-19.740849	97.37864	7.5158873	8679.96332359314
85	995.05994	26.807106	1060.9275	952.04865	236.49422	35.07672	284.91782	187.09387	1030.2002	94.66052	1199.2386	914.226	319.21936	300.95007	669.0737	-130.34172	555.7136	266.916	856.1676	154.5761	2025.2601	92.14342	2204.364	1919.2256	1000.0	1000.0	339999	153.28677	25.404043	191.17574	59.665314	153.28683	25.405956	191.51822	60.010067	-7.20625	2.045028	19.420738	-19.486923	97.51798	7.5380526	8778.242214918137
86	1020.7837	35.416245	1088.502	942.4097	179.73425	17.751831	201.66669	152.64578	834.22345	116.281204	946.62506	568.4522	433.6419	368.17776	787.3506	-143.10268	613.37616	366.11523	989.0173	43.23457	1855.0071	133.69301	1976.8466	1510.8619	1000.0	1000.0	343999	154.02678	25.79205	193.48158	57.77758	154.02689	25.795435	191.99019	55.095524	-7.1561375	2.033362	22.348179	-18.604254	98.62118	7.494638	8879.328212499619
87	1038.905	51.75524	1147.452	984.40076	233.3241	29.36081	266.34848	199.89003	856.6154	108.882614	1022.58057	658.8206	503.13245	222.69223	637.00775	117.48792	736.45654	238.01418	899.18207	326.12012	1895.5205	109.53744	2042.4031	1645.3318	1000.0	1000.0	347999	154.60646	26.031555	194.66621	61.339657	154.60657	26.034174	193.68651	60.965736	-7.16024	2.0505447	24.994555	-19.1392	104.67847	7.5803614	8979.938242912292
88	982.2131	81.28477	1057.3241	752.4648	172.44765	28.368906	220.25104	146.17049	1075.0065	37.661907	1128.328	1010.75665	513.48444	313.88095	717.1778	-28.919556	685.93207	286.02002	864.77954	191.33148	2057.2197	101.056	2139.7725	1779.1995	1000.0	1000.0	351999	155.0639	26.266336	196.63976	62.846504	155.0638	26.269903	194.94305	57.76972	-7.1656976	2.0411797	25.04477	-19.594803	104.85351	7.8020086	9080.610264539719
89	908.68964	69.447	1021.63696	825.055	196.82886	33.87913	242.21346	148.17123	786.2113	153.41318	1061.2219	620.6824	530.7435	246.45888	731.8669	109.25686	727.5724	225.07455	939.2345	351.4703	1694.901	218.81398	2040.1378	1480.7306	1000.0	1000.0	355999	155.1893	26.31523	195.95882	59.958027	155.1892	26.31881	195.98482	60.999695	-7.1747227	2.0616887	20.727049	-18.851387	107.70061	8.050084	9180.043255329132
90	966.103	47.881626	1045.1814	898.92053	219.82234	47.80825	290.6512	155.81645	946.6486	94.39399	1089.8741	836.1114	642.38	55.521507	699.6212	553.187	862.20233	45.52449	914.33563	797.02374	1912.7516	124.10551	2073.0725	1738.4856	1000.0	1000.0	359999	155.36758	26.625423	196.21921	59.342056	155.3679	26.627325	195.08888	56.919445	-7.1305623	2.0351267	26.906013	-18.66963	109.45632	8.047721	9281.333778619766
91	926.8507	52.77785	1015.58417	860.4953	202.81564	22.718662	218.54642	163.57764	979.2741	105.9628	1151.1434	874.5657	735.11145	46.74363	806.3901	689.0999	937.9271	62.101593	1020.1926	852.67755	1906.125	156.5951	2166.7275	1751.2938	1000.0	1000.0	363999	155.7194	26.986835	196.32143	59.2526	155.71922	26.990307	195.81651	56.344494	-7.0894923	2.0435858	21.67902	-19.513996	107.2941	8.061931	9379.764322042465
92	992.2604	2.0005004	995.02203	988.1929	210.21634	20.6621	230.53369	177.74095	-12.657518	0.41068113	-11.989072	-13.27987	240.18388	344.59335	725.7667	-87.18311	450.4002	331.29147	903.5077	119.99262	979.60284	1.9348576	982.08844	975.8167	1000.0	1000.0	367999	155.70718	27.228096	197.0606	57.528355	155.70706	27.231512	197.348	55.19465	-7.4735494	1.9245086	28.358929	-18.488096	107.94512	8.15335	9477.798506736755
93	996.5506	1.9556267	998.87213	992.3849	159.10365	18.246845	187.00452	138.8071	-17.975885	0.47201014	-16.944523	-18.68527	-134.02658	31.164799	-94.81871	-166.11899	25.077078	36.593456	74.84151	-18.316442	978.5747	2.02757	981.9276	974.4772	1000.0	1000.0	371999	150.94771	27.490288	192.46346	44.521084	150.947	27.497997	193.75607	35.384575	-8.226509	1.2770915	-4.5904016	-20.93061	101.19108	8.84345	9575.315378427505
94	988.1087	1.921787	990.95734	985.05273	205.94344	34.138206	253.52747	163.50316	-16.377981	0.565116	-15.4098425	-17.341513	-117.064255	35.491947	-82.92282	-170.71996	88.87919	27.820704	126.173676	49.725304	971.7308	2.068119	974.84656	967.7112	1000.0	1000.0	375999	145.8485	27.823927	187.39629	36.739555	145.84781	27.83155	185.95448	34.937412	-8.1928425	1.2798461	-4.693347	-17.946125	99.76623	9.197692	9674.910591840744
95	999.55096	2.7056491	1002.93	995.0736	198.12143	31.422224	239.73343	160.13586	-15.211215	0.5325637	-14.328057	-16.330801	-38.832993	46.42816	7.959567	-116.064896	159.28844	54.683666	247.69301	99.84417	984.33984	2.862133	987.9256	979.7559	1000.0	1000.0	379999	141.4357	28.260242	183.7634	28.073227	141.43489	28.26911	182.19237	26.830307	-8.150219	1.30282	-4.4356637	-20.132402	94.974335	9.471241	9771.832475185394
96	1000.4458	1.6616167	1003.6296	997.6796	226.70316	51.85992	299.84305	175.27951	-19.289711	0.4110372	-18.699495	-19.977404	-100.44865	58.25119	-51.77468	-195.33588	126.25451	87.490845	199.62434	-15.044833	981.15594	1.5329734	983.65216	978.85205	1000.0	1000.0	383999	138.0376	28.37196	179.89084	27.674904	138.03708	28.37925	178.54224	17.322971	-8.193206	1.2766957	53.352615	-18.54074	94.48122	9.346426	9869.563210248947
97	986.2279	3.336295	991.82025	979.449	254.61687	54.155243	322.5343	189.10388	-16.645344	0.41875044	-16.007444	-17.297161	-94.69627	58.77905	-52.635754	-195.00061	159.9206	48.570374	237.53178	111.41156	969.5827	3.325439	975.52246	963.08466	1000.0	1000.0	387999	135.19797	28.255436	174.59406	24.640463	135.19756	28.262562	174.01169	23.913517	-8.2130995	1.2676762	-4.521387	-17.738071	92.17014	9.141968	9968.056039094925
98	988.83875	2.75104	994.11554	984.89886	237.90933	36.338833	278.93402	187.71335	-16.86396	0.34156626	-16.217478	-17.432362	-115.86308	57.430817	-64.207016	-211.47385	122.04625	33.658756	156.93665	67.46018	971.9748	2.7612169	977.20575	968.27124	1000.0	1000.0	391999	132.90808	28.095663	173.87831	21.445759	132.90742	28.10315	174.62692	21.181488	-8.224159	1.2650142	6.6111603	-18.783035	90.07377	9.150674	10065.49342918396
99	986.93475	3.4729838	990.66974	978.21484	254.75856	70.211525	331.1764	140.43445	-20.894444	0.23739092	-20.52555	-21.255272	-88.61865	34.608288	-51.197575	-132.2167	166.13991	95.14247	279.97882	27.786661	966.04034	3.5268881	969.462	956.9596	1000.0	1000.0	395999	131.17505	27.668285	171.9763	22.517784	131.17496	27.672983	170.71806	22.344873	-8.211069	1.2836716	-4.403986	-22.325958	87.850784	8.989592	10162.434294462204
100	996.3747	2.4042456	1000.7066	992.1147	232.64404	26.951557	265.1297	191.73929	-24.733372	0.404806	-24.079931	-25.595156	-114.634476	68.50322	-40.936028	-186.28943	118.00955	46.954693	176.82552	65.569176	971.6414	2.4075768	975.8048	967.3212	1000.0	1000.0	399999	129.65215	27.432156	169.38113	21.91662	129.65189	27.43711	167.95058	19.672663	-8.193229	1.2880398	-4.5388784	-20.256788	85.99707	8.964332	10260.883073806763
101	997.0161	1.988143	1000.7015	993.4059	171.58957	64.66292	264.93973	106.17007	-19.224648	0.45091859	-18.537453	-20.0234	-75.87669	26.86407	-49.92921	-120.398155	95.71287	86.05957	215.01051	-3.6465874	977.7914	2.114394	982.16406	974.4061	1000.0	1000.0	403999	128.47734	27.150185	166.53737	23.094822	128.47723	27.154535	166.31609	20.511524	-8.232817	1.2791476	-4.6025853	-19.133408	84.91205	8.928886	10359.586102247238
102	990.6942	2.33859	995.78436	986.77216	207.41728	121.93057	401.59622	66.809555	-20.021822	0.42076463	-19.443167	-20.971575	-56.23334	17.915413	-38.86467	-84.57785	151.18394	132.58734	362.73157	8.365707	970.6725	2.420419	976.3412	966.9186	1000.0	1000.0	407999	127.67384	26.822763	167.14185	22.573582	127.67381	26.827244	165.1327	18.735603	-8.244293	1.2755437	-4.589303	-18.560307	81.9421	8.845848	10457.855603456497
103	989.8307	2.1486204	992.9151	985.4715	201.13507	33.544712	236.05164	148.50995	-17.291866	0.44644594	-16.668907	-18.03948	-107.902664	60.692566	-3.0906193	-148.74971	93.23241	81.49608	220.23335	-0.2397699	972.5389	2.2572172	975.884	967.43207	1000.0	1000.0	411999	127.18874	26.366123	165.68045	27.156841	127.18852	26.370506	165.6437	23.56646	-8.241578	1.2744658	-4.5893273	-18.224287	83.70879	8.700772	10560.08598613739
104	995.89294	1.955414	999.04095	992.593	205.379	39.36743	237.6933	139.54565	34.298393	4.533988	41.88245	24.459166	-40.32203	57.056442	55.623077	-88.31516	165.05698	87.67436	293.31638	51.23049	1030.1913	4.651113	1038.7635	1020.25244	1000.0	1000.0	415999	126.82468	25.977694	163.60547	25.951145	126.82493	25.981377	163.14911	21.399601	-8.1747675	1.3762333	13.733639	-17.761642	81.12851	8.653985	10662.370602846146
105	983.0505	1.7398083	985.48486	980.2935	211.6277	59.482677	284.74707	119.09586	72.48375	10.948269	99.89078	62.967854	58.173306	29.540453	95.875595	13.020014	269.80103	88.929825	380.62268	132.11588	1055.5343	10.496784	1080.1843	1045.5745	1000.0	1000.0	419999	127.74723	25.41683	164.13509	25.024723	127.74737	25.41914	164.69627	25.614296	-7.985445	1.5984616	14.420905	-20.80222	79.44753	8.385873	10766.64528131485
106	995.0498	2.35496	999.1438	990.6909	214.32019	38.34854	272.32617	171.6524	-11.090632	0.4960566	-10.315935	-12.114075	-3.7873857	89.87429	80.54738	-153.28273	210.5328	55.97254	270.17526	119.043434	983.9591	2.3493748	987.84424	979.92926	1000.0	1000.0	423999	128.91605	25.135912	166.02963	29.784801	128.91599	25.139835	165.76627	24.970308	-8.0628195	1.5406964	8.766291	-21.212696	80.52648	8.244223	10866.705366373062
107	996.404	3.3597965	1001.45685	990.67395	198.44458	21.558315	231.0356	178.35272	-16.358831	0.49035287	-15.665068	-17.11007	-130.45085	56.426544	-45.003178	-203.14177	67.99374	58.539833	133.34955	-23.498104	980.0453	3.2015016	984.3468	974.14703	1000.0	1000.0	427999	129.06523	24.984262	165.9808	29.9679	129.06535	24.987757	165.25864	23.128012	-8.250701	1.2757734	-4.4611545	-19.319126	79.42333	8.187386	10965.988648891449
108	985.98645	1.8782537	988.7583	983.0419	203.94194	7.603539	216.19084	195.30002	-17.954937	0.6067863	-17.383818	-19.192127	-60.570473	18.627333	-44.459934	-92.27465	143.37146	11.262006	150.84009	123.9162	968.03143	2.2231596	970.664	964.3416	1000.0	1000.0	431999	128.81657	24.669832	164.75867	24.223982	128.81659	24.674234	163.52228	25.451172	-8.26444	1.2762628	-4.444858	-19.175594	82.41906	8.204478	11063.432395458221
109	983.2943	2.643911	987.4327	978.4062	220.03433	19.9488	246.37042	192.5704	-26.018574	0.5598016	-24.719137	-26.68958	-73.577354	63.123455	17.42003	-159.95114	146.45697	57.876766	209.99043	52.181725	957.27576	2.4543722	961.1123	953.18304	1000.0	1000.0	435999	128.56339	24.332123	166.21585	32.178978	128.56377	24.333874	164.27483	27.999006	-8.2232685	1.3000814	-4.3879347	-19.827812	82.58251	8.036327	11161.435387134552
110	1000.022	2.6306894	1003.78143	994.50085	161.2305	19.982847	193.10553	142.45047	-21.265818	0.7051681	-20.008665	-22.388546	-61.435886	33.25508	-25.401716	-111.12451	99.79459	48.575863	167.70381	31.325953	978.7562	2.9152427	982.2782	972.1123	1000.0	1000.0	439999	128.48203	23.788887	164.49895	31.944653	128.48193	23.791435	163.80573	26.597385	-8.190325	1.3107538	-4.223469	-19.702267	80.91608	8.112771	11259.118794441223
111	985.4188	3.0774052	989.89984	980.9424	201.50035	36.79453	239.24284	163.27516	-22.823038	0.6412381	-21.72355	-23.586657	-108.30101	30.794474	-78.44707	-158.0291	93.19935	54.45008	149.70187	8.148791	962.5958	3.3143845	966.41516	957.6956	1000.0	1000.0	443999	128.33932	23.640566	163.95909	29.37951	128.33958	23.644228	163.34038	27.601227	-8.203532	1.3176224	-4.1529202	-19.39343	79.965454	8.158132	11357.528861522675
112	979.5832	1.8259957	983.4078	977.6356	236.2447	55.814144	323.82294	173.83853	-9.915308	0.29236597	-9.606241	-10.553973	-52.212505	19.98617	-29.961046	-80.87337	184.0322	38.154427	242.94958	136.24728	969.66785	1.6984981	972.85376	967.6641	1000.0	1000.0	447999	128.23492	23.533024	163.51581	25.966412	128.23512	23.534914	162.9437	23.604988	-8.223431	1.3030051	-4.3274603	-19.129517	81.63581	8.104	11455.14942407608
113	993.05096	3.4474916	998.4748	987.2478	237.64102	40.31101	293.08594	191.88185	-24.872406	0.39509204	-24.16219	-25.625214	-95.000946	34.36141	-38.62711	-125.34867	142.64008	32.25275	167.73727	87.4964	968.1787	3.6009982	973.1356	962.1632	1000.0	1000.0	451999	128.30693	23.30084	163.85065	29.810204	128.3072	23.30264	162.74258	26.96557	-8.226194	1.2933208	-4.3895917	-18.700003	80.36555	8.073503	11552.844482898712
114	986.34753	2.4129286	992.1106	983.1189	214.06256	21.474073	242.8117	183.3666	-19.276096	0.4144751	-18.888971	-20.19572	-62.646008	40.161686	3.2334318	-105.30223	151.41655	30.456408	186.60002	103.6554	967.0715	2.4809237	973.2216	964.22955	1000.0	1000.0	455999	128.45644	23.121489	163.62051	25.9234	128.45651	23.124332	162.76286	28.289923	-8.21406	1.3017856	-4.3132772	-18.3264	80.45695	7.955514	11650.846192121506
115	984.78986	2.5250785	989.0355	981.2739	127.67743	61.47573	213.86174	41.476	-20.675243	2.569029	-15.265927	-22.648726	-78.33361	47.06681	-31.643612	-146.47307	49.343822	62.656876	107.41427	-56.200764	964.1146	4.2398915	972.3902	958.7281	1000.0	1000.0	459999	128.63728	22.784235	164.55652	33.50327	128.63747	22.78638	163.33145	30.656477	-8.2073555	1.3204303	-4.397411	-19.392792	83.28958	7.8472667	11748.900293111801
116	988.12146	1.5199972	991.09357	986.1708	195.8629	51.98978	267.15997	139.19646	-22.638308	0.6005222	-21.192047	-23.207937	-78.03967	54.414337	4.1949334	-148.84776	117.82322	75.08354	182.38669	-9.651302	965.4831	1.7662746	968.85895	963.16724	1000.0	1000.0	463999	128.69612	22.822306	164.47601	28.085438	128.6962	22.825138	163.73904	26.131744	-8.190918	1.3146503	-4.139392	-20.111374	84.987564	8.034092	11849.048716068268
117	985.3507	1.6689717	988.1545	982.8155	216.39294	33.263622	261.1142	170.91557	-21.695642	0.48099133	-20.793146	-22.34854	-80.834656	61.774586	-23.316227	-172.69476	135.55829	81.086395	206.82278	-1.7791804	963.6551	1.5976492	966.5655	960.71454	1000.0	1000.0	467999	128.73444	22.79395	163.82819	27.29104	128.73476	22.795979	163.4441	24.526527	-8.230442	1.290978	-4.3507676	-18.27692	85.32777	7.9753118	11971.033141613007
118	992.9757	1.9537644	994.8812	988.0659	202.06683	20.78497	224.09818	170.54578	-20.093075	2.9015162	-14.235734	-22.458519	-116.457985	33.378178	-85.24183	-166.68	85.60884	32.106678	136.88016	50.23305	972.8826	2.8424032	980.4285	969.5867	1000.0	1000.0	471999	128.89713	22.605799	165.0751	30.772255	128.89699	22.608555	163.7661	29.94175	-8.210138	1.3146684	-4.4565783	-18.17859	82.56302	7.8018723	12092.149665117264
119	995.90857	2.8614526	1000.26263	992.0569	197.00304	31.847202	244.99306	167.59933	-19.952278	0.68098724	-18.709675	-20.88938	-133.33144	43.556576	-57.9349	-160.28761	63.671593	37.531673	109.66444	9.781144	975.95624	2.9542572	979.8177	971.51166	1000.0	1000.0	475999	129.0353	22.38051	164.87491	30.040642	129.03561	22.382309	163.33136	29.651695	-8.221696	1.3000822	-4.412005	-18.747322	81.76358	7.665314	12210.081312179565
120	990.3042	2.235489	993.7827	987.0389	211.60266	16.885443	228.48705	183.61739	-21.20761	0.4949474	-20.45989	-22.05179	-66.601	27.332342	-26.129377	-103.13323	145.00166	12.292464	157.48802	125.353806	969.0967	2.3323698	973.2512	965.4488	1000.0	1000.0	479999	129.25584	21.956438	164.61974	36.32087	129.25594	21.959341	164.36183	33.75594	-8.20172	1.3049318	-4.4644933	-18.008865	84.05415	7.6666503	12311.152606964111
121	992.75507	2.1547914	996.24976	988.41437	194.68738	28.046097	224.72191	163.10674	-21.227783	0.6256704	-20.387215	-22.43072	-75.73636	47.70061	-5.3208065	-138.82043	118.951004	32.203106	165.18236	85.901474	971.5272	2.10599	974.20935	966.8623	1000.0	1000.0	483999	129.67342	21.478008	163.06415	30.12293	129.6736	21.47984	162.99788	29.487782	-8.162972	1.3269757	-4.152996	-19.710056	81.98433	7.5918164	12406.89665722847
122	989.4886	1.7945809	991.42834	984.7823	270.10443	51.740242	348.4314	207.63083	-27.932608	3.1346202	-21.50398	-30.137335	-48.54223	36.876396	3.531972	-93.63602	221.56221	63.39985	278.0968	113.99481	961.556	2.700114	968.88116	958.6677	1000.0	1000.0	487999	129.84254	21.194462	165.79472	30.458012	129.84279	21.196167	164.12578	28.314507	-8.1614685	1.321967	-4.3300304	-18.469217	80.46914	7.544224	12501.856036424637
123	986.4958	3.08563	993.64026	983.0076	227.99187	5.230515	235.59747	222.15984	-21.217892	1.8247226	-20.110725	-26.606195	-71.17859	34.72202	-39.790882	-129.08759	156.81326	36.542446	185.80801	95.18883	965.27783	3.7698736	973.21497	958.4443	1000.0	1000.0	491999	129.95941	21.099625	165.13495	33.917328	129.9595	21.100721	163.99495	34.60428	-8.18292	1.330771	-4.220335	-20.145267	82.090805	7.513097	12599.37068605423
124	998.6502	1.8482002	1002.2494	995.9521	163.19528	85.91339	286.50598	51.668037	-20.863846	3.1244416	-14.591597	-23.26993	-61.366966	36.23574	-23.801767	-120.85713	101.82832	51.961216	165.64886	27.866272	977.78644	3.0595667	984.35645	973.6388	1000.0	1000.0	495999	130.2309	20.994728	163.83965	37.22625	130.23103	20.996822	164.76385	37.31162	-8.200909	1.318401	-4.072583	-18.233088	80.350296	7.50566	12697.858194828033
125	995.68274	2.5298038	1000.3451	991.8474	205.63603	21.13511	238.68309	182.68996	-22.829647	0.47856575	-22.020388	-23.621487	-81.788315	34.9116	-38.201496	-117.371284	123.84772	46.544735	181.85222	65.318665	972.8529	2.5279427	977.1293	968.89685	1000.0	1000.0	499999	130.41129	20.871302	164.89098	38.11979	130.41136	20.87265	163.99228	38.49443	-8.177924	1.3321391	-4.1396	-19.088623	82.163704	7.431498	12794.336532354355
126	990.062	1.4862758	991.9283	987.7231	186.64053	47.528656	231.99179	106.861786	-18.320187	0.5942174	-17.144745	-19.21582	-95.95116	56.817234	-51.740013	-192.53673	90.689384	104.07095	180.25179	-85.67494	971.7418	1.9522043	974.7063	968.693	1000.0	1000.0	503999	130.54997	20.737186	165.08621	37.631134	130.55019	20.737925	164.3696	34.73788	-8.162164	1.3262068	-4.0844526	-17.940802	84.44775	7.5837984	12893.027321338654
127	990.42883	1.7116811	992.6913	986.8753	181.28963	22.024199	199.39264	144.64612	-23.36178	2.2102087	-17.032461	-25.042248	-91.742744	70.16402	-25.791637	-209.43167	89.54687	67.10056	140.4389	-25.869005	967.067	2.2672157	972.516	963.97644	1000.0	1000.0	507999	130.55315	20.79052	166.35222	39.29513	130.553	20.792229	164.8177	36.844124	-8.178176	1.3057826	-4.1406126	-18.933699	85.730446	7.652474	12989.830186128616
128	991.1429	2.3239276	995.3199	985.8542	192.5406	37.102467	242.9756	156.66364	-22.486538	0.7003722	-21.225836	-23.53656	-70.6642	57.10853	1.4599372	-130.2279	121.87641	79.09268	244.43555	27.01978	968.65643	2.545939	972.52405	963.093	1000.0	1000.0	511999	130.58379	20.751318	164.36348	41.713844	130.584	20.751175	164.65277	40.19962	-8.190921	1.3145767	-4.3013268	-19.005146	86.2278	7.6572814	13086.32855463028
129	987.9618	2.1571422	991.07825	985.13947	232.2187	20.059076	265.2769	216.11359	-19.249111	0.42913345	-18.46019	-19.903978	-55.370773	12.223264	-36.15923	-69.25396	176.84793	17.3278	203.95479	161.45963	968.7127	2.1978817	972.2224	965.64874	1000.0	1000.0	515999	130.76176	20.596033	164.41019	38.322285	130.76192	20.597109	164.79929	40.113354	-8.191007	1.3164632	-4.07712	-18.44857	84.77766	7.448753	13184.011012077332
130	996.91473	2.3043892	1001.0493	994.47906	202.65608	51.3086	279.26392	134.90582	-22.771374	3.3717408	-17.170027	-25.421543	-62.274418	42.180058	-9.542451	-121.21037	140.38165	51.322773	192.69754	55.199547	974.14325	3.5622678	980.17896	969.3947	1000.0	1000.0	519999	130.9856	20.509375	165.65022	35.82301	130.9858	20.509691	164.86288	36.29931	-8.182539	1.3179651	-4.128808	-19.36825	84.85544	7.4994974	13281.135004758835
131	995.5619	2.6184945	998.9636	990.87256	224.70651	8.690326	233.8665	211.43399	-18.352892	0.7366038	-17.010397	-19.386127	-67.03457	43.438408	-8.208122	-114.716286	157.67197	39.160133	203.22588	107.94989	977.209	2.5891557	981.3087	972.3078	1000.0	1000.0	523999	131.11209	20.54305	165.23119	33.975903	131.11227	20.545088	165.17532	34.872482	-8.121685	1.3460534	-4.0105796	-20.659798	81.99442	7.5599813	13378.21765780449
132	990.0241	2.2146792	992.7848	986.2096	199.32678	25.147945	225.11488	160.34721	-19.363127	0.38651514	-18.834993	-20.141562	-49.219414	28.499342	-15.108085	-85.62668	150.10739	30.389969	202.17746	127.03117	970.661	2.148395	973.64545	967.1218	1000.0	1000.0	527999	131.35777	20.458807	166.17834	34.00705	131.35768	20.461126	165.58449	37.855896	-8.13048	1.3468626	-3.871832	-18.70993	78.28903	7.4053993	13475.59951376915
133	999.61426	1.4575921	1001.3895	996.9141	269.70593	32.23201	308.23904	218.88884	-22.132013	0.4661333	-21.052748	-22.542206	-30.919937	43.205452	28.020308	-78.42487	238.78601	56.422134	336.25937	199.97093	977.48224	1.609257	979.10754	974.38776	1000.0	1000.0	531999	131.44322	20.591158	166.96356	32.570686	131.44319	20.593252	165.5885	26.47048	-8.132242	1.3445878	-4.04578	-18.90138	77.08519	7.546204	13573.242500543594
134	1000.8387	1.8789071	1004.7776	997.96277	188.48335	52.57037	248.7489	106.63585	-20.829346	0.5501976	-19.859621	-21.768387	-67.73904	60.817596	-10.709981	-165.55423	120.744316	32.042	160.17273	83.19467	980.0094	2.1487982	983.9191	976.71313	1000.0	1000.0	535999	131.56763	20.559174	166.5219	32.94574	131.56792	20.559946	166.02916	36.361813	-8.155319	1.3167925	-4.260557	-18.602745	77.22895	7.5369296	13674.07528591156
135	989.9678	4.2700706	994.59485	982.64136	279.01004	98.03471	420.03708	143.45154	-21.539223	0.436173	-20.886564	-22.237803	-137.70956	62.051296	-48.998867	-219.96916	141.30046	129.94064	298.39465	-16.776299	968.4285	4.13929	972.7569	960.8409	1000.0	1000.0	539999	131.5755	20.589705	166.18991	33.64319	131.5754	20.590734	167.21469	32.97029	-8.157992	1.3293614	-4.1318674	-18.800255	76.50324	7.5746717	13779.825597524643
136	993.49384	1.5283728	995.36194	991.35016	175.64761	24.932493	213.3008	148.03058	-22.544094	0.4896003	-21.898836	-23.488941	-51.68897	5.3949313	-42.760254	-57.22162	123.95865	26.949295	159.51233	90.80896	970.9498	1.5546404	973.4631	968.38934	1000.0	1000.0	543999	131.4596	20.564535	166.39009	35.054886	131.4597	20.565779	165.84132	28.02563	-8.186496	1.3205465	-4.171523	-19.23439	74.66275	7.6481233	13888.139699935913
137	985.8843	3.187987	989.4638	980.10913	205.72159	46.541206	277.40588	147.07124	-22.705828	0.5179902	-21.744576	-23.579054	-64.16676	48.58927	8.081917	-118.35995	141.55482	56.93891	206.61888	50.17129	963.1784	3.5244195	966.87787	956.5301	1000.0	1000.0	547999	131.41435	20.645592	166.3434	39.983383	131.41437	20.646027	165.42703	31.45316	-8.145764	1.3410811	-4.1521187	-19.981024	74.86063	7.7799034	13993.15276670456
138	987.55273	1.9400733	990.50024	984.9851	256.65506	42.902348	311.43542	211.86502	-22.535511	2.6160574	-17.131754	-25.711927	-77.86078	34.15234	-38.771656	-132.53152	178.79428	72.22755	272.6638	85.17615	965.0172	3.61565	972.05646	961.0279	1000.0	1000.0	551999	131.3763	20.607906	166.27605	38.506607	131.37637	20.610283	165.7887	37.288563	-8.100246	1.3469507	-3.8536892	-19.222183	72.80588	7.6886034	14101.264560461044
139	988.9074	1.9135369	991.93555	985.5733	243.45312	50.382996	320.62988	185.4347	-25.275723	2.4467716	-18.035301	-26.758247	-30.461563	34.062065	21.108356	-69.12908	212.99158	77.57615	341.73825	134.32639	963.6317	2.2369175	967.538	959.7193	1000.0	1000.0	555999	131.62772	20.309393	166.3576	43.905464	131.62808	20.309963	165.47029	39.76362	-8.096458	1.3456962	-4.275463	-18.301395	73.03139	7.485087	14209.53545331955
140	992.6699	1.8904629	995.40717	989.0277	250.18375	33.095272	295.41412	207.73793	-22.82381	2.413511	-15.706196	-24.314415	-74.36958	70.47039	12.887325	-181.89134	175.81416	91.6457	308.30145	50.623188	969.846	3.636817	979.701	966.3971	1000.0	1000.0	559999	131.65741	20.21223	164.78186	42.61853	131.65736	20.213001	165.31541	42.311707	-8.098452	1.3386523	-4.121273	-19.663673	75.49209	7.6189923	14312.97808766365
141	988.00714	2.2994592	991.44476	984.0119	255.02824	55.717846	332.49738	174.94862	-25.415472	2.8125086	-19.898	-27.91373	-57.343437	33.6042	-13.870454	-94.26853	197.68483	37.4458	246.95844	161.07817	962.5917	3.305325	970.087	957.1111	1000.0	1000.0	563999	131.83267	20.050005	165.81386	40.499393	131.83276	20.050184	164.78946	38.596554	-8.091934	1.3430713	-4.138905	-19.357964	70.97	7.567422	14413.811019659042
142	986.7308	2.5406635	991.3066	983.51526	234.49103	59.63571	319.83472	172.8863	-20.610746	0.53546304	-19.945927	-21.634699	-47.866413	30.88911	-10.591763	-96.46403	186.62462	73.621025	278.4412	76.42228	966.12	2.389293	970.1915	962.4066	1000.0	1000.0	567999	132.01675	19.9251	167.1402	46.292164	132.01689	19.925316	166.48962	45.448647	-8.082449	1.3715492	-3.7290716	-19.595213	72.1873	7.5625606	14513.708634614944
143	981.90497	2.1159441	985.2177	977.69403	200.34323	88.92251	339.3865	106.29985	-24.651161	0.6448657	-23.643343	-25.655437	-105.02099	62.797535	-27.930052	-172.75848	95.32225	141.81386	280.67407	-54.38315	957.2538	2.3357759	960.257	952.6973	1000.0	1000.0	571999	132.14244	19.917364	165.90639	36.460983	132.14268	19.917097	165.62146	37.008663	-8.098364	1.3432335	-4.1006193	-18.63585	73.901215	7.536675	14613.71224141121
144	997.38184	3.3994248	1002.99054	992.0518	211.04947	32.60613	257.0192	170.23848	-23.469425	3.1089866	-17.059309	-25.921295	-73.563484	51.277733	-12.802218	-151.84717	137.48598	79.50887	210.84319	18.391312	973.9123	4.955949	980.94934	966.396	1000.0	1000.0	575999	132.34212	19.863462	166.53743	40.988426	132.34222	19.86308	165.95848	34.507534	-8.105067	1.3533525	-4.091112	-18.453896	76.54258	7.4101152	14711.638668298721
145	974.7916	1.7606777	977.3675	972.2546	185.42685	58.57151	242.55379	109.84002	-20.339392	3.4019263	-14.330189	-23.423155	-94.149124	78.8797	-32.014652	-229.41231	91.277725	63.56324	190.32173	13.073597	954.45215	4.289799	961.32153	949.0856	1000.0	1000.0	579999	132.53783	19.940077	166.34668	29.157625	132.53783	19.941141	166.38644	36.27083	-8.104801	1.3445145	-4.2295055	-17.916063	75.06269	7.5564375	14811.028194189072
146	999.0753	1.2114618	1000.8952	997.51605	231.32816	41.585033	292.2206	180.41548	-21.428814	0.8995403	-19.46234	-22.341394	-71.840645	33.854656	-33.899616	-112.636024	159.4875	55.435883	248.97968	96.85779	977.64636	1.2240368	979.5537	975.8785	1000.0	1000.0	583999	132.60077	20.018486	165.77435	31.235928	132.60098	20.01758	169.07617	32.348095	-8.0964365	1.3408386	-3.9013338	-18.775723	79.038284	7.6782117	14911.569476604462
147	980.83435	2.6040373	984.8901	976.2611	191.39719	40.070255	254.9359	149.21828	-18.734222	0.49003536	-18.055464	-19.68527	-82.77064	23.469034	-61.230415	-117.93439	108.62653	49.28398	164.66074	31.28389	962.1001	2.6622689	965.81335	957.5423	1000.0	1000.0	587999	132.76212	20.039824	166.92705	22.473398	132.76218	20.0391	166.07214	12.476488	-8.067702	1.3619666	-4.0634828	-19.469135	82.68709	7.66784	15011.829698562622
148	996.0239	1.2007767	997.4852	993.45996	286.70193	34.20836	328.32773	242.52492	-20.38062	0.39019197	-19.779371	-21.191637	-56.06494	67.06204	48.604427	-133.76973	230.637	95.05114	358.86734	108.75518	975.6434	1.2908981	977.19684	972.6416	1000.0	1000.0	591999	132.82549	19.925894	166.26381	13.324881	132.82562	19.926828	166.8526	1.7674084	-8.087992	1.3615661	-3.9157715	-19.002285	81.27657	7.5052404	15111.960703611374
149	999.424	2.7093866	1003.58344	995.02686	180.90898	29.139706	215.18272	135.1748	-22.66738	0.6359881	-21.68878	-23.68785	-70.96016	26.295477	-34.95963	-106.42251	109.94882	7.043482	120.0272	100.21517	976.75665	2.7018085	981.04144	972.2373	1000.0	1000.0	595999	132.99207	19.8033	166.43378	8.107167	132.99207	19.802706	166.69109	0.6678152	-8.082845	1.3616625	-3.949998	-18.52328	74.98211	7.6257534	15211.681204080582
150	985.93445	2.6677759	989.6016	980.2187	185.5343	79.71851	255.75253	61.61038	-19.072117	1.6729238	-17.34545	-23.868513	-67.59069	54.799515	10.155544	-137.17618	117.94362	102.33882	265.49777	13.306291	966.8622	3.1042178	972.25616	961.4138	1000.0	1000.0	599999	132.96303	19.81519	166.29726	5.9846554	132.96294	19.816275	166.2728	-12.382958	-8.072599	1.3734516	-3.8089876	-18.41449	70.761566	7.4787407	15310.625131607056
151	991.2581	1.48563	993.4801	988.2647	204.53716	8.482033	215.37125	191.8448	-25.094074	0.5889248	-24.192558	-26.03806	-63.65695	26.719437	-42.211346	-109.3816	140.8802	26.919403	166.12538	98.03144	966.16406	1.7680542	968.92035	963.43994	1000.0	1000.0	603999	133.1846	19.766426	167.28192	5.9977007	133.18398	19.770926	166.2198	-21.939833	-8.082826	1.3523369	-4.1310635	-19.91667	72.722534	7.532698	15410.274916172028
152	993.1874	2.943682	998.545	988.90924	212.69028	22.638968	236.94507	179.71753	-23.581768	3.2511613	-19.73468	-27.96011	-57.34047	21.446352	-38.16006	-91.46525	155.3498	21.189203	191.86209	139.74187	969.60565	4.2327657	976.2664	961.47156	1000.0	1000.0	607999	133.24548	19.75957	166.81126	6.018789	133.24455	19.765882	166.80588	-17.698553	-8.080062	1.3650922	-4.0459776	-19.701605	68.41787	7.527739	15517.9336810112
153	995.1367	2.7873213	1001.5505	991.4113	192.74892	37.763615	254.8493	156.79152	-22.316738	0.3282822	-21.713675	-22.70724	-86.157776	29.740276	-51.320507	-128.13382	106.59113	12.847325	126.715485	91.03136	972.82	2.8161502	978.9561	969.0212	1000.0	1000.0	611999	133.42375	19.68355	167.83661	6.038671	133.42326	19.686779	166.97285	-18.069155	-8.076306	1.3534541	-4.219944	-20.324102	66.77384	7.6670027	15629.227001428604
154	987.13074	2.3790398	992.45184	984.409	238.00317	14.8011265	253.75713	221.2748	-22.917593	3.4604104	-18.237465	-26.71012	-62.91796	26.256376	-29.021532	-88.617935	175.0852	26.504875	206.04507	136.90334	964.2132	4.7791038	973.7389	958.3307	1000.0	1000.0	615999	133.25749	19.823162	167.24649	6.06159	133.25642	19.831123	167.63538	-16.460745	-8.076104	1.3544519	-3.9688282	-19.693226	65.4875	7.565766	15740.084029436111
155	989.4217	2.3876326	994.6395	986.3723	223.41144	67.706406	328.9829	141.70566	-22.47107	0.73170364	-21.302475	-23.68167	-60.050945	19.23692	-31.56464	-81.036575	163.36047	54.826427	255.17563	110.14102	966.95056	2.8119302	972.8744	962.9123	1000.0	1000.0	619999	133.3559	19.606327	167.61128	6.079285	133.35556	19.609467	168.0661	-11.542576	-8.04785	1.369616	-3.9134398	-19.667082	65.05003	7.2968154	15855.459609746933
156	991.1921	2.2207623	993.6777	987.66693	254.74677	39.034374	311.8125	216.17911	-20.640085	0.58314216	-19.347443	-21.332758	-63.394485	26.27487	-24.075592	-93.69364	191.35228	56.940304	287.7369	141.97578	970.55194	2.5416484	973.4461	966.4655	1000.0	1000.0	623999	133.55498	19.470545	167.31047	6.1068344	133.5545	19.473927	166.63812	-7.0036345	-8.046627	1.3659372	-3.8690891	-19.049652	65.16126	7.440007	15968.449433088303
157	987.47736	2.3811789	990.7803	983.36597	232.93365	34.802902	277.6157	183.50726	-28.446	3.2517018	-23.703321	-31.861925	-110.33271	48.765774	-29.614376	-154.53558	122.60094	68.23667	219.73175	28.971687	959.03143	4.835907	965.85077	952.1009	1000.0	1000.0	627999	133.52197	19.533949	167.3944	6.1299105	133.52124	19.538408	167.22777	-11.595924	-8.056534	1.3658189	-3.6960673	-20.872335	61.671192	7.492439	16080.317960739136
158	994.45636	2.024437	998.1473	991.3577	236.5366	24.943497	262.4424	195.58974	-27.18214	0.74769443	-25.599012	-28.137053	-79.33949	30.014593	-45.299664	-123.82248	157.19711	42.160656	202.66896	107.12734	967.27423	1.9595348	971.0836	963.72986	1000.0	1000.0	631999	133.71992	19.459993	167.37244	6.152516	133.71948	19.462965	167.57912	-9.271559	-8.039435	1.3771335	-3.9809847	-18.221264	57.29236	7.302204	16182.505089044571
159	988.8791	2.142179	991.99756	984.35065	283.55716	26.72014	311.921	249.40363	-22.226944	0.5529484	-21.264832	-22.84742	-39.457962	29.524824	0.12603992	-75.69604	244.09921	27.4255	283.49277	207.14943	966.65216	2.1888368	969.8953	962.9613	1000.0	1000.0	635999	133.87692	19.453125	167.87808	6.17717	133.87659	19.457773	168.03282	-10.826551	-8.042411	1.3698874	-4.0571694	-18.07809	59.89596	7.414175	16281.73018336296
160	991.68884	1.9978889	995.21606	988.3506	213.41272	37.07826	262.77716	165.23271	-21.82077	3.2878323	-18.221039	-26.233044	-38.28508	15.030161	-20.383553	-56.801785	175.12764	41.369568	213.84294	108.43092	969.86804	3.3344438	974.9002	964.7508	1000.0	1000.0	639999	133.89459	19.48773	167.73753	6.1997323	133.89381	19.492956	166.81877	-11.43584	-8.032818	1.3852619	-3.5973501	-21.76351	56.56252	7.5522075	16381.29320192337
161	995.6965	2.9097455	999.2868	989.2615	188.42004	68.55552	274.34546	95.4026	-19.621674	0.62198144	-18.562824	-20.745699	-134.51437	58.111538	-75.969955	-220.0236	53.90569	47.044502	118.6366	8.948355	976.0748	3.0651758	980.3959	969.68976	1000.0	1000.0	643999	133.99664	19.469683	168.8041	6.2201734	133.9962	19.474419	172.40001	-8.964001	-8.068683	1.3605472	-4.0283203	-20.497604	57.634445	7.4675326	16479.74589419365
162	997.66614	2.2852728	1002.04834	994.69196	279.89313	45.603252	355.39542	233.35437	-21.187017	0.37609658	-20.646559	-21.89099	-67.92587	20.944872	-32.492844	-86.97544	211.96729	66.43557	322.9026	146.37892	976.4791	2.2785053	980.9713	973.28986	1000.0	1000.0	647999	133.97623	19.585354	170.17891	6.2444224	133.9763	19.58571	169.16612	-5.3543367	-8.022938	1.370873	-3.8531532	-19.552805	59.428757	7.478738	16577.351249694824
163	988.6829	1.5587422	991.0967	986.58746	245.1712	31.74241	264.04147	190.2032	-20.316034	0.2326727	-20.084517	-20.875706	-90.45288	8.56567	-79.21806	-103.183495	154.71834	33.234413	184.82341	99.07089	968.3669	1.712927	970.9747	965.71173	1000.0	1000.0	651999	134.01611	19.57422	169.30229	6.2716007	134.01591	19.575518	168.04733	-6.959594	-8.0132675	1.3822998	-3.8517923	-17.663315	63.37551	7.5214825	16673.829233407974
164	991.66394	1.780037	994.2628	988.419	227.79399	11.416125	245.39616	213.62482	-19.237494	0.45472872	-18.260876	-19.90889	-131.36218	23.750498	-101.58538	-166.80771	96.43181	34.52409	143.81078	46.817112	972.42645	1.9049509	975.28986	968.8819	1000.0	1000.0	655999	134.0135	19.692966	168.73592	6.3000317	134.01294	19.697153	168.6757	-12.745322	-8.035676	1.3667072	-3.8321114	-19.855396	60.70531	7.5671926	16770.92391896248
165	989.99835	2.0686023	992.9548	986.0686	242.4724	83.41537	370.65604	136.89957	-22.050505	2.939527	-16.172281	-24.48009	-67.37996	34.663612	-32.05199	-120.662094	175.09242	101.49291	328.957	61.79286	967.9479	3.996115	975.53265	962.58813	1000.0	1000.0	659999	133.98524	19.746155	168.72263	6.3211026	133.98494	19.748425	169.15352	-13.1476	-8.023959	1.3654562	-3.7955852	-19.26582	52.50364	7.71859	16867.80620741844
166	991.8873	2.7310748	996.33124	988.39667	215.5429	19.666498	243.9171	194.2348	-22.729553	0.6323773	-21.497486	-23.433306	-71.001465	26.873678	-50.5864	-117.13856	144.54141	13.366195	162.83035	126.77855	969.1577	2.8352437	974.44574	966.1938	1000.0	1000.0	663999	134.02766	19.749495	168.28778	6.345663	134.02757	19.751253	169.02477	-8.604244	-8.028653	1.3669529	-4.091132	-19.208443	55.140625	7.589619	16963.247061252594
167	998.45544	1.6939297	1000.54156	994.7862	277.27118	12.590747	293.4565	258.98148	-20.731028	0.57945174	-19.7454	-21.557873	-72.058754	32.44416	-32.024303	-118.70395	205.21242	41.087807	242.09102	140.27753	977.7245	2.1078966	980.6216	973.22833	1000.0	1000.0	667999	134.05075	19.73324	167.98589	6.370988	134.05022	19.736897	169.18999	-4.992088	-8.018221	1.3748639	-3.8926058	-18.565512	53.208767	7.466961	17060.583837509155
168	998.66034	2.1126842	1002.1456	995.4808	262.03848	74.38267	371.80203	162.9043	-23.37672	0.7758138	-21.713095	-24.426323	-109.959564	69.69	-26.966904	-214.29243	152.07892	70.07674	219.78162	36.913223	975.2838	2.4404519	980.43256	972.04706	1000.0	1000.0	671999	133.9422	19.925285	167.89517	6.393357	133.94252	19.9244	168.63455	-6.8511395	-8.019055	1.3721516	-3.9632912	-19.9352	54.81705	7.5533924	17160.661494731903
169	991.95197	1.7246387	995.784	989.0389	242.26534	23.949224	278.12143	212.7775	-22.182644	2.5770993	-14.592485	-23.664679	-63.746437	15.105433	-43.520966	-84.53916	178.5189	30.173904	208.69504	128.23834	969.7694	3.4009488	978.42896	966.1472	1000.0	1000.0	675999	133.92287	19.984749	169.11566	6.419069	133.92282	19.986492	169.19049	-6.4244156	-8.016812	1.38056	-3.879095	-17.795876	53.472	7.584908	17260.461119413376
170	985.24963	1.6070666	987.4799	982.86774	215.9347	20.509306	249.63812	194.66277	-26.382809	0.6239115	-25.118622	-27.168049	-56.851124	7.741074	-47.885845	-64.55311	159.08357	27.164614	201.75227	130.10965	958.8668	1.2710662	960.7217	956.9266	1000.0	1000.0	679999	134.14415	19.860998	168.05005	6.447961	134.14365	19.86392	167.27734	-12.522219	-7.995462	1.382021	-3.7838097	-18.983004	52.77967	7.511033	17369.722619771957
171	991.44617	2.2675495	994.82825	988.2737	259.40176	62.427017	352.90204	188.47739	-21.366638	3.230382	-16.208532	-24.355415	-105.321556	46.81496	-53.37316	-179.82283	154.08023	74.296715	270.328	82.96123	970.0796	3.2205381	976.0256	965.81256	1000.0	1000.0	683999	134.1847	19.873991	167.29329	6.4703565	134.18448	19.87621	167.87778	-14.889265	-8.013652	1.377976	-3.8588524	-19.771	57.46795	7.4236903	17480.249318361282
172	994.44543	1.784174	997.69086	992.00366	248.5788	36.794773	295.4875	199.94286	-20.084106	0.64673716	-18.6979	-21.03942	-115.4531	42.876247	-60.33707	-179.0893	133.12569	64.84785	173.57411	20.85357	974.3613	1.5017781	976.6514	971.977	1000.0	1000.0	687999	134.2365	19.884125	167.90837	6.4970813	134.23657	19.883945	168.56006	-8.760315	-8.030588	1.3722595	-4.0481815	-20.970982	57.92362	7.5052266	17585.88916659355
173	994.2225	3.0945263	999.7625	991.07544	236.34212	23.399979	268.99713	202.82556	-23.449589	2.436679	-16.21404	-25.068344	-101.10505	27.520761	-71.989265	-144.8544	135.23706	42.549095	197.00787	91.639626	970.7731	3.3987844	975.79083	966.4655	1000.0	1000.0	691999	134.22334	19.926603	169.81396	6.5251017	134.22353	19.92659	168.35564	-9.207521	-8.029407	1.369506	-4.104687	-19.276657	55.41834	7.5797353	17691.787014245987
174	985.9662	2.1332045	990.24536	983.3606	296.2402	20.90526	328.35205	275.56335	-21.736635	0.5976236	-20.579206	-22.536898	-143.88368	46.617123	-72.96021	-192.79605	152.3565	67.50898	255.39185	82.7673	964.2296	2.10766	968.3165	960.897	1000.0	1000.0	695999	134.25528	19.812572	169.79669	6.551788	134.25511	19.814465	168.70392	-8.692016	-7.9912033	1.3825022	-3.6758957	-21.954594	59.598133	7.5604825	17796.991704940796
175	1000.3234	2.218566	1003.97095	995.8151	233.9263	23.270763	262.40805	198.39503	-24.947948	2.2491999	-18.274767	-26.252354	-53.17546	22.10025	-22.551605	-84.71641	180.75085	27.263193	209.08635	148.8884	975.37537	3.5219884	984.43445	970.5018	1000.0	1000.0	699999	134.30598	19.698496	168.83444	6.577592	134.30595	19.699749	167.90868	-7.916752	-7.970003	1.3901752	-3.774808	-20.645477	59.375843	7.6848106	17898.69924879074
176	996.4041	2.2434344	1000.1894	993.24963	239.69382	43.287468	310.21582	197.9527	-19.783981	3.2214367	-16.989033	-24.820236	-69.485825	25.402992	-42.783337	-103.404976	170.20801	31.068138	206.81084	127.312965	976.62	3.817494	980.8985	968.42944	1000.0	1000.0	703999	134.43161	19.626871	168.88394	6.6036835	134.43137	19.628296	167.88129	-5.496988	-8.002833	1.3817201	-3.8241806	-20.812347	57.6915	7.4240255	17996.04157781601
177	991.19025	1.1341462	993.13525	989.5398	265.83847	31.692135	296.1759	217.83377	-22.097477	0.77256364	-20.438526	-22.99629	-36.055294	27.063694	6.8809166	-62.729034	229.78319	23.967813	259.3399	194.10088	969.0928	1.4105434	971.5428	966.5435	1000.0	1000.0	707999	134.58305	19.580198	171.0739	6.629639	134.58311	19.580227	168.96349	-10.6387005	-7.995319	1.3841686	-3.7299452	-19.104267	58.265827	7.455879	18093.59284877777
178	991.90173	1.9705602	994.1967	988.2075	298.51636	26.575006	327.98862	270.49924	-22.27432	3.4167047	-18.772406	-26.957993	-90.27214	43.877884	-57.334797	-165.82329	208.2442	36.60539	258.6618	156.15524	969.6273	4.4854264	974.6094	962.22516	1000.0	1000.0	711999	134.63487	19.618343	169.0638	6.656636	134.63484	19.619385	168.77051	-3.939948	-7.96335	1.3963884	-3.5712585	-19.31546	62.006866	7.452945	18191.027948379517
179	993.14386	1.5776477	994.8602	990.0795	242.01706	30.982105	274.81433	192.9473	-30.33146	0.94102556	-28.62138	-31.685587	-62.61802	18.168917	-37.11676	-85.29415	179.39905	41.66084	237.69756	120.201035	962.8123	1.9749535	965.9312	959.1498	1000.0	1000.0	715999	134.5403	19.596241	172.20068	6.680679	134.54031	19.59751	168.72745	-4.50155	-7.994121	1.3891288	-3.6407614	-19.018633	58.48433	7.5903583	18286.35794186592
180	991.2472	1.7794507	993.74554	988.15674	284.76306	34.103703	326.5437	239.24399	-22.713558	3.0841074	-16.56373	-24.93168	-51.165665	9.92895	-34.406532	-60.121048	233.5974	39.86995	272.6635	182.98912	968.5337	2.4368343	972.8454	964.9158	1000.0	1000.0	719999	134.59888	19.443346	168.36476	6.707124	134.59868	19.446363	168.40186	-4.258125	-7.9989324	1.3860084	-3.8553114	-23.225822	55.033413	7.472302	18383.95800471306
181	1000.66064	2.4683568	1003.8224	996.14966	260.41577	29.79421	291.01337	211.53539	-23.440186	2.4931738	-16.14444	-25.167849	-65.91457	18.324316	-42.946133	-88.013756	194.5012	26.712563	237.44739	168.58925	977.2204	2.765584	981.9275	972.44824	1000.0	1000.0	723999	134.4184	19.499311	167.98474	6.731578	134.41833	19.500063	167.90968	-4.438994	-7.963762	1.3921587	-3.9109173	-18.73833	57.628624	7.692364	18479.628158330917
182	994.7036	2.1681614	999.96533	992.1254	209.12033	79.815865	295.33554	78.856926	-20.11054	2.9968224	-17.689787	-25.540033	-86.175934	43.923897	-38.640198	-154.36552	122.944405	48.61655	165.10123	40.216724	974.5931	3.086506	978.83093	969.0596	1000.0	1000.0	727999	134.45496	19.293064	168.0198	6.759814	134.45483	19.294012	168.38081	-2.9605699	-7.998258	1.388859	-3.8660288	-22.088875	54.147453	7.3690877	18577.441690206528
183	997.175	0.81637174	999.03125	996.3835	234.29663	49.88596	303.36276	166.3803	-22.587734	0.4925723	-21.582844	-23.498806	-91.34288	65.63554	-31.471422	-192.08452	142.95374	44.8714	219.14728	109.42422	974.5872	0.79068273	976.50726	973.6822	1000.0	1000.0	731999	134.54794	19.151976	168.05148	6.7851477	134.54791	19.153097	168.1219	-4.720052	-7.957246	1.3987129	-3.7042923	-20.270967	54.485344	7.2941613	18674.93420100212
184	996.0792	1.7967175	998.0683	991.8433	233.83545	71.77382	325.87177	125.89328	-26.237537	3.0920959	-21.80032	-30.14558	-52.621758	17.838215	-31.77166	-80.68391	181.2137	55.933468	245.18787	94.12163	969.8416	3.3872685	976.26794	965.02747	1000.0	1000.0	735999	134.60506	19.090601	169.59338	6.8114066	134.60524	19.090548	169.9264	0.23799992	-8.00717	1.3664888	-3.9826565	-18.065687	52.644108	7.223657	18771.958537101746
185	988.41766	1.7627932	991.62115	986.2936	241.35081	50.35346	284.8208	155.90204	-24.493382	0.42344737	-23.916265	-25.332747	-35.895046	31.79451	10.063401	-75.54258	205.45576	74.70547	278.30457	80.35947	963.9243	1.5377868	967.1242	962.23096	1000.0	1000.0	739999	134.87709	18.9529	168.69284	6.8416986	134.87721	18.953423	168.33127	1.067081	-7.966552	1.3980782	-3.9473715	-19.746885	52.863346	7.254673	18868.728894472122
186	987.1828	1.6630642	990.6618	985.2039	235.63727	52.013638	305.4388	182.24207	-21.218613	0.74111867	-19.937437	-22.52798	-69.271675	36.854603	-30.05225	-127.09854	166.36559	38.04763	231.72641	138.8309	965.9642	1.9467232	969.7353	962.68134	1000.0	1000.0	743999	134.94804	18.951557	170.162	6.8778696	134.9479	18.953009	169.26668	-1.2794113	-8.032632	1.3663697	-3.8541503	-19.90651	54.444084	7.325462	18965.84098315239
187	992.1066	1.9732033	995.899	989.7005	253.90414	21.51452	282.8563	224.77339	-24.544384	0.55938315	-23.132284	-25.190496	-44.926422	32.997665	3.6785297	-89.36932	208.97772	44.29638	248.59853	135.40407	967.5622	2.137246	970.98346	964.51	1000.0	1000.0	747999	135.01497	18.988272	169.46043	6.894321	135.01495	18.989344	169.03804	-1.5212688	-7.957456	1.4008545	-3.8507428	-18.719744	47.151367	7.451127	19063.472279310226
188	983.0192	2.1093774	986.9417	979.4577	261.4782	31.466337	295.0596	212.77364	-22.868517	2.4321504	-15.807388	-24.54344	-59.1239	26.740679	-35.33558	-103.82263	202.35432	47.95718	259.72403	152.05815	960.15076	3.3842483	968.2898	955.5723	1000.0	1000.0	751999	135.04118	18.904892	169.51369	8.786174	135.04121	18.905132	170.3817	7.491326	-7.9684625	1.393058	-3.8303723	-19.058092	49.00085	7.2525425	19162.758353948593
189	992.3039	1.6048793	994.53357	989.9288	261.426	28.295074	286.49	215.31516	-19.283092	0.5965069	-18.60765	-20.710459	-107.23868	48.814907	-26.806807	-157.63438	154.18732	21.814846	188.50835	128.85562	973.0207	1.8593483	975.7191	970.3265	1000.0	1000.0	755999	135.1581	18.827116	170.86536	6.951314	135.1581	18.829247	169.35936	1.508781	-8.010974	1.3698211	-3.8776665	-19.492464	51.511604	7.455458	19259.821434736252
190	996.1017	2.3472292	999.0861	992.05817	214.79593	84.96509	278.92508	68.57548	-22.607784	0.43015143	-21.99768	-23.50021	-40.42939	12.224579	-25.47327	-57.950977	174.36655	88.9812	253.45183	23.781738	973.49384	2.1046667	976.4313	969.7694	1000.0	1000.0	759999	135.29343	18.77533	169.20894	7.9550047	135.29344	18.776764	170.29224	8.444382	-7.9947743	1.3740263	-3.9559064	-18.580679	51.58698	7.2732043	19357.618991613388
191	996.9089	3.1091895	1000.53217	990.38306	198.9874	61.994915	257.32822	94.957565	-28.191595	3.0791898	-23.170734	-31.216478	-120.02786	39.08401	-84.86347	-184.46512	78.95953	57.969765	139.8311	1.6718199	968.7173	4.8833966	976.8137	960.097	1000.0	1000.0	763999	135.36919	18.725885	168.8021	7.006729	135.36896	18.727095	168.86441	4.384366	-8.029022	1.3666826	-3.9881272	-18.961979	47.223988	7.459231	19453.826537132263
192	989.9505	1.4495124	992.08	986.8246	225.95657	66.00547	275.39667	112.56369	-22.509783	0.7198823	-21.449291	-23.923304	-50.07953	47.70546	-9.232038	-131.40128	175.87706	64.55087	246.6536	103.33166	967.4406	1.7833006	969.558	963.91797	1000.0	1000.0	767999	135.38873	18.576096	169.6578	7.02819	135.38893	18.575712	169.23367	7.126979	-7.9813776	1.3850286	-3.5790558	-21.112732	49.295273	7.4509835	19550.77272629738
193	995.1113	4.0075374	1000.89984	987.62354	244.0663	28.056044	288.8141	215.22545	-20.3267	0.5776942	-19.367199	-21.109972	-71.243675	35.257275	-39.94019	-126.3792	172.82262	25.26839	204.76	137.61552	974.78467	4.162027	980.141	966.8211	1000.0	1000.0	771999	135.44318	18.465683	168.69063	7.0540743	135.44302	18.466915	172.02275	6.626789	-7.9603806	1.3912976	-3.9596376	-18.413416	47.99107	7.3446674	19647.059570789337
194	984.702	1.7684921	989.345	982.3548	299.1762	24.049755	323.13626	262.6701	-19.245853	0.55963534	-18.139477	-20.213516	-112.92497	62.531593	-13.112429	-174.73265	186.25125	45.959507	249.55768	136.88252	965.45624	1.8268399	970.15216	963.6176	1000.0	1000.0	775999	135.46782	18.479963	170.11288	7.0762362	135.46771	18.48163	170.58717	-1.3285866	-7.930891	1.4021331	-3.8003664	-20.600082	47.575417	7.5520554	19743.497554540634
195	998.6439	2.1521888	1001.17834	995.08496	236.62857	27.328064	277.74625	205.2101	-22.703459	0.40787646	-21.89581	-23.369919	-98.15763	52.967785	-14.094512	-159.80237	138.47093	60.76711	206.22864	45.40772	975.9404	2.1466556	978.5654	972.4162	1000.0	1000.0	779999	135.31912	18.578804	168.35423	7.099344	135.31909	18.578936	169.7974	-2.500267	-7.9190736	1.4167047	-3.812708	-20.073019	47.804623	7.6904683	19839.54217171669
196	994.1051	2.088218	997.41125	991.1338	214.04947	21.642687	251.4967	200.51292	-21.233047	2.6610074	-18.849468	-26.792093	-41.56618	35.65165	-18.122324	-103.10738	172.48328	48.689392	233.37437	97.40553	972.8719	4.366109	978.16595	964.3417	1000.0	1000.0	783999	135.2646	18.693205	171.00456	7.1257086	135.26439	18.69486	171.97223	0.6084199	-7.936554	1.4165869	-3.6796741	-19.9715	47.822437	7.621351	19936.723782777786
197	992.046	2.4723516	995.9766	987.92126	236.48392	34.15446	276.52325	194.00558	-23.180984	3.4961073	-19.889128	-27.802	-76.7849	33.524014	-35.701576	-114.09745	159.699	51.581272	240.82167	98.55022	968.86505	5.239654	976.0497	960.11926	1000.0	1000.0	787999	135.35735	18.670721	170.5806	7.1476717	135.35739	18.672161	169.47818	-2.547502	-7.92841	1.4019444	-3.9933863	-21.181345	48.19315	7.462641	20033.09372639656
198	999.10187	3.3545496	1002.6627	994.2314	275.82806	11.204961	293.28717	265.75296	-22.83173	3.1944237	-18.666819	-26.855848	-99.492424	23.976421	-69.146385	-135.64537	176.33563	15.870181	196.60658	157.64178	976.27014	4.530409	983.3089	967.8215	1000.0	1000.0	791999	135.47026	18.661537	169.75436	7.183103	135.4703	18.662668	169.32297	0.3892045	-7.951685	1.3896219	-3.9152813	-18.527443	46.74365	7.3915005	20130.325827360153
199	985.3175	2.1749861	987.5526	979.70483	293.50278	106.39722	470.5606	187.74983	-25.87359	2.218726	-19.411825	-27.452032	-75.75319	42.263714	-19.492392	-138.18456	217.74957	126.17846	403.50052	49.56527	959.44385	3.262067	966.3747	952.7104	1000.0	1000.0	795999	135.41794	18.781578	171.92291	7.196893	135.41795	18.78127	170.3332	-1.525559	-7.920561	1.4065372	-3.7086334	-18.616257	45.992485	7.5712686	20227.224309444427
200	996.1995	2.638182	999.823	992.5211	271.55988	51.89879	318.28516	183.64352	-23.903252	2.3345265	-17.040333	-25.302649	-56.22444	31.815477	-23.20518	-104.32046	215.33545	43.49197	262.3292	160.43834	972.2962	2.645454	975.76514	968.6966	1000.0	1000.0	799999	135.47005	18.731968	171.4587	7.223392	135.4699	18.732414	170.09044	5.438262	-7.912811	1.4059726	-3.6964188	-19.357353	40.987	7.318751	20324.48045372963
