Epoch	AverageTestEnv0Ret	StdTestEnv0Ret	MaxTestEnv0Ret	MinTestEnv0Ret	AverageEnv0Ret	StdEnv0Ret	MaxEnv0Ret	MinEnv0Ret	AverageEpRet	StdEpRet	MaxEpRet	MinEpRet	AverageTestEpRet	StdTestEpRet	MaxTestEpRet	MinTestEpRet	EpLen	TestEpLen	TotalEnvInteracts	AverageQ1Vals	StdQ1Vals	MaxQ1Vals	MinQ1Vals	AverageQ2Vals	StdQ2Vals	MaxQ2Vals	MinQ2Vals	AverageLogPi	StdLogPi	MaxLogPi	MinLogPi	LossPi	LossQ	Time
1	-168.28513	0.96884704	-166.81516	-169.50061	-295.1076	77.7816	-218.75856	-404.69666	-295.1076	77.7816	-218.75856	-404.69666	-168.28513	0.96884704	-166.81516	-169.50061	1000.0	1000.0	3999	3.4602737	2.8862019	17.192476	-3.573077	3.4609094	2.8849375	16.883953	-3.5093746	-3.1776352	1.4588381	6.5860405	-11.716799	-2.917729	0.7337774	127.8795907497406
2	-237.01468	1.4844693	-233.45769	-239.23694	-299.5366	72.34104	-223.21312	-382.36734	-299.5366	72.34104	-223.21312	-382.36734	-237.01468	1.4844693	-233.45769	-239.23694	1000.0	1000.0	7999	14.727563	6.5769734	46.534794	-3.3168423	14.727199	6.579388	46.5841	-3.2122831	-1.0186039	2.6608903	14.796602	-14.556098	-15.5511265	1.9912766	292.29002499580383
3	-273.5112	1.9318444	-270.15225	-276.12488	-253.18307	18.501423	-227.73267	-272.97107	-253.18307	18.501423	-227.73267	-272.97107	-273.5112	1.9318444	-270.15225	-276.12488	1000.0	1000.0	11999	34.90019	10.346946	69.254425	10.407516	34.89988	10.34818	70.16539	10.043767	0.76712686	3.0284336	18.719807	-13.2071495	-36.512474	3.8786654	460.7631502151489
4	-206.60092	95.01014	-117.46981	-326.6072	-226.52748	9.7427635	-215.80019	-237.28221	-226.52748	9.7427635	-215.80019	-237.28221	-206.60092	95.01014	-117.46981	-326.6072	1000.0	1000.0	15999	57.57306	14.44044	107.69973	19.29573	57.57329	14.44231	102.91332	19.06805	2.6037755	3.5381064	21.977318	-13.211771	-59.94322	5.1477613	631.7206463813782
5	-322.3703	2.2093391	-318.66785	-326.18835	-274.48083	19.196768	-242.48186	-289.92615	-274.48083	19.196768	-242.48186	-289.92615	-322.3703	2.2093391	-318.66785	-326.18835	1000.0	1000.0	19999	110.15051	29.12847	193.97742	31.29528	110.15031	29.13064	197.89404	31.975998	6.9528017	3.8797793	27.789759	-14.240254	-115.5123	11.120054	816.7385594844818
6	-337.4636	2.3016858	-331.47446	-339.74435	-207.5187	34.90421	-151.08269	-246.22165	-207.5187	34.90421	-151.08269	-246.22165	-337.4636	2.3016858	-331.47446	-339.74435	1000.0	1000.0	23999	224.74362	49.534737	368.18506	83.01091	224.74307	49.53892	364.99945	80.859085	10.716743	3.849344	33.343826	-9.468271	-234.95103	28.591494	1014.9222178459167
7	-769.1066	17.091448	-744.08685	-802.60254	-212.7312	36.322304	-175.87897	-273.04745	-212.7312	36.322304	-175.87897	-273.04745	-769.1066	17.091448	-744.08685	-802.60254	1000.0	1000.0	27999	420.8326	74.76322	628.0614	224.86778	420.83124	74.76812	627.64575	225.2999	13.659709	4.040772	42.27624	-8.239567	-437.9739	56.759323	1214.7224173545837
8	-204.7182	1.2868603	-201.80183	-206.31511	-291.78207	181.1376	-94.64737	-508.6057	-291.78207	181.1376	-94.64737	-508.6057	-204.7182	1.2868603	-201.80183	-206.31511	1000.0	1000.0	31999	743.97406	111.07948	1024.2864	477.92688	743.97406	111.08541	1031.0869	482.21814	16.54278	4.3345485	60.79693	-9.1243305	-770.878	111.238174	1469.3164429664612
9	-459.04498	0.9469912	-457.26022	-460.20874	-258.96533	199.98694	55.74742	-449.46866	-258.96533	199.98694	55.74742	-449.46866	-459.04498	0.9469912	-457.26022	-460.20874	1000.0	1000.0	35999	1194.5677	153.93579	1573.8901	884.5551	1194.5693	153.9376	1571.9546	883.1145	19.016645	4.4599323	78.39745	-7.017503	-1232.5905	198.17671	1782.544977903366
10	-470.77066	21.901491	-418.05157	-484.39307	-443.1762	28.437416	-402.54977	-480.56625	-443.1762	28.437416	-402.54977	-480.56625	-470.77066	21.901491	-418.05157	-484.39307	1000.0	1000.0	39999	1759.9105	175.8341	2264.9004	1388.2676	1759.9103	175.83972	2273.6924	1383.7228	19.966028	4.8587213	133.14766	-7.142851	-1805.3552	322.86957	2023.9667718410492
11	-550.2269	1.458678	-547.8052	-552.26917	-489.85492	53.496452	-427.95078	-553.0136	-489.85492	53.496452	-427.95078	-553.0136	-550.2269	1.458678	-547.8052	-552.26917	1000.0	1000.0	43999	2269.4084	130.3548	2772.4448	1927.3174	2269.4116	130.35817	2775.2454	1926.0526	20.0622	5.2868404	102.37932	-9.079254	-2312.3342	325.8925	2205.9040338993073
12	-441.58798	0.8060104	-440.1546	-442.98163	-490.4967	31.146965	-449.70264	-532.581	-490.4967	31.146965	-449.70264	-532.581	-441.58798	0.8060104	-440.1546	-442.98163	1000.0	1000.0	47999	2533.0322	105.640144	3313.4233	2299.0	2533.0322	105.64569	3309.049	2288.031	19.053858	5.451035	79.65601	-8.825876	-2569.061	271.49243	2389.219202518463
13	-202.72841	53.174374	-120.2387	-240.69061	-341.25943	197.31914	-69.62434	-553.23016	-341.25943	197.31914	-69.62434	-553.23016	-202.72841	53.174374	-120.2387	-240.69061	1000.0	1000.0	51999	2815.6497	183.64574	4001.1995	2538.2488	2815.6506	183.65988	3998.9504	2545.7295	19.412958	7.061193	156.6117	-7.9604917	-2862.0503	515.0668	2568.3406710624695
14	-94.00128	0.48295233	-92.68646	-94.48386	-139.28299	28.250498	-103.75883	-181.73111	-139.28299	28.250498	-103.75883	-181.73111	-94.00128	0.48295233	-92.68646	-94.48386	1000.0	1000.0	55999	3328.7356	318.54376	5216.447	2806.3826	3328.7334	318.58008	5210.1143	2807.281	19.41485	8.382028	181.00262	-10.092573	-3400.6116	1284.9315	2743.2880725860596
15	-62.59301	1.1465755	-59.815083	-63.65527	-82.00906	21.791502	-54.901077	-112.363625	-82.00906	21.791502	-54.901077	-112.363625	-62.59301	1.1465755	-59.815083	-63.65527	1000.0	1000.0	59999	4490.148	466.97516	6889.0586	3416.5093	4490.151	466.99527	6852.9824	3428.3281	20.494337	7.7548385	101.70176	-7.0883913	-4605.893	2176.2295	2919.758740901947
16	-149.31702	4.28014	-140.74908	-156.20793	-52.207916	44.544186	16.815285	-107.47484	-52.207916	44.544186	16.815285	-107.47484	-149.31702	4.28014	-140.74908	-156.20793	1000.0	1000.0	63999	5803.2085	463.4348	8433.153	4690.1025	5803.2104	463.44183	8415.181	4713.7603	21.143625	7.2028255	154.43454	-4.5584736	-5923.0083	2571.7122	3100.9805278778076
17	-108.672386	46.931034	-26.224472	-157.8744	14.465988	98.49203	109.6351	-141.90929	14.465988	98.49203	109.6351	-141.90929	-108.672386	46.931034	-26.224472	-157.8744	1000.0	1000.0	67999	6862.1367	489.50504	9921.72	5919.6074	6862.134	489.51816	9947.992	5936.5527	20.863787	6.965683	108.04828	-5.240603	-6983.2324	2660.163	3341.999207496643
18	-170.93503	21.60953	-108.98613	-187.20859	-176.46748	39.11221	-132.18651	-226.12134	-176.46748	39.11221	-132.18651	-226.12134	-170.93503	21.60953	-108.98613	-187.20859	1000.0	1000.0	71999	8207.914	688.9227	11009.992	6852.4175	8207.917	688.945	11007.502	6882.988	21.50092	7.4154983	119.619804	-6.058153	-8375.301	4088.874	3590.8970437049866
19	-241.91544	3.6683874	-235.58694	-247.4382	-159.75264	8.226688	-147.89415	-170.7411	-159.75264	8.226688	-147.89415	-170.7411	-241.91544	3.6683874	-235.58694	-247.4382	1000.0	1000.0	75999	9510.237	307.41064	11199.838	8460.041	9510.238	307.34393	11221.285	8495.12	18.752302	7.195985	110.344406	-5.9980297	-9625.242	2620.523	3819.387279510498
20	-162.31598	7.6450996	-147.02258	-171.87457	-186.5415	32.10819	-155.94016	-235.90532	-186.5415	32.10819	-155.94016	-235.90532	-162.31598	7.6450996	-147.02258	-171.87457	1000.0	1000.0	79999	9603.227	311.90372	11367.249	9023.447	9603.227	311.9148	11307.865	9064.705	18.173424	6.4658513	107.50406	-4.8588343	-9707.048	1991.702	4016.406562566757
21	-304.6179	12.517414	-286.55692	-325.94336	-211.50816	33.542355	-177.07962	-267.0921	-211.50816	33.542355	-177.07962	-267.0921	-304.6179	12.517414	-286.55692	-325.94336	1000.0	1000.0	83999	9879.051	309.33878	11453.528	9210.007	9879.049	309.38907	11478.83	9229.335	19.085861	6.8565435	132.58768	-6.570427	-9991.626	1995.8801	4213.90731048584
22	-161.37852	143.83517	-77.42397	-462.4912	-242.40086	18.838062	-218.5249	-270.92807	-242.40086	18.838062	-218.5249	-270.92807	-161.37852	143.83517	-77.42397	-462.4912	1000.0	1000.0	87999	10084.347	255.98752	11404.481	9520.8125	10084.349	256.0234	11422.995	9512.521	19.253477	6.7869964	96.849815	-6.933834	-10189.65	1856.0465	4457.572410583496
23	-292.14633	96.61173	-92.94228	-341.52454	-164.65073	25.727917	-133.86272	-204.96419	-164.65073	25.727917	-133.86272	-204.96419	-292.14633	96.61173	-92.94228	-341.52454	1000.0	1000.0	91999	10259.44	268.42166	11542.437	9621.142	10259.442	268.4485	11534.244	9605.289	19.242603	6.7943406	142.73209	-3.962251	-10375.278	1909.696	4819.959531545639
24	-260.91803	2.099512	-258.49167	-265.8932	-209.58893	47.637585	-148.32607	-282.0736	-209.58893	47.637585	-148.32607	-282.0736	-260.91803	2.099512	-258.49167	-265.8932	1000.0	1000.0	95999	10482.241	249.97021	11965.349	9913.383	10482.238	249.98784	11939.449	9911.412	19.12146	6.957222	145.23555	-7.7952557	-10594.335	1846.748	5097.07875919342
25	-156.13362	4.8368096	-148.13129	-163.42839	-199.07231	68.009	-142.87514	-310.27197	-199.07231	68.009	-142.87514	-310.27197	-156.13362	4.8368096	-148.13129	-163.42839	1000.0	1000.0	99999	10790.88	324.58212	12541.669	10008.274	10790.879	324.59106	12545.998	10042.248	19.130075	6.8391128	144.23868	-4.442212	-10920.166	2115.6587	5330.758001089096
26	-176.35025	81.10743	-118.64703	-300.7895	-192.59726	67.140045	-126.488594	-303.70557	-192.59726	67.140045	-126.488594	-303.70557	-176.35025	81.10743	-118.64703	-300.7895	1000.0	1000.0	103999	11398.631	435.20636	13665.542	10455.945	11398.629	435.22864	13620.944	10441.204	19.29275	6.801372	136.21953	-8.850865	-11549.701	2766.3015	5571.980330705643
27	-182.68521	47.03693	-131.50809	-231.92944	-159.52008	36.05495	-131.2422	-220.44403	-159.52008	36.05495	-131.2422	-220.44403	-182.68521	47.03693	-131.50809	-231.92944	1000.0	1000.0	107999	12340.99	550.5022	15151.818	10973.138	12340.996	550.5155	15304.478	11009.747	19.519855	7.2467294	136.3594	-4.0639954	-12517.779	3554.2734	5927.4174773693085
28	-110.70946	3.5560634	-105.95809	-117.15984	-115.395	2.525016	-112.836586	-119.445496	-115.395	2.525016	-112.836586	-119.445496	-110.70946	3.5560634	-105.95809	-117.15984	1000.0	1000.0	111999	13523.786	657.3967	17292.635	12032.176	13523.781	657.4225	17246.205	11964.076	19.565626	7.321094	139.88431	-3.3914738	-13723.856	4214.33	6277.772586107254
29	-111.45909	3.5910673	-103.31676	-115.72612	-124.981285	12.865939	-103.88281	-137.75604	-124.981285	12.865939	-103.88281	-137.75604	-111.45909	3.5910673	-103.31676	-115.72612	1000.0	1000.0	115999	14862.059	727.5624	18863.354	13109.306	14862.0625	727.5834	18814.717	13192.719	19.962439	7.231643	197.4354	-5.0021315	-15077.352	4768.2046	6604.05137014389
30	-138.08258	3.124199	-133.81429	-143.92744	-108.37157	15.089179	-95.10159	-132.96574	-108.37157	15.089179	-95.10159	-132.96574	-138.08258	3.124199	-133.81429	-143.92744	1000.0	1000.0	119999	16329.661	818.1707	20465.96	14491.381	16329.656	818.1939	20471.107	14466.5205	20.407093	7.0601397	124.759445	-2.755601	-16570.55	5637.1	6877.126861572266
31	-140.44577	1.2823844	-138.35913	-142.69743	-150.10214	15.572524	-134.75803	-173.70409	-150.10214	15.572524	-134.75803	-173.70409	-140.44577	1.2823844	-138.35913	-142.69743	1000.0	1000.0	123999	18004.71	872.8492	21823.623	15810.185	18004.707	872.8278	21789.816	15811.567	20.88901	7.9118156	343.96146	-2.6131496	-18272.672	6973.957	7097.96559548378
32	-97.7899	0.9247382	-96.04656	-98.876724	-138.29134	19.947289	-112.08118	-165.9222	-138.29134	19.947289	-112.08118	-165.9222	-97.7899	0.9247382	-96.04656	-98.876724	1000.0	1000.0	127999	19638.027	752.0855	23759.592	17457.832	19638.03	752.06134	23653.12	17454.299	21.29148	8.883551	385.06793	-4.331599	-19901.117	6947.0703	7320.246377944946
33	-110.24459	2.1257381	-106.753174	-114.8004	-98.80686	10.433632	-88.452286	-116.218796	-98.80686	10.433632	-88.452286	-116.218796	-110.24459	2.1257381	-106.753174	-114.8004	1000.0	1000.0	131999	21036.334	879.4617	26055.256	18868.723	21036.332	879.40857	25979.578	18906.646	22.089794	10.984386	485.99023	-2.4989948	-21321.654	7973.544	7657.8349549770355
34	-368.9342	89.03785	-101.83088	-399.63422	-68.921135	7.247792	-61.027485	-80.105606	-68.921135	7.247792	-61.027485	-80.105606	-368.9342	89.03785	-101.83088	-399.63422	1000.0	1000.0	135999	22710.963	934.0432	28064.85	20345.234	22710.959	933.994	28067.207	20303.287	22.412342	9.6915865	316.20062	-2.0904982	-23026.97	9322.224	8002.037340164185
35	-96.351585	3.1707048	-92.288956	-102.05958	-90.197754	26.704746	-71.27096	-136.28726	-90.197754	26.704746	-71.27096	-136.28726	-96.351585	3.1707048	-92.288956	-102.05958	1000.0	1000.0	139999	24366.936	905.00543	30525.947	21785.447	24366.936	904.9675	30444.54	21873.158	21.98715	8.834924	294.95203	-0.8497617	-24687.074	9906.512	8258.253760814667
36	-249.94333	190.6859	-58.500347	-472.75574	-153.84706	172.26587	-45.041958	-452.01794	-153.84706	172.26587	-45.041958	-452.01794	-249.94333	190.6859	-58.500347	-472.75574	1000.0	1000.0	143999	26201.672	1045.4003	32786.12	23335.727	26201.678	1045.4081	32845.926	23418.021	22.32562	8.339737	229.99693	-3.347909	-26561.572	11431.053	8532.561775922775
37	-151.59947	148.95918	-73.87543	-454.96976	-66.351135	12.052181	-55.33643	-86.42163	-66.351135	12.052181	-55.33643	-86.42163	-151.59947	148.95918	-73.87543	-454.96976	1000.0	1000.0	147999	28221.22	1186.911	36288.0	25364.79	28221.207	1186.969	36154.965	25429.826	22.915125	10.473749	535.2381	-2.7373478	-28604.8	14189.477	8905.460740089417
38	-59.499126	7.1200366	-47.589783	-67.767044	-247.84387	182.84819	-66.76283	-489.01068	-247.84387	182.84819	-66.76283	-489.01068	-59.499126	7.1200366	-47.589783	-67.767044	1000.0	1000.0	151999	30753.963	1611.2272	39420.727	26999.123	30753.977	1611.2559	39543.656	26992.86	23.831938	9.16898	207.10051	-1.7343998	-31213.717	18135.896	9289.015128135681
39	-156.18887	5.731923	-144.98799	-163.15886	-66.851974	41.8992	-32.682278	-138.60112	-66.851974	41.8992	-32.682278	-138.60112	-156.18887	5.731923	-144.98799	-163.15886	1000.0	1000.0	155999	33769.67	1552.8085	41800.69	29872.617	33769.664	1552.8197	41688.098	29941.164	23.8442	9.537905	227.32909	-1.4556456	-34227.953	19061.914	9675.356224298477
40	-204.01462	2.2653177	-200.19778	-207.1821	-56.633026	8.996563	-48.595856	-71.88368	-56.633026	8.996563	-48.595856	-71.88368	-204.01462	2.2653177	-200.19778	-207.1821	1000.0	1000.0	159999	35737.89	1709.9308	43658.465	32349.502	35737.906	1709.921	43546.05	32356.47	24.18747	9.381782	191.334	-2.8810098	-36171.562	18478.14	10041.154856681824
41	-89.90344	0.70030093	-88.5077	-91.22079	-39.880745	20.347351	-9.191539	-60.990314	-39.880745	20.347351	-9.191539	-60.990314	-89.90344	0.70030093	-88.5077	-91.22079	1000.0	1000.0	163999	37491.605	1841.3948	44819.24	33709.926	37491.613	1841.3746	44726.035	33631.504	24.713022	10.828245	370.62994	-0.21872425	-37953.08	19507.168	10390.860163450241
42	-51.512413	39.491783	66.83587	-68.86876	-75.7171	15.487008	-58.772556	-91.695274	-75.7171	15.487008	-58.772556	-91.695274	-51.512413	39.491783	66.83587	-68.86876	1000.0	1000.0	167999	38710.902	1612.9923	45139.438	35759.87	38710.91	1613.0096	45278.2	35731.54	24.363247	9.971855	246.27052	-0.23536468	-39113.098	16873.021	10636.20231461525
43	-70.726425	42.967422	19.020834	-97.212456	-31.688396	62.105595	74.90068	-80.86618	-31.688396	62.105595	74.90068	-80.86618	-70.726425	42.967422	19.020834	-97.212456	1000.0	1000.0	171999	38760.7	1674.6893	45271.824	36092.566	38760.7	1674.6377	44986.062	36088.324	25.25256	10.799942	366.25134	0.20512891	-39145.426	15356.033	10881.098976373672
44	-85.31987	22.168339	-48.78533	-108.37636	-124.43832	25.394106	-85.67382	-151.84116	-124.43832	25.394106	-85.67382	-151.84116	-85.31987	22.168339	-48.78533	-108.37636	1000.0	1000.0	175999	38754.355	1834.6332	45659.78	36171.105	38754.35	1834.6287	45605.938	36208.89	25.530228	12.449784	212.7374	-1.4922047	-39121.68	15010.731	11167.825052976608
45	-234.94641	34.929626	-151.082	-272.73907	-116.36548	28.736118	-90.04381	-164.30037	-116.36548	28.736118	-90.04381	-164.30037	-234.94641	34.929626	-151.082	-272.73907	1000.0	1000.0	179999	37793.688	1729.3263	44597.2	35057.016	37793.703	1729.271	44464.492	35089.99	26.501934	18.642313	310.0571	-7.47429	-38094.133	12111.764	11475.704342603683
46	-79.394295	31.708511	-50.8684	-168.97519	-103.02653	21.629473	-83.59516	-136.70482	-103.02653	21.629473	-83.59516	-136.70482	-79.394295	31.708511	-50.8684	-168.97519	1000.0	1000.0	183999	36181.914	1357.2089	41988.94	33416.3	36181.926	1357.219	41911.84	33559.703	23.37474	10.229747	232.65573	-3.1160522	-36447.35	10023.821	11821.264742851257
47	-67.89555	16.383604	-44.035793	-86.69345	-112.27292	45.069935	-84.65867	-190.27399	-112.27292	45.069935	-84.65867	-190.27399	-67.89555	16.383604	-44.035793	-86.69345	1000.0	1000.0	187999	33847.87	1067.3473	37964.156	31195.977	33847.87	1067.2946	38043.402	31333.084	22.024933	9.911817	180.91159	-2.339573	-34042.742	7250.9517	12181.505869626999
48	-108.365036	4.6322927	-102.78646	-116.56089	-110.540054	18.103493	-94.300415	-140.73117	-110.540054	18.103493	-94.300415	-140.73117	-108.365036	4.6322927	-102.78646	-116.56089	1000.0	1000.0	191999	31018.932	826.7704	34128.79	28783.08	31018.926	826.7534	34306.21	28820.375	22.756432	10.015371	269.77078	-4.6487927	-31205.502	6644.1787	12400.389550924301
49	-177.03133	104.40942	-102.45819	-385.71146	-131.26413	22.372757	-114.43508	-169.78152	-131.26413	22.372757	-114.43508	-169.78152	-177.03133	104.40942	-102.45819	-385.71146	1000.0	1000.0	195999	28469.084	978.3928	31274.287	25803.703	28469.092	978.38855	31128.217	25773.896	21.86853	9.546784	240.98007	-5.9663925	-28591.266	4511.4316	12618.97533082962
50	-76.62085	7.943496	-61.423195	-89.471596	-130.55338	8.8821945	-119.07074	-142.97256	-130.55338	8.8821945	-119.07074	-142.97256	-76.62085	7.943496	-61.423195	-89.471596	1000.0	1000.0	199999	25094.775	1012.79126	27283.193	22235.014	25094.78	1012.76447	27448.75	22275.932	24.306883	13.307666	318.19278	-4.0086884	-25189.248	3879.455	12892.129790067673
51	-180.10928	0.6983071	-179.41644	-181.49626	-138.00116	17.6847	-110.84421	-156.58046	-138.00116	17.6847	-110.84421	-156.58046	-180.10928	0.6983071	-179.41644	-181.49626	1000.0	1000.0	203999	22258.11	987.3204	24290.365	19460.707	22258.107	987.33954	24257.994	19572.582	23.089968	10.7627325	202.43082	-5.4099464	-22344.264	2685.169	13267.606066465378
52	-133.83302	0.7578651	-132.89664	-135.34048	-140.4833	21.5184	-104.62509	-161.92285	-140.4833	21.5184	-104.62509	-161.92285	-133.83302	0.7578651	-132.89664	-135.34048	1000.0	1000.0	207999	19523.889	927.37634	21491.447	17312.023	19523.89	927.3716	21479.35	17383.559	24.29655	11.611223	257.5979	-6.39124	-19582.62	1979.2338	13571.524250745773
53	-98.41282	0.97926986	-97.06618	-100.013985	-182.70215	65.89043	-105.82365	-255.8846	-182.70215	65.89043	-105.82365	-255.8846	-98.41282	0.97926986	-97.06618	-100.013985	1000.0	1000.0	211999	16791.201	743.7031	18542.633	15060.823	16791.203	743.7148	18547.918	15104.305	18.93856	9.652216	211.50725	-8.746056	-16833.809	1410.5935	13848.86113333702
54	-54.98998	0.5200314	-54.206142	-55.73543	-91.93524	19.501808	-72.12707	-115.569695	-91.93524	19.501808	-72.12707	-115.569695	-54.98998	0.5200314	-54.206142	-55.73543	1000.0	1000.0	215999	14299.273	765.7502	15945.374	12877.357	14299.276	765.74365	16028.669	12843.301	11.267552	8.348128	135.30104	-14.274677	-14313.355	749.6998	14093.174366474152
55	-29.134283	0.7536373	-28.165026	-30.654102	-61.76639	7.094788	-52.024048	-68.65444	-61.76639	7.094788	-52.024048	-68.65444	-29.134283	0.7536373	-28.165026	-30.654102	1000.0	1000.0	219999	12024.188	620.15485	13515.887	10747.987	12024.185	620.14935	13661.689	10725.307	11.037283	8.475075	134.3504	-12.058046	-12040.698	485.16565	14317.368507862091
56	-9.379637	0.62533367	-8.1622925	-10.293205	-70.348114	12.586213	-50.32538	-82.55372	-70.348114	12.586213	-50.32538	-82.55372	-9.379637	0.62533367	-8.1622925	-10.293205	1000.0	1000.0	223999	9987.905	548.71014	11056.318	8963.931	9987.906	548.70984	11038.12	8940.384	6.787013	7.660984	106.48271	-11.8640995	-9995.042	300.72998	14543.304420232773
57	-42.529644	0.6479323	-41.12817	-43.16096	-132.74872	29.507977	-101.07016	-175.68835	-132.74872	29.507977	-101.07016	-175.68835	-42.529644	0.6479323	-41.12817	-43.16096	1000.0	1000.0	227999	8371.1875	435.74365	9395.925	7506.9263	8371.19	435.7394	9401.477	7510.9893	8.588284	6.254809	89.98587	-10.857977	-8382.633	251.78522	14908.283259630203
58	-44.69845	0.68478626	-43.60899	-45.768547	-127.82467	21.40666	-103.58885	-161.25842	-127.82467	21.40666	-103.58885	-161.25842	-44.69845	0.68478626	-43.60899	-45.768547	1000.0	1000.0	231999	7048.437	349.8544	7905.2134	6279.408	7048.4365	349.84573	7880.062	6306.364	8.54149	5.6488686	65.76934	-13.467712	-7058.432	213.80817	15257.725640296936
59	-39.480568	0.4394005	-38.528812	-40.151	-77.098625	43.112263	-32.28622	-135.25044	-77.098625	43.112263	-32.28622	-135.25044	-39.480568	0.4394005	-38.528812	-40.151	1000.0	1000.0	235999	5924.5083	310.36948	6595.807	5327.5786	5924.5093	310.36194	6592.6104	5321.7896	6.0225124	5.816119	61.607975	-11.562536	-5929.747	156.3534	15579.221243619919
60	-25.493847	0.7732401	-24.041935	-27.239832	-58.82322	28.068228	-32.30112	-105.90952	-58.82322	28.068228	-32.30112	-105.90952	-25.493847	0.7732401	-24.041935	-27.239832	1000.0	1000.0	239999	4929.267	264.11777	5510.625	4393.4517	4929.265	264.11398	5503.138	4399.822	4.1867614	4.513132	52.93231	-13.250131	-4932.304	90.05895	15871.736982345581
61	-69.08498	0.42642564	-68.48099	-70.082146	-81.04737	15.634821	-59.561268	-100.58435	-81.04737	15.634821	-59.561268	-100.58435	-69.08498	0.42642564	-68.48099	-70.082146	1000.0	1000.0	243999	4120.2	208.76395	4614.79	3692.6538	4120.201	208.75563	4613.335	3660.1167	4.3438177	4.35703	46.72212	-11.980408	-4125.4204	75.235405	16147.029570579529
62	-190.00293	80.19379	-161.48611	-430.54572	-112.98874	25.53332	-93.90354	-156.85538	-112.98874	25.53332	-93.90354	-156.85538	-190.00293	80.19379	-161.48611	-430.54572	1000.0	1000.0	247999	3482.788	178.0097	3960.1501	3130.1577	3482.788	177.99683	3957.238	3119.9712	4.2532187	3.7508085	55.159275	-10.753474	-3488.3506	63.87002	16406.622941970825
63	-50.14803	0.8863489	-48.45975	-51.51564	-101.597115	19.907217	-81.00171	-133.88626	-101.597115	19.907217	-81.00171	-133.88626	-50.14803	0.8863489	-48.45975	-51.51564	1000.0	1000.0	251999	2942.852	152.36409	3316.3403	2637.1704	2942.8525	152.35297	3305.5854	2632.5266	2.6496089	3.4106488	42.96442	-13.044888	-2945.768	47.431667	16626.32007074356
64	-75.05215	0.96977216	-73.39396	-76.26108	-93.12056	15.202498	-67.21245	-105.872	-93.12056	15.202498	-67.21245	-105.872	-75.05215	0.96977216	-73.39396	-76.26108	1000.0	1000.0	255999	2451.13	133.17047	2742.335	2168.3704	2451.1294	133.15932	2740.135	2144.091	1.1494074	3.4016354	44.042385	-15.1241255	-2452.3003	39.12004	16849.440477371216
65	-14.721194	0.69150436	-13.868227	-15.899688	-56.236107	33.572495	-17.476494	-90.13788	-56.236107	33.572495	-17.476494	-90.13788	-14.721194	0.69150436	-13.868227	-15.899688	1000.0	1000.0	259999	2030.101	113.483604	2269.798	1756.2661	2030.1018	113.471825	2286.481	1744.1211	-0.291231	2.9691863	38.108345	-14.5892105	-2030.4937	27.68916	17068.6665661335
66	-31.670567	0.82406396	-30.205675	-33.0985	-55.358154	23.860332	-20.856018	-85.7718	-55.358154	23.860332	-20.856018	-85.7718	-31.670567	0.82406396	-30.205675	-33.0985	1000.0	1000.0	263999	1669.313	95.21729	1864.3856	1428.0797	1669.3127	95.205925	1870.6516	1411.0938	-1.3312463	2.4896307	30.374266	-13.274435	-1668.9921	21.404192	17282.28204703331
67	-70.27539	0.7101053	-69.48674	-71.60548	-148.7894	13.521995	-134.86925	-170.5444	-148.7894	13.521995	-134.86925	-170.5444	-70.27539	0.7101053	-69.48674	-71.60548	1000.0	1000.0	267999	1372.4448	76.68902	1535.502	1176.2809	1372.4442	76.67311	1534.2424	1191.9679	-1.4863992	2.3652756	24.985516	-12.683958	-1372.4479	17.462414	17496.560822725296
68	-38.75332	0.8910138	-36.685196	-40.00686	-127.71086	36.117462	-68.566765	-164.79181	-127.71086	36.117462	-68.566765	-164.79181	-38.75332	0.8910138	-36.685196	-40.00686	1000.0	1000.0	271999	1145.1786	54.436333	1282.0663	966.66174	1145.1788	54.414394	1282.1023	977.1568	0.58028	3.407948	32.79847	-14.294795	-1147.0411	18.632122	17731.535260915756
69	-67.17418	1.0149744	-65.6834	-68.78975	-99.10725	13.892904	-79.24308	-116.45562	-99.10725	13.892904	-79.24308	-116.45562	-67.17418	1.0149744	-65.6834	-68.78975	1000.0	1000.0	275999	970.0568	55.108616	1099.0349	806.66516	970.05634	55.091442	1087.053	808.9919	-0.8911468	2.262159	25.805807	-13.658667	-970.56995	13.175493	17970.292434215546
70	-24.5358	18.030622	-13.232399	-60.610226	-220.28612	45.006157	-170.3953	-291.55298	-220.28612	45.006157	-170.3953	-291.55298	-24.5358	18.030622	-13.232399	-60.610226	1000.0	1000.0	279999	805.636	48.296154	911.4042	653.3898	805.63544	48.28575	911.6516	638.63837	-1.9313717	1.9496423	24.04699	-12.292744	-805.7905	9.527276	18232.746962547302
71	-10.214529	0.5733323	-9.465559	-11.379873	-228.62204	53.097347	-162.36887	-309.21222	-228.62204	53.097347	-162.36887	-309.21222	-10.214529	0.5733323	-9.465559	-11.379873	1000.0	1000.0	283999	668.0091	40.57771	764.60394	507.32645	668.0086	40.566967	758.8797	496.12274	-2.123998	1.9744278	19.444069	-13.411206	-668.2941	7.7001123	18600.701092243195
72	-19.607376	8.238066	-9.864427	-29.616722	-237.63199	111.58104	-110.32253	-372.39194	-237.63199	111.58104	-110.32253	-372.39194	-19.607376	8.238066	-9.864427	-29.616722	1000.0	1000.0	287999	559.95306	34.62166	649.8217	423.25934	559.9527	34.611988	644.25684	415.22406	-1.5773968	2.093689	21.665894	-11.916488	-560.5386	7.3615108	18899.634714603424
73	-9.005821	0.6274854	-8.344789	-10.293756	-163.01982	49.944458	-89.45189	-211.68094	-163.01982	49.944458	-89.45189	-211.68094	-9.005821	0.6274854	-8.344789	-10.293756	1000.0	1000.0	291999	471.2628	30.487947	551.5384	343.84967	471.26315	30.480265	545.77924	342.33084	-2.0816965	1.8379586	22.344593	-14.390678	-471.7413	5.333505	19150.559950113297
74	-7.2448273	0.4271792	-6.421334	-7.7582874	-206.06218	20.190535	-180.5225	-235.88634	-206.06218	20.190535	-180.5225	-235.88634	-7.2448273	0.4271792	-6.421334	-7.7582874	1000.0	1000.0	295999	397.0374	27.40527	463.95703	291.822	397.03787	27.39905	463.71075	288.15942	-2.3043659	1.91322	13.0048065	-14.03688	-397.55087	4.3867254	19421.206655979156
75	-4.9155703	0.582116	-3.5575905	-5.872848	-369.73654	77.89506	-248.77473	-448.90076	-369.73654	77.89506	-248.77473	-448.90076	-4.9155703	0.582116	-3.5575905	-5.872848	1000.0	1000.0	299999	337.41885	25.63479	398.08478	248.80414	337.41907	25.63212	397.84332	255.9686	-2.3296459	1.9625381	12.683482	-13.233015	-338.09357	3.730307	19809.95983481407
76	-5.776433	0.56589764	-4.7634025	-6.7531114	-281.1075	71.00079	-194.40477	-387.29794	-281.1075	71.00079	-194.40477	-387.29794	-5.776433	0.56589764	-4.7634025	-6.7531114	1000.0	1000.0	303999	290.32837	25.666368	347.6082	212.21811	290.3287	25.664549	347.69028	205.76634	-2.2505772	2.11594	17.517906	-14.481422	-291.09195	3.4495685	20184.290204048157
77	-6.6129365	1.2117676	-4.9381394	-8.844716	-286.1075	75.54754	-202.47073	-408.67618	-286.1075	75.54754	-202.47073	-408.67618	-6.6129365	1.2117676	-4.9381394	-8.844716	1000.0	1000.0	307999	253.58066	26.027567	313.92654	174.1355	253.58058	26.025406	315.48688	173.44531	-1.7539544	2.3017454	19.791546	-11.947032	-254.60426	3.3358705	20578.63063812256
78	-4.21679	0.5458456	-2.8119652	-4.869963	-252.50322	45.19762	-205.23315	-326.56778	-252.50322	45.19762	-205.23315	-326.56778	-4.21679	0.5458456	-2.8119652	-4.869963	1000.0	1000.0	311999	227.77103	25.164757	280.4038	151.10754	227.77094	25.161858	280.43427	152.41118	-1.3263206	2.2145238	15.854162	-15.017954	-228.8849	3.1172016	20836.719040870667
79	-5.8898826	0.86690956	-4.4747505	-7.344124	-238.6196	57.616528	-150.29675	-305.25397	-238.6196	57.616528	-150.29675	-305.25397	-5.8898826	0.86690956	-4.4747505	-7.344124	1000.0	1000.0	315999	204.52557	25.541618	252.2687	124.45005	204.52547	25.539162	253.99448	118.5726	-2.0898743	2.1425598	12.508767	-13.958804	-205.46028	2.3924387	21097.981776714325
80	-6.52028	0.74496835	-5.4656334	-8.48444	-264.3576	41.42949	-215.96043	-329.35995	-264.3576	41.42949	-215.96043	-329.35995	-6.52028	0.74496835	-5.4656334	-8.48444	1000.0	1000.0	319999	183.58559	25.636276	230.21619	108.275856	183.58572	25.63406	230.38527	108.50976	-2.0913272	2.1137586	13.969149	-13.063423	-184.55426	2.1366675	21347.791307210922
81	-8.702459	0.684058	-7.0721407	-9.623894	-254.41866	45.048256	-198.96553	-306.60822	-254.41866	45.048256	-198.96553	-306.60822	-8.702459	0.684058	-7.0721407	-9.623894	1000.0	1000.0	323999	167.79622	25.52862	211.25212	94.545456	167.79614	25.527035	212.20204	95.55766	-1.7270162	2.1477647	13.880727	-13.982803	-168.86238	2.074517	21579.98441672325
82	-8.545807	0.9064751	-6.8494225	-9.689887	-200.41231	30.91709	-148.47931	-224.84087	-200.41231	30.91709	-148.47931	-224.84087	-8.545807	0.9064751	-6.8494225	-9.689887	1000.0	1000.0	327999	155.89142	25.12211	199.52715	82.25807	155.8912	25.12042	198.77065	79.39983	-1.6721311	2.1562424	12.293437	-14.5421715	-156.98645	1.9578408	21813.398446321487
83	-12.768926	0.95671225	-10.732742	-14.512033	-229.31725	22.010065	-206.04356	-265.52887	-229.31725	22.010065	-206.04356	-265.52887	-12.768926	0.95671225	-10.732742	-14.512033	1000.0	1000.0	331999	145.97176	25.079498	185.62088	74.4466	145.97156	25.078285	186.63449	70.51347	-1.8674656	2.1411157	12.506996	-13.78792	-147.06406	1.7455535	22045.729161024094
84	-13.331926	0.9824901	-11.341487	-15.308004	-202.03613	16.912395	-176.20386	-219.62823	-202.03613	16.912395	-176.20386	-219.62823	-13.331926	0.9824901	-11.341487	-15.308004	1000.0	1000.0	335999	138.60912	25.377687	179.33594	63.937294	138.60876	25.376823	179.56836	65.07899	-1.6053566	2.173401	13.152285	-13.576675	-139.79727	1.7482334	22274.72969007492
85	-11.212456	0.6429985	-10.306777	-12.193418	-200.97104	36.29174	-163.03102	-256.55286	-200.97104	36.29174	-163.03102	-256.55286	-11.212456	0.6429985	-10.306777	-12.193418	1000.0	1000.0	339999	132.97289	25.829493	172.564	57.65502	132.97267	25.829142	172.11087	58.5299	-1.7539661	2.1818588	13.818535	-13.688142	-134.15482	1.6366534	22525.200155735016
86	-14.679011	0.68581474	-13.209242	-15.772363	-192.68	16.922907	-172.92087	-219.28464	-192.68	16.922907	-172.92087	-219.28464	-14.679011	0.68581474	-13.209242	-15.772363	1000.0	1000.0	343999	129.34264	26.523987	169.39114	50.36494	129.34242	26.523918	169.10799	57.476788	-1.4167483	2.2582364	14.157959	-13.356103	-130.64015	1.6848985	22839.709012508392
87	-16.665585	0.8616678	-15.481682	-17.88046	-184.74768	25.902203	-159.81932	-220.17313	-184.74768	25.902203	-159.81932	-220.17313	-16.665585	0.8616678	-15.481682	-17.88046	1000.0	1000.0	347999	127.59285	27.22324	167.42628	49.784214	127.59253	27.223232	167.74951	48.74259	-1.3624064	2.2605846	14.634167	-16.163078	-128.91684	1.5857757	23140.446365118027
88	-16.81514	0.94990164	-15.333499	-18.440138	-210.30392	45.90956	-152.78094	-269.31372	-210.30392	45.90956	-152.78094	-269.31372	-16.81514	0.94990164	-15.333499	-18.440138	1000.0	1000.0	351999	126.94394	27.67966	166.24742	43.82727	126.94385	27.679993	165.71744	44.839134	-1.132531	2.3037636	21.584385	-13.4709	-128.35895	1.5816534	23424.915607452393
89	-18.588715	1.034363	-17.352312	-21.108671	-199.34686	30.394958	-160.8151	-238.52026	-199.34686	30.394958	-160.8151	-238.52026	-18.588715	1.034363	-17.352312	-21.108671	1000.0	1000.0	355999	127.01836	28.090773	165.38724	38.975216	127.01828	28.090944	165.8402	42.44246	-1.2423495	2.2818801	14.711682	-15.324032	-128.40894	1.5839199	23738.115580558777
90	-19.160547	1.2698052	-17.453365	-20.990017	-205.25911	29.64703	-161.09448	-242.43106	-205.25911	29.64703	-161.09448	-242.43106	-19.160547	1.2698052	-17.453365	-20.990017	1000.0	1000.0	359999	126.69732	28.796244	165.05688	38.470352	126.69724	28.796223	165.62334	40.845196	-1.226785	2.2763717	13.971251	-15.134272	-128.08469	1.49788	24157.91550374031
91	-17.949856	0.7337692	-16.915346	-19.245678	-192.3132	13.610236	-175.38817	-211.86525	-192.3132	13.610236	-175.38817	-211.86525	-17.949856	0.7337692	-16.915346	-19.245678	1000.0	1000.0	363999	126.27038	29.254002	164.55821	32.68988	126.27041	29.254019	165.72766	34.164795	-1.3575553	2.283499	14.885618	-14.999537	-127.63176	1.4529465	24549.41204571724
92	-18.675533	1.4927882	-16.329815	-20.706995	-174.26462	15.56916	-149.20135	-190.56664	-174.26462	15.56916	-149.20135	-190.56664	-18.675533	1.4927882	-16.329815	-20.706995	1000.0	1000.0	367999	126.84846	29.946783	167.51907	30.82951	126.84833	29.946619	165.79752	29.930246	-1.1201807	2.329095	12.219646	-15.632538	-128.33156	1.5432236	24934.55384349823
93	-19.314442	1.082728	-17.81677	-22.001175	-213.22554	35.03676	-181.0946	-271.38824	-213.22554	35.03676	-181.0946	-271.38824	-19.314442	1.082728	-17.81677	-22.001175	1000.0	1000.0	371999	128.03177	30.540636	169.42749	28.216476	128.032	30.540398	167.93698	24.044214	-1.0841115	2.3112428	21.810947	-13.410016	-129.51146	1.5145154	25367.186511039734
94	-20.151037	0.5581462	-18.965508	-21.181625	-222.16139	12.254941	-205.85205	-238.455	-222.16139	12.254941	-205.85205	-238.455	-20.151037	0.5581462	-18.965508	-21.181625	1000.0	1000.0	375999	129.18372	31.517088	171.43199	28.669735	129.184	31.516495	171.72223	28.592379	-1.1104045	2.3845685	15.437691	-13.638438	-130.67981	1.5155164	25694.686542272568
95	-21.537703	0.9883321	-20.388588	-23.27268	-205.56853	29.33179	-165.09612	-247.40477	-205.56853	29.33179	-165.09612	-247.40477	-21.537703	0.9883321	-20.388588	-23.27268	1000.0	1000.0	379999	131.17467	32.42825	172.72697	28.948565	131.1745	32.428276	171.95435	26.56063	-0.79216236	2.428428	18.676472	-15.633198	-132.75786	1.6165075	25993.135586977005
96	-22.663013	1.2918619	-20.260357	-24.409458	-209.44835	18.3535	-179.16821	-225.13022	-209.44835	18.3535	-179.16821	-225.13022	-22.663013	1.2918619	-20.260357	-24.409458	1000.0	1000.0	383999	133.70882	32.932602	174.73914	27.413286	133.70888	32.932228	176.24829	25.208263	-0.82153416	2.3982842	17.469395	-16.070116	-135.28784	1.6209595	26365.07951116562
97	-20.054592	1.0003453	-18.793184	-22.058786	-188.449	33.912617	-163.28708	-245.96776	-188.449	33.912617	-163.28708	-245.96776	-20.054592	1.0003453	-18.793184	-22.058786	1000.0	1000.0	387999	135.42352	33.702873	178.93114	28.490734	135.42354	33.70237	179.63675	27.89511	-0.8333139	2.4005191	18.759012	-12.826027	-137.0291	1.6236404	26773.10927414894
98	-24.712145	1.3541728	-22.842913	-27.82256	-191.68483	12.429623	-176.10046	-209.87898	-191.68483	12.429623	-176.10046	-209.87898	-24.712145	1.3541728	-22.842913	-27.82256	1000.0	1000.0	391999	137.81258	34.09019	180.98808	27.461824	137.81258	34.089993	180.33675	28.503616	-0.745053	2.40946	17.142023	-13.19777	-139.45554	1.6303073	27200.936036109924
99	-26.564056	1.0415705	-25.072794	-28.208776	-191.56396	35.687393	-152.91484	-236.66463	-191.56396	35.687393	-152.91484	-236.66463	-26.564056	1.0415705	-25.072794	-28.208776	1000.0	1000.0	395999	139.30289	34.69539	182.12613	30.481812	139.30296	34.69501	181.67801	28.312311	-0.8317373	2.353015	19.359648	-12.416381	-140.89174	1.5391601	27556.13285923004
100	-29.028198	0.9779221	-27.83904	-31.208267	-183.86293	23.13979	-154.12605	-214.30565	-183.86293	23.13979	-154.12605	-214.30565	-29.028198	0.9779221	-27.83904	-31.208267	1000.0	1000.0	399999	140.08392	34.649536	182.37646	24.940292	140.0838	34.649147	181.39835	25.992535	-0.87782377	2.364728	14.7527075	-13.394436	-141.66057	1.603459	27890.381271839142
101	-27.247498	2.2264688	-24.746992	-30.375378	-195.67484	37.85952	-130.83377	-226.00722	-195.67484	37.85952	-130.83377	-226.00722	-27.247498	2.2264688	-24.746992	-30.375378	1000.0	1000.0	403999	141.33755	34.787502	182.87663	27.86134	141.33765	34.787277	183.87772	28.28404	-0.72145975	2.391044	22.28976	-15.383788	-143.01118	1.5925533	28188.082754135132
102	-26.075115	1.5424529	-23.479927	-28.498884	-200.73724	73.42534	-124.05229	-310.18176	-200.73724	73.42534	-124.05229	-310.18176	-26.075115	1.5424529	-23.479927	-28.498884	1000.0	1000.0	407999	142.91939	34.909298	184.46664	24.289259	142.91931	34.90903	185.76198	23.50519	-0.8422778	2.3572955	19.28957	-13.810731	-144.52835	1.5613986	28496.821083784103
103	-22.484524	1.3235058	-21.170496	-25.848076	-163.52957	28.689917	-129.04054	-195.17494	-163.52957	28.689917	-129.04054	-195.17494	-22.484524	1.3235058	-21.170496	-25.848076	1000.0	1000.0	411999	143.24306	35.24972	184.43094	23.208818	143.24309	35.249218	183.85892	21.941633	-0.9118368	2.3316915	24.737204	-13.299686	-144.85294	1.5338912	28912.626908302307
104	-25.338251	1.9186459	-23.586763	-28.322973	-192.99681	57.87689	-94.2802	-242.14	-192.99681	57.87689	-94.2802	-242.14	-25.338251	1.9186459	-23.586763	-28.322973	1000.0	1000.0	415999	143.05385	35.05531	184.49135	23.39335	143.05399	35.054825	184.4071	21.05159	-1.075622	2.2956367	17.236313	-12.63526	-144.6095	1.5170895	29226.358095884323
105	-27.418142	1.5825605	-25.14833	-30.841778	-211.06503	61.066196	-132.77528	-271.49365	-211.06503	61.066196	-132.77528	-271.49365	-27.418142	1.5825605	-25.14833	-30.841778	1000.0	1000.0	419999	143.14989	34.70145	185.37836	24.593252	143.14986	34.701134	186.01755	25.443794	-0.89473337	2.3372302	19.025122	-14.82153	-144.77728	1.584043	29484.001486301422
106	-27.421728	2.0568829	-25.279505	-31.427094	-230.76848	39.152454	-185.07175	-287.51712	-230.76848	39.152454	-185.07175	-287.51712	-27.421728	2.0568829	-25.279505	-31.427094	1000.0	1000.0	423999	144.33679	34.489746	184.96947	22.53738	144.33675	34.489384	185.15437	24.400816	-0.91259557	2.3120313	17.694794	-13.728636	-145.94928	1.544979	29752.376062870026
107	-29.40326	0.8063128	-28.147251	-31.151081	-109.10482	17.702131	-81.113525	-130.04489	-109.10482	17.702131	-81.113525	-130.04489	-29.40326	0.8063128	-28.147251	-31.151081	1000.0	1000.0	427999	144.34338	34.727135	185.86661	25.228893	144.34344	34.72709	187.14491	27.43679	-0.8576716	2.3670864	19.289272	-13.130074	-145.9882	1.5671818	30047.136698246002
108	-25.046707	0.88834715	-23.309393	-26.429684	-88.618256	38.336796	-25.30484	-128.15562	-88.618256	38.336796	-25.30484	-128.15562	-25.046707	0.88834715	-23.309393	-26.429684	1000.0	1000.0	431999	145.56786	34.4561	186.64418	27.308378	145.56776	34.45584	187.6285	25.793821	-0.8063626	2.3923705	22.477915	-13.325516	-147.21431	1.5052006	30347.70647907257
109	-29.172924	1.0907763	-27.654299	-30.584671	-164.67827	31.294592	-122.57036	-207.47127	-164.67827	31.294592	-122.57036	-207.47127	-29.172924	1.0907763	-27.654299	-30.584671	1000.0	1000.0	435999	145.65352	34.502956	186.11621	22.24886	145.6536	34.502563	186.30945	13.187207	-0.92362297	2.3589728	27.234531	-14.588484	-147.23778	1.5144397	30651.986404895782
110	-27.945852	1.2365794	-25.76011	-29.85948	-138.05899	7.1959186	-131.2869	-149.77802	-138.05899	7.1959186	-131.2869	-149.77802	-27.945852	1.2365794	-25.76011	-29.85948	1000.0	1000.0	439999	145.46849	34.57039	185.06892	25.579077	145.46854	34.569977	186.17867	28.379698	-0.8126295	2.3821344	29.11676	-13.429691	-147.08395	1.5233632	30971.379257440567
111	-27.569784	1.1567388	-26.123228	-29.7153	-157.80168	26.91064	-113.33315	-184.32823	-157.80168	26.91064	-113.33315	-184.32823	-27.569784	1.1567388	-26.123228	-29.7153	1000.0	1000.0	443999	145.80486	34.39681	185.94409	21.033579	145.80495	34.396458	186.37112	18.773136	-0.8355981	2.3700864	32.8752	-14.188179	-147.42232	1.5397384	31354.402802467346
112	-27.82227	1.3488445	-25.643284	-29.947594	-87.71602	9.826781	-78.19856	-102.40466	-87.71602	9.826781	-78.19856	-102.40466	-27.82227	1.3488445	-25.643284	-29.947594	1000.0	1000.0	447999	146.30891	34.158134	186.58542	25.353844	146.309	34.157833	185.99158	26.004063	-0.8315389	2.3788579	28.542631	-14.219549	-147.95276	1.4929425	31662.58389234543
113	-28.948523	1.1671563	-27.050966	-30.706324	-130.74277	16.46561	-109.14047	-154.82965	-130.74277	16.46561	-109.14047	-154.82965	-28.948523	1.1671563	-27.050966	-30.706324	1000.0	1000.0	451999	146.88927	34.26234	187.2627	30.095129	146.88913	34.262005	187.0424	25.093166	-0.8234832	2.3883326	30.974277	-15.290112	-148.53813	1.4234575	31949.514620780945
114	-25.291367	1.0627419	-24.077572	-27.888582	-114.10782	17.64878	-83.872604	-127.17034	-114.10782	17.64878	-83.872604	-127.17034	-25.291367	1.0627419	-24.077572	-27.888582	1000.0	1000.0	455999	147.22655	34.2062	186.36423	28.360483	147.22665	34.205666	186.22113	28.28694	-0.8543199	2.3984718	21.659357	-12.70406	-148.85168	1.4689802	32300.391978263855
115	-24.604412	0.59713125	-23.820215	-25.691334	-135.99236	8.056121	-124.7448	-147.44246	-135.99236	8.056121	-124.7448	-147.44246	-24.604412	0.59713125	-23.820215	-25.691334	1000.0	1000.0	459999	147.02731	33.962692	185.82646	28.778582	147.02728	33.962296	185.80682	28.555984	-0.8975965	2.385508	22.008432	-13.501081	-148.64284	1.4025774	32708.698391199112
116	-25.268377	0.79855835	-24.24625	-26.426626	-126.04576	10.915497	-114.97292	-144.01067	-126.04576	10.915497	-114.97292	-144.01067	-25.268377	0.79855835	-24.24625	-26.426626	1000.0	1000.0	463999	146.77826	33.849815	187.40279	26.498884	146.77818	33.849285	186.59904	26.124546	-0.96016103	2.3735228	20.565546	-13.289856	-148.36668	1.4224952	33124.912257909775
117	-24.38795	0.7784264	-22.343523	-25.088955	-118.1755	32.968307	-71.12858	-159.32414	-118.1755	32.968307	-71.12858	-159.32414	-24.38795	0.7784264	-22.343523	-25.088955	1000.0	1000.0	467999	146.35963	33.899155	187.0836	17.384155	146.35966	33.899025	187.13322	11.549833	-0.9310531	2.3545504	33.845764	-14.74729	-147.97002	1.4485339	33537.747834444046
118	-23.46888	0.84206384	-22.312563	-25.133215	-95.43163	30.52481	-49.585747	-134.18706	-95.43163	30.52481	-49.585747	-134.18706	-23.46888	0.84206384	-22.312563	-25.133215	1000.0	1000.0	471999	146.63506	33.955814	187.52867	22.601324	146.63509	33.955574	187.5835	18.138348	-0.8632989	2.385682	24.423576	-14.974403	-148.27359	1.4671544	33951.78389000893
119	-25.689753	1.1569806	-24.434042	-28.122175	-114.96853	58.04733	-44.87406	-196.8874	-114.96853	58.04733	-44.87406	-196.8874	-25.689753	1.1569806	-24.434042	-28.122175	1000.0	1000.0	475999	146.90182	34.07293	186.65842	15.722576	146.90176	34.072605	187.5291	13.594286	-0.76861984	2.3859787	21.171432	-15.223222	-148.54799	1.5664543	34370.23166322708
120	-29.034607	1.0437983	-27.356077	-30.810562	-130.19139	27.660414	-102.00569	-170.90784	-130.19139	27.660414	-102.00569	-170.90784	-29.034607	1.0437983	-27.356077	-30.810562	1000.0	1000.0	479999	148.08975	33.94335	187.50986	24.677696	148.08981	33.942993	187.8883	21.796553	-0.7073427	2.4027848	26.49612	-13.67377	-149.79181	1.5447971	34696.16148138046
121	-28.526068	0.85599935	-27.2487	-30.290699	-89.12191	35.101402	-43.10389	-141.92128	-89.12191	35.101402	-43.10389	-141.92128	-28.526068	0.85599935	-27.2487	-30.290699	1000.0	1000.0	483999	149.15419	34.01685	187.54596	25.590206	149.15425	34.016422	187.95805	22.417265	-0.7274461	2.4318945	23.770565	-12.538788	-150.81445	1.4956453	34997.03058052063
122	-28.667688	1.1190931	-26.935308	-30.204618	-152.8417	29.569933	-106.79453	-186.76707	-152.8417	29.569933	-106.79453	-186.76707	-28.667688	1.1190931	-26.935308	-30.204618	1000.0	1000.0	487999	149.05843	34.70481	189.03865	20.642393	149.05844	34.704876	188.95958	18.344883	-0.68831336	2.4864883	24.158926	-13.047829	-150.71893	1.5429884	35314.904292821884
123	-67.45968	0.9293491	-65.8177	-68.90321	-188.11826	63.0404	-132.97763	-292.12958	-188.11826	63.0404	-132.97763	-292.12958	-67.45968	0.9293491	-65.8177	-68.90321	1000.0	1000.0	491999	150.2882	34.477802	189.35962	19.806385	150.28807	34.47753	190.40431	15.342951	-0.6730308	2.4619007	20.713024	-13.336973	-151.97488	1.5326972	35637.58811330795
124	-286.92935	0.6644852	-285.8513	-287.99704	-211.5915	63.54484	-134.86948	-311.5067	-211.5915	63.54484	-134.86948	-311.5067	-286.92935	0.6644852	-285.8513	-287.99704	1000.0	1000.0	495999	149.90498	34.294655	189.63652	17.164494	149.90503	34.294304	188.57286	17.800323	-0.83154756	2.416606	22.80269	-13.905635	-151.52165	1.5045	35922.59673810005
125	-47.563282	0.97964466	-45.476868	-48.961983	-204.57967	55.858643	-117.6739	-263.33667	-204.57967	55.858643	-117.6739	-263.33667	-47.563282	0.97964466	-45.476868	-48.961983	1000.0	1000.0	499999	149.5474	33.96899	187.90927	21.578537	149.54732	33.968544	188.00739	23.083807	-0.78634834	2.4778624	27.532589	-15.029265	-151.18478	1.5585855	36198.62091112137
126	-76.49043	0.70679575	-75.41192	-77.461555	-136.2262	10.959074	-120.420746	-151.26718	-136.2262	10.959074	-120.420746	-151.26718	-76.49043	0.70679575	-75.41192	-77.461555	1000.0	1000.0	503999	148.9784	33.915028	187.78458	16.409126	148.97859	33.914543	187.50415	16.361013	-0.7854901	2.4651263	26.918415	-13.071477	-150.57516	1.5387808	36578.30799102783
127	-124.11322	1.2163285	-122.16595	-125.829926	-186.94397	92.27914	-98.30559	-331.3157	-186.94397	92.27914	-98.30559	-331.3157	-124.11322	1.2163285	-122.16595	-125.829926	1000.0	1000.0	507999	148.18289	33.909866	189.45546	16.195763	148.18285	33.909676	187.7634	17.834246	-0.8019967	2.434724	27.53715	-14.920165	-149.79947	1.5199463	36952.88422083855
128	-22.15292	1.9271687	-18.96087	-26.371708	-152.39491	41.794903	-87.258835	-202.6463	-152.39491	41.794903	-87.258835	-202.6463	-22.15292	1.9271687	-18.96087	-26.371708	1000.0	1000.0	511999	147.81213	33.890125	187.17859	22.59378	147.81209	33.89002	189.16832	24.467007	-0.832032	2.4072325	20.201418	-13.4135	-149.43054	1.5447015	37251.393991708755
129	-23.941837	0.5122579	-23.160416	-24.729622	-126.11355	29.74129	-95.69717	-158.9955	-126.11355	29.74129	-95.69717	-158.9955	-23.941837	0.5122579	-23.160416	-24.729622	1000.0	1000.0	515999	148.03923	33.80765	186.06569	22.01885	148.03952	33.80677	186.57816	22.464184	-0.78861165	2.4333744	16.861654	-16.945364	-149.6903	1.6935896	37570.83029913902
130	-36.944897	2.078828	-34.238873	-41.0468	-119.392944	23.739735	-79.56389	-141.61195	-119.392944	23.739735	-79.56389	-141.61195	-36.944897	2.078828	-34.238873	-41.0468	1000.0	1000.0	519999	148.39183	34.06212	187.98299	23.619003	148.39166	34.062084	188.32208	23.524343	-0.77442914	2.4595764	22.408743	-13.960783	-150.04938	1.6439927	37960.98263549805
131	-45.084347	1.2545651	-43.060715	-47.386406	-89.16957	11.565731	-78.74222	-106.93277	-89.16957	11.565731	-78.74222	-106.93277	-45.084347	1.2545651	-43.060715	-47.386406	1000.0	1000.0	523999	148.88129	34.03836	188.19029	14.880751	148.88135	34.03814	188.29768	15.69051	-0.7022988	2.4944472	25.833492	-13.913836	-150.5295	1.7325444	38251.9112508297
132	-22.02357	2.164093	-19.357338	-25.751036	-86.78991	21.391474	-56.175957	-116.135124	-86.78991	21.391474	-56.175957	-116.135124	-22.02357	2.164093	-19.357338	-25.751036	1000.0	1000.0	527999	148.78117	33.819084	187.37138	17.352947	148.78113	33.818825	186.6498	14.473593	-0.7434436	2.458045	22.51463	-14.958696	-150.42953	1.6656352	38506.58956837654
133	-52.861103	19.26986	-36.135376	-79.65705	-66.947525	12.768165	-45.35111	-78.62763	-66.947525	12.768165	-45.35111	-78.62763	-52.861103	19.26986	-36.135376	-79.65705	1000.0	1000.0	531999	149.22539	33.380733	187.31155	21.65047	149.22552	33.380344	187.09245	14.580177	-0.61548007	2.545212	43.02813	-12.316904	-150.89162	1.7445058	38798.18241786957
134	-35.417076	3.6848655	-30.014566	-40.519646	-44.60262	44.439194	29.274342	-81.64004	-44.60262	44.439194	29.274342	-81.64004	-35.417076	3.6848655	-30.014566	-40.519646	1000.0	1000.0	535999	149.1435	33.35867	188.40675	26.413673	149.14345	33.358112	187.02821	23.694489	-0.7556535	2.5069034	33.5595	-16.007578	-150.748	1.5727712	39137.334733724594
135	-30.79684	6.9400563	-23.262156	-41.451397	-78.89308	19.171417	-54.370697	-99.47785	-78.89308	19.171417	-54.370697	-99.47785	-30.79684	6.9400563	-23.262156	-41.451397	1000.0	1000.0	539999	148.87901	33.134132	186.11392	17.908298	148.87894	33.13398	186.05441	12.859739	-0.69149625	2.520132	23.605137	-12.633421	-150.52861	1.6192669	39538.595356464386
136	-33.613102	4.664601	-28.917318	-41.531727	-82.22187	18.747	-53.719437	-104.538414	-82.22187	18.747	-53.719437	-104.538414	-33.613102	4.664601	-28.917318	-41.531727	1000.0	1000.0	543999	149.51045	33.333035	189.6796	16.558716	149.51044	33.332745	188.64253	16.041113	-0.53444475	2.5867305	31.791409	-14.310293	-151.2166	1.8343265	39922.95415019989
137	-39.671013	1.8274113	-37.53149	-43.049988	-88.27772	15.361335	-73.6248	-110.91809	-88.27772	15.361335	-73.6248	-110.91809	-39.671013	1.8274113	-37.53149	-43.049988	1000.0	1000.0	547999	151.11226	33.71011	191.32191	12.799177	151.11229	33.7098	190.78394	11.129849	-0.511385	2.5943189	29.218079	-13.564116	-152.84938	1.7557658	40176.902671575546
138	-32.715546	2.2109156	-28.68422	-35.94657	-87.12417	13.776488	-72.77407	-107.27368	-87.12417	13.776488	-72.77407	-107.27368	-32.715546	2.2109156	-28.68422	-35.94657	1000.0	1000.0	551999	152.175	33.897293	190.22917	15.557194	152.1749	33.89706	190.43532	20.858633	-0.5645377	2.5062294	35.101532	-15.544317	-153.88962	1.9010755	40431.64619016647
139	-27.48054	4.234837	-23.79363	-36.032917	-86.88945	19.339859	-54.741558	-104.52093	-86.88945	19.339859	-54.741558	-104.52093	-27.48054	4.234837	-23.79363	-36.032917	1000.0	1000.0	555999	153.17729	33.599243	192.07915	22.100002	153.17735	33.599014	192.7324	22.222126	-0.51313335	2.5371025	21.381428	-12.60131	-154.89925	1.8914925	40761.42448115349
140	-36.344746	0.7582546	-35.068394	-37.787334	-77.55269	22.128033	-44.730865	-101.518936	-77.55269	22.128033	-44.730865	-101.518936	-36.344746	0.7582546	-35.068394	-37.787334	1000.0	1000.0	559999	154.25723	33.81647	193.3421	14.236394	154.25706	33.816402	194.53603	14.033816	-0.4225437	2.5971594	38.549004	-13.7243185	-156.00557	1.963494	41098.59847331047
141	-31.651646	0.45004192	-31.125143	-32.644867	-73.545235	41.724186	-5.643013	-108.6196	-73.545235	41.724186	-5.643013	-108.6196	-31.651646	0.45004192	-31.125143	-32.644867	1000.0	1000.0	563999	155.2118	33.880367	193.64096	23.003962	155.21194	33.88032	193.97519	24.17424	-0.49735397	2.548108	38.093224	-13.571419	-156.98132	1.8054644	41438.04585266113
142	-28.308285	1.2561988	-25.575087	-30.118504	-114.19117	14.055524	-98.58459	-134.54633	-114.19117	14.055524	-98.58459	-134.54633	-28.308285	1.2561988	-25.575087	-30.118504	1000.0	1000.0	567999	156.21844	33.561718	194.16277	23.928162	156.21832	33.561413	196.04247	22.184088	-0.6533868	2.5401628	28.628927	-13.526016	-157.91643	1.7927468	41770.52097082138
143	-31.206638	0.5909247	-30.312235	-32.003414	-89.03888	24.87908	-48.276226	-109.342316	-89.03888	24.87908	-48.276226	-109.342316	-31.206638	0.5909247	-30.312235	-32.003414	1000.0	1000.0	571999	156.26028	33.670963	194.30122	21.19479	156.26031	33.670746	194.64662	18.355326	-0.42700407	2.6151707	29.077799	-13.118995	-157.98196	1.8097461	42086.25680446625
144	-30.024649	1.0286232	-28.332623	-31.874098	-98.94606	10.250981	-83.37562	-109.78368	-98.94606	10.250981	-83.37562	-109.78368	-30.024649	1.0286232	-28.332623	-31.874098	1000.0	1000.0	575999	156.34558	33.672626	195.82042	6.95977	156.34558	33.672104	195.89378	16.86765	-0.58671916	2.5596387	26.139114	-14.209688	-158.02391	1.8981465	42397.04847764969
145	-30.933508	0.770244	-29.792568	-32.067436	-103.42352	21.29285	-71.38666	-130.56325	-103.42352	21.29285	-71.38666	-130.56325	-30.933508	0.770244	-29.792568	-32.067436	1000.0	1000.0	579999	155.99	33.478855	192.84763	21.210133	155.99005	33.47833	194.70152	23.993204	-0.50527674	2.5730317	34.77526	-15.928808	-157.71103	1.7876855	42708.38086986542
146	-29.541958	2.6320813	-22.231716	-32.407375	-97.3766	21.264257	-73.12152	-123.07602	-97.3766	21.264257	-73.12152	-123.07602	-29.541958	2.6320813	-22.231716	-32.407375	1000.0	1000.0	583999	156.99803	33.3962	197.93158	11.186644	156.99805	33.39587	197.3496	11.201437	-0.4369422	2.5563338	30.400755	-12.7231655	-158.75993	1.9202161	43052.47885155678
147	-31.192896	2.8054116	-26.016748	-35.783913	-95.33525	14.404724	-80.43209	-114.317474	-95.33525	14.404724	-80.43209	-114.317474	-31.192896	2.8054116	-26.016748	-35.783913	1000.0	1000.0	587999	157.3671	33.577087	198.40355	18.974041	157.36714	33.57697	197.06998	19.994198	-0.5265268	2.5851316	21.735422	-14.303271	-159.10875	1.893318	43441.8581969738
148	-26.546192	0.54132146	-25.892899	-27.441723	-98.643036	26.423124	-79.619225	-144.21164	-98.643036	26.423124	-79.619225	-144.21164	-26.546192	0.54132146	-25.892899	-27.441723	1000.0	1000.0	591999	158.28606	33.453632	196.70393	27.353836	158.28616	33.45343	195.9486	27.429243	-0.5354614	2.509932	59.612926	-13.932957	-160.0284	1.9285569	43795.900779008865
149	-29.458652	0.61996734	-28.71116	-30.678217	-126.73001	18.897825	-97.67433	-149.13573	-126.73001	18.897825	-97.67433	-149.13573	-29.458652	0.61996734	-28.71116	-30.678217	1000.0	1000.0	595999	158.30098	33.445553	198.02489	17.686161	158.30084	33.444656	197.43875	21.194138	-0.57429695	2.5652483	37.238914	-14.18646	-160.01416	1.8257663	44140.20598292351
150	-26.936945	0.46340224	-26.190619	-27.99817	-170.80037	19.93517	-146.85023	-202.12608	-170.80037	19.93517	-146.85023	-202.12608	-26.936945	0.46340224	-26.190619	-27.99817	1000.0	1000.0	599999	158.31181	33.079357	196.91283	19.671505	158.31187	33.079258	196.82349	26.538866	-0.4811979	2.545594	28.84977	-14.231088	-160.05588	1.7601558	44477.573376894
151	-27.651724	1.028404	-26.451097	-29.82253	-184.37848	22.904186	-162.193	-216.88712	-184.37848	22.904186	-162.193	-216.88712	-27.651724	1.028404	-26.451097	-29.82253	1000.0	1000.0	603999	158.22385	32.949657	197.64246	20.48685	158.22389	32.949844	196.46762	18.479164	-0.621594	2.4947102	27.965494	-12.764317	-159.93176	1.763852	44852.574609041214
152	-23.800884	0.7323024	-22.523981	-24.935217	-149.8948	26.51373	-112.963646	-177.12169	-149.8948	26.51373	-112.963646	-177.12169	-23.800884	0.7323024	-22.523981	-24.935217	1000.0	1000.0	607999	158.69102	33.005	197.31523	22.086424	158.6911	33.003967	197.73595	22.961388	-0.3744391	2.5587199	21.382568	-13.330819	-160.42444	1.7418789	45258.00603079796
153	-28.53243	1.0927358	-25.7839	-30.035398	-152.59038	48.97077	-94.06412	-213.63483	-152.59038	48.97077	-94.06412	-213.63483	-28.53243	1.0927358	-25.7839	-30.035398	1000.0	1000.0	611999	158.23245	32.758293	194.37071	23.750948	158.23236	32.75827	194.90344	23.707043	-0.61045974	2.5188851	43.510235	-14.166615	-159.91824	1.6164043	45541.09576201439
154	-29.296421	0.33893305	-28.597761	-29.887598	-125.41109	30.548288	-88.65776	-163.92192	-125.41109	30.548288	-88.65776	-163.92192	-29.296421	0.33893305	-28.597761	-29.887598	1000.0	1000.0	615999	158.02605	32.533566	194.5471	25.937258	158.02614	32.53327	196.67964	28.256413	-0.4816373	2.5663726	38.570827	-12.227144	-159.7471	1.7783068	45824.158034563065
155	-29.199162	0.5700946	-28.525877	-30.529413	-125.26805	25.462889	-97.66652	-160.22008	-125.26805	25.462889	-97.66652	-160.22008	-29.199162	0.5700946	-28.525877	-30.529413	1000.0	1000.0	619999	158.04762	32.410713	195.62036	23.34982	158.04747	32.410934	196.04166	9.401747	-0.40022296	2.5630753	29.890179	-18.853	-159.77492	1.6992949	46087.97780537605
156	-27.373028	0.7577337	-26.200436	-28.788584	-123.168335	25.90869	-80.08045	-149.03891	-123.168335	25.90869	-80.08045	-149.03891	-27.373028	0.7577337	-26.200436	-28.788584	1000.0	1000.0	623999	158.01717	32.442745	194.67308	16.747326	158.01733	32.442562	194.8921	25.987904	-0.5135605	2.5108716	22.598398	-13.507042	-159.75272	1.7851043	46350.73460865021
157	-26.853073	0.77460116	-25.925749	-28.465261	-109.87187	27.330582	-70.87099	-148.07805	-109.87187	27.330582	-70.87099	-148.07805	-26.853073	0.77460116	-25.925749	-28.465261	1000.0	1000.0	627999	157.9968	32.09086	195.9886	27.295467	157.9968	32.090435	195.453	30.14663	-0.48377392	2.5213687	37.818466	-14.798931	-159.68553	1.6504894	46608.264561891556
158	-26.980412	0.47979286	-26.166449	-27.927881	-144.76663	14.068753	-129.1958	-159.4934	-144.76663	14.068753	-129.1958	-159.4934	-26.980412	0.47979286	-26.166449	-27.927881	1000.0	1000.0	631999	157.29712	31.88728	194.4413	27.48415	157.29707	31.886963	193.80885	26.444813	-0.57582885	2.523982	27.11691	-13.633147	-158.984	1.7356393	46865.384952545166
159	-27.555902	0.7058096	-26.481188	-28.577686	-128.30812	34.12551	-104.451996	-186.7848	-128.30812	34.12551	-104.451996	-186.7848	-27.555902	0.7058096	-26.481188	-28.577686	1000.0	1000.0	635999	157.25963	31.928469	196.46223	28.720852	157.25974	31.928385	195.36337	25.896122	-0.53591	2.4804323	22.242046	-14.633068	-158.9965	1.6578345	47122.12727689743
160	-28.771942	0.9507566	-27.249115	-30.069845	-117.58089	34.30013	-72.83132	-165.55241	-117.58089	34.30013	-72.83132	-165.55241	-28.771942	0.9507566	-27.249115	-30.069845	1000.0	1000.0	639999	157.79097	31.87307	194.42947	22.508316	157.7909	31.873192	194.38177	29.631428	-0.4211353	2.5379622	30.424726	-12.790853	-159.53477	1.6643337	47377.76946949959
161	-28.330044	0.67142856	-27.090515	-29.457842	-69.91944	34.704926	-15.024687	-110.4474	-69.91944	34.704926	-15.024687	-110.4474	-28.330044	0.67142856	-27.090515	-29.457842	1000.0	1000.0	643999	158.02795	31.711502	194.70847	27.40991	158.028	31.710814	194.26427	27.113352	-0.5953678	2.4625754	29.157833	-13.400588	-159.76016	1.6796123	47633.4505302906
162	-25.969843	0.5169429	-25.057106	-26.938961	-123.94347	19.384174	-98.973785	-148.40976	-123.94347	19.384174	-98.973785	-148.40976	-25.969843	0.5169429	-25.057106	-26.938961	1000.0	1000.0	647999	158.04645	31.577826	193.97968	24.182564	158.04636	31.577965	192.3354	20.149488	-0.5084776	2.5337954	22.872631	-14.278429	-159.76642	1.6736708	47923.16027259827
163	-18.837717	0.8264937	-17.48845	-20.129997	-116.99929	42.525223	-70.216484	-176.4115	-116.99929	42.525223	-70.216484	-176.4115	-18.837717	0.8264937	-17.48845	-20.129997	1000.0	1000.0	651999	158.27457	31.479662	194.45416	25.231674	158.27464	31.479343	195.96805	22.69461	-0.4852101	2.5084395	24.318264	-15.215642	-159.9746	1.6123163	48220.11680340767
164	-29.250751	0.46498686	-28.32087	-30.070686	-91.37484	14.28811	-76.57273	-114.12977	-91.37484	14.28811	-76.57273	-114.12977	-29.250751	0.46498686	-28.32087	-30.070686	1000.0	1000.0	655999	157.88797	31.665472	194.9638	26.158573	157.88805	31.664976	194.73514	27.717152	-0.32382303	2.5765336	22.778446	-16.059519	-159.61322	1.6591374	48524.07804751396
165	-26.595974	0.91956615	-25.135937	-27.881008	-111.24892	9.9699745	-100.67525	-126.120155	-111.24892	9.9699745	-100.67525	-126.120155	-26.595974	0.91956615	-25.135937	-27.881008	1000.0	1000.0	659999	157.39691	31.470793	192.34566	23.810184	157.39677	31.470642	193.19264	27.231964	-0.56957084	2.4814162	35.629967	-12.742937	-159.05118	1.5707285	48823.645403146744
166	-30.062992	0.44402397	-29.460457	-30.902296	-108.736694	26.157032	-66.31484	-135.23222	-108.736694	26.157032	-66.31484	-135.23222	-30.062992	0.44402397	-29.460457	-30.902296	1000.0	1000.0	663999	155.99142	30.991095	190.85365	24.345953	155.99147	30.990955	190.97803	24.889822	-0.54946595	2.535045	36.551083	-18.803932	-157.60695	1.5190308	49238.1618373394
167	-31.229008	0.90769553	-29.847233	-32.776505	-103.668365	12.72701	-87.8631	-120.03938	-103.668365	12.72701	-87.8631	-120.03938	-31.229008	0.90769553	-29.847233	-32.776505	1000.0	1000.0	667999	154.55096	30.45744	189.10555	28.409178	154.55107	30.457006	189.4814	25.461693	-0.6591578	2.4533231	24.286785	-15.392985	-156.14601	1.5413855	49584.74728870392
168	-28.064386	0.66251063	-27.389477	-29.217909	-95.74779	56.690903	-2.1195788	-154.60751	-95.74779	56.690903	-2.1195788	-154.60751	-28.064386	0.66251063	-27.389477	-29.217909	1000.0	1000.0	671999	152.7698	30.39947	187.33011	11.281252	152.76984	30.399015	188.44127	12.638327	-0.56569755	2.5017807	33.40888	-12.946026	-154.39478	1.5744905	49844.089678525925
169	-31.255398	0.42988187	-30.481625	-32.013615	-129.12254	31.486301	-84.385544	-163.50569	-129.12254	31.486301	-84.385544	-163.50569	-31.255398	0.42988187	-30.481625	-32.013615	1000.0	1000.0	675999	152.17303	30.066048	186.11703	25.165232	152.17297	30.065607	187.08095	26.753994	-0.6329033	2.4937887	36.33266	-14.406544	-153.8075	1.5753728	50131.76452279091
170	-16.797195	0.84444153	-15.697091	-18.511673	-133.18623	60.46175	-75.08567	-228.53508	-133.18623	60.46175	-75.08567	-228.53508	-16.797195	0.84444153	-15.697091	-18.511673	1000.0	1000.0	679999	151.7597	29.752615	183.92154	27.297499	151.75975	29.751968	184.21388	27.142876	-0.58731204	2.5025837	29.702566	-13.154121	-153.39131	1.5170984	50552.469062805176
171	-41.69407	4.097489	-38.96975	-53.831028	-107.95926	18.797688	-86.699684	-131.49513	-107.95926	18.797688	-86.699684	-131.49513	-41.69407	4.097489	-38.96975	-53.831028	1000.0	1000.0	683999	151.56369	29.497175	185.85643	22.781866	151.56355	29.497347	186.3034	21.160332	-0.5746424	2.4734738	28.086243	-13.541916	-153.2114	1.5361328	50975.769956588745
172	-29.383255	0.79973894	-28.171705	-30.382391	-83.39516	9.62534	-69.537056	-96.53439	-83.39516	9.62534	-69.537056	-96.53439	-29.383255	0.79973894	-28.171705	-30.382391	1000.0	1000.0	687999	151.52014	29.355404	184.75519	5.9926205	151.52008	29.35504	184.68471	15.946007	-0.47816893	2.5152738	28.223877	-13.649069	-153.1949	1.6247728	51379.537142276764
173	-34.676308	5.3754983	-31.179743	-45.882565	-111.22162	34.162632	-80.285286	-168.64046	-111.22162	34.162632	-80.285286	-168.64046	-34.676308	5.3754983	-31.179743	-45.882565	1000.0	1000.0	691999	152.1061	29.4288	186.02534	25.24779	152.1061	29.428768	186.75958	26.75654	-0.50016004	2.5496368	36.11667	-14.688926	-153.79291	1.5642644	51734.6719751358
174	-21.180105	2.8632116	-13.957258	-23.675213	-92.21636	23.6218	-62.561653	-128.47261	-92.21636	23.6218	-62.561653	-128.47261	-21.180105	2.8632116	-13.957258	-23.675213	1000.0	1000.0	695999	152.39107	29.392681	185.97089	31.601006	152.39095	29.393005	186.56673	31.244846	-0.49700555	2.5503085	33.453842	-13.743267	-154.08513	1.5186927	52055.348975896835
175	66.60739	2.0766919	70.91469	63.708447	-79.06369	12.856439	-61.92913	-96.02661	-79.06369	12.856439	-61.92913	-96.02661	66.60739	2.0766919	70.91469	63.708447	1000.0	1000.0	699999	153.2307	29.06305	186.8322	8.778922	153.23076	29.06299	186.4824	11.768864	-0.37620482	2.582905	30.096481	-14.277651	-154.93477	1.6001118	52356.49920415878
176	-27.970785	1.0760796	-25.756176	-30.126463	-84.481064	14.927358	-59.429783	-98.286224	-84.481064	14.927358	-59.429783	-98.286224	-27.970785	1.0760796	-25.756176	-30.126463	1000.0	1000.0	703999	153.45335	29.173283	186.77264	27.596565	153.4534	29.172594	187.38095	29.422287	-0.5355912	2.5296636	29.180222	-14.782995	-155.12172	1.526421	52690.297124147415
177	-31.353413	0.90256613	-29.442764	-32.58346	-78.27953	41.484444	-30.578959	-140.62776	-78.27953	41.484444	-30.578959	-140.62776	-31.353413	0.90256613	-29.442764	-32.58346	1000.0	1000.0	707999	152.9354	28.814571	185.7965	30.361435	152.93536	28.814043	185.25827	33.29149	-0.46914747	2.5235052	27.564922	-14.029169	-154.5914	1.5193255	53039.07148385048
178	-29.466717	0.9761091	-27.713663	-30.41787	-121.34776	32.1098	-84.03407	-164.19847	-121.34776	32.1098	-84.03407	-164.19847	-29.466717	0.9761091	-27.713663	-30.41787	1000.0	1000.0	711999	152.85484	28.684816	186.87497	26.5125	152.85486	28.684221	187.30862	26.920914	-0.57114416	2.4841208	28.881748	-15.587172	-154.51028	1.4745749	53348.20118832588
179	-27.048523	0.5594613	-26.262281	-28.223194	-74.0049	29.813354	-30.157608	-109.09813	-74.0049	29.813354	-30.157608	-109.09813	-27.048523	0.5594613	-26.262281	-28.223194	1000.0	1000.0	715999	153.00317	28.456863	186.87088	31.137384	153.00311	28.456589	185.68506	31.296192	-0.4827902	2.5333288	26.819065	-13.307422	-154.67644	1.4789234	53654.09076666832
180	-27.894337	4.199398	-15.4199295	-30.33969	-86.536415	28.65948	-50.294956	-129.50342	-86.536415	28.65948	-50.294956	-129.50342	-27.894337	4.199398	-15.4199295	-30.33969	1000.0	1000.0	719999	153.3012	28.56086	186.28868	30.869854	153.30138	28.560493	185.66423	30.516558	-0.45394003	2.5299132	29.79408	-12.480588	-154.98067	1.4730877	53954.544248342514
181	-27.24585	0.73488957	-26.05752	-28.748438	-103.0902	36.777264	-69.77683	-163.96942	-103.0902	36.777264	-69.77683	-163.96942	-27.24585	0.73488957	-26.05752	-28.748438	1000.0	1000.0	723999	153.50735	28.459898	188.09708	28.967052	153.50723	28.459724	187.70149	29.654226	-0.47773522	2.5149074	24.900429	-14.043444	-155.19957	1.4515318	54255.24112010002
182	-5.6847305	2.7805376	0.37676588	-10.662868	-85.12833	18.60594	-60.140995	-112.422874	-85.12833	18.60594	-60.140995	-112.422874	-5.6847305	2.7805376	0.37676588	-10.662868	1000.0	1000.0	727999	153.26321	28.608778	186.48978	27.989754	153.26328	28.608454	187.03555	28.257914	-0.5975967	2.45487	22.018644	-13.0964775	-154.89243	1.3722713	54559.20249605179
183	-31.722351	0.9023731	-30.31055	-33.480316	-91.680626	28.693064	-68.093376	-138.8716	-91.680626	28.693064	-68.093376	-138.8716	-31.722351	0.9023731	-30.31055	-33.480316	1000.0	1000.0	731999	152.49544	28.384302	186.04726	30.276764	152.49535	28.38425	185.04448	28.854471	-0.55931115	2.454079	29.369907	-13.403389	-154.12709	1.4106804	54862.121584415436
184	-82.33781	1.4083323	-80.322914	-85.02726	-103.06519	17.977806	-85.091034	-133.01024	-103.06519	17.977806	-85.091034	-133.01024	-82.33781	1.4083323	-80.322914	-85.02726	1000.0	1000.0	735999	152.15154	28.33924	184.60562	31.516602	152.1515	28.338833	184.69919	31.41582	-0.55430615	2.4377284	27.959461	-13.953273	-153.78262	1.3078125	55212.483261585236
185	-22.741505	0.71326435	-21.59636	-24.066566	-122.25142	42.12699	-56.409008	-172.44257	-122.25142	42.12699	-56.409008	-172.44257	-22.741505	0.71326435	-21.59636	-24.066566	1000.0	1000.0	739999	151.6894	28.216545	183.4768	27.79593	151.68939	28.2164	184.74614	27.25961	-0.53158784	2.4820032	40.384056	-13.998611	-153.32744	1.3263204	55574.68013763428
186	-31.405542	0.7427368	-30.085613	-32.487026	-110.20171	48.71622	-33.71981	-167.60596	-110.20171	48.71622	-33.71981	-167.60596	-31.405542	0.7427368	-30.085613	-32.487026	1000.0	1000.0	743999	151.57487	28.001596	183.1629	22.85255	151.57492	28.001118	183.66928	24.770603	-0.53503734	2.4454947	28.518688	-13.4393425	-153.23595	1.3816265	55962.93066215515
187	-30.602804	0.89255816	-29.830528	-32.399155	-109.98927	32.514793	-62.307808	-146.17758	-109.98927	32.514793	-62.307808	-146.17758	-30.602804	0.89255816	-29.830528	-32.399155	1000.0	1000.0	747999	151.90239	28.205605	185.74007	16.93941	151.90242	28.205044	185.39859	22.450779	-0.51915944	2.4666367	26.503141	-14.307606	-153.57318	1.3487122	56299.93577551842
188	-24.199926	7.959893	-14.446661	-32.521454	-89.44347	25.470537	-51.555393	-119.10798	-89.44347	25.470537	-51.555393	-119.10798	-24.199926	7.959893	-14.446661	-32.521454	1000.0	1000.0	751999	152.4628	28.28439	185.49771	28.095963	152.46283	28.28348	184.72887	26.623075	-0.4980818	2.4699616	28.58199	-12.816436	-154.14621	1.3636669	56601.592373371124
189	-25.390804	8.123639	-11.891724	-31.32427	-89.979645	19.87264	-58.272198	-109.815674	-89.979645	19.87264	-58.272198	-109.815674	-25.390804	8.123639	-11.891724	-31.32427	1000.0	1000.0	755999	152.0565	28.36188	183.01344	28.429548	152.05666	28.36177	183.4271	23.37033	-0.5136652	2.431788	24.117054	-13.916185	-153.68582	1.3127271	56902.40483236313
190	-30.345816	0.89491516	-28.989138	-31.762833	-73.68712	8.14491	-60.22608	-82.05354	-73.68712	8.14491	-60.22608	-82.05354	-30.345816	0.89491516	-28.989138	-31.762833	1000.0	1000.0	759999	151.86879	28.126556	184.94237	28.053097	151.86877	28.126196	186.03195	28.088833	-0.5179714	2.4724483	29.703579	-13.264565	-153.5099	1.3304288	57206.670068502426
191	-18.257298	1.5066854	-15.449311	-20.313633	-88.10257	22.957098	-61.36307	-114.25345	-88.10257	22.957098	-61.36307	-114.25345	-18.257298	1.5066854	-15.449311	-20.313633	1000.0	1000.0	763999	151.88228	28.01837	185.56235	27.051521	151.88235	28.017742	184.71576	28.17297	-0.46258655	2.5020823	33.986633	-13.260306	-153.56293	1.3788774	57500.02006983757
192	-30.768518	1.4149438	-29.21707	-34.685562	-96.81295	23.226679	-76.354355	-135.51274	-96.81295	23.226679	-76.354355	-135.51274	-30.768518	1.4149438	-29.21707	-34.685562	1000.0	1000.0	767999	152.1469	27.915472	183.51071	27.605759	152.14665	27.915533	183.94122	28.293926	-0.5393821	2.4451694	24.756393	-21.065338	-153.79155	1.3348628	57790.643949985504
193	-10.110764	3.6715753	-5.145154	-17.972073	-85.02862	26.267902	-57.903397	-126.84077	-85.02862	26.267902	-57.903397	-126.84077	-10.110764	3.6715753	-5.145154	-17.972073	1000.0	1000.0	771999	151.97748	28.10055	184.87982	26.518858	151.97752	28.100222	183.77827	25.698557	-0.4978721	2.4733648	24.41774	-13.140186	-153.61528	1.3237933	58149.43449091911
194	-27.903568	5.1038404	-22.221214	-34.7044	-88.552185	27.735846	-41.847828	-111.52726	-88.552185	27.735846	-41.847828	-111.52726	-27.903568	5.1038404	-22.221214	-34.7044	1000.0	1000.0	775999	151.19693	28.049847	185.15523	25.808464	151.19695	28.049665	185.80391	25.124125	-0.6369798	2.4369998	26.775425	-15.486641	-152.79248	1.3296666	58494.85029220581
195	-24.55885	6.390241	-11.271728	-28.342781	-114.56668	6.6674495	-108.92293	-125.36293	-114.56668	6.6674495	-108.92293	-125.36293	-24.55885	6.390241	-11.271728	-28.342781	1000.0	1000.0	779999	150.35333	27.832758	181.98853	25.685364	150.35336	27.832577	182.39381	24.8625	-0.5559227	2.4742389	22.759348	-14.3731785	-151.96521	1.3450842	58798.48205900192
196	-32.540943	6.0719404	-14.458722	-36.31679	-98.08856	12.748114	-76.38633	-107.52297	-98.08856	12.748114	-76.38633	-107.52297	-32.540943	6.0719404	-14.458722	-36.31679	1000.0	1000.0	783999	150.08008	27.421064	180.06633	21.805338	150.08002	27.42058	181.11902	19.865246	-0.55061483	2.4390113	20.068632	-13.978637	-151.71179	1.3175796	59114.39346456528
197	-31.10152	5.882948	-13.64144	-35.127068	-82.260216	2.8086166	-77.82251	-85.04598	-82.260216	2.8086166	-77.82251	-85.04598	-31.10152	5.882948	-13.64144	-35.127068	1000.0	1000.0	787999	150.08691	27.371792	180.41591	27.78375	150.08688	27.371735	180.92014	26.038687	-0.45479602	2.4667099	25.484428	-14.628311	-151.73724	1.2870406	59515.42652106285
198	-14.616821	10.426642	-4.3718615	-30.47364	-109.17324	13.738496	-87.04775	-124.79977	-109.17324	13.738496	-87.04775	-124.79977	-14.616821	10.426642	-4.3718615	-30.47364	1000.0	1000.0	791999	150.33255	27.318996	182.00378	29.619968	150.33258	27.318504	182.76546	25.546392	-0.47094294	2.5226898	27.899422	-14.261613	-151.99538	1.3329146	59845.62548184395
199	-26.539425	13.75913	14.483667	-34.407307	-140.85231	24.456322	-109.049126	-170.21342	-140.85231	24.456322	-109.049126	-170.21342	-26.539425	13.75913	14.483667	-34.407307	1000.0	1000.0	795999	150.76042	27.067778	182.43788	29.178595	150.76051	27.066845	183.3934	29.45319	-0.4788383	2.4956608	21.22128	-12.639401	-152.41304	1.3099501	60129.317949056625
200	4.7986555	4.6934505	9.725376	-2.4149585	-86.094894	8.038962	-76.38424	-94.49947	-86.094894	8.038962	-76.38424	-94.49947	4.7986555	4.6934505	9.725376	-2.4149585	1000.0	1000.0	799999	150.98898	27.1934	182.17566	28.256659	150.98895	27.192928	183.05203	27.547333	-0.44050905	2.4772675	21.224651	-14.806356	-152.65958	1.3355873	60457.71535491943
