Epoch	AverageEpRet	StdEpRet	MaxEpRet	MinEpRet	AverageTestEpRet	StdTestEpRet	MaxTestEpRet	MinTestEpRet	EpLen	TestEpLen	TotalEnvInteracts	AverageQ1Vals	StdQ1Vals	MaxQ1Vals	MinQ1Vals	AverageQ2Vals	StdQ2Vals	MaxQ2Vals	MinQ2Vals	AverageLogPi	StdLogPi	MaxLogPi	MinLogPi	LossPi	LossQ	Time
1	-46.51467	57.294685	1.9589857	-314.3326	-189.09372	92.93901	-6.5796347	-314.537	136.7931	903.2	3999	6.4578495	5.7718434	40.809532	-13.523412	6.457369	5.7668047	41.136246	-13.645669	-3.334162	2.4542513	13.008159	-13.571297	-7.9185224	1.86391	148.1034095287323
2	-51.497448	90.03525	13.252178	-349.95825	-133.07382	310.6414	9.219419	-1061.025	155.64	128.1	7999	30.899977	11.871895	80.78615	-12.397497	30.898834	11.865151	80.27315	-22.066486	0.40400422	3.5253754	25.437115	-14.85181	-33.48925	7.9125648	330.8100485801697
3	-90.12121	190.1682	-4.812233	-811.2906	-11.964418	64.07193	86.50416	-138.32123	162.68	262.6	11999	62.986607	11.270585	108.466736	-39.162766	62.98596	11.25055	108.468765	-31.057938	1.0925579	4.114185	30.02942	-15.823656	-65.507095	17.380562	511.90768551826477
4	-78.504234	158.40842	66.769165	-548.396	579.61163	332.9527	892.12836	93.90162	271.53333	753.0	15999	66.37537	10.171952	105.918434	-36.350964	66.37366	10.170548	109.13581	-43.61119	-1.7084751	2.7333026	31.35123	-15.147651	-67.47253	15.050705	704.6372134685516
5	-38.81715	84.23781	53.150444	-170.07195	574.1211	253.45097	784.6305	79.49074	529.5714	798.4	19999	58.785976	9.961557	102.4479	-27.650314	58.78432	9.962815	102.621994	-36.994335	-2.3577707	2.3392699	21.831203	-15.261314	-59.651634	11.771691	900.062623500824
6	-13.483379	39.915913	68.398834	-78.31762	716.2009	110.742134	900.9919	488.83078	300.27274	1000.0	23999	52.82882	9.379599	96.47614	-48.642513	52.828114	9.369515	96.52529	-29.36642	-2.6779222	2.1402683	21.40848	-16.084375	-53.594078	9.599076	1103.4368731975555
7	17.812523	69.98657	174.32498	-58.203228	849.72473	68.19034	959.072	692.8321	450.27274	974.8	27999	48.59282	9.057011	86.433044	-38.589813	48.59114	9.054863	87.86962	-36.33592	-2.849053	2.0213504	25.091946	-15.227234	-49.311726	8.106529	1306.625259399414
8	58.724422	115.216354	275.68863	-95.10768	785.1832	64.97764	938.2348	708.2136	490.5	1000.0	31999	46.20611	8.996304	83.07337	-35.945152	46.20514	8.990187	82.85564	-24.892664	-2.8481283	1.9684289	23.268108	-15.875338	-46.914165	7.999348	1509.6640384197235
9	35.877003	32.054195	107.8169	3.6693285	763.927	85.61863	905.3862	555.497	420.1111	1000.0	35999	44.90189	8.93903	79.52899	-29.535604	44.901184	8.92933	79.20418	-45.72389	-2.886003	1.9586624	25.819983	-14.625282	-45.59866	7.5387855	1710.0187323093414
10	76.70452	70.66364	189.81975	-24.956778	813.24786	26.880186	847.9877	777.1692	655.1667	1000.0	39999	44.216145	8.838739	77.84924	-31.216059	44.21518	8.832228	77.98871	-24.375967	-2.9546106	1.9421916	21.832966	-14.752886	-44.904613	6.418574	1910.3973760604858
11	185.74615	114.783554	394.56677	74.33268	824.57275	21.91971	859.9906	791.75055	823.0	1000.0	43999	44.44883	8.700666	76.814415	-34.510155	44.448055	8.695478	77.37697	-31.347414	-2.9880388	1.9269016	21.497387	-15.281046	-45.135056	6.0783486	2111.0790803432465
12	211.97742	255.52606	535.1487	-88.17445	820.67267	253.77335	1016.4389	79.32051	823.0	907.4	47999	45.22822	8.652672	80.266396	-22.520277	45.22757	8.647323	80.6609	-27.333628	-3.0310915	1.921497	23.140312	-15.256082	-45.903248	5.777928	2310.78448677063
13	202.58638	133.873	402.90787	57.428486	813.53156	48.474506	945.45746	764.18555	828.0	1000.0	51999	46.302364	8.734221	82.959785	-29.673386	46.30153	8.729559	83.225296	-34.602226	-3.0367877	1.9081362	25.646542	-15.166844	-46.977985	5.5188456	2511.7968950271606
14	179.63702	127.171524	397.18073	28.162214	442.2735	400.7979	956.3777	17.213667	434.0909	447.6	55999	47.942387	9.035263	83.33454	-24.934454	47.94216	9.031122	82.54709	-40.846165	-3.0287364	1.9278381	23.676437	-14.468464	-48.605038	5.777288	2703.0266036987305
15	170.86292	80.197845	291.33002	26.16811	785.6648	38.092896	844.2269	723.9028	604.0	1000.0	59999	49.503555	9.071637	85.02862	-37.514004	49.5033	9.068733	84.586685	-26.794468	-3.0047693	1.9270815	31.303057	-14.819453	-50.167423	6.1203504	2911.3803431987762
16	217.93948	106.98173	378.17407	58.03897	827.9888	327.9587	1233.0968	276.46506	692.0	766.1	63999	51.28989	9.073733	86.93888	-36.896774	51.289326	9.065905	87.17617	-42.175213	-3.0196104	1.9343117	27.842148	-14.377311	-51.93981	6.0040526	3112.0427510738373
17	417.20865	106.937416	558.7925	262.2337	766.754	258.74945	1219.4524	176.45642	692.4286	914.1	67999	53.179646	9.093289	87.99553	-35.771538	53.179226	9.091588	87.66999	-41.016727	-3.0392323	1.9297577	34.72396	-17.124828	-53.82237	5.835242	3319.1644065380096
18	211.59401	194.08229	606.9594	16.285677	695.6852	265.87546	1147.7357	156.35384	496.0	831.5	71999	55.27015	9.22364	88.77965	-41.99408	55.269844	9.218569	87.69425	-29.34715	-2.9905732	1.9462022	32.859665	-15.135575	-55.906326	6.2475038	3534.7492196559906
19	347.93048	81.75768	437.22598	214.60152	553.46674	513.2142	1551.9895	50.128765	1000.0	427.8	75999	57.088776	9.296128	91.98981	-48.96301	57.088554	9.291793	93.267265	-32.361084	-2.9772727	1.9894239	35.377586	-14.836623	-57.739147	5.9875216	3745.4523918628693
20	295.28207	204.28735	668.6297	17.039349	705.43756	371.8929	1211.1904	57.49929	540.0	622.9	79999	59.0963	9.357298	97.69993	-30.051977	59.096066	9.352417	96.41649	-38.651882	-3.01112	2.0055025	32.80714	-14.713781	-59.732788	6.1180954	3963.331640481949
21	437.57922	151.30452	584.6823	186.32375	314.08633	338.09967	1015.4034	38.92816	1000.0	278.3	83999	60.90676	9.508379	98.48106	-50.084045	60.90661	9.502145	100.54466	-45.99409	-2.9931824	2.0313158	31.436096	-14.270264	-61.5445	6.008046	4173.730267524719
22	235.4099	98.544205	364.6793	47.294804	380.577	311.43744	901.53754	44.402122	511.875	331.1	87999	62.697094	9.66601	99.80053	-41.14125	62.6966	9.66182	100.60436	-42.74444	-2.9862118	2.0759637	39.951653	-14.184132	-63.343834	6.111078	4386.355858564377
23	185.70688	263.3915	1126.6781	2.4883802	879.1121	203.56606	1013.8995	298.45374	252.5	920.0	91999	64.586044	9.835701	100.64151	-44.887978	64.58597	9.831684	101.475586	-49.828762	-2.985066	2.0705588	52.73753	-15.536356	-65.22493	7.049791	4600.523120880127
24	336.9815	142.96405	497.09555	124.512985	804.3523	422.28583	1415.7604	67.91345	747.4	614.8	95999	66.2599	10.036672	104.81341	-34.203857	66.25962	10.0333805	103.10289	-40.940796	-2.9627872	2.0901153	32.583687	-13.606408	-66.887024	7.47191	4802.077492237091
25	363.9125	197.02582	739.30896	154.10272	1072.0851	558.8498	2026.5908	61.93857	711.1667	761.1	99999	67.732635	10.11047	106.981026	-38.79243	67.73201	10.106364	104.11288	-48.208183	-2.960688	2.1274323	29.619131	-14.163517	-68.368355	7.4555597	5006.780637741089
26	185.3605	125.20595	398.04242	34.126755	876.08545	364.72766	1183.5117	99.58781	441.0	816.8	103999	69.20027	10.27271	108.26554	-55.02002	69.20001	10.272213	108.41926	-37.82272	-2.9757688	2.1516173	33.667393	-14.249237	-69.83288	7.3559794	5258.994776964188
27	276.2614	126.46405	562.2082	143.2604	1085.4747	517.3483	1940.2853	268.16962	657.5714	833.2	107999	70.59976	10.600001	109.28864	-43.321537	70.59959	10.594126	108.13748	-48.62935	-2.9812944	2.1510506	34.828217	-16.131191	-71.22894	7.266931	5530.923918008804
28	244.67131	96.46775	361.75183	121.398636	1320.9348	515.88086	1733.6422	47.117134	1000.0	903.3	111999	71.70757	10.792696	112.66554	-41.988525	71.707016	10.789996	109.00152	-47.38354	-2.9671164	2.1755722	58.4831	-17.438643	-72.33998	7.408545	5788.435021400452
29	762.1378	505.66327	1563.9911	144.24112	869.62646	364.03885	1290.0309	132.78377	710.0	822.4	115999	73.01462	11.049887	117.29669	-54.24126	73.01424	11.04695	115.92296	-78.95465	-2.9605496	2.197944	35.67195	-16.064432	-73.6373	7.530719	6022.35148191452
30	470.40512	275.80792	882.8929	68.67288	1563.5769	103.45133	1775.903	1406.7383	571.0	1000.0	119999	74.24725	11.402205	118.474846	-47.440285	74.24702	11.398044	119.03142	-42.81711	-2.9026914	2.2301686	41.693573	-14.557062	-74.865105	7.522256	6256.720429182053
31	512.2034	429.2556	1500.9208	165.06378	934.7999	453.90765	1949.8759	206.97691	587.7143	689.5	123999	75.68363	12.06635	126.66191	-54.94156	75.68346	12.065957	127.94568	-34.675003	-2.8522465	2.2520936	38.67892	-15.343636	-76.29539	7.9441752	6469.667673587799
32	348.30026	187.41171	657.9484	85.55052	706.5355	542.9218	1625.0621	128.52916	627.5714	418.5	127999	76.96819	12.673365	128.26945	-37.885063	76.96757	12.672222	129.68608	-32.475845	-2.8107128	2.3161983	48.039227	-16.885983	-77.5799	8.5576515	6677.3308045864105
33	412.2993	266.41238	896.1319	148.27599	788.6395	672.9827	2112.4177	150.73286	442.14285	416.0	131999	78.101585	13.302934	131.69733	-55.827213	78.10123	13.300713	131.18872	-48.850933	-2.8003247	2.3389091	33.480812	-14.881334	-78.7148	9.070487	6893.446463346481
34	393.41702	324.74988	1206.3282	61.704605	389.9641	346.5735	1061.8986	78.265594	531.3333	211.0	135999	79.343636	13.738522	132.52693	-38.789112	79.34325	13.737677	133.0386	-58.961823	-2.7962432	2.3390167	43.53773	-15.648975	-79.94002	9.328005	7133.748796224594
35	509.09424	369.0651	1043.2819	58.183395	1774.8926	402.0532	2374.0027	866.3489	477.57144	993.4	139999	80.51281	14.400233	135.4337	-40.450108	80.51251	14.39788	134.6531	-41.94578	-2.7478275	2.3854845	50.055904	-15.283794	-81.109825	9.750473	7392.861353635788
36	683.615	612.9669	1820.0807	22.157925	1639.0176	811.7768	2634.9827	27.688393	497.75	861.0	143999	81.793785	15.191657	137.18002	-48.337196	81.79372	15.18886	138.28026	-53.814304	-2.697277	2.430603	42.719788	-14.618508	-82.38384	10.000811	7652.3429043293
37	990.24817	448.34238	1760.8022	643.9504	2185.521	617.4724	2707.4155	936.27637	971.5	938.4	147999	83.327484	16.335768	139.03595	-59.785095	83.327034	16.337584	140.91602	-80.05763	-2.5945253	2.5120006	47.50125	-15.85655	-83.92966	10.403562	7913.651913881302
38	476.2809	221.54376	800.5672	175.25897	911.5076	667.0541	2455.0469	12.245076	497.9	520.3	151999	84.64362	17.524166	144.93452	-47.90381	84.64343	17.520304	145.3399	-62.312016	-2.5615811	2.5561075	49.367928	-15.652731	-85.24863	10.661431	8145.947256565094
39	1023.3247	407.28262	1565.4199	425.7743	2101.3403	900.7896	2929.2178	334.18307	732.8	818.8	155999	86.24934	18.770197	153.49998	-62.250835	86.24885	18.764318	149.93878	-86.572426	-2.5054488	2.5957863	48.420464	-14.677616	-86.82887	12.358719	8358.184094905853
40	1288.7417	660.02576	2242.5925	301.8881	2530.963	563.723	3085.6663	1248.937	714.6667	932.8	159999	87.67968	19.963224	153.9889	-54.070602	87.67938	19.961758	153.88286	-51.379276	-2.449998	2.6821668	52.747772	-15.139836	-88.261246	12.61693	8571.519634723663
41	1284.8938	895.9786	2200.0806	304.03864	2602.149	230.44681	2899.6672	1967.5144	1000.0	967.9	163999	89.39957	21.415333	158.42941	-60.054485	89.39898	21.4154	159.88249	-84.94855	-2.3904357	2.6902342	39.267754	-15.423687	-89.9915	12.895248	8786.779517650604
42	429.19565	226.8215	768.6076	58.79019	1528.857	1166.7262	3062.3206	32.63469	405.125	581.7	167999	91.13549	23.025963	162.38106	-57.492653	91.13551	23.026371	163.75037	-63.3117	-2.2766068	2.7672577	36.591625	-16.126673	-91.72428	13.876476	8995.796835422516
43	722.632	495.03308	1412.9594	42.43216	2129.3691	596.44055	2908.9626	1256.2502	805.0	924.5	171999	92.72984	24.62543	177.62387	-43.81065	92.72911	24.62472	179.69904	-54.690292	-2.2463458	2.8125818	44.35355	-14.869181	-93.324295	14.128161	9212.533181905746
44	1417.3107	586.11316	2380.704	517.10547	2700.0203	693.4897	3244.845	1558.7585	776.5	901.4	175999	94.48097	26.254234	178.66635	-75.15138	94.48019	26.251583	181.52936	-80.878235	-2.1601958	2.866687	71.68833	-16.126915	-95.06769	15.214076	9426.32530760765
45	1317.0612	782.60223	2616.1807	15.477854	1953.3746	599.7312	2549.3105	691.5181	686.0	891.5	179999	96.51753	28.143564	183.02835	-61.64156	96.51776	28.141365	181.9595	-92.81037	-2.0760682	2.955145	46.4334	-13.829692	-97.102135	16.612137	9639.67151761055
46	1363.2305	907.95496	2508.7463	268.68518	2726.4226	886.0093	3468.2542	950.8067	820.5	1000.0	183999	98.45133	29.937895	185.761	-47.06711	98.45087	29.937757	185.61961	-51.6764	-2.0122473	2.9761155	50.06735	-13.541026	-99.029335	16.417017	9854.087177991867
47	1358.6829	946.5385	2557.5198	55.43672	2407.2266	1053.5345	3360.3948	474.44083	698.1667	758.4	187999	100.48867	31.919611	192.49643	-63.2928	100.48787	31.920462	191.26875	-66.08334	-1.8781161	3.066231	49.946487	-14.579093	-101.0707	17.628046	10064.246687412262
48	1681.0161	942.3754	2588.1338	232.15686	2046.5898	909.6287	3140.2244	127.65219	992.5	811.0	191999	102.46293	33.926933	197.71242	-62.597923	102.46233	33.92403	196.62596	-57.355045	-1.82578	3.1165242	72.27073	-15.361161	-103.04959	18.237036	10275.981859445572
49	1545.2711	457.27737	2213.543	1084.7382	2201.9023	1055.8983	3153.6814	407.79642	747.5	780.0	195999	104.81048	35.948677	204.85826	-68.98413	104.81049	35.94739	203.3064	-118.96977	-1.7365772	3.17345	50.232	-14.259354	-105.38814	20.60631	10486.465901136398
50	2639.812	43.83111	2709.571	2588.6238	2464.804	1135.7524	3411.687	64.28896	1000.0	791.6	199999	107.04101	37.806442	206.65346	-89.33228	107.041	37.806255	207.3107	-90.24282	-1.7158152	3.2162204	47.60062	-15.120786	-107.61434	20.955383	10696.457852840424
51	874.901	679.3903	1830.2124	49.45956	2663.8784	1314.5364	3629.0513	119.08174	447.14285	905.9	203999	109.20804	39.53125	208.33466	-65.38288	109.20769	39.530216	207.88652	-65.3929	-1.6516705	3.238104	60.101425	-13.31821	-109.75981	21.453064	10910.664434194565
52	1371.8976	556.9087	2089.1465	448.3447	2500.8403	1145.0938	3590.1687	272.25058	639.2857	856.8	207999	111.26933	41.26973	209.9169	-69.93953	111.26919	41.271404	208.55397	-75.66643	-1.5839453	3.302628	70.28448	-16.93834	-111.82467	22.82735	11138.034579277039
53	1838.1447	1178.3848	3038.099	244.2233	3378.3535	811.0708	3998.8901	1539.6451	989.0	1000.0	211999	113.24585	42.979374	212.58986	-83.42786	113.24529	42.98104	213.04536	-104.134056	-1.5073302	3.346845	64.35417	-16.813076	-113.79595	24.321356	11406.810690879822
54	2622.951	507.40753	3143.7463	2002.0305	2497.338	840.17444	3645.7656	1382.5187	889.75	903.7	215999	115.34148	44.64372	219.19049	-80.22211	115.341	44.64493	220.2196	-59.43666	-1.4576072	3.3560414	88.09682	-13.881374	-115.873184	24.395796	11669.782142877579
55	1656.9086	1190.6058	3010.2236	39.350548	3214.1018	1096.0282	4402.759	553.8015	680.7143	839.9	219999	117.49056	46.415825	224.70076	-58.260906	117.49047	46.417706	225.7104	-89.820854	-1.3510523	3.438646	62.678864	-14.402682	-118.03795	26.141535	11931.011952877045
56	1900.4436	1271.1458	3131.8408	159.82242	3813.4097	107.32297	3951.9858	3587.3657	834.75	1000.0	223999	119.83196	48.330757	227.62387	-69.55375	119.83215	48.33285	228.8796	-78.89806	-1.3022292	3.467889	75.313	-14.248133	-120.365234	27.613426	12194.07634305954
57	1975.307	1088.8413	3365.8599	604.5236	2580.5774	1315.1409	3998.8174	15.994456	875.8	677.3	227999	121.48037	50.046566	233.04668	-75.60239	121.48031	50.04483	232.1546	-54.408295	-1.2556928	3.4884999	49.075447	-13.811142	-122.02365	27.717747	12424.398347139359
58	1963.1273	1265.8846	3282.3086	471.20773	2377.838	96.66369	2513.4841	2192.7505	727.3333	1000.0	231999	123.68239	51.84502	238.4811	-94.5524	123.68255	51.845917	235.60883	-89.89688	-1.1785498	3.52431	68.17354	-17.453823	-124.20184	29.816196	12652.318574666977
59	3323.263	223.24579	3601.366	3050.979	3197.0767	1327.5483	4285.297	28.395502	1000.0	839.5	235999	126.16527	53.550713	240.65858	-77.089584	126.16497	53.550323	239.63106	-85.27752	-1.1043379	3.5760326	46.289547	-14.2011595	-126.68974	30.808956	12881.237685918808
60	2180.7197	1066.3723	3470.9287	833.7491	3788.3293	990.46344	4303.033	858.10406	783.0	924.3	239999	128.65318	55.333023	242.58524	-69.94066	128.65292	55.332455	243.83337	-82.182434	-1.015352	3.6221778	60.706142	-17.749283	-129.17601	30.653244	13147.031085014343
61	3203.1772	515.4043	3549.6863	2313.1143	1459.6947	1197.5989	3577.933	12.881444	927.0	593.0	243999	130.84554	57.155807	248.79892	-67.2389	130.84572	57.157825	249.46666	-59.887764	-0.9805581	3.6744757	48.40087	-15.286038	-131.35597	31.979845	13400.759441137314
62	1081.0468	984.8033	3290.88	116.50578	2371.3223	1515.983	4153.7314	9.895889	407.81818	696.2	247999	133.47572	59.250805	253.5523	-72.95048	133.4754	59.24992	253.19653	-69.986855	-0.926528	3.6704352	74.172745	-12.893997	-133.97256	33.126472	13630.106339931488
63	2002.4478	1284.4518	3652.4678	223.66446	4015.5867	984.9941	4475.7393	1087.3058	570.0	1000.0	251999	136.2073	61.266506	258.2021	-88.21759	136.20686	61.270702	259.1068	-80.79254	-0.7702065	3.732692	56.650314	-13.690066	-136.71538	37.409386	13861.252462148666
64	2126.1045	1506.0645	3535.2458	15.126217	2930.8481	1242.5632	4295.828	581.8552	673.3333	808.3	255999	139.39297	63.341057	262.3738	-79.947075	139.39291	63.338562	263.96277	-97.37329	-0.67305475	3.7620108	61.76929	-14.148514	-139.90106	38.42743	14094.80033326149
65	2063.4836	805.7713	3191.0254	647.10394	3878.3567	1282.9725	4447.781	46.881924	705.0	888.3	259999	141.6235	65.08051	268.20386	-144.11098	141.62328	65.08517	265.98807	-138.08792	-0.6346302	3.7765126	68.28346	-16.277586	-142.14258	39.846107	14359.782463550568
66	1670.8008	691.1628	2966.602	1003.156	3366.6348	924.72046	3913.7432	956.63074	611.0	927.5	263999	143.9648	66.80709	270.81027	-87.271805	143.96535	66.80544	270.7035	-92.12491	-0.57996374	3.841492	57.38766	-13.626908	-144.46231	39.812172	14628.626962184906
67	2616.8916	543.38824	3615.2034	2205.7114	3524.3745	1492.8553	4498.218	134.07935	911.8	796.8	267999	146.31497	68.75539	273.61548	-86.93534	146.31448	68.757965	271.47665	-91.59862	-0.50819737	3.8872151	57.913944	-14.538645	-146.82784	42.58401	14844.429018974304
68	1543.6431	1377.3596	3574.645	7.1939554	3395.5757	1568.3677	5246.839	962.61914	454.625	721.8	271999	148.6543	70.38899	274.0155	-87.55357	148.65437	70.388245	275.37976	-112.858475	-0.44073832	3.8571937	69.51181	-13.47183	-149.1609	43.010017	15053.08237528801
69	1859.4722	1484.5846	4229.751	90.89418	3761.2856	1402.0009	4747.188	73.627594	545.375	815.7	275999	150.60265	71.88131	282.63956	-95.60166	150.60245	71.88119	281.02005	-113.454445	-0.42998582	3.8481426	62.343163	-14.2490635	-151.0906	47.952446	15264.493739843369
70	2180.0798	1573.7788	4066.4255	1.3366094	3705.487	1523.1935	5023.5796	114.94175	713.2	800.7	279999	152.89874	73.29868	286.7619	-121.22351	152.89859	73.29944	285.10687	-162.56657	-0.37481833	3.907642	53.316273	-14.295977	-153.40327	45.84612	15498.609155654907
71	3001.903	1442.3264	4122.04	219.70578	3798.0327	1260.942	4578.141	384.86508	756.6	866.5	283999	155.79443	75.08075	294.18118	-89.000336	155.79475	75.08466	292.8417	-103.771996	-0.27543497	3.9491498	58.058025	-16.169899	-156.2777	47.019398	15733.498307704926
72	1905.622	1509.658	4413.207	189.89313	4604.134	641.4803	5195.272	2741.5205	594.0	954.5	287999	158.23438	76.99683	299.56555	-144.2797	158.23425	76.99605	293.61765	-102.90542	-0.22975983	3.9963458	62.58241	-14.761575	-158.7431	48.57356	15959.855963230133
73	2417.3562	1165.0168	3868.9878	747.34143	4522.326	427.30826	5068.654	3405.135	605.8333	1000.0	291999	161.154	78.66358	302.2413	-102.96028	161.15465	78.66884	299.70972	-179.20245	-0.17940961	3.99454	84.05476	-14.772022	-161.61829	53.58526	16176.70498418808
74	1733.3486	1734.4763	4225.9556	37.82405	1624.7472	1252.3346	4549.7886	133.08919	541.875	355.3	295999	162.96762	80.21396	302.20496	-105.83384	162.96736	80.21638	303.0065	-116.251114	-0.12237993	4.03124	83.23925	-15.960827	-163.45319	54.554153	16378.62848496437
75	1904.4401	1397.3348	4073.561	287.30048	3555.2903	1563.7032	4775.1616	451.19388	711.5	800.8	299999	165.04524	81.90339	309.22437	-92.271416	165.04486	81.904465	306.40662	-113.25724	-0.048001792	4.055281	56.632866	-14.150212	-165.54018	54.000134	16587.904604911804
76	1962.6569	1049.7195	3340.2146	315.24792	3335.0435	1775.5616	4782.4326	263.109	614.2857	720.4	303999	167.197	83.59076	312.02106	-138.3695	167.19691	83.58873	315.25494	-130.62067	0.017741116	4.0795283	81.21192	-14.18119	-167.6576	57.03453	16794.431812524796
77	1785.5729	1102.476	4191.2104	315.0284	3540.8032	1563.8376	4616.9023	74.917885	554.4286	904.0	307999	169.2311	85.13409	318.05765	-99.81276	169.23138	85.13708	315.2868	-96.00318	0.11589706	4.1464715	99.36133	-15.108059	-169.71722	63.10311	17005.243987083435
78	3198.9543	1356.7466	4532.74	1358.4941	3653.4539	1309.5254	4543.209	744.1986	914.5	908.4	311999	170.81664	86.39364	315.06177	-150.54114	170.81668	86.39702	316.5224	-166.83128	0.09818991	4.134025	53.985756	-14.19715	-171.28856	61.17759	17226.51077055931
79	3009.8926	1339.1	4473.264	608.1531	4032.077	1050.6376	4832.2744	1273.6288	707.4	931.3	315999	173.27264	87.5851	320.2369	-96.58602	173.27208	87.587975	320.33286	-118.9652	0.12812635	4.158757	64.33315	-14.519224	-173.72235	62.67572	17449.44312644005
80	2457.8752	1377.6052	4307.519	700.38904	3154.9	1366.7173	4848.1	841.46765	666.1667	799.8	319999	175.42322	88.61192	322.93103	-142.09978	175.42336	88.612724	324.70798	-288.80756	0.18315078	4.128539	56.565434	-16.826775	-175.85706	61.928764	17668.532257080078
81	2969.6428	1641.6981	4557.116	95.66679	3825.441	1464.3761	5038.989	446.48175	670.1429	787.9	323999	177.25777	90.070145	331.8228	-108.34104	177.25714	90.07443	326.99066	-135.02034	0.20079713	4.156556	56.44285	-13.433636	-177.71646	62.42594	17881.891025304794
82	3507.9531	1682.603	4448.705	149.07056	2056.316	1760.6057	4919.608	129.94934	811.4	430.2	327999	180.54897	91.41209	327.99362	-118.09619	180.54868	91.41492	329.01175	-108.22983	0.27806312	4.2039776	90.412125	-14.879254	-180.98671	61.422333	18088.250986099243
83	2193.5884	2100.4646	4640.6826	31.730417	3215.5085	1626.3103	5008.5566	412.62634	596.0	741.1	331999	183.60509	93.30211	333.9255	-146.64064	183.6048	93.30169	332.84845	-129.88554	0.4350834	4.274491	140.2909	-14.864624	-184.066	66.6109	18305.74911928177
84	3785.213	1396.7124	4668.123	1369.906	3361.025	1769.525	5407.6	519.074	822.0	681.0	335999	186.17894	94.91121	339.24014	-125.73433	186.17844	94.91521	336.11856	-145.74944	0.40129465	4.255792	148.48195	-16.157251	-186.62999	68.66564	18531.856844186783
85	2804.1433	1928.9349	4544.2153	11.69786	4247.0044	1439.7759	4947.3335	21.264257	638.1429	901.3	339999	188.58183	96.11435	341.1678	-131.90456	188.5822	96.1158	340.91946	-127.59516	0.43893093	4.273862	146.3581	-14.784237	-188.99568	67.26792	18761.9695417881
86	3202.016	1114.2452	4228.4365	1304.909	4623.4253	924.526	5119.894	1903.1323	726.2	939.5	343999	191.29196	97.722916	342.49948	-117.729904	191.29192	97.72422	342.605	-148.2544	0.53818345	4.2869587	171.48924	-13.358677	-191.7574	68.65662	18989.50643134117
87	3469.9363	1228.0344	4663.8794	1613.7604	4390.201	1482.379	5191.861	1149.5988	771.0	924.0	347999	194.54276	99.09176	346.965	-141.13936	194.5424	99.09089	351.06436	-113.52731	0.5936442	4.3152595	161.05602	-15.290033	-194.98486	73.29152	19211.23843383789
88	2794.592	1566.1746	4717.7944	173.52429	3174.202	1528.5541	4907.368	350.9156	606.5	714.0	351999	196.55193	100.11138	357.48157	-105.63902	196.55244	100.1145	350.5586	-108.2983	0.6172675	4.285053	119.31561	-14.488166	-196.9796	73.47078	19429.681601285934
89	4125.313	633.9271	4613.1626	3036.7107	3906.7656	1822.953	5480.663	281.16672	920.75	741.4	355999	199.60387	101.33767	353.42896	-206.76578	199.60349	101.33693	353.69623	-137.944	0.68357337	4.3080826	92.503334	-14.4111	-200.02982	74.501724	19647.067653656006
90	3569.409	1723.3278	4908.1973	432.3314	4211.454	1714.8223	5454.508	426.2711	818.8	804.8	359999	202.20776	102.43023	354.06384	-140.14168	202.20798	102.43212	356.52432	-106.494606	0.6823431	4.2970834	94.7407	-15.357114	-202.5924	73.96656	19864.289724588394
91	4583.752	121.32663	4723.4116	4399.1396	5031.59	471.69986	5450.8193	3707.8738	1000.0	1000.0	363999	204.43866	103.747246	358.97266	-100.381584	204.43834	103.74632	358.99353	-148.67108	0.7753305	4.3784223	101.4449	-14.058374	-204.8583	74.56352	20089.395040273666
92	3078.121	1793.7432	4843.408	315.22665	4713.6904	1093.2534	5309.5283	1717.8319	664.6667	936.5	367999	207.23918	104.90074	358.1497	-169.2125	207.24028	104.89924	358.30746	-160.32437	0.8283813	4.359862	84.3938	-14.2366905	-207.64221	76.6063	20328.2111620903
93	4155.249	1363.3151	5024.4155	1468.4844	2908.4717	1679.583	5224.0796	696.8746	868.0	680.6	371999	209.95857	106.1093	362.88422	-171.35674	209.95912	106.11232	362.85577	-157.23993	0.8139913	4.3847585	97.07613	-14.301806	-210.33348	77.957016	20532.91530776024
94	2995.6428	1915.9603	4906.6543	296.85385	4520.084	1366.7803	5337.9126	905.09546	645.5	878.2	375999	212.28085	107.14258	365.21115	-121.7466	212.27953	107.141556	364.55188	-134.80104	0.8491731	4.376497	87.89975	-13.430684	-212.66714	79.818085	20701.400022268295
95	4696.8125	354.704	5073.9536	4170.0386	4427.8022	1426.1626	5456.7954	913.3798	964.5	857.4	379999	214.84114	108.21535	371.0982	-146.96933	214.84229	108.214935	367.4805	-152.5013	0.89355373	4.3777714	104.8139	-16.459648	-215.21964	78.33617	20841.20851278305
96	3029.5588	1955.8739	4892.634	6.7220745	4872.868	645.6763	5434.147	3459.3523	630.8571	970.9	383999	217.4785	109.00229	372.10455	-128.15956	217.47932	108.999466	373.31046	-200.59866	0.9963447	4.362628	73.08045	-13.346728	-217.87967	79.03168	20983.06112885475
97	2771.3982	2268.142	4972.7173	39.526142	3891.2583	1875.8435	5498.598	87.132545	591.1429	903.6	387999	219.24666	109.87198	373.73322	-141.81512	219.246	109.87736	374.8772	-185.0935	0.9811366	4.323325	75.07415	-13.796022	-219.61197	84.4117	21124.20825958252
98	2667.191	1852.9546	4878.123	403.73306	4452.357	1101.4316	5447.777	2347.4407	752.2	904.2	391999	221.57964	110.96665	378.5089	-184.64249	221.57957	110.96682	377.11984	-154.12785	1.0858667	4.3806043	109.82045	-13.969223	-221.96353	87.10806	21264.123602867126
99	3613.521	1158.201	5061.085	2204.7788	4170.692	1437.17	5085.973	321.59497	732.2	872.6	395999	223.26274	111.75916	376.91135	-130.80486	223.2629	111.76382	377.39197	-151.89262	1.0772598	4.3986106	88.1924	-14.850332	-223.60368	84.17223	21404.259912967682
100	3800.2556	1211.1517	4927.6226	1991.2863	5307.8916	937.19867	5991.5566	2566.9695	926.75	1000.0	399999	225.29088	112.4135	378.9157	-185.96571	225.29076	112.41135	378.90744	-186.99397	1.1211236	4.3418126	73.276886	-13.2911625	-225.64952	85.54989	21547.258160352707
