Epoch	AverageTestEnv0Ret	StdTestEnv0Ret	MaxTestEnv0Ret	MinTestEnv0Ret	AverageEnv0Ret	StdEnv0Ret	MaxEnv0Ret	MinEnv0Ret	AverageTestEnv1Ret	StdTestEnv1Ret	MaxTestEnv1Ret	MinTestEnv1Ret	AverageEnv1Ret	StdEnv1Ret	MaxEnv1Ret	MinEnv1Ret	AverageEpRet	StdEpRet	MaxEpRet	MinEpRet	AverageTestEpRet	StdTestEpRet	MaxTestEpRet	MinTestEpRet	EpLen	TestEpLen	TotalEnvInteracts	AverageQ1Vals	StdQ1Vals	MaxQ1Vals	MinQ1Vals	AverageQ2Vals	StdQ2Vals	MaxQ2Vals	MinQ2Vals	AverageLogPi	StdLogPi	MaxLogPi	MinLogPi	LossPi	LossQ	Time
1	-989.4708	610.6306	-38.75273	-1580.1483	-280.8996	166.57446	6.896871	-387.63562	-291.27106	188.87477	10.368189	-480.83713	-248.5047	153.37927	6.8607864	-397.1501	-529.4043	317.82986	13.757657	-782.3163	-1280.742	791.92816	-28.384542	-2050.513	755.75	728.1	3999	10.934213	7.4181805	52.222202	-9.881261	10.935154	7.4196625	51.654472	-9.598168	-8.161253	3.38756	19.14804	-19.90787	3680.623	1.8434734	226.77412819862366
2	-966.7744	247.11584	-257.02084	-1169.8884	-270.17642	130.55511	-19.278131	-389.32782	-979.7147	245.28561	-250.60722	-1139.97	-236.71387	125.3532	-0.099512085	-363.34314	-506.8903	247.39055	-19.377644	-666.4379	-1946.489	489.6584	-507.62805	-2309.8584	818.4	917.8	7999	49.733486	18.484518	124.669106	-7.854494	49.7333	18.487844	125.21983	-11.767468	-0.43400747	5.595548	51.548622	-24.66834	14809.095	8.2768545	526.2656042575836
3	-234.89041	92.40744	-110.11025	-389.1706	-566.2438	332.59418	-261.58267	-1122.9563	-86.95908	57.22803	-6.113971	-178.13835	-519.7642	301.40585	-278.5562	-1018.29944	-1086.008	632.48785	-540.1389	-2141.2556	-321.8495	90.8178	-188.70343	-495.58658	1000.0	1000.0	11999	113.72552	18.528082	177.36307	-10.367188	113.72679	18.531069	178.79115	-22.678461	1.3470463	6.9377093	60.94506	-22.00776	32304.629	19.344212	830.7280972003937
4	288.5641	87.07181	406.69858	162.22755	-628.28894	310.8937	-32.85106	-910.66766	549.4159	92.80056	653.10596	307.32785	-560.42725	269.50168	-51.603977	-845.9404	-1188.7162	579.6168	-84.45503	-1756.608	837.98	83.81081	965.27136	664.2072	811.6	1000.0	15999	120.29572	11.362847	175.12119	-11.732913	120.29668	11.365175	176.60057	-23.9035	-7.5165195	3.3279707	58.65339	-20.30306	33249.586	15.309188	1140.5409343242645
5	599.87024	72.0679	732.53894	473.40274	-353.84982	224.9919	-9.001063	-609.2249	702.1583	54.08011	803.55585	630.8811	-337.68063	217.9242	-33.608906	-550.25665	-691.53046	440.191	-42.60997	-1133.7714	1302.0286	103.255066	1489.0385	1157.9408	692.1667	1000.0	19999	104.71922	10.4580555	158.62433	-9.368676	104.71959	10.462478	159.23666	-29.325157	-8.903222	2.3896358	54.072792	-20.61305	28927.277	11.591836	1449.8888759613037
6	566.533	9.784549	580.52936	548.53595	-353.30673	52.171116	-283.66174	-426.9889	554.7892	19.364777	582.91693	519.8801	-328.38626	38.410988	-286.31137	-390.80466	-681.693	83.78593	-605.64026	-817.7936	1121.3221	18.77637	1163.4463	1087.8058	1000.0	1000.0	23999	91.70721	9.38132	145.15878	-18.031378	91.70748	9.3944845	145.36717	-16.591515	-9.296134	2.035249	55.471077	-19.951214	25388.328	9.430164	1885.902795791626
7	775.8622	47.395214	865.9016	713.83386	-224.28171	102.45807	-28.209011	-327.37506	655.6658	74.89704	786.89404	549.15924	-220.46638	109.692406	-21.691256	-357.67804	-444.74805	200.11214	-49.900265	-600.01105	1431.5281	113.57579	1652.7957	1262.993	806.2	1000.0	27999	83.519135	8.392435	129.77965	-11.113634	83.51873	8.402561	131.36635	-19.81707	-9.408137	1.9070587	52.37629	-20.23142	23176.484	7.7549086	2257.046119451523
8	727.72266	57.571716	872.96075	659.47485	-284.98248	27.285532	-238.6336	-305.72098	803.4569	17.854116	838.9417	777.5894	-202.41539	13.344508	-184.65016	-220.72581	-487.3979	16.654875	-459.35944	-500.38477	1531.1798	67.27677	1694.0682	1454.4635	1000.0	1000.0	31999	79.2144	7.7235355	121.93023	-9.635904	79.21489	7.730513	121.53471	-19.458172	-9.469775	1.8419766	47.43975	-18.742191	21988.408	7.056925	2566.665426969528
9	698.8568	64.53291	815.8441	610.333	-128.93054	90.13775	39.475033	-230.30673	713.1388	64.43557	855.2765	634.9872	-188.39238	90.94527	-8.722751	-251.52249	-317.3229	175.44951	30.752281	-438.9116	1411.9957	123.78139	1671.1206	1273.1136	809.0	1000.0	35999	77.11701	7.233349	117.5896	-14.702473	77.11698	7.2407827	116.24251	-14.449106	-9.473353	1.7974644	47.511036	-20.86007	21344.188	7.0830517	2871.9592456817627
10	689.64386	69.1758	812.7532	604.01776	-213.98396	24.992992	-171.04208	-232.14104	698.0279	109.3461	882.3396	553.00195	-176.39584	36.492687	-139.35698	-236.99846	-390.37982	46.36386	-334.12558	-460.39404	1387.6718	152.04932	1695.0928	1189.6932	1000.0	1000.0	39999	76.91117	7.0973964	112.814	-12.275354	76.91124	7.1076474	114.69923	-14.486161	-9.468605	1.7608885	58.677277	-19.27352	21213.068	6.78572	3172.158699274063
11	570.7199	150.2378	808.32605	418.87863	-132.2532	58.309277	-45.87452	-214.6698	568.105	170.40149	892.42804	345.0127	-142.7798	93.48735	-10.003277	-253.74226	-275.03302	136.33995	-55.877796	-468.41208	1138.825	303.85175	1698.4631	764.604	812.0	1000.0	43999	77.81802	7.556151	114.84628	-11.507289	77.81819	7.5674057	113.75283	-11.96496	-9.461355	1.7188528	42.414024	-20.308384	21435.172	6.7648683	3472.782094478607
12	615.4606	137.30063	805.8165	355.68488	-89.16992	80.55528	37.069775	-171.35739	640.67175	139.61882	836.9304	459.5915	-79.227394	66.040535	6.7930484	-153.67566	-168.39732	143.27737	21.442638	-303.8362	1256.1324	266.45804	1630.2517	815.27637	588.1429	1000.0	47999	79.581505	8.459175	113.700485	-11.237785	79.58178	8.463734	113.219215	-18.00755	-9.427486	1.7620541	76.25853	-19.344437	21919.637	6.682467	3770.946417570114
13	681.4696	114.67112	910.9104	506.21832	-129.61992	65.99534	-9.4676	-206.87881	737.0412	102.0672	889.2998	559.95776	-116.95032	68.08708	-4.6456404	-218.13219	-246.57024	133.04852	-14.113239	-425.01102	1418.5109	191.73753	1800.2102	1169.869	820.2	1000.0	51999	81.62094	9.556367	115.62928	-9.173115	81.62095	9.559139	117.1373	-12.445492	-9.431135	1.7317494	38.970642	-20.485596	22434.076	6.996011	4113.737433433533
14	514.4689	106.81136	649.08545	352.3288	-126.42038	46.678215	-79.82598	-186.94058	632.3502	64.24368	765.7435	550.0688	-92.188934	51.597313	-18.10632	-160.30168	-218.60931	91.95946	-97.9323	-317.07352	1146.8191	132.29213	1414.829	1014.5964	1000.0	1000.0	55999	83.86308	10.950069	113.6824	-23.113577	83.86323	10.949694	112.97745	-18.62494	-9.316887	1.7700478	38.611996	-19.387043	22995.455	7.112016	4508.75542807579
15	516.4198	169.18904	850.50946	357.30954	-14.028449	32.3743	39.962833	-41.614136	633.8898	134.3799	906.8766	453.2284	-72.89782	21.218706	-40.13827	-92.17191	-86.92627	24.7433	-51.195667	-110.245544	1150.3094	298.90662	1757.386	820.0853	1000.0	1000.0	59999	86.63916	11.991153	116.31014	-12.127396	86.63935	11.994045	115.598915	-13.5642395	-9.225838	1.7995111	52.583717	-22.150597	23711.037	7.0783343	4889.680886507034
16	642.60114	152.71964	852.1168	437.16425	-33.949177	30.252457	0.5483737	-74.956764	643.0102	102.47282	829.15326	515.0309	-9.1100445	36.56622	29.858597	-51.98368	-43.05922	38.904438	18.759739	-88.94322	1285.6115	245.29285	1681.2701	996.5586	1000.0	1000.0	63999	89.93628	12.742506	119.09866	-6.3897467	89.93626	12.742751	118.793945	-10.723072	-9.168531	1.8072718	39.56882	-20.031607	24620.635	6.9467187	5245.119547367096
17	689.3543	77.13296	806.9923	543.394	-48.438347	61.177303	29.70182	-138.38116	609.5434	139.43376	811.13324	444.46515	-32.83709	107.914604	63.029602	-207.33815	-81.275444	117.37078	39.27293	-268.65552	1298.8977	193.46	1593.502	1022.23834	1000.0	1000.0	67999	93.45375	13.261279	123.74872	-14.381409	93.45378	13.262095	120.37908	-31.929743	-9.118746	1.834371	68.64218	-20.595356	25579.02	6.971867	5561.387256145477
18	608.1898	134.96939	819.09314	306.47485	-19.350483	22.409481	14.176508	-48.952255	552.138	197.91245	855.9674	377.99988	-9.234051	27.423697	21.28783	-52.785683	-28.584538	40.29192	35.464336	-74.69532	1160.3279	303.65317	1671.9056	704.40564	1000.0	1000.0	71999	96.95595	13.800131	122.56746	-11.605928	96.95626	13.800156	122.85199	-18.433582	-9.085469	1.8196601	56.974182	-19.742165	26512.973	6.987862	5928.944927692413
19	766.5369	129.60936	876.5125	412.63818	-16.167469	72.571365	114.088135	-97.091415	692.30164	115.79775	810.30585	423.2576	-0.19540863	36.31113	39.153915	-65.06408	-16.362879	91.72211	153.24205	-103.24396	1458.8386	241.13058	1647.7325	835.8958	825.6	1000.0	75999	100.29049	14.241564	131.37656	-16.869015	100.29017	14.243705	131.0481	-30.142874	-9.011108	1.8426145	100.99149	-20.244041	27433.908	7.117418	6350.69463801384
20	564.5405	104.28894	717.74994	438.4199	-9.449717	61.86916	65.69414	-106.43421	686.0751	40.017345	731.94684	610.5366	1.1772726	28.016811	37.878227	-39.555878	-8.272444	59.840748	36.18065	-111.16196	1250.6156	102.952675	1422.0369	1118.2594	1000.0	1000.0	79999	103.38496	15.231566	136.09378	-22.292847	103.38516	15.232596	138.9823	-32.056683	-8.957416	1.8396997	26.67754	-23.514248	28289.95	7.488422	6682.675212860107
21	681.5193	101.44667	812.3631	509.47025	-33.78295	104.03106	107.84403	-185.06389	715.0863	107.227005	908.6124	527.0362	-0.32424545	68.10358	71.9415	-87.15174	-34.107197	149.08276	168.11581	-231.42241	1396.6056	200.92683	1718.9016	1036.5065	1000.0	1000.0	83999	106.15416	16.3704	138.17804	-18.165426	106.15433	16.372316	143.6794	-49.010094	-8.8682785	1.8873154	50.544933	-22.38909	29126.438	7.726261	7038.58898639679
22	620.98175	86.5562	788.9393	477.61508	-73.78029	76.13077	-20.341412	-205.24503	570.78235	165.36525	879.5541	406.5568	32.95034	26.887411	64.615845	-9.105325	-40.82995	74.5426	29.189445	-161.33893	1191.7642	234.25296	1668.4933	922.78125	1000.0	1000.0	87999	108.77419	17.139933	140.48672	-19.390038	108.77395	17.143494	143.6801	-14.928014	-8.842183	1.942604	49.017082	-19.613787	29886.115	7.7716455	7456.756213188171
23	720.9081	115.7873	881.1971	515.68225	50.592194	43.568604	95.131	-15.869577	606.4356	100.48575	731.97565	405.7862	51.176933	29.015787	78.93778	10.917957	101.769135	49.194458	174.06879	50.65751	1327.3436	184.0238	1470.2119	921.46844	1000.0	1000.0	91999	111.06011	18.208221	139.90717	-16.88612	111.06043	18.210197	142.32832	-37.337994	-8.854853	1.8814594	41.95222	-20.637085	30498.055	7.9596305	7861.651992559433
24	690.24335	67.93865	875.91504	633.7822	0.72992396	30.255144	52.871483	-21.494576	686.9829	75.40601	811.4262	584.1876	-11.9748535	20.16379	11.846571	-37.757317	-11.244931	43.96861	55.880634	-59.251896	1377.2263	124.39843	1687.3413	1228.7184	1000.0	1000.0	95999	113.14146	19.290407	144.13606	-19.039623	113.14152	19.292454	142.88222	-24.53405	-8.76646	1.8944825	53.77156	-21.415457	30930.457	8.2954	8248.764174938202
25	640.515	109.12612	833.0263	440.8582	-7.6033425	30.170618	46.5392	-45.16951	667.6511	75.95107	790.55493	539.06287	-7.4538445	42.756866	72.083	-49.30937	-15.05719	71.026665	118.6222	-75.787224	1308.166	140.84781	1590.5266	1165.7146	652.6	1000.0	99999	114.64035	20.778357	149.59734	-19.993687	114.64071	20.777914	152.3645	-22.628822	-8.743458	1.8670446	53.408905	-19.844223	31127.283	8.913878	8607.054710149765
26	719.7702	66.44182	822.9204	639.2153	52.47668	33.914288	92.33081	5.036568	584.7699	39.319687	644.1141	480.72214	48.325764	67.921715	117.47405	-22.556759	100.802444	78.560745	192.88826	-11.520521	1304.5403	79.79234	1467.0345	1218.9004	1000.0	1000.0	103999	116.08176	22.012419	152.7213	-14.438667	116.08172	22.013338	154.1895	-29.99089	-8.707781	1.8917321	27.747066	-22.266556	31482.982	8.878378	8954.567841529846
27	751.587	93.96059	914.2804	540.70355	59.01512	28.799484	81.309	10.027236	660.64514	170.32832	940.6186	460.94882	49.21263	16.632467	65.7247	21.83379	108.22775	30.967585	143.76689	68.22733	1412.2322	231.25203	1811.5206	1177.183	1000.0	1000.0	107999	117.75009	22.6324	155.76262	-19.179827	117.75025	22.632427	151.00287	-24.091463	-8.676024	1.9159708	29.869978	-22.50565	31863.385	9.034169	9295.447014808655
28	647.93634	116.732285	803.5686	452.31757	25.491924	64.36901	82.594185	-80.67838	677.64844	109.755264	904.81934	518.83057	59.451714	48.175743	105.71472	-16.396765	84.943634	112.34292	188.30891	-97.07515	1325.5847	190.19688	1694.6824	1134.5063	1000.0	1000.0	111999	119.32843	23.24707	150.78139	-10.31663	119.32873	23.24647	151.61409	-24.580198	-8.6164665	1.9561512	40.871986	-20.167892	32343.04	8.98956	9729.856118679047
29	687.54785	37.753895	749.30554	625.73157	57.712746	11.400232	71.67907	41.340992	709.92615	85.197784	833.87714	569.2759	21.103237	98.67162	101.10266	-147.19247	78.81598	93.69875	142.44365	-83.08686	1397.4741	89.98429	1561.9816	1247.7843	1000.0	1000.0	115999	120.75496	23.780731	152.52518	-21.45576	120.75536	23.781414	151.51102	-34.44945	-8.651383	1.9019358	38.841995	-21.072361	32853.37	9.052705	10163.018328428268
30	804.378	77.38612	904.16956	634.88574	63.166553	20.03552	88.871956	32.995495	726.5364	60.87611	833.489	600.82056	28.594841	34.358196	65.87826	-27.20017	91.7614	45.510437	154.75021	34.688026	1530.9144	122.80485	1685.796	1235.7063	1000.0	1000.0	119999	121.57749	24.839424	152.94675	-19.244717	121.57771	24.838694	152.77563	-24.901144	-8.706658	1.8354932	39.3768	-23.666603	33154.4	9.319508	10576.230966329575
31	819.9044	60.97545	886.647	694.5003	86.0072	50.148384	142.40335	8.801078	776.6734	58.23995	849.5441	665.4586	117.26112	89.20917	236.03162	10.666847	203.26833	116.394035	338.47357	19.467926	1596.5778	89.409515	1684.2811	1450.8628	813.6	1000.0	123999	121.80828	26.277048	154.7411	-11.0767765	121.80876	26.27546	155.31476	-29.431538	-8.728613	1.7969047	24.602716	-20.750532	33207.85	9.688408	10926.990074634552
32	854.87756	23.747202	887.5206	799.24	58.392952	63.147106	160.48463	-10.900319	634.9685	46.952312	764.44885	592.12854	61.37187	63.034473	153.30315	-12.675872	119.76482	120.22192	251.53198	-19.260557	1489.846	56.92083	1619.6305	1408.3893	516.5	1000.0	127999	122.18816	27.366362	154.44882	-15.8998575	122.18841	27.364725	155.1335	-33.221146	-8.666145	1.8221308	42.238194	-21.002895	33299.76	10.122346	11311.563575267792
33	718.0402	94.19061	821.142	561.94836	125.86507	19.215052	154.12375	104.49185	754.7508	64.65247	865.63684	689.3449	94.99823	17.324886	109.469986	66.0473	220.8633	19.531538	251.45259	198.41449	1472.791	131.66359	1668.1703	1251.2933	1000.0	1000.0	131999	123.00898	28.28114	155.64507	-10.761128	123.00962	28.280157	154.85794	-15.00684	-8.717565	1.7659575	50.78797	-21.529247	33624.953	9.920639	11732.856077671051
34	743.4387	62.97436	917.23785	679.28436	74.24164	54.919567	153.22646	-1.6644036	782.7982	56.666393	915.7765	686.69257	92.28388	57.289227	177.92259	17.58497	166.52551	111.69513	331.14905	15.920567	1526.2369	112.32606	1833.0144	1365.9769	1000.0	1000.0	135999	123.76985	29.025055	157.4231	-23.514364	123.77021	29.023176	156.13634	-30.765621	-8.65887	1.7820567	29.45692	-21.53324	33797.23	10.012275	12077.968541383743
35	770.506	66.891174	887.94586	668.0097	73.5259	29.007671	122.20034	45.760666	667.302	91.70286	875.905	582.1958	90.29209	90.46292	234.6045	-12.271356	163.818	87.02055	280.36517	52.680557	1437.808	154.52466	1763.8508	1250.2056	1000.0	1000.0	139999	124.56342	29.493046	157.43867	-19.712118	124.56371	29.491873	157.34973	-40.988693	-8.624712	1.854445	69.23187	-20.313812	33919.39	9.927635	12423.295859098434
36	800.94855	52.071465	884.8238	676.3503	30.557795	77.86704	139.46652	-61.78967	779.40466	46.935795	882.07056	713.60864	99.581795	50.61696	167.50006	24.727818	130.13959	125.15478	306.96658	-37.06185	1580.3533	88.25127	1714.2642	1406.5243	1000.0	1000.0	143999	125.0911	30.279776	157.4312	-15.7097645	125.09135	30.278389	156.88249	-31.543667	-8.630481	1.8177251	53.79591	-20.772617	34071.797	9.991058	12765.665986299515
37	688.70404	103.2169	844.69147	444.11917	108.358376	59.07048	183.25798	23.014696	688.506	64.0733	787.4484	572.8326	81.089455	47.129772	136.13559	4.850182	189.44783	104.87176	303.97925	27.864878	1377.21	132.1687	1522.1461	1044.3651	805.4	1000.0	147999	125.81788	30.90147	157.53041	-13.216518	125.81795	30.900347	158.12263	-14.842438	-8.622787	1.8245326	52.833927	-19.911587	34080.953	10.092201	13113.544123888016
38	538.08325	128.88101	817.15735	413.0421	55.645542	57.119873	127.07819	-31.60648	473.562	245.84612	790.9706	156.93512	95.12573	14.014238	116.74994	81.43959	150.77127	60.36016	208.51778	52.508476	1011.64514	360.2075	1608.1279	628.1769	1000.0	1000.0	151999	126.65341	31.12315	159.67871	-16.23161	126.65363	31.122246	158.2163	-25.34713	-8.609305	1.8410958	46.17847	-20.999802	34343.105	10.108627	13464.727388858795
39	744.60223	18.158716	760.9217	693.05554	86.95665	26.32716	125.69938	59.138878	626.80396	20.79796	662.78656	596.8329	97.57715	60.39237	151.00977	1.5392106	184.53381	81.37093	272.8901	68.2352	1371.4062	21.93434	1411.7413	1333.908	1000.0	1000.0	155999	127.08236	31.3961	158.21521	-20.19085	127.08229	31.395136	158.43301	-29.728031	-8.593131	1.8590275	64.881134	-20.230204	34443.07	10.296653	13880.875487565994
40	806.5728	66.70685	904.5143	663.5295	88.704544	43.222748	147.01843	25.803293	797.275	62.32901	883.46564	695.9361	95.27362	68.231186	163.19835	-10.944722	183.97816	90.89517	310.21677	87.30697	1603.8479	106.7707	1786.005	1449.3057	1000.0	1000.0	159999	127.74185	31.602655	159.17159	-17.824266	127.74257	31.60009	159.24858	-33.40146	-8.599469	1.8155912	37.38995	-20.827938	34602.13	10.312842	14289.549863576889
41	840.24786	47.587387	905.18427	778.078	38.578163	31.586517	91.599335	8.977771	774.7246	41.0048	863.0771	725.7366	109.020645	45.76846	167.27206	40.354824	147.5988	58.796677	195.42151	49.332596	1614.9724	62.27764	1686.4817	1508.6787	1000.0	1000.0	163999	128.36667	31.841717	159.96877	-7.8895745	128.36719	31.83899	160.05531	-24.148663	-8.661125	1.8142972	112.98498	-21.485828	34768.273	10.003986	14669.718438148499
42	721.7501	31.463291	775.76953	670.38715	82.38476	39.84886	132.60762	22.477566	724.70123	31.551308	780.26776	669.5939	158.6185	20.406199	183.38808	131.25233	241.00323	32.57379	280.28018	194.63858	1446.4514	52.028603	1513.3267	1339.9811	1000.0	1000.0	167999	128.98856	32.101383	160.64972	-31.607885	128.98874	32.099133	160.18106	-44.4858	-8.611236	1.8496109	65.45498	-19.963762	34925.9	10.304041	15031.807346343994
43	629.87335	119.55072	736.4953	399.7445	88.65312	39.585026	138.50746	41.905872	706.83514	53.72827	814.44653	624.27673	83.83656	49.67913	117.79098	-14.700009	172.48967	79.477554	251.40048	31.034523	1336.7086	72.854805	1412.4084	1201.9414	823.0	1000.0	171999	129.55348	32.331303	161.53864	-18.112986	129.55373	32.32992	161.86688	-36.799778	-8.663641	1.822461	49.78273	-20.966568	35073.78	10.196701	15385.279562473297
44	811.27997	35.48722	869.10565	759.49817	110.83176	51.624805	185.14616	49.255943	730.9185	87.134254	879.5648	601.5935	59.626045	73.55395	124.62115	-64.92846	170.4578	118.04039	309.7673	-15.672517	1542.1985	75.41644	1660.0569	1391.6433	1000.0	1000.0	175999	129.60468	32.81072	161.60692	-24.985634	129.6047	32.80904	162.43071	-48.16307	-8.682734	1.822742	84.68285	-21.229382	34983.113	10.275161	15740.58957529068
45	852.7406	31.22173	882.58057	778.04504	89.235275	27.655285	131.00966	53.74975	869.9285	30.715626	955.96136	849.0507	134.82324	22.364809	161.55315	107.47755	224.0585	35.095802	282.5462	189.37537	1722.6692	48.744938	1828.0437	1645.8953	1000.0	1000.0	179999	130.0145	32.96824	163.32622	-14.116764	130.0152	32.96551	162.79787	-21.786625	-8.642642	1.8558446	38.698692	-20.124607	34834.34	10.215006	16122.246676445007
46	839.384	17.048506	862.74634	798.67554	70.15427	56.039738	177.06725	-6.5560822	735.15265	11.455706	747.62256	711.0839	63.636032	55.702675	142.35469	-26.540964	133.7903	106.85303	319.42194	7.1189585	1574.5367	17.988745	1598.444	1543.1384	716.8333	1000.0	183999	130.52087	32.942135	163.81639	-25.066181	130.52109	32.939964	162.73044	-21.349213	-8.675247	1.8143691	99.38316	-20.670654	35076.05	10.14509	16535.242344379425
47	751.42346	106.82879	907.22406	581.74384	68.10647	74.48273	143.40588	-55.444355	716.96216	104.621506	910.7031	562.8413	89.72026	67.96563	151.24232	-25.202705	157.82674	103.29388	294.64822	55.53463	1468.3855	195.52153	1736.474	1148.1791	1000.0	1000.0	187999	130.54549	33.223087	165.39528	-10.750605	130.54614	33.22055	164.1892	-29.376274	-8.68482	1.7652669	25.74359	-20.815102	35070.56	10.432557	16965.464147090912
48	753.825	20.493235	775.1596	725.745	109.97251	31.47608	160.88824	75.35902	794.76337	6.288725	804.90393	786.2329	117.17175	17.205572	146.23077	103.43773	227.14426	47.728527	307.11902	180.76651	1548.5884	22.953352	1577.2042	1515.9554	1000.0	1000.0	191999	131.18153	32.983	166.24974	-12.245191	131.18156	32.9827	165.45485	-26.64622	-8.696333	1.7621851	80.923256	-20.81241	35144.14	9.951686	17348.0029900074
49	794.7807	13.395612	821.4127	769.8131	78.22736	47.573074	133.0748	28.137981	855.52747	19.065395	882.66113	825.1688	72.91499	27.566694	118.782	45.483418	151.14236	60.0569	236.6082	94.43183	1650.3082	16.085312	1675.6115	1624.8306	1000.0	1000.0	195999	131.50964	33.17371	165.91547	-17.061596	131.50987	33.17212	166.27504	-30.615393	-8.68896	1.7778573	38.231438	-21.392887	35176.207	10.023851	17701.832574367523
50	804.41833	16.921844	825.1838	768.69073	50.971607	116.78992	165.6295	-141.6829	817.96075	8.142006	840.17255	807.2489	67.228546	110.901886	165.85245	-120.911514	118.20015	224.47752	283.40347	-262.59442	1622.379	13.693529	1644.4485	1598.764	1000.0	1000.0	199999	131.97195	33.17074	166.13799	-34.365784	131.97227	33.168644	166.59758	-30.405693	-8.686437	1.7539219	69.29717	-22.450008	35379.363	10.119465	18061.281621932983
51	839.67755	19.154203	882.20593	810.22046	101.68467	41.11924	168.88136	65.32442	825.90295	11.240186	842.01355	805.4191	85.78009	44.891247	144.32751	18.289455	187.46475	63.59364	254.76733	83.61388	1665.5804	23.59699	1707.1383	1631.2603	1000.0	1000.0	203999	131.95728	33.17793	169.24272	-36.684364	131.95718	33.176918	168.83315	-27.669426	-8.703982	1.7538886	33.590122	-20.795738	35429.938	10.18047	18419.056432008743
52	802.85583	18.065166	836.885	771.0347	73.35049	52.799786	134.6758	-10.629173	818.7268	14.9113455	859.617	800.9976	79.30061	33.236256	121.11308	38.199223	152.65111	72.28269	199.41568	27.57005	1621.5825	12.917771	1646.1014	1600.5183	1000.0	1000.0	207999	132.14877	33.210133	167.35579	-24.954525	132.1488	33.20887	167.57085	-39.84563	-8.702786	1.7456813	42.107746	-19.912714	35420.07	10.108252	18768.71528172493
53	700.44244	52.225567	807.0267	642.69574	55.33672	47.91703	101.48247	-23.784544	762.0356	46.61263	882.3265	719.8406	121.39631	35.24402	180.56331	87.84468	176.73302	21.395752	212.72098	156.77878	1462.4779	93.71901	1689.3531	1362.5364	1000.0	1000.0	211999	132.4569	33.313046	170.71196	-21.58302	132.4575	33.311016	169.2721	-29.1115	-8.697627	1.7509372	64.3367	-20.645239	35356.355	10.253569	19127.13676095009
54	922.37976	6.1217494	934.2062	910.1084	104.02181	25.772165	135.01805	73.891754	872.6667	8.524097	885.9343	862.57874	54.462784	91.187775	140.80263	-95.24074	158.48459	104.944305	275.82068	-11.499635	1795.0466	10.100653	1812.6262	1778.701	1000.0	1000.0	215999	132.65509	33.682423	172.05992	-33.81428	132.65558	33.679646	170.16953	-46.02449	-8.824628	1.6472781	52.726547	-20.09222	35217.61	10.493869	19491.3446726799
55	983.08105	2.2740166	988.28815	980.053	171.3074	16.91836	197.38556	154.4523	984.6704	2.5450284	988.5649	980.2848	172.70805	19.902681	203.84322	148.39438	344.0155	20.20374	366.11392	323.40375	1967.7516	2.757763	1972.3586	1963.6686	1000.0	1000.0	219999	130.5786	35.875603	167.41014	-24.238335	130.57935	35.871864	168.44846	-29.238157	-8.991827	1.4274894	4.5619903	-22.218264	34747.383	11.165867	19921.08923101425
56	965.3586	1.8719429	969.1233	962.1495	185.65912	42.997093	229.86273	138.29178	965.1857	1.5330414	968.173	963.35754	185.96388	53.120148	266.52832	123.2342	371.623	60.072083	425.6485	270.5229	1930.5443	2.112039	1935.5803	1927.449	1000.0	1000.0	223999	128.09103	38.49764	166.86168	-39.00419	128.09192	38.49438	167.68434	-22.055738	-8.980439	1.4297668	-5.4895573	-20.411041	33935.777	11.822681	20363.675637722015
57	957.4188	1.7919289	959.4495	954.702	138.13022	71.7354	244.32104	22.192495	981.563	1.111502	983.4985	980.0823	146.30322	69.62302	233.36554	23.373606	284.4334	140.12791	477.68658	45.5661	1938.9818	1.9560254	1942.514	1935.2719	819.4	1000.0	227999	126.24949	40.441975	165.09624	-24.87138	126.25016	40.437912	165.79411	-36.74166	-9.035564	1.4148453	-5.5786223	-22.373585	33303.727	12.072052	20800.41540122032
58	948.6256	2.2335076	951.63025	944.8826	95.93207	52.29893	149.96112	18.077026	970.1051	1.4862877	972.78284	968.4209	194.98349	39.16887	247.59755	137.21487	290.91556	79.45806	397.5587	212.63248	1918.7307	3.3817666	1924.3145	1914.2289	1000.0	1000.0	231999	124.95503	41.66855	165.07845	-22.516365	124.95598	41.664566	164.96169	-21.762857	-9.063052	1.4042106	-5.777172	-20.087568	32926.03	12.021894	21170.770278930664
59	958.73816	2.9519289	964.9867	954.9273	122.17365	18.24551	147.4272	98.424	985.54407	2.6459765	989.49536	981.11584	164.74628	59.378826	230.99733	68.88499	286.91992	71.38434	378.42453	182.2856	1944.2822	2.5611804	1947.8629	1938.8468	1000.0	1000.0	235999	123.72231	42.6868	164.94627	-20.291656	123.72335	42.682457	165.49435	-15.483123	-9.067931	1.4014509	-5.744675	-21.859722	32613.217	12.127736	21552.82148051262
60	978.9535	2.7423396	983.8924	974.23895	157.01375	45.305748	231.0783	109.50687	993.23816	1.9003161	995.68036	990.32007	210.44693	40.633804	255.38104	145.4318	367.4607	27.298456	391.52228	321.14108	1972.1918	2.3460772	1976.6292	1968.4393	1000.0	1000.0	239999	123.0027	43.34223	164.34802	-22.248085	123.00339	43.338196	165.17352	-24.822245	-9.07523	1.4000944	-5.7012067	-19.913475	32538.559	12.258754	21939.24752140045
61	959.34534	2.3856695	962.8071	954.9915	96.70885	54.928616	194.02191	25.564112	974.8561	1.8600746	977.5194	972.06635	128.26654	74.578835	192.13046	-15.87292	224.97539	103.042366	386.15237	76.77445	1934.2014	3.7783718	1939.6538	1928.0872	827.4	1000.0	243999	122.58885	43.612144	164.31158	-23.618362	122.58959	43.608425	165.05893	-23.490925	-9.063793	1.399134	-5.6233582	-22.484348	32220.242	12.340236	22378.369078159332
62	950.4588	1.8397759	953.4085	947.75305	129.90636	60.98625	195.31447	19.873272	976.8242	1.8227816	979.27136	972.7543	133.65714	89.954895	260.71002	-17.822933	263.56348	136.30013	384.77258	2.050339	1927.283	1.6354163	1929.6571	1923.993	807.6	1000.0	247999	122.7291	43.28293	165.15015	-18.691505	122.72977	43.28019	167.66954	-24.636627	-9.085404	1.3954247	-5.7208023	-20.396002	32256.094	11.999493	22783.28938984871
63	976.4867	2.3080757	979.5868	972.0417	187.32385	26.904982	227.38306	153.28635	984.0052	1.3983146	986.1614	981.74036	203.57144	30.548904	238.94647	167.17337	390.89532	39.856525	455.50983	356.79938	1960.4918	3.0463076	1965.3539	1955.3439	1000.0	1000.0	251999	122.82004	43.213245	164.8717	-25.715567	122.82054	43.210155	167.43346	-35.78755	-9.079727	1.3985373	-5.7162986	-20.075565	32450.727	11.818844	23188.25569009781
64	957.07117	1.9433153	959.6222	953.7599	93.06717	41.467228	147.8311	31.1495	994.53534	2.0895672	998.3735	991.2282	133.34598	47.489662	201.89659	74.05828	226.41315	56.258705	295.40616	140.3198	1951.6067	3.039256	1955.5958	1946.7715	1000.0	1000.0	255999	123.17823	42.757706	165.6291	-20.830309	123.17847	42.75609	166.0577	-23.523481	-9.096108	1.3905636	-5.8628464	-21.34322	32564.59	11.737851	23567.611392259598
65	955.23206	1.4496485	958.1356	952.8024	105.94991	46.14614	178.88292	52.3814	985.77295	2.7625358	990.0321	980.26666	149.15987	29.44591	187.51279	106.760254	255.10977	52.804596	339.84836	194.61469	1941.0051	3.6934407	1945.758	1935.034	1000.0	1000.0	259999	123.86727	42.280693	166.19095	-16.553913	123.86799	42.277702	167.3034	-30.455877	-9.091744	1.3950123	-5.820705	-22.914074	32962.1	11.756443	23941.772527456284
66	940.4425	1.5744783	942.93744	938.30316	122.487045	26.14853	163.05496	89.97988	986.19855	1.652663	989.0548	984.2116	122.66913	26.366793	161.16052	87.67384	245.15616	26.619678	279.7233	205.05022	1926.641	1.7430837	1928.9368	1922.8555	1000.0	1000.0	263999	124.37913	41.906506	166.20758	-17.00546	124.37944	41.9044	165.54916	-19.994488	-9.082921	1.395615	-5.814492	-21.312399	32921.29	11.738704	24309.820559740067
67	941.485	2.0432081	944.0177	936.9617	164.3249	40.551037	229.51077	124.877144	974.28204	1.5333773	976.6966	972.12946	134.78903	9.586301	149.19499	124.46544	299.11392	33.763554	353.97623	262.37616	1915.767	2.4278493	1919.0481	1911.7893	1000.0	1000.0	267999	125.01156	41.463913	165.7964	-15.309021	125.01225	41.46052	166.57063	-46.458908	-9.097873	1.3924731	-5.8362484	-20.678303	33002.316	11.410973	24734.987082004547
68	953.4567	1.3805519	956.61694	950.8618	122.72347	29.943731	153.16867	74.335236	978.6691	1.8714958	981.2544	975.5889	94.232086	49.462147	174.6335	39.573135	216.95555	68.71942	327.80215	156.85612	1932.1257	2.4038372	1937.8713	1929.3628	1000.0	1000.0	271999	125.88801	40.92506	167.13832	-20.252216	125.88825	40.923084	167.10841	-35.237946	-9.078393	1.400495	-5.778656	-22.041874	33450.453	11.257373	25137.34429693222
69	976.9888	2.553937	980.4163	973.34216	119.17667	29.192728	166.68616	87.38163	976.02136	1.564718	979.64484	973.1571	167.91266	52.262573	208.70918	78.686066	287.0893	65.87812	375.39532	192.94775	1953.01	2.7968402	1956.9352	1948.2291	1000.0	1000.0	275999	126.69129	40.322464	167.28786	-17.33726	126.6916	40.320843	168.10342	-33.47022	-9.071086	1.4017335	-5.8259706	-21.690521	33686.945	11.219753	25519.453887224197
70	970.3953	2.5434735	975.0151	967.1038	98.70571	54.320534	156.67949	29.780357	961.6491	5.3265615	969.64996	955.29333	158.97174	29.531599	187.22452	111.07805	257.67746	55.945236	343.904	188.48418	1932.0443	5.2310486	1942.5453	1924.4397	1000.0	1000.0	279999	127.21669	39.984684	171.1	-20.246056	127.21718	39.981117	168.38263	-28.077536	-9.077862	1.4023412	-5.7366943	-19.278124	34038.16	11.252451	25892.355476379395
71	946.84796	1.4921726	949.56604	944.04126	117.81622	69.22585	177.22107	4.345507	977.3377	1.1532779	979.9801	975.6244	70.53842	54.43896	127.385635	-2.394854	188.35463	111.710785	297.7571	1.950653	1924.1855	2.0400484	1926.9832	1919.6656	765.75	1000.0	283999	127.82417	39.657368	169.54765	-18.16191	127.82431	39.654884	168.27861	-31.943054	-9.100906	1.3960618	-5.757838	-20.11096	34200.887	11.154334	26261.166153907776
72	936.79407	1.288939	939.50195	934.5653	105.3156	38.934296	144.2886	41.97062	972.7863	1.2336183	974.5099	970.5046	145.22458	22.032259	177.53735	116.35119	250.54018	37.896065	284.19824	190.85973	1909.5803	1.8377258	1911.4133	1906.7777	1000.0	1000.0	287999	128.26884	39.570965	168.24861	-19.831	128.26929	39.56791	168.72636	-41.983368	-9.084365	1.4033213	-5.5626907	-20.280685	34479.12	11.1827	26633.251225709915
73	971.58435	1.7403035	975.12933	968.8792	82.78026	76.63981	175.27837	-35.97267	985.3241	1.5868319	988.92834	983.31696	147.03413	21.195002	178.91208	120.69511	229.81439	68.898766	295.97348	114.27634	1956.9084	2.485114	1962.6564	1954.1453	1000.0	1000.0	291999	128.58643	39.39096	168.94751	-12.35303	128.58643	39.389038	169.61989	-36.585236	-9.071849	1.4040627	-5.7659745	-19.124	34390.785	11.121744	27039.599102020264
74	975.6999	2.8328261	979.775	970.2011	92.43442	63.080376	160.58572	-1.4804208	976.0086	2.273103	979.1059	971.3931	95.96152	66.73231	174.99336	-13.753892	188.39594	119.7249	286.36612	-15.234312	1951.7084	4.0755434	1958.8809	1943.6069	694.5	1000.0	295999	129.13033	38.9778	169.37982	-25.230156	129.13081	38.974823	168.97205	-46.18872	-9.073086	1.405258	-5.8377733	-21.06174	34387.277	10.948821	27486.373208522797
75	978.9435	2.9593031	984.896	974.6852	137.97165	20.463808	166.29308	112.395134	973.9393	1.3636909	976.81616	971.95844	149.07823	48.712143	204.04382	83.37283	287.0499	47.55961	333.7848	209.60283	1952.8828	2.7431505	1958.3634	1949.8042	1000.0	1000.0	299999	129.5669	38.687317	168.61005	-25.674122	129.56697	38.685402	170.61598	-81.006325	-9.090336	1.3960618	-5.9024563	-21.441307	34707.68	11.15453	27984.527683734894
76	956.68243	2.028741	959.8168	954.19543	115.164375	12.675569	126.621414	94.77273	997.18713	1.8866869	1000.2254	993.95276	137.10852	16.708984	155.55162	115.92605	252.27289	16.40722	280.45984	240.10223	1953.8695	3.7757642	1960.0422	1948.2538	1000.0	1000.0	303999	130.19229	38.393356	169.45038	-21.758978	130.19267	38.390903	169.66808	-18.396101	-9.081849	1.3981855	-5.7908974	-21.584341	35025.77	10.839359	28517.23161482811
77	962.35645	2.4736927	965.50336	956.95135	117.69755	21.498428	140.28462	88.809074	970.59393	1.8632108	973.99725	968.1172	160.98552	26.270054	204.10109	133.85138	278.68307	11.423505	292.91016	262.617	1932.9504	3.3853974	1938.4912	1928.1901	1000.0	1000.0	307999	130.80907	38.05574	168.38062	-23.349552	130.80896	38.053562	172.12177	-57.567276	-9.048081	1.4105067	-5.75432	-22.61963	35170.28	10.859935	29032.002831697464
78	963.75275	2.0948937	967.11414	960.08295	164.79796	52.99986	241.56114	100.40898	988.36816	1.6367104	990.72327	985.359	177.0532	106.30251	322.8226	52.08079	341.85117	142.13144	564.3837	203.35411	1952.1211	2.4821017	1956.2817	1947.5308	1000.0	1000.0	311999	131.31415	37.69438	169.8339	-11.298329	131.31464	37.692265	172.00113	-24.39867	-9.076063	1.4061309	-5.743992	-21.441805	35382.92	10.786615	29512.024210691452
79	970.67224	1.4779236	973.6008	967.7168	151.17764	25.850931	192.15344	123.0836	988.1249	1.7167528	990.66223	985.50397	123.83519	7.9506574	137.25046	116.79103	275.01285	20.706102	308.9445	256.36392	1958.7972	2.0167105	1962.5995	1955.6658	1000.0	1000.0	315999	131.93402	37.236843	172.28615	-26.98334	131.93408	37.235325	172.90842	-15.606251	-9.0644865	1.4023479	-5.8240614	-20.323555	35569.887	10.732917	30010.498044252396
80	954.0662	2.435634	959.8192	949.9025	134.71849	27.138493	173.9041	97.27837	976.0705	1.1833714	977.76324	974.2399	173.74931	45.96962	248.5019	132.50972	308.46783	26.265469	345.78027	271.58395	1930.1365	2.8900778	1937.5708	1927.0934	1000.0	1000.0	319999	132.59332	36.863003	171.39096	-18.481224	132.5938	36.86135	171.54005	-24.476173	-9.048627	1.4117556	-5.771944	-21.72014	35639.46	10.831713	30493.020965337753
81	949.5498	2.1509383	954.18945	946.475	163.1598	15.886982	185.93265	143.50584	973.5497	1.7110533	977.4671	971.0271	149.37189	21.377691	178.12082	128.54715	312.53168	9.187921	321.62668	297.21295	1923.0996	2.2743638	1925.8218	1918.7401	1000.0	1000.0	323999	132.97662	36.734913	170.7563	-19.457516	132.9765	36.7329	173.42836	-44.376537	-9.054084	1.4061903	-5.7586827	-20.690641	35462.48	10.743215	30924.415820598602
82	929.5588	2.529735	932.9573	925.04517	139.23175	25.288097	182.25009	117.40808	979.5267	2.1461353	983.06085	975.0068	184.63846	23.67603	211.3659	148.5914	323.87018	15.821449	338.19827	297.0875	1909.0856	3.207163	1913.1644	1904.1046	1000.0	1000.0	327999	133.66702	36.30323	172.67517	-19.123991	133.66731	36.30122	174.38185	-18.92238	-9.013468	1.4233372	-5.675948	-21.996918	35271.414	10.778848	31361.805807828903
83	969.33606	1.1707232	971.53467	967.8521	172.1127	77.2094	297.70404	88.790115	968.4577	2.1046546	970.72034	964.0377	108.48681	59.414497	166.04596	9.023705	280.59952	40.402363	327.88712	222.49467	1937.7937	1.7620851	1940.0544	1934.3944	1000.0	1000.0	331999	134.15697	36.022232	171.52615	-42.580185	134.15715	36.02049	172.63768	-47.16251	-9.029887	1.422647	-5.445817	-20.910831	35236.426	11.045016	31794.876667022705
84	962.4951	2.4975731	967.55743	958.6145	110.362335	35.886063	160.54132	69.34382	986.0504	1.0805594	987.9034	983.7253	138.27704	15.030593	164.27135	128.47356	248.63937	33.434334	291.35156	197.81738	1948.5453	2.1878498	1953.6274	1945.6682	1000.0	1000.0	335999	134.68272	35.776787	177.02675	-14.126407	134.68263	35.775955	173.0317	-18.855534	-9.087638	1.3989446	-5.8538237	-21.06813	35245.168	10.493229	32238.00242114067
85	959.7538	2.087568	962.94495	956.1844	162.125	29.190037	204.64172	129.3159	958.6593	2.9409196	962.34155	951.0136	133.98486	34.313446	164.46774	75.742065	296.10986	15.573656	321.7867	280.3838	1918.4131	3.9857924	1923.336	1908.659	1000.0	1000.0	339999	135.1005	35.701706	173.90208	-16.77117	135.10065	35.700714	175.20381	-23.995504	-9.067198	1.4068635	-5.7221937	-21.206594	35361.246	10.725315	32734.703666448593
86	966.25653	1.8614655	969.61365	963.88947	136.31793	53.701363	209.7562	58.02759	960.28613	2.098968	962.3612	957.12415	127.893906	22.275808	153.13387	98.94147	264.21182	40.290627	308.69766	203.63107	1926.5427	3.354554	1931.6747	1922.2739	1000.0	1000.0	343999	135.64116	35.445423	174.82669	-30.630087	135.64133	35.443493	177.5778	-40.54043	-9.025076	1.4139322	-5.7006183	-21.016468	35672.098	10.519846	33233.292053222656
87	963.0329	2.9472167	969.16534	959.5962	132.80258	65.13842	226.59027	57.443558	974.7874	1.497073	977.9206	972.6098	149.97833	45.015038	225.96968	114.9658	282.78088	83.50925	383.669	175.41682	1937.8206	3.7455485	1945.0951	1933.1735	1000.0	1000.0	347999	136.18008	35.295937	175.57513	-33.177063	136.18024	35.2944	175.8334	-23.30113	-9.031834	1.4128242	-5.6739173	-21.991116	35639.656	10.735976	33674.75818324089
88	967.5916	2.00114	971.02496	965.1215	106.20464	29.945623	151.72461	68.42387	974.7285	1.8251613	976.7391	969.9626	151.73506	39.847748	215.49261	110.29583	257.9397	67.660385	367.21722	196.34901	1942.3201	1.901755	1947.4479	1940.5741	1000.0	1000.0	351999	136.57553	35.197884	174.34749	-21.417282	136.57574	35.195477	176.26985	-24.136688	-9.04095	1.4131377	-5.7805443	-21.257225	35898.016	10.41265	34143.49211573601
89	947.3495	1.4124668	949.31226	944.85187	110.176315	46.023186	164.1936	38.951004	972.90955	1.4106687	975.5281	970.99915	139.4399	72.62295	200.25145	0.57194567	249.61621	112.61968	357.33392	39.52295	1920.2592	2.2203298	1923.4694	1917.1115	828.4	1000.0	355999	137.14656	34.816498	173.74016	-20.103542	137.14667	34.814663	175.58034	-65.92133	-9.020165	1.4163704	-5.690165	-20.84132	35954.246	10.406762	34649.281866550446
90	933.45	1.8319563	936.1231	930.0982	139.21584	65.70085	206.92308	63.44434	971.8561	1.3126305	973.7986	969.58264	107.66312	46.722187	153.99669	31.403484	246.87895	43.20274	316.86584	198.75386	1905.306	1.882701	1909.1632	1901.685	1000.0	1000.0	359999	137.86452	34.432095	174.33748	-13.664524	137.86493	34.431065	181.38235	-29.466076	-9.013205	1.4229186	-5.6092324	-21.328087	35986.465	10.418583	35150.07331228256
91	953.0916	2.5773032	958.79004	949.3719	132.79013	12.758161	151.62003	115.86377	960.6418	2.8240116	964.9174	953.41547	121.28108	35.250847	166.04266	68.96312	254.07121	32.45004	281.90643	198.77611	1913.7336	3.6986353	1919.7625	1907.1091	1000.0	1000.0	363999	138.13792	34.1532	174.05469	-19.305197	138.13783	34.151726	174.9061	-44.36699	-9.008844	1.4187764	-5.5930223	-22.050472	36333.29	10.275069	35685.88636350632
92	966.4131	3.3490272	970.29614	959.7096	128.90288	57.64561	223.69931	80.07256	966.266	1.8033144	969.2763	963.30927	152.34932	35.11281	194.59639	98.87465	281.2522	81.805756	392.2514	178.94722	1932.6791	3.9144652	1937.3951	1925.7037	1000.0	1000.0	367999	138.56898	33.982273	174.45343	-11.716997	138.56908	33.980476	176.0075	-24.207829	-9.050454	1.409362	-5.727783	-21.115345	36316.38	10.176145	36140.59563446045
93	951.13934	2.1021717	953.89777	947.95	131.36734	41.632626	198.51933	84.68192	979.5912	2.1159415	984.3893	976.692	117.56252	23.885431	155.18831	89.31099	248.92986	39.110035	314.8781	214.613	1930.7307	3.0285373	1935.4722	1926.9331	1000.0	1000.0	371999	138.75371	33.939415	174.03232	-38.082783	138.7538	33.938034	175.34221	-66.52433	-9.033968	1.4151582	-5.680564	-19.298811	36328.625	10.241513	36634.88732790947
94	962.765	1.7801971	965.2518	959.89636	128.07631	60.411236	190.32372	13.123146	966.78064	1.5509555	969.6456	963.92255	103.805435	67.367294	189.65602	12.487078	231.88171	109.28727	338.22656	25.610224	1929.5457	1.5880953	1931.9832	1927.5737	817.4	1000.0	375999	138.94199	33.851784	175.7793	-47.584705	138.94186	33.8501	179.33632	-34.774014	-9.040235	1.4141418	-5.7623725	-20.195473	36097.258	10.234961	37117.38157391548
95	952.5033	1.3655493	954.0466	949.5358	122.99097	13.242607	145.09906	110.42213	971.3747	0.9515717	972.751	969.7831	128.65298	33.22948	174.3355	80.52055	251.64395	38.260536	290.40924	190.94269	1923.8779	1.7465433	1926.2708	1920.531	1000.0	1000.0	379999	139.37247	33.714226	176.72841	-24.624443	139.37257	33.711857	177.27377	-36.896442	-9.010644	1.418471	-5.6645746	-21.861605	36065.953	10.20504	37546.82941913605
96	964.32825	2.4466288	968.0728	961.01117	122.70229	47.790455	187.56953	63.96261	966.7267	1.4877573	969.79364	964.27826	114.13428	50.376587	164.1319	26.585957	236.83658	94.34702	329.79544	90.54856	1931.0549	3.4373107	1937.119	1926.0363	850.0	1000.0	383999	139.61627	33.623272	176.03912	-33.357574	139.61658	33.621574	177.70882	-71.9013	-8.983228	1.4323663	-5.5383105	-22.7303	36032.824	10.235557	37982.39677762985
97	958.16437	1.5609242	961.2365	956.1168	172.46745	106.56609	340.13422	47.283333	983.4376	1.2156383	985.7351	981.4872	98.59257	58.725925	156.44743	3.0276253	271.06003	159.908	496.58163	50.31096	1941.6019	2.3672595	1946.3274	1938.5485	1000.0	1000.0	387999	139.9481	33.54596	176.1178	-24.607424	139.94838	33.543694	178.19815	-25.893402	-9.025965	1.4231302	-5.64215	-19.343248	36073.22	10.1314	38479.4129216671
98	957.4938	1.9790112	961.66003	955.12213	108.84766	44.673492	143.65805	23.779772	948.91614	1.5063269	950.6356	946.4213	81.02664	53.820847	134.0657	-10.762049	189.87431	96.66583	270.82077	13.017722	1906.4099	1.6487856	1908.886	1903.5254	810.2	1000.0	391999	140.09306	33.46377	177.1706	-35.941128	140.09314	33.462276	175.0335	-40.79608	-9.0027075	1.4270269	-5.543147	-20.440926	35886.24	10.321971	38956.18077635765
99	955.79065	1.5595651	957.8453	952.7473	116.54188	10.571165	129.6337	103.66883	979.8109	1.238104	981.1639	976.8835	140.1601	33.375458	178.58932	87.75762	256.70197	26.864565	282.25815	211.6017	1935.6018	1.891387	1938.3667	1931.9961	1000.0	1000.0	395999	140.13818	33.497395	176.33345	-13.413952	140.13846	33.49581	177.11859	-20.861012	-9.001275	1.4247777	-5.698849	-22.844296	35824.65	10.375336	39400.405195474625
100	959.0353	2.2701166	962.64374	955.2129	160.46027	21.053717	183.59537	130.37973	971.22156	1.4242295	973.58325	968.753	162.52446	19.345516	178.15086	129.88861	322.9847	38.223003	361.74622	260.26834	1930.2571	2.207025	1933.3302	1926.9023	1000.0	1000.0	399999	140.33112	33.573887	174.42076	-10.056494	140.33119	33.572205	176.28764	-10.971262	-8.993124	1.429411	-5.6815524	-20.570805	35689.586	10.580783	39897.53966975212
101	945.88055	2.6823435	950.2168	943.0254	114.37964	58.691505	168.77313	2.8188646	987.1779	1.5446401	989.4783	984.74524	136.89622	108.467316	325.01447	-5.4095025	251.27588	151.70267	457.8247	-2.5906377	1933.0583	2.297419	1938.101	1929.0004	820.2	1000.0	403999	140.40146	33.79397	175.8573	-80.0666	140.4018	33.791634	177.57312	-27.737135	-8.976891	1.4280939	-5.584388	-20.736464	36056.594	10.563092	40334.430721759796
102	947.7616	2.1172583	952.07904	944.7582	143.46913	26.841621	185.17375	114.88371	988.17175	1.6461676	991.3933	984.8351	140.64702	16.475393	157.60579	121.28297	284.11615	38.155	342.77954	236.16667	1935.9332	3.0670927	1940.7034	1931.2216	1000.0	1000.0	407999	140.56795	33.73265	177.6081	-63.314472	140.5677	33.7312	176.92336	-32.977962	-8.942052	1.4388685	-5.5062447	-20.432713	35953.64	10.623064	40769.014615774155
103	948.0189	1.6018673	951.336	946.061	133.65894	34.196735	174.08821	81.61146	995.0257	2.6429315	998.50476	991.26526	70.03227	94.35928	202.26016	-64.37644	203.69122	108.89558	353.27612	63.5437	1943.0447	2.9904664	1946.361	1937.8245	1000.0	1000.0	411999	140.77881	33.672035	177.32455	-18.486523	140.77939	33.6697	177.0238	-20.137459	-8.986051	1.4261833	-5.6574826	-20.844515	35745.24	10.485838	41205.53203392029
104	967.43994	2.05088	970.41693	963.16974	164.38556	19.76801	197.47151	145.05234	984.3039	1.692905	987.2554	981.49097	101.264626	43.26938	145.85666	29.711483	265.6502	55.13541	315.1496	174.76382	1951.7439	2.1083884	1955.5024	1948.8762	1000.0	1000.0	415999	140.8022	33.821995	175.68372	-38.869865	140.80222	33.81998	176.64946	-38.77813	-8.925456	1.4476653	-5.451231	-21.504528	35741.195	10.760326	41650.46453619003
105	961.8322	1.9814005	964.65204	958.1553	182.60779	30.685923	209.71523	133.02509	965.7677	1.6258111	968.149	963.4688	162.28621	57.330334	258.37747	107.8561	344.894	58.761375	439.5604	280.92566	1927.5999	2.4516928	1931.1139	1923.6675	1000.0	1000.0	419999	140.75098	33.95971	176.46216	-17.15153	140.75119	33.957302	178.42545	-67.8749	-8.95318	1.4377669	-5.5332184	-20.830269	35789.94	10.82056	42085.765179634094
106	962.5184	1.6039383	965.5562	960.6254	141.97702	29.167625	192.01778	121.90339	990.9282	1.7814233	993.8811	988.448	167.1701	26.756796	202.32588	135.65244	309.14713	53.612167	394.34366	257.80032	1953.4465	2.0958135	1956.0262	1949.4502	1000.0	1000.0	423999	140.86777	33.84287	178.7322	-30.072105	140.8682	33.840492	177.71492	-41.5845	-8.978049	1.4313002	-5.5735264	-21.295353	35911.48	10.583771	42523.021852731705
107	950.1071	2.7016637	955.32214	945.7738	99.137245	65.781815	177.48256	-10.626255	970.94305	1.8021193	973.45776	968.4338	84.54257	52.711086	111.69524	-20.8684	183.67981	113.70377	289.16476	-31.494656	1921.05	3.9149516	1928.4833	1915.4929	808.8	1000.0	427999	141.07462	33.838047	176.99394	-40.371407	141.07478	33.836365	178.04446	-26.877056	-8.995953	1.4239962	-5.615016	-21.514072	36144.17	10.516438	42966.90112709999
108	961.8916	1.3289363	964.80426	959.9649	161.11363	19.741003	182.3993	141.34132	971.81903	1.6315267	974.7153	969.6922	163.96054	39.685246	216.76433	110.825775	325.0742	51.975048	399.16364	252.1671	1933.7107	2.24628	1937.6729	1931.4406	1000.0	1000.0	431999	141.37325	33.644257	176.48366	-38.765984	141.37337	33.64156	177.56494	-31.309504	-8.972407	1.4315569	-5.566596	-21.060642	36201.83	10.43157	43482.46844244003
109	947.95374	1.6626203	949.7192	943.5074	135.25174	38.8954	196.34071	101.411194	992.05383	1.6535753	994.4587	989.1599	145.74748	31.153616	178.27414	102.88803	280.99924	11.000909	299.22876	270.97153	1940.0076	1.8905824	1943.5391	1937.4569	1000.0	1000.0	435999	141.57178	33.65525	179.90096	-35.481075	141.57185	33.65321	179.84644	-34.439926	-8.971547	1.4360888	-5.5791173	-21.057482	36255.223	10.551024	43980.510524749756
110	971.1986	2.4560113	976.21844	967.1433	126.35582	60.096607	184.28807	15.477076	967.60333	0.9342807	968.71796	965.79877	148.1222	63.005215	231.52628	38.882874	274.47803	118.888	415.81433	54.35995	1938.802	2.7406843	1942.8047	1934.0082	810.8	1000.0	439999	141.79279	33.608902	181.52203	-39.940384	141.79303	33.606377	178.72072	-46.219677	-8.984935	1.4242544	-5.578787	-19.924715	36144.215	10.620139	44435.015192985535
111	949.6315	1.541391	951.911	946.96185	141.90688	81.047646	205.27315	2.7368236	965.116	1.6895148	968.5473	963.06555	130.60591	79.324005	208.60532	-2.0046484	272.5128	158.10284	391.4297	0.73217505	1914.7477	0.989465	1916.0006	1912.8577	770.75	1000.0	443999	142.09586	33.366783	177.74379	-38.232628	142.09627	33.364574	178.45724	-27.671455	-8.963861	1.4357345	-5.4548697	-21.826612	36334.832	10.340006	44873.39728522301
112	961.2238	1.3906271	963.6998	959.1692	151.21046	62.81498	212.80956	46.765934	968.1405	1.4238665	970.8004	965.5407	153.95274	25.416136	180.82176	114.81748	305.1632	72.12401	393.63132	195.55626	1929.3645	1.9202902	1931.889	1926.5016	1000.0	1000.0	447999	142.66985	33.045734	179.54326	-49.201916	142.66965	33.044613	178.0141	-54.83465	-8.978058	1.4331045	-5.6672964	-21.75573	36629.61	10.351287	45319.86881899834
113	960.8864	1.4941533	963.7843	958.38727	160.73988	40.683075	210.31958	97.87113	976.23615	1.6835325	978.2165	972.68787	118.67848	19.908262	145.57669	91.3492	279.4184	52.42043	355.89627	209.18692	1937.1224	1.9813536	1941.3859	1934.4125	1000.0	1000.0	451999	142.83815	32.92845	179.48866	-22.625248	142.83838	32.92583	178.08765	-33.48272	-9.015225	1.421224	-5.565303	-20.361069	36833.37	10.496623	45858.076354026794
114	961.9502	1.3169124	963.7031	959.24396	114.11349	90.51312	274.88092	-5.950965	978.20526	3.01903	981.0866	972.4751	102.79462	81.72209	177.62581	-49.295124	216.90811	148.04146	385.48294	-55.24609	1940.1555	3.4605713	1943.6069	1932.8232	809.0	1000.0	455999	143.02509	32.813114	180.13182	-50.23106	143.02551	32.810596	180.14822	-72.81241	-8.9551735	1.4429116	-5.545177	-20.741138	36829.934	10.567662	46363.184802532196
115	963.04834	1.7378665	965.3505	960.3983	143.62111	55.032852	194.7052	55.087296	980.0466	1.4193869	982.7008	977.6443	140.61577	19.532166	164.93456	112.71611	284.23688	52.355427	349.25092	206.14844	1943.095	2.6013148	1947.8359	1939.2167	1000.0	1000.0	459999	142.985	32.919353	177.77486	-30.130188	142.98495	32.91909	178.79915	-35.669327	-8.958586	1.4381846	-5.545203	-21.926048	36940.65	10.60192	46803.91002750397
116	960.04706	2.8940985	965.431	956.0859	152.38223	79.81023	240.14056	2.1864948	978.74744	2.052612	981.3601	973.8118	110.96735	65.38138	186.30922	17.161873	263.34958	131.82677	371.50677	19.348368	1938.7946	2.932932	1943.8492	1934.5416	819.0	1000.0	463999	142.99142	32.886066	178.1555	-31.513706	142.9918	32.884644	178.21259	-77.35581	-8.937036	1.440873	-5.585376	-20.47832	36968.504	10.626252	47346.43250751495
117	965.10724	1.8350375	969.0456	962.7219	133.7248	36.033024	181.57074	82.43498	960.1168	2.256381	964.2466	956.1532	155.3238	5.785332	163.66748	147.53899	289.04858	33.151375	337.93872	246.10246	1925.2242	3.0378072	1929.2186	1919.7495	1000.0	1000.0	467999	143.20981	32.845497	178.0295	-43.741337	143.21002	32.843018	179.32007	-91.04716	-8.940962	1.4398214	-5.5599647	-20.377796	36767.676	10.452176	47856.40082573891
118	986.34534	1.4575654	989.2704	983.57245	219.2463	76.4061	325.95273	120.65281	985.21423	1.6511708	987.37427	982.46423	77.4676	32.15914	115.88467	27.094872	296.7139	49.3577	353.0476	236.53748	1971.5593	2.2419078	1974.0497	1966.7852	1000.0	1000.0	471999	143.47122	32.61545	179.74266	-29.795366	143.47134	32.613396	181.64334	-53.863205	-8.911703	1.4489642	-5.533519	-20.145172	37081.113	10.949655	48377.47787594795
119	942.9357	2.0668924	946.5664	940.06024	162.94827	49.037308	220.61617	84.95963	984.2993	1.229384	986.33386	982.23865	162.77644	44.811363	215.64337	102.14466	325.72473	88.1926	414.94238	187.1043	1927.2351	2.3449352	1930.9513	1923.1617	1000.0	1000.0	475999	143.54478	32.61513	177.99167	-41.403076	143.54485	32.614105	182.77628	-41.803867	-8.949658	1.4373537	-5.3586774	-21.866478	36848.35	10.927103	48964.071662187576
120	969.14453	1.2841532	970.9403	967.38043	159.6619	15.972852	177.31216	135.64879	982.41394	1.7842461	985.18164	979.1963	111.16359	32.909447	155.09914	62.744984	270.8255	29.761057	310.45502	240.05714	1951.5583	2.3167152	1954.5748	1946.5883	1000.0	1000.0	479999	143.54916	32.702305	179.05872	-74.71439	143.54951	32.699913	180.67114	-60.60648	-8.886092	1.454413	-5.438237	-21.029406	36582.938	11.152496	49489.503167152405
121	959.558	2.6233835	962.90045	954.70953	188.68457	61.605362	285.3029	114.025955	971.2757	1.7409372	974.4947	968.4954	188.5042	25.393173	208.97687	145.00378	377.18878	70.12692	486.4824	312.88257	1930.8336	3.0297863	1934.8762	1925.3673	1000.0	1000.0	483999	143.52568	32.656143	179.07858	-36.03106	143.52562	32.654766	181.76196	-38.792698	-8.911274	1.4427129	-5.5068808	-19.725208	36498.832	10.833088	49916.07547211647
122	969.2463	2.3625314	972.69836	964.02783	141.64023	83.048546	253.95828	8.628176	958.626	0.9596551	960.55225	957.1991	139.72626	64.20785	224.40701	38.141037	281.36646	121.12302	378.4368	46.769215	1927.8723	2.4451303	1930.5596	1922.9377	814.8	1000.0	487999	143.68439	32.523636	183.71677	-29.083242	143.68486	32.52108	180.06099	-51.62447	-8.878031	1.457564	-5.439142	-20.995346	36533.04	10.698326	50343.90700387955
123	954.0215	1.2628137	955.9535	951.44196	160.82956	71.20612	229.07056	28.523142	985.66534	1.0589805	987.50146	984.2885	95.41098	56.565945	143.55891	-14.283555	256.24054	122.90337	357.07013	14.239587	1939.6868	1.7045766	1942.0696	1937.1449	821.2	1000.0	491999	143.89319	32.450794	185.20439	-23.306465	143.89343	32.448753	181.33006	-41.034622	-8.875866	1.4586152	-5.413477	-19.8956	36750.227	10.736738	50807.16719245911
124	958.2806	1.611046	960.8259	955.3214	195.94844	19.540546	210.05455	162.34554	965.091	1.8168381	967.67523	961.35876	154.46614	41.478767	210.31065	100.10157	350.41455	49.741734	418.14432	295.9876	1923.3715	1.6834725	1927.0524	1920.8542	1000.0	1000.0	495999	144.14626	32.355442	184.54599	-44.429783	144.14658	32.352856	180.26775	-104.57644	-8.90029	1.4507817	-5.4065742	-20.817478	37014.53	10.836125	51297.95673394203
125	976.6515	1.5609779	979.0738	973.683	163.77763	45.38573	215.56525	92.39911	975.29767	1.479747	977.3452	972.9343	157.0115	21.317265	182.14545	129.97327	320.78915	64.62147	388.58063	222.37238	1951.949	2.5114458	1955.5206	1946.6173	1000.0	1000.0	499999	144.262	32.252792	180.02153	-32.744312	144.26205	32.251385	179.97487	-45.951157	-8.870694	1.4624016	-5.460206	-20.479729	36971.96	10.510458	51784.07150936127
126	950.3141	1.1959426	953.28955	948.5343	206.05511	41.241947	255.6726	155.61107	939.79767	1.3373134	941.4596	937.3407	138.38235	31.95721	169.86288	90.67887	344.43747	55.99886	420.6977	267.17432	1890.1117	1.811086	1892.9409	1887.0964	1000.0	1000.0	503999	144.54694	32.006924	181.62482	-53.4163	144.54715	32.004734	182.26831	-58.45477	-8.915031	1.4522189	-5.5040703	-21.649492	37403.145	10.393238	52212.65417647362
127	960.9246	1.3068773	963.0748	958.64264	172.21185	14.331641	194.55022	154.56862	934.78064	1.70814	936.80176	931.2748	174.05933	33.012974	220.03448	137.03287	346.27118	41.694733	414.5847	307.26834	1895.7051	2.1654127	1899.2964	1892.0168	1000.0	1000.0	507999	144.82478	31.875805	178.02159	-20.591496	144.8249	31.873486	179.78221	-48.934982	-8.896511	1.4543077	-5.4809575	-21.02134	37328.26	10.546569	52640.17357587814
128	954.7072	2.4110003	959.2871	950.4765	173.32817	13.626312	183.31233	148.39745	976.2809	1.6823376	978.47705	973.2488	104.56392	48.257584	165.77505	41.15138	277.8921	56.800133	349.08737	189.54883	1930.988	3.064972	1935.1128	1923.7253	893.8	1000.0	511999	144.85738	31.960974	181.54955	-20.115353	144.85748	31.958855	182.58719	-50.738255	-8.84991	1.4660546	-5.3308063	-21.664051	37263.633	10.6758795	53081.38433432579
129	952.92883	2.5966592	955.70886	948.7061	174.11754	69.683426	237.63318	60.883675	979.8114	1.0452895	980.8936	977.46045	152.1299	38.031696	189.14516	96.876366	326.24744	107.06825	426.77835	157.76004	1932.74	2.6008832	1936.2891	1927.9806	1000.0	1000.0	515999	145.01524	31.819336	182.70407	-51.799133	145.01555	31.818014	180.67383	-81.82195	-8.86247	1.4620768	-5.4750147	-20.69962	37389.74	10.583533	53523.230028390884
130	967.61035	1.8258727	970.6177	965.3933	148.84746	90.59794	269.1378	7.176537	972.5377	1.8797948	976.7998	970.07263	122.441505	61.170074	181.51208	5.5794225	271.28897	137.44539	394.69473	12.7559595	1940.1482	3.1844132	1946.3107	1935.5243	807.8	1000.0	519999	145.23218	31.59071	182.24454	-15.6226845	145.23221	31.588995	182.19016	-86.581085	-8.888866	1.4549078	-5.4318714	-20.586704	37510.01	10.413923	53974.10955309868
131	985.1427	1.3340755	986.8641	982.8646	159.57954	86.10694	242.07906	1.2567877	968.48126	3.6109672	971.9733	962.3117	106.89545	67.317184	177.63605	-8.401493	266.475	138.1677	369.94492	-7.144706	1953.624	4.096608	1957.6227	1946.4005	828.0	1000.0	523999	145.42615	31.557535	183.49814	-19.625885	145.42622	31.555183	182.24472	-30.650171	-8.829778	1.4646558	-5.130065	-20.647133	37607.926	10.7352915	54489.036584854126
132	975.45667	1.6554594	978.0287	972.75775	184.4234	30.630672	216.0178	146.13591	965.9591	1.6165024	969.72327	963.91974	161.69208	53.61275	245.16241	112.45106	346.11548	46.53101	391.29834	279.62012	1941.4158	2.6446285	1946.8448	1937.923	1000.0	1000.0	527999	145.57755	31.661766	182.36441	-39.325527	145.5778	31.659967	181.92534	-58.593178	-8.875073	1.4571539	-5.4583483	-22.142967	37242.832	10.318918	54939.08015322685
133	958.562	1.7843915	962.559	956.2045	183.37454	37.50788	228.40285	126.14217	960.1595	1.2008964	962.29584	958.6452	156.2944	25.373478	188.78668	118.280975	339.66895	61.854744	417.18954	244.42316	1918.7214	2.2539475	1923.0396	1915.7526	1000.0	1000.0	531999	145.80965	31.669155	182.18242	-20.224363	145.8097	31.666702	180.91977	-21.96142	-8.846173	1.4684823	-5.363095	-23.679924	36956.355	10.648691	55373.69434452057
134	970.2474	1.9652845	973.2589	966.2158	195.61935	24.495789	223.16689	165.28061	983.55066	1.8154043	987.04346	980.5366	152.28874	32.76088	185.54314	110.80819	347.9081	41.581337	406.33414	294.91702	1953.7982	2.4965472	1957.629	1950.5421	1000.0	1000.0	535999	145.93668	31.675276	184.22264	-22.923048	145.93687	31.673805	181.18349	-79.31905	-8.792668	1.4803624	-5.260106	-24.116392	37032.816	10.430371	55824.79635262489
135	964.82874	2.2588437	970.206	961.5722	186.97144	15.721021	202.10728	160.63055	964.91046	1.5496908	966.7721	962.1435	202.89648	18.63018	223.10701	182.30545	389.86792	30.220844	421.86447	347.04688	1929.7393	3.3402805	1936.8014	1925.3071	1000.0	1000.0	539999	146.14885	31.640871	185.62503	-42.176216	146.1492	31.639622	182.89418	-57.9832	-8.82643	1.4725382	-5.210111	-21.715084	37417.535	10.2797365	56335.411266326904
136	960.71027	1.385282	962.44025	957.5901	169.06291	24.709528	194.36859	144.18755	971.76984	1.2635533	973.7871	969.8773	178.81769	50.82412	209.58998	90.823906	347.8806	68.49549	403.9586	235.35098	1932.4801	1.7026129	1935.0706	1930.0717	1000.0	1000.0	543999	146.27501	31.527308	181.12662	-39.84119	146.27519	31.527365	182.47588	-94.46178	-8.815046	1.4671491	-5.321811	-22.03755	37542.957	10.908792	56849.71192860603
137	954.3976	2.040393	957.3126	950.45087	181.31644	109.37743	321.51132	17.275568	990.66223	2.128671	993.85876	987.10754	118.07118	78.90847	213.7704	-5.542257	299.3876	187.99858	535.28174	11.733312	1945.0598	2.7004762	1949.5819	1941.5021	757.5	1000.0	547999	146.35635	31.586823	181.8057	-34.973263	146.35632	31.585974	184.07114	-57.002125	-8.844893	1.4654728	-5.356535	-21.722004	37461.36	10.86979	57296.14292931557
138	979.23645	2.6757932	983.1558	974.48157	206.30505	29.366953	253.484	175.0535	993.32794	1.2269765	995.5561	991.3039	203.42969	27.283371	231.35889	162.97032	409.73474	36.918915	447.6542	353.55542	1972.5645	3.1598613	1977.2612	1967.4689	1000.0	1000.0	551999	146.5043	31.472195	180.385	-24.140348	146.5045	31.470966	183.38148	-77.812965	-8.820828	1.4732794	-5.3556266	-21.434177	37226.688	10.464922	57728.77469921112
139	950.21564	2.0221016	952.92816	946.06146	173.7644	55.84538	249.26723	110.18841	987.1655	1.7352495	989.7494	983.76917	179.8602	26.850693	207.60582	141.77048	353.6246	46.10624	406.76993	298.89658	1937.3812	2.3346412	1940.3867	1933.1782	1000.0	1000.0	555999	146.7409	31.408798	181.57193	-41.8458	146.74097	31.406137	181.32858	-72.8447	-8.821421	1.4679133	-5.196952	-21.74944	36923.84	10.333381	58167.777760744095
140	954.959	1.9807339	959.2798	952.7655	185.1756	15.078396	205.86816	163.31601	982.95935	1.8807243	985.8306	979.58527	172.31747	21.380926	203.61542	148.62546	357.49307	14.104548	366.93143	333.21683	1937.9183	2.294698	1940.8514	1932.6669	1000.0	1000.0	559999	146.89832	31.462923	182.85881	-32.5177	146.89835	31.460695	183.67186	-61.38732	-8.830068	1.4696575	-5.300038	-20.625671	37130.21	10.512059	58679.006277799606
141	965.1323	1.6234213	967.8446	962.42975	175.46083	23.787012	204.15627	141.24614	996.1047	2.4301317	999.4836	992.0786	209.52145	16.533257	228.13663	189.48508	384.98224	19.57238	412.8441	364.06082	1961.2369	2.9404511	1965.8538	1954.5083	1000.0	1000.0	563999	146.93834	31.612423	179.99171	-53.64213	146.93855	31.612278	183.37372	-79.9597	-8.780857	1.4834255	-5.172998	-20.348057	37437.016	10.86779	59116.36658382416
142	976.1261	2.7728298	983.52515	973.60657	191.86497	9.365848	206.08191	180.39333	977.2546	1.6429377	980.42773	975.3054	146.48415	17.493454	169.2186	120.370285	338.34912	23.199203	375.3005	313.44992	1953.3806	2.8439837	1959.8142	1949.799	1000.0	1000.0	567999	147.25032	31.42958	181.57072	-27.282711	147.25034	31.427116	182.47624	-76.826515	-8.830645	1.4650519	-5.3585567	-20.00778	37632.055	10.4917965	59580.60129356384
143	959.8846	1.6698294	962.92706	957.4743	179.93828	38.694824	213.92502	116.37901	987.8462	1.1332389	989.549	985.5749	199.05779	15.60097	224.13712	181.45134	378.99606	51.44632	438.06213	297.83035	1947.7305	2.1110015	1951.8407	1943.0492	1000.0	1000.0	571999	147.35284	31.362774	183.60378	-56.97387	147.35335	31.36027	182.79712	-46.672085	-8.777542	1.485321	-5.326228	-19.58437	37782.145	10.504333	60057.98133397102
144	947.05597	1.8135313	949.8195	944.0451	194.32257	13.221603	208.82	173.2055	979.41583	1.6765058	982.7331	976.5996	236.32437	54.635628	308.07712	154.6987	430.64694	51.203743	502.45163	363.5187	1926.4719	2.246183	1930.9094	1922.8534	1000.0	1000.0	575999	147.52722	31.23554	181.68633	-36.332382	147.52736	31.2327	184.13971	-43.67791	-8.80252	1.476861	-5.171189	-20.347603	37805.72	10.733086	60498.48488378525
145	979.7303	1.6439712	981.76404	975.90375	149.30219	37.821983	199.01033	97.15075	977.2004	1.3505306	979.31226	975.14294	164.6014	9.262883	175.15862	149.73622	313.90353	37.93467	366.63074	272.30936	1956.9307	1.6311824	1960.4375	1954.3698	1000.0	1000.0	579999	147.59737	31.1425	186.01414	-26.569817	147.59766	31.141577	184.15892	-74.06474	-8.848117	1.4656625	-5.244293	-20.022377	37749.992	10.33648	60938.44586992264
146	979.9916	1.9052536	982.7454	975.38116	221.72937	34.808025	256.93222	174.18843	981.3721	1.4112139	984.5149	979.5131	189.21126	43.81303	227.4795	114.92987	410.94064	74.555176	484.41174	289.11832	1961.3636	2.5502162	1965.6061	1956.6245	1000.0	1000.0	583999	147.80663	31.124683	182.10898	-24.89582	147.80678	31.122742	183.88539	-33.624947	-8.87127	1.4571456	-5.4155884	-19.905182	37573.902	10.369078	61442.73904252052
147	961.9528	1.4936273	964.56366	958.713	178.00104	36.078243	235.70894	136.29091	990.2057	1.4256893	992.11804	987.55756	141.19797	15.176833	157.67331	116.9782	319.19904	43.868706	376.69727	253.2691	1952.1584	1.9607294	1955.7156	1949.2958	1000.0	1000.0	587999	147.98611	31.08777	186.18327	-34.060493	147.98608	31.086752	184.37958	-22.69537	-8.825102	1.4662616	-5.3839836	-20.295588	37821.008	10.140147	62030.3660492897
148	977.81494	2.3052182	981.2426	974.354	211.92523	12.071292	224.65805	192.25171	960.69904	1.7463357	963.6384	957.94183	153.79158	19.41193	176.47818	129.7614	365.71683	18.468145	393.51343	342.96548	1938.5139	2.6594915	1944.6117	1934.7103	1000.0	1000.0	591999	148.1189	30.941204	182.97586	-66.48307	148.11913	30.938581	183.58832	-86.600105	-8.834775	1.47057	-5.1929655	-19.890425	38091.6	10.368693	62535.98620700836
149	945.5255	1.1768445	947.7619	943.27985	210.49898	27.306084	250.42519	174.05933	978.88293	1.2551938	981.42535	977.40814	125.50626	73.39522	190.92252	8.176374	336.00525	89.85524	441.34772	211.7138	1924.4084	1.0152265	1925.831	1922.8883	1000.0	1000.0	595999	148.21104	30.827864	182.99448	-39.676292	148.21141	30.825298	184.46394	-39.204147	-8.77284	1.4822991	-5.129134	-19.851818	38255.223	10.379436	62979.0776951313
150	968.06854	1.8874474	970.5974	965.05457	193.60254	22.880175	220.07378	159.94585	978.78436	2.0699449	982.52527	975.9724	146.71783	45.790066	221.10645	97.71612	340.32037	27.595388	381.05228	312.32965	1946.8529	3.5384455	1952.6932	1941.4688	1000.0	1000.0	599999	148.26382	30.82569	182.16869	-26.56378	148.2635	30.825546	186.9528	-64.39037	-8.799694	1.4783385	-5.145386	-19.77583	38030.086	10.568099	63418.10718512535
151	985.8906	2.074817	988.65295	982.7497	181.1339	25.212893	210.47462	146.1177	980.8817	1.5554328	983.39655	977.798	197.07353	27.299894	230.17752	154.20682	378.20746	30.461487	428.97552	348.2336	1966.7722	2.2602959	1972.0496	1963.3513	1000.0	1000.0	603999	148.2549	30.90894	180.99358	-46.616524	148.25513	30.90586	183.61015	-77.21133	-8.770213	1.4829935	-5.202141	-20.07048	37645.094	10.663354	63856.01285791397
152	959.3685	1.8387291	962.8025	957.11633	116.60317	82.05343	208.02965	-31.649178	984.37775	1.6827931	986.8908	981.2761	152.7298	82.09515	208.67287	-10.493802	269.33298	158.35959	388.843	-42.14298	1943.7461	2.68162	1947.9026	1940.4949	868.2	1000.0	607999	148.3619	30.82165	184.59099	-38.97421	148.36177	30.820171	187.13388	-66.74602	-8.814505	1.471825	-5.344436	-20.908943	37885.32	10.445686	64296.214579343796
153	954.36115	1.5834335	958.7771	952.92017	188.36194	37.89799	223.26253	131.6598	978.47296	1.7331499	980.8632	975.6964	168.52069	40.813828	222.35617	107.746895	356.88266	54.28747	444.79425	298.78705	1932.834	2.4962854	1938.0651	1928.9531	1000.0	1000.0	611999	148.46284	30.803116	185.07787	-45.67517	148.46336	30.80277	184.8322	-139.83893	-8.791985	1.4818985	-5.1545296	-21.276867	38290.938	10.360112	64739.05687594414
154	961.576	1.5235966	963.88635	959.17596	208.7522	29.629894	229.26868	157.57686	936.32684	1.6269473	939.7011	932.9957	200.78275	51.313396	239.6401	114.5059	409.5349	44.502193	462.67212	343.77457	1897.903	1.839623	1900.4313	1894.5039	1000.0	1000.0	615999	148.66214	30.767265	186.0781	-48.846863	148.66179	30.765	184.12837	-61.46918	-8.773678	1.4918321	-5.236282	-21.519356	38347.637	10.504654	65194.892565488815
155	960.85144	0.9752617	962.5649	959.63654	171.37885	23.549831	195.49097	142.46062	974.81854	1.4025548	977.42096	972.4788	162.97162	28.639698	203.84454	131.32495	334.35043	27.675337	370.67593	295.4497	1935.6702	1.45792	1937.7867	1932.9094	1000.0	1000.0	619999	148.71579	30.642723	185.817	-56.231884	148.7161	30.639715	186.03587	-88.58963	-8.784341	1.4902813	-5.154346	-21.717072	38193.72	10.360213	65660.68681263924
156	971.89465	2.1423938	976.611	969.2785	193.82782	7.1381817	202.608	182.78482	977.27264	1.7786086	980.3821	974.5217	192.90103	21.913803	225.86197	167.022	386.72882	28.38946	428.46997	349.80682	1949.1672	2.927199	1956.993	1946.1512	1000.0	1000.0	623999	148.992	30.53717	183.13351	-35.628918	148.9923	30.536257	183.97844	-65.88477	-8.784469	1.4817328	-5.1963296	-21.037067	38531.54	10.356522	66111.89822435379
157	958.70056	1.0697306	960.58954	956.7073	154.45172	57.36746	211.64041	51.98635	975.4855	1.5226837	978.20917	973.76355	135.05624	52.212833	203.90808	50.752552	289.50797	97.47179	377.01807	102.73891	1934.1859	2.240363	1938.7987	1931.7942	832.8	1000.0	627999	149.20468	30.43376	184.96107	-42.50271	149.20462	30.432974	184.58464	-87.648125	-8.77449	1.4832388	-5.1743226	-20.404184	38306.055	10.39641	66648.32797217369
158	963.05304	1.1545087	964.65686	961.747	168.55743	33.635323	212.857	118.1224	968.4173	2.1257455	973.3237	965.9471	198.3449	59.396534	292.84512	136.17221	366.9023	80.17563	464.90262	254.2946	1931.4703	2.6053386	1937.8848	1928.1514	1000.0	1000.0	631999	149.26447	30.525719	185.57951	-39.085995	149.26472	30.523504	186.05965	-54.405632	-8.817204	1.4779291	-5.3177657	-20.915316	38156.906	10.669777	67120.01692557335
159	960.0348	1.714218	963.0612	958.13513	171.32521	30.128939	202.45052	127.69851	970.609	2.1213257	974.79956	968.00195	133.00377	11.81168	149.35846	118.43344	304.32898	19.182758	328.36932	277.05698	1930.6438	2.8372827	1937.0253	1926.2382	1000.0	1000.0	635999	149.25827	30.543158	185.69537	-32.1576	149.25777	30.542912	184.33194	-49.959747	-8.728923	1.500096	-5.0534725	-20.659971	37814.074	10.794314	67653.05403065681
160	966.44073	1.882452	969.2176	963.71454	226.51517	38.70727	293.54706	203.07108	975.1864	1.7101765	978.7766	973.2532	188.30992	21.156744	223.529	167.3759	414.8251	41.22443	476.92612	371.81287	1941.6272	2.6304078	1945.9934	1937.8162	1000.0	1000.0	639999	149.22282	30.738226	182.24432	-45.510185	149.22275	30.736612	182.84816	-66.92512	-8.735431	1.4945483	-5.227668	-21.508068	37533.152	10.7480955	68283.36998987198
161	957.8273	1.6599396	960.96594	955.74414	190.84787	62.318867	272.9946	99.81282	973.3548	1.7284602	975.5976	970.86035	110.91091	62.71963	163.26955	5.9826255	301.75876	85.286705	392.8431	186.1155	1931.182	2.2861903	1934.7994	1928.1569	1000.0	1000.0	643999	149.3719	30.717567	182.78116	-42.77619	149.37221	30.715614	185.042	-101.45909	-8.786033	1.4791466	-5.267009	-21.632217	37683.184	10.532686	68821.4439792633
162	958.54504	1.1407259	960.3273	956.8232	224.10783	38.654396	277.79456	172.75908	976.2899	1.3398774	978.81976	974.4506	182.37915	42.33697	251.5717	139.69534	406.48697	15.023839	424.33078	387.1989	1934.8352	1.774621	1937.4878	1932.7605	1000.0	1000.0	647999	149.63228	30.539341	186.13338	-32.945457	149.63193	30.538525	186.4973	-82.86381	-8.720064	1.4972634	-5.148363	-21.314146	37486.52	10.365103	69303.85425901413
163	978.4821	1.7243115	980.86743	974.69385	115.39183	81.5282	204.78201	23.880516	983.32355	1.7537234	985.8521	980.22754	167.78677	21.807047	202.2979	146.40729	283.1786	65.28689	351.1893	194.263	1961.8054	2.1418366	1964.7219	1957.6007	1000.0	1000.0	651999	149.79715	30.412807	186.08157	-56.344444	149.79753	30.411722	186.81718	-153.34108	-8.714946	1.4979976	-5.0874977	-20.61231	37566.746	10.912157	69816.59334349632
164	963.126	1.6883919	966.1358	960.92334	217.74915	74.2135	269.70178	90.35811	982.4276	1.3210977	984.2546	979.65216	207.07413	36.52791	255.2625	164.32864	424.8233	98.860435	524.9643	270.49258	1945.5537	1.5451748	1948.7996	1943.0612	1000.0	1000.0	655999	149.82127	30.403936	182.33543	-32.855537	149.8216	30.401983	186.40465	-46.073704	-8.74537	1.496872	-5.129349	-20.456478	37553.336	10.565901	70294.16716623306
165	961.9455	1.4042755	963.40466	958.5891	194.8988	15.6786375	216.25513	172.61722	975.62805	1.6477041	978.5439	972.6398	188.85059	70.90987	284.62143	93.51697	383.7494	65.10291	476.09125	292.77	1937.5735	2.6741564	1940.8501	1931.2289	1000.0	1000.0	659999	149.8953	30.481323	185.59036	-40.63353	149.89528	30.477938	184.4174	-57.322224	-8.79198	1.4809948	-5.231971	-20.608538	37579.86	10.493788	70869.37785243988
166	972.4499	1.9838911	977.18176	969.37244	191.45068	27.673656	228.15128	157.02234	975.6256	1.4647282	978.40344	973.1128	219.15192	39.740086	285.9737	181.53514	410.60257	57.40188	492.544	338.5575	1948.0754	2.313773	1952.4775	1944.5745	1000.0	1000.0	663999	150.03976	30.437887	187.76965	-21.946476	150.04012	30.436499	185.37187	-48.136314	-8.762978	1.4850845	-5.2572894	-19.713005	37691.13	10.570599	71420.01426935196
167	958.9987	2.5452886	962.80835	954.96466	237.1391	40.183037	279.35913	171.62708	980.81854	1.8303171	983.40393	977.92303	192.87788	46.048824	242.98077	133.78235	430.01697	55.571667	522.3399	375.0477	1939.8174	3.372962	1946.0724	1934.8986	1000.0	1000.0	667999	150.03963	30.299007	185.63408	-35.332195	150.04	30.29673	185.956	-31.965328	-8.7896	1.4772723	-5.261283	-20.312069	37442.273	10.363959	71887.82353067398
168	969.91406	1.971654	973.6708	966.6957	176.54608	121.95064	348.22372	-14.683119	976.32	2.6763463	980.51807	971.4681	111.33539	52.86661	160.44687	12.616089	287.8815	162.48856	457.6346	-2.06703	1946.234	2.867648	1950.7831	1942.1874	806.8	1000.0	671999	150.12933	30.28694	186.7916	-35.3243	150.12926	30.28634	187.99026	-20.89458	-8.737863	1.4958332	-5.1548247	-21.02163	37525.6	10.414372	72472.43773651123
169	975.4416	2.19103	979.57214	972.25684	148.66382	80.30195	227.41718	5.2755923	972.2401	2.4199865	976.23224	968.87256	147.01228	67.92984	226.60704	24.132105	295.6761	144.66423	436.14322	29.407698	1947.6816	4.212379	1955.8043	1941.6346	815.6	1000.0	675999	150.17365	30.282787	189.04152	-58.173115	150.17363	30.281694	189.44643	-104.387665	-8.763834	1.4889549	-5.272886	-19.66202	37711.83	10.8244915	73128.3971619606
170	974.4173	1.4814782	976.2727	971.7546	206.30592	33.856266	259.02826	168.833	986.63837	1.7742722	988.9836	983.90027	177.47984	37.99258	222.70163	133.057	383.78577	52.06372	465.73148	334.20453	1961.0554	2.6089573	1965.047	1957.1017	1000.0	1000.0	679999	150.41493	30.031677	186.27019	-13.59717	150.41435	30.033571	186.29268	-51.680916	-8.726501	1.498449	-5.13398	-19.950575	37799.645	10.42241	73597.63905882835
171	973.33984	2.4504051	976.428	968.42676	218.77046	31.245403	258.0211	174.14594	986.42664	1.7371643	988.64905	983.04376	207.4972	44.24453	256.88803	137.28032	426.26767	40.17668	464.95325	372.12994	1959.7664	2.8530016	1963.6615	1955.7018	1000.0	1000.0	683999	150.56201	29.933144	186.38094	-22.473328	150.56204	29.931349	186.10748	-33.467358	-8.739925	1.4945363	-5.207151	-20.520164	38485.72	10.676107	74123.86659407616
172	979.35254	1.635121	982.1323	977.08856	203.87811	31.326504	257.542	178.83032	968.8971	1.4131336	970.9664	966.17053	125.43938	23.662674	165.74153	105.92915	329.31744	29.674164	369.5339	293.40704	1948.2498	2.561295	1952.271	1943.6104	1000.0	1000.0	687999	150.69266	29.93991	184.13695	-51.452286	150.69254	29.938868	186.38326	-62.71196	-8.728092	1.4992563	-5.1561775	-20.475956	38725.574	10.566356	74631.51370811462
173	940.66077	2.4588783	944.7351	936.64764	197.9333	7.2175393	208.73535	188.40907	976.022	2.0633655	980.1152	973.06274	145.21973	34.268524	174.60202	87.9063	343.15305	34.144962	372.17914	284.91797	1916.6829	2.5606706	1920.5232	1912.335	1000.0	1000.0	691999	150.95586	29.715189	187.165	-52.218624	150.95586	29.714458	186.86166	-37.100624	-8.7701435	1.4880223	-5.2567186	-24.59077	38962.176	10.442703	75130.31008696556
174	974.5431	2.6758292	980.2154	970.2608	207.86345	96.52711	376.24625	76.33866	957.5187	1.5466324	959.7336	954.11346	169.32896	65.74045	234.93994	44.9716	377.19244	148.70547	585.6908	121.31026	1932.0619	2.7389262	1938.1636	1926.8627	822.2	1000.0	695999	151.08586	29.527431	183.19406	-28.720015	151.08609	29.526297	183.70433	-56.999702	-8.714977	1.4982951	-5.163918	-19.510685	39012.043	10.32356	75615.92708420753
175	956.1047	2.1220703	959.5687	953.6744	201.18503	42.198307	256.3548	137.80122	973.80945	1.486932	976.12164	970.8982	155.13524	58.46193	194.76772	54.108635	356.32025	38.58938	396.32858	310.4634	1929.9141	2.3145807	1932.7094	1925.4255	1000.0	1000.0	699999	151.27206	29.442516	186.85283	-47.70259	151.2722	29.440594	188.75352	-33.989407	-8.743373	1.4914871	-5.2113194	-19.909277	38918.316	10.570111	76123.55265164375
176	973.93567	2.0993655	976.96454	970.5774	157.21994	80.46287	246.23166	14.157645	956.9072	1.1124461	958.2988	954.8007	126.13621	71.83073	197.69983	0.3680939	283.35614	135.40987	381.80545	14.525739	1930.8428	2.2049668	1935.035	1927.8136	819.6	1000.0	703999	151.33429	29.4766	187.4098	-37.455482	151.33467	29.473217	188.79654	-37.344822	-8.74531	1.4955701	-5.1373906	-20.144093	39175.34	10.662125	76700.25799179077
177	978.9321	1.6857858	981.65216	976.0467	202.55667	26.456375	242.84738	176.81636	969.0049	1.8160033	972.4915	965.85443	156.8964	23.803173	192.78908	130.27124	359.45303	18.411774	384.4743	339.83548	1947.9369	1.7869	1951.5945	1945.3634	1000.0	1000.0	707999	151.60565	29.297743	187.83638	-35.05305	151.60538	29.296022	187.74347	-50.56593	-8.785057	1.4812967	-5.0861344	-20.851418	39016.3	10.203355	77211.02742576599
178	962.10516	1.0021033	963.8948	960.7031	228.5705	27.505072	264.42508	191.40881	968.5482	2.0818548	972.6319	965.9522	223.18039	82.0123	340.4472	111.74453	451.75092	78.420685	583.0638	376.16962	1930.6536	2.5451577	1934.446	1927.6759	1000.0	1000.0	711999	151.8147	29.247787	185.56238	-38.03674	151.81474	29.24576	184.78487	-28.860369	-8.753093	1.493907	-5.159803	-20.834953	38784.734	10.306567	77729.72514390945
179	966.2352	1.7095352	970.4988	964.0285	168.16893	37.257465	211.52039	126.299034	979.2339	1.9477372	981.92633	975.03955	168.41833	46.343277	217.54562	92.25108	336.58728	77.696724	415.94907	218.55013	1945.4691	2.892318	1951.469	1940.2203	1000.0	1000.0	715999	151.93372	29.204077	188.14766	-35.94806	151.93398	29.203907	189.64064	-41.41681	-8.750252	1.4934143	-5.130088	-20.887802	38902.36	10.522681	78205.78063797951
180	959.2914	1.7821373	961.89386	956.09766	176.23137	17.394394	205.61647	160.29349	969.49744	1.1436907	971.5871	967.8591	162.69328	16.019014	180.51555	141.90352	338.92468	18.321342	358.12766	310.32816	1928.7888	2.2698522	1931.4332	1925.4058	1000.0	1000.0	719999	151.93102	29.156067	188.96208	-44.52891	151.9306	29.154207	186.48824	-53.25154	-8.710438	1.5014619	-5.0962706	-20.491043	39325.035	10.424157	78640.56630134583
181	981.07263	1.576105	983.3999	978.7747	214.87335	50.705074	277.31873	136.97775	975.40076	1.4672184	977.44305	972.65924	184.57556	7.9432435	197.20935	175.233	399.44894	42.888985	452.55173	334.1871	1956.4734	0.9726175	1958.0737	1954.2914	1000.0	1000.0	723999	152.07155	29.082752	186.70091	-27.605854	152.07185	29.08133	187.51105	-48.86315	-8.708015	1.5023065	-5.134633	-20.987724	39589.68	10.425286	79072.37634849548
182	970.6453	1.6308663	972.48865	967.24396	154.00407	69.88507	229.22633	27.610764	968.7174	1.6812087	973.0849	966.7219	142.50931	80.24067	212.76485	1.0806634	296.5134	144.44238	418.4008	28.691427	1939.3625	2.4808528	1945.3529	1935.6758	807.2	1000.0	727999	152.20793	29.001413	187.67389	-40.12384	152.20764	28.999144	188.51128	-49.764076	-8.74104	1.4905419	-5.181368	-20.316748	39518.87	10.417924	79489.54235076904
183	974.5508	1.4615465	977.219	972.3531	178.80258	24.428562	197.84277	137.34831	972.5238	2.1712134	976.18964	969.1521	143.90805	75.3186	219.82245	45.99234	322.71063	93.12112	415.0684	183.34065	1947.0745	2.9335403	1952.241	1941.5051	1000.0	1000.0	731999	152.31766	29.018948	185.88077	-39.286377	152.31763	29.018284	188.23895	-58.83659	-8.698926	1.5040443	-5.029754	-22.165318	39476.273	10.493832	79908.18562173843
184	971.4479	1.6039239	973.2314	968.772	217.21104	47.01675	278.59018	161.94615	969.828	1.7178183	972.80426	967.11334	161.60492	42.7398	224.65648	113.621445	378.81595	81.51306	503.24667	275.5676	1941.2758	1.6546851	1943.8243	1938.9657	1000.0	1000.0	735999	152.58241	28.945065	188.7534	-62.278328	152.58246	28.941826	188.25708	-56.33603	-8.716872	1.504223	-5.108242	-20.17809	39231.316	10.097485	80327.61285686493
185	964.6359	1.2000464	965.8794	962.0257	173.80806	115.953926	356.11035	33.64592	976.3711	1.6610898	978.9864	973.68134	166.48445	37.190727	208.9704	107.041275	340.29254	140.31683	536.0874	140.6872	1941.0071	2.0351138	1943.8406	1937.8622	802.75	1000.0	739999	152.88852	28.749472	184.83867	-59.66823	152.88853	28.747011	187.9506	-52.842365	-8.676678	1.5061396	-5.045126	-20.787302	39254.52	10.209498	80780.64127516747
186	987.01935	2.0215893	990.0858	982.8887	197.47957	30.270906	257.1923	177.20456	980.9673	1.8177513	984.38214	978.3612	168.49484	54.470707	228.81917	71.798134	365.9744	62.1729	419.01364	249.01886	1967.9867	1.982727	1971.0719	1965.2393	846.8	1000.0	743999	152.85004	28.938395	187.35684	-48.30217	152.85	28.938086	188.19638	-43.648006	-8.721259	1.4998399	-5.0446386	-21.152786	39382.742	10.575099	81244.8786804676
187	984.54333	1.6107876	988.95355	982.7704	215.82077	5.027587	221.71468	208.519	976.0541	1.5796031	978.318	973.0869	191.2247	30.979359	226.50697	148.93292	407.04547	32.57492	448.22165	367.91336	1960.5974	2.3649006	1965.4918	1957.1936	1000.0	1000.0	747999	152.87337	29.013205	185.5357	-60.704124	152.87329	29.013933	190.53352	-127.77012	-8.663819	1.5163319	-5.045927	-21.3923	39461.184	10.419126	81638.02776789665
188	955.0752	2.497308	959.67444	950.97797	194.98988	18.292053	215.40666	173.21008	981.1432	1.0424566	983.19434	979.8232	186.2932	21.259388	213.63637	159.9803	381.28308	30.33908	429.04303	345.43643	1936.2185	2.8887844	1942.0211	1930.9902	1000.0	1000.0	751999	153.0931	28.815495	187.13672	-80.12404	153.09328	28.81284	188.33904	-90.25693	-8.687136	1.5050755	-5.0926385	-20.980639	39427.594	10.455367	82106.19321608543
189	992.1255	1.867172	995.1548	990.0435	193.52437	61.905117	252.95316	89.637375	942.5908	1.9945313	945.3327	938.24817	203.56516	49.615257	265.01453	129.50694	397.08954	48.766953	446.908	342.39523	1934.7162	2.2946105	1939.3368	1930.8102	1000.0	1000.0	755999	153.32503	28.735971	184.92488	-52.268417	153.32524	28.734253	185.9277	-52.72231	-8.669544	1.5108947	-5.018838	-20.228935	38904.445	10.434149	82643.59982895851
190	983.1925	1.8040906	987.005	981.30896	211.9956	105.72154	350.16705	30.951475	980.20984	2.0204737	982.2734	974.7163	191.19293	65.23776	279.30807	84.28982	403.18854	159.49751	583.8423	115.241295	1963.4023	2.7271395	1968.9045	1957.8158	877.0	1000.0	759999	153.5003	28.634441	187.02585	-63.41186	153.50018	28.632608	188.5785	-34.434784	-8.64896	1.5186076	-5.102261	-20.095367	38541.523	10.324434	83155.47606110573
191	975.0404	1.8751936	978.1203	972.5986	232.13463	61.63296	283.6501	129.78496	985.13556	2.097643	988.8808	982.05304	182.55762	48.253803	250.24065	121.386055	414.69226	105.799576	527.4537	251.171	1960.176	3.3114495	1965.7251	1955.621	1000.0	1000.0	763999	153.59698	28.604307	185.04298	-41.497505	153.59679	28.60188	187.56728	-40.05897	-8.692723	1.5121899	-5.0465183	-22.13654	38768.51	10.715993	83597.08889365196
192	973.2469	1.7394286	975.9569	970.3049	218.96072	99.34496	338.0323	78.29588	976.97815	1.8963829	979.7717	974.4964	136.23012	90.317856	246.37227	-12.84871	355.19083	176.52263	515.83795	65.447174	1950.2252	2.507402	1954.5	1946.296	827.4	1000.0	767999	153.69212	28.63824	186.84203	-51.507977	153.69237	28.635382	189.92934	-52.312843	-8.68236	1.5064181	-5.098284	-20.074268	38580.652	10.536114	84196.79507565498
193	966.43567	1.2957629	968.3552	964.4026	190.30846	66.73618	271.94476	111.590004	978.6091	1.6417177	981.6251	975.7199	196.9013	22.34116	235.1921	178.93823	387.20978	53.003468	457.959	326.56317	1945.0449	2.816181	1949.9803	1940.1224	1000.0	1000.0	771999	153.61661	28.705132	186.72748	-39.64947	153.61668	28.702835	187.19148	-57.41043	-8.688504	1.5113176	-5.120103	-20.823046	38775.297	10.550449	84682.18039703369
194	977.26465	1.6611066	980.06836	973.59	153.86897	44.344967	193.58278	82.452354	947.9193	1.1442175	949.8324	945.94794	143.0588	38.404987	186.27661	81.85435	296.92776	76.69006	348.17264	164.3067	1925.184	1.7318263	1928.0012	1922.7664	1000.0	1000.0	775999	153.67976	28.634455	185.89864	-119.079025	153.67961	28.632408	188.26797	-56.521034	-8.684011	1.5182133	-5.063903	-21.815224	39162.47	10.643043	85146.95204687119
195	972.7001	1.2535019	975.19904	971.15094	264.09348	59.240227	333.31183	200.0741	977.13806	1.6958929	979.09705	974.13776	199.9954	12.468462	214.16899	182.49062	464.0889	65.85862	547.48083	382.56473	1949.8383	2.1343873	1954.1661	1946.4197	1000.0	1000.0	779999	153.93317	28.416636	187.92252	-100.29814	153.93333	28.415495	190.2648	-74.288185	-8.656545	1.5171037	-5.0792227	-22.70629	39412.32	10.4571085	85619.5331196785
196	981.4367	1.7042468	984.92957	978.4435	144.11461	70.01274	218.02757	14.269829	958.74005	1.7534481	960.6651	955.7457	164.29855	88.54983	242.77959	-8.372982	308.41315	156.61305	460.80716	5.896847	1940.177	3.141714	1945.4841	1934.4412	805.4	1000.0	783999	153.8559	28.496216	188.16978	-91.64647	153.8561	28.49356	189.98274	-89.389275	-8.648429	1.5193046	-4.841193	-19.715315	39380.35	10.597654	86151.22476530075
197	981.8073	1.0075806	982.9753	979.9394	227.98953	51.409153	316.96417	195.21013	976.8908	2.4732397	981.7559	973.9367	199.08661	31.17906	236.96382	151.86513	427.0761	29.546824	468.82928	389.47345	1958.6982	1.7400978	1961.6953	1955.8766	1000.0	1000.0	787999	153.94669	28.443302	187.67534	-34.011257	153.9464	28.439272	191.09044	-34.750206	-8.66565	1.5163214	-4.979291	-21.427164	39216.504	10.299591	86755.44261598587
198	963.66174	1.3625729	966.08624	961.1606	214.23688	40.97065	281.28885	176.93985	969.78125	2.2028995	973.12305	966.6198	224.11041	69.13482	291.3354	114.17357	438.3473	39.918583	486.98758	395.4624	1933.443	2.6082127	1936.8307	1929.4724	1000.0	1000.0	791999	154.13823	28.351343	187.39352	-36.405067	154.13857	28.34944	189.5316	-36.270027	-8.592652	1.5342377	-4.953663	-20.308289	39284.426	10.68465	87368.6669356823
199	977.29865	1.2821754	978.9617	975.1418	165.42531	40.89872	214.79214	101.82797	989.0633	1.9085535	991.84534	985.43317	179.34146	52.026093	242.3394	98.46633	344.76678	92.92428	457.13153	200.29431	1966.3617	2.764967	1969.5062	1961.5475	1000.0	1000.0	795999	153.95805	28.544914	190.43143	-34.680122	153.9579	28.544647	191.74985	-33.09786	-8.621226	1.5228301	-4.867104	-19.785986	39454.94	10.589147	87978.30791640282
200	983.8807	2.2169857	988.85345	981.498	241.97171	25.432524	278.38928	208.17763	980.4504	1.5557997	982.83435	978.10065	205.45398	23.181036	229.6891	175.04501	447.4257	27.97603	477.94952	408.1046	1964.331	3.4180758	1971.6879	1960.0406	1000.0	1000.0	799999	154.18047	28.404964	187.76424	-28.37061	154.1804	28.403177	187.43437	-42.974556	-8.659657	1.5094125	-4.9732065	-21.13723	39154.887	10.578094	88578.48649668694
