Epoch	AverageTestEnv0Ret	StdTestEnv0Ret	MaxTestEnv0Ret	MinTestEnv0Ret	AverageEnv0Ret	StdEnv0Ret	MaxEnv0Ret	MinEnv0Ret	AverageTestEnv1Ret	StdTestEnv1Ret	MaxTestEnv1Ret	MinTestEnv1Ret	AverageEnv1Ret	StdEnv1Ret	MaxEnv1Ret	MinEnv1Ret	AverageEpRet	StdEpRet	MaxEpRet	MinEpRet	AverageTestEpRet	StdTestEpRet	MaxTestEpRet	MinTestEpRet	EpLen	TestEpLen	TotalEnvInteracts	AverageQ1Vals	StdQ1Vals	MaxQ1Vals	MinQ1Vals	AverageQ2Vals	StdQ2Vals	MaxQ2Vals	MinQ2Vals	AverageLogPi	StdLogPi	MaxLogPi	MinLogPi	LossPi	LossQ	Time
1	-450.03345	3.818562	-442.14087	-455.0433	-332.51495	96.12363	-182.53787	-441.68616	-251.01706	1.3677233	-247.5511	-252.79419	-284.1848	71.073235	-214.9997	-398.78824	-450.44226	24.039005	-427.53925	-490.05716	-476.03378	2.2208676	-471.6262	-478.88968	1000.0	1000.0	3999	10.823083	6.962916	46.79622	-0.6519263	10.824803	6.959939	46.013798	-0.011235062	-7.063611	2.9790466	26.862804	-18.9647	9.970439	1.3977923	180.35234427452087
2	-1921.8357	13.790082	-1911.1917	-1961.6483	-347.0895	25.918	-309.79227	-374.71652	-479.3663	2.4363618	-474.95932	-483.9829	-226.32271	11.27941	-211.56511	-241.83989	-399.86746	17.272991	-385.8412	-429.19815	-1440.2842	8.259426	-1433.8174	-1463.3807	1000.0	1000.0	7999	47.34316	20.79309	142.75226	6.218315	47.34434	20.790758	144.46786	6.144022	2.1592414	7.036542	36.892555	-18.252272	38.88538	9.457057	407.3967161178589
3	-1236.9775	20.627626	-1210.6074	-1283.5034	-969.8593	656.262	-295.12637	-1694.6731	-325.7862	55.906307	-220.93036	-444.9645	-352.31958	96.75087	-225.8077	-497.93643	-837.2492	397.0958	-373.37088	-1274.6577	-944.275	53.088924	-862.68207	-1063.2161	1000.0	1000.0	11999	162.36826	47.521122	312.15665	45.802876	162.36923	47.516376	315.75342	45.59751	15.16784	7.2348723	81.98366	-18.747097	129.76035	51.520878	636.4443233013153
4	-1215.9525	34.47908	-1164.0143	-1271.3358	-1541.2458	36.546696	-1485.9434	-1588.6979	-709.0869	285.43494	-352.40903	-1232.8976	-433.0213	95.83523	-331.9084	-574.4324	-1203.6443	88.27698	-1104.0237	-1317.404	-1317.0631	294.0422	-936.6553	-1845.4092	1000.0	1000.0	15999	261.31924	66.511765	508.30457	129.89705	261.31738	66.51214	518.1623	130.01068	12.7325535	8.429231	86.03214	-16.847475	202.65948	85.176704	878.0763916969299
5	-822.0055	53.88475	-705.4778	-915.36475	-1270.3362	100.736946	-1167.6625	-1434.4631	-377.5356	68.18318	-274.25388	-499.76828	-525.2413	123.91896	-397.3808	-717.1907	-1160.4093	121.995415	-981.21204	-1324.6265	-788.5383	84.83513	-686.6866	-957.4507	1000.0	1000.0	19999	304.4442	85.83785	453.79572	149.82732	304.4456	85.82898	463.05823	147.33913	7.1629524	8.535004	74.39241	-20.383118	230.0908	74.615685	1117.7387816905975
6	-1091.3987	110.71357	-877.4651	-1222.9105	-1036.5184	16.167059	-1019.067	-1053.7893	-23.576992	95.91913	164.69928	-216.7924	-314.64053	64.92792	-211.50633	-383.20596	-832.8997	60.806786	-738.401	-892.73944	-569.2763	120.35955	-274.03326	-720.50494	1000.0	1000.0	23999	320.36887	91.71468	439.73083	137.31561	320.37033	91.706795	437.42722	136.31735	4.23889	8.36166	62.33429	-21.07199	245.17271	61.470932	1353.1835279464722
7	-127.62685	50.94554	-57.375427	-204.3503	-987.5869	55.286457	-926.44977	-1076.8761	-354.4423	19.400284	-330.11252	-390.88797	-304.00793	43.0769	-241.303	-362.6016	-797.8014	32.186794	-774.23315	-853.22675	-418.25568	29.730993	-368.40094	-454.9512	1000.0	1000.0	27999	326.04367	97.72323	436.5293	122.160484	326.04544	97.715675	438.30157	120.90207	3.0518305	7.7358975	72.00356	-21.799465	249.05862	50.11164	1585.7918112277985
8	-70.75759	93.22314	91.16996	-198.71045	-806.6728	62.775894	-730.1293	-899.46716	103.70331	18.000927	143.67645	72.851974	-265.30338	40.820732	-221.48976	-307.56403	-668.63983	63.275166	-586.5544	-757.2976	68.32451	49.16135	140.23355	9.533238	1000.0	1000.0	31999	319.77527	95.1931	431.13528	108.65961	319.7758	95.187904	424.7316	107.38183	-0.7547506	6.208675	54.27889	-19.598907	242.63016	33.593815	1820.687332868576
9	631.9088	40.697815	706.4894	563.5723	-575.38696	138.19824	-383.3789	-773.40454	-48.114494	27.69009	-9.511048	-111.53679	-250.74623	38.143528	-208.23259	-306.6143	-538.4397	67.51149	-455.78217	-610.7476	267.83997	36.838783	305.22626	183.53827	1000.0	1000.0	35999	297.1444	83.10232	392.56644	100.89981	297.14453	83.10175	393.70483	98.79963	-3.9529517	4.942971	61.359825	-19.427912	224.17537	21.347918	2140.443387746811
10	895.5006	23.037182	910.2627	827.84265	-459.8167	51.059666	-392.84082	-512.5699	31.002106	11.066492	62.038036	20.626099	-194.35039	26.066462	-149.73885	-214.5115	-424.25873	19.583847	-406.0238	-456.25565	478.75244	4.8576694	488.13492	473.42743	1000.0	1000.0	39999	265.58392	72.8379	354.70193	94.63369	265.58417	72.837074	353.1496	94.25149	-5.964811	3.7667742	46.221226	-18.473194	201.55441	15.900976	2459.587481737137
11	812.42236	30.945314	860.9164	763.6837	-361.76447	53.986538	-279.9624	-429.852	160.94453	19.535416	203.97577	140.4734	-208.39407	46.39633	-146.72818	-275.13397	-389.2763	41.088196	-325.60016	-433.83505	567.15564	28.38953	623.77203	532.8696	1000.0	1000.0	43999	235.46947	63.344765	317.0876	87.85195	235.46898	63.34477	316.80276	84.322525	-7.123672	2.9154506	57.765137	-18.562222	178.64323	12.857737	2700.5501186847687
12	744.6466	25.80213	781.3675	693.405	-301.28806	4.981128	-293.7637	-306.00174	56.054955	8.65708	71.96378	44.186485	-132.8847	67.22738	-46.178802	-223.32768	-283.52872	65.5431	-198.95998	-373.23987	428.37823	12.542622	445.22012	400.21957	1000.0	1000.0	47999	215.00876	51.606773	285.27487	93.33361	215.00848	51.60842	282.40564	86.50778	-7.483248	2.5198534	49.32858	-21.34835	164.23569	10.54749	2940.6472492218018
13	757.2554	26.75393	804.0315	716.77405	-311.61118	58.48129	-246.76353	-398.94315	142.53792	25.27183	169.51262	79.32337	-48.07137	20.698889	-14.211534	-66.8404	-203.87697	36.158394	-178.51776	-266.31198	521.1656	18.531506	544.3593	481.3391	1000.0	1000.0	51999	199.39468	42.461014	257.58148	93.57103	199.3944	42.46204	258.53595	93.92405	-7.4556155	2.4135041	42.939777	-18.626192	152.31464	9.274738	3224.718723297119
14	816.7827	25.985907	856.5125	772.9873	-210.58868	33.047073	-183.89514	-266.71097	99.61946	20.3851	142.86415	64.72063	4.4989657	46.32922	62.210003	-66.08196	-100.79537	36.66365	-71.14548	-160.99515	508.0108	16.140072	532.8326	480.33566	1000.0	1000.0	55999	188.13841	36.082813	240.19536	89.008934	188.13832	36.08381	238.6542	94.021996	-7.2278833	2.4636314	39.423195	-19.598114	142.01634	8.770296	3532.998462200165
15	746.6411	8.954256	759.12134	730.8761	-293.15485	81.813324	-221.79565	-432.32675	120.80861	13.236402	148.22548	103.67871	58.97766	42.960598	117.545135	-2.6114504	-87.599754	57.34568	-10.783162	-164.46463	494.1292	13.840283	519.8084	471.3892	1000.0	1000.0	59999	180.52348	31.888456	225.06017	94.43826	180.52344	31.889723	226.07993	93.08407	-7.0963964	2.4749763	32.11768	-19.330864	137.2017	8.529176	3910.704200744629
16	665.8373	9.888019	684.1245	646.6935	-252.98428	27.872599	-214.45796	-292.71634	129.61494	28.48298	163.01392	80.20369	70.05254	25.01066	106.97837	36.418533	-56.439598	35.142803	-0.25060657	-92.11436	462.53354	29.278442	505.07617	411.04935	1000.0	1000.0	63999	175.70024	29.06783	216.9049	94.82136	175.70007	29.068207	217.58612	94.73295	-6.7989926	2.6185622	25.483047	-21.793652	135.04811	8.502644	4310.706406116486
17	752.37506	20.754215	798.6151	714.9536	-185.5033	41.361755	-142.00082	-240.01259	114.66909	34.90137	199.58875	73.6834	82.51419	66.65102	146.57191	-13.992476	-10.237459	61.341167	72.05938	-84.99289	490.85663	28.445568	557.06555	456.19507	1000.0	1000.0	67999	173.2397	27.840494	217.41483	92.41058	173.23975	27.840712	213.31448	91.95187	-6.528114	2.7639601	31.990425	-18.957014	133.09744	8.467602	4698.175699234009
18	712.11694	14.386133	741.7566	691.3613	-219.24919	64.24902	-121.579895	-293.95123	-22.2803	10.176806	-4.2168345	-41.271626	0.4344716	42.11991	51.545734	-53.10676	-109.190125	59.80085	-9.244215	-156.59715	333.77817	11.393649	349.05774	315.2535	1000.0	1000.0	71999	172.52425	27.668058	212.51805	82.19035	172.5242	27.668777	212.74251	83.73775	-6.318909	2.8156083	18.02036	-19.170414	132.83888	8.4175625	4961.311501026154
19	649.4442	20.101744	696.4483	627.2973	-249.6989	91.0727	-105.314545	-345.45108	74.520096	32.139484	123.7154	19.97273	27.18462	25.959394	60.530262	-5.170942	-97.664825	47.63471	-42.342308	-157.9069	399.24222	37.779434	455.5024	344.10526	1000.0	1000.0	75999	172.53091	27.439573	216.11949	80.12386	172.53082	27.439667	215.62506	76.33109	-6.283058	2.8058703	15.540195	-18.792236	132.39894	8.2173	5232.836545228958
20	642.84906	18.845306	689.87054	621.94916	-207.10309	32.569405	-155.17677	-245.16994	203.92598	26.605259	252.04128	171.46278	21.023441	27.213638	66.22629	-5.7676396	-82.52811	33.533203	-41.236683	-128.35262	525.35046	32.965275	596.97656	483.64227	1000.0	1000.0	79999	173.0165	27.351086	213.43867	72.63542	173.01648	27.350538	210.66933	72.695435	-6.251279	2.7966897	15.149727	-19.920715	132.39319	8.042275	5587.230864524841
21	692.96985	11.844133	707.408	667.035	-219.312	50.78677	-159.61224	-300.08884	148.59732	27.168303	187.49918	108.653076	57.48038	8.351291	62.675594	43.037178	-52.17562	20.47695	-36.768944	-87.38448	495.0822	26.062952	537.60443	456.3222	1000.0	1000.0	83999	173.21356	27.275377	213.82874	70.396416	173.21378	27.274729	209.50737	65.99685	-6.201478	2.7693274	15.2686405	-21.29845	131.10558	7.975079	5941.829608678818
22	627.3173	11.769568	644.9872	603.01385	-242.8581	46.094524	-201.5523	-320.94223	121.85561	30.402107	164.52951	66.26874	27.348255	40.579727	84.33919	-27.486319	-94.08079	46.522995	-29.444336	-147.04112	435.51425	31.614609	486.14484	380.5874	1000.0	1000.0	87999	173.90738	27.381054	211.04083	64.49422	173.90736	27.380405	210.08405	63.285816	-6.1155057	2.808034	23.04604	-19.034172	131.78119	7.8618565	6254.392756462097
23	744.3241	11.5756645	761.1888	725.9256	-230.02565	63.154762	-121.85008	-278.27612	56.081947	27.572227	105.30799	10.746168	49.439987	58.762466	134.18227	-10.672094	-65.57283	44.6515	0.17994964	-125.69894	428.244	27.12451	476.0349	383.64072	1000.0	1000.0	91999	175.12134	27.101906	209.31361	67.48941	175.12146	27.101137	210.57962	68.1306	-6.003031	2.8491454	24.050152	-19.565983	133.21846	8.03969	6586.412415504456
24	790.2464	7.621544	798.8161	773.00977	-228.4648	59.680244	-138.73547	-302.3371	-68.75855	3.2662232	-65.01999	-74.06726	-1.1981802	35.24336	36.80786	-56.36974	-115.43057	58.149136	-49.085686	-207.53828	326.3647	4.3182397	332.89136	318.162	1000.0	1000.0	95999	176.9669	27.387594	212.88895	65.12115	176.96703	27.38631	212.99796	64.97601	-5.884895	2.8976028	19.738647	-20.570335	135.14175	7.9122643	6950.477360963821
25	637.51196	7.109581	651.89856	628.5019	-220.96732	20.314922	-196.17917	-249.52142	-9.5468	14.212147	8.451319	-36.55389	-2.7803302	25.299337	38.621708	-27.537539	-113.26399	34.70256	-59.467876	-152.29825	309.20917	16.1597	334.4006	277.69705	1000.0	1000.0	99999	178.76344	27.613323	216.89696	61.13467	178.76346	27.612131	215.54309	59.40782	-5.8511615	2.8995335	23.533768	-18.458378	137.26352	7.9890714	7376.388028860092
26	654.0543	24.526278	693.63904	619.42993	-269.2664	76.42789	-141.00928	-329.25565	-58.00233	17.977472	-21.565968	-83.62695	-26.725113	16.08149	-9.139005	-48.6748	-161.3583	47.35878	-84.23415	-213.30263	269.0248	26.667608	304.0294	228.24876	1000.0	1000.0	103999	180.3642	27.880981	215.76678	58.243793	180.36438	27.879921	218.00809	56.811455	-5.735556	2.9357426	12.450213	-19.209185	136.73347	7.9675016	7667.586593866348
27	645.6834	15.516969	674.0022	621.76294	-298.24524	27.248135	-254.50633	-323.08542	-60.845734	3.0427673	-56.350292	-66.57762	15.273673	30.200172	66.22324	-12.304213	-133.84895	43.4281	-61.02992	-171.86484	261.99597	10.048361	278.48932	247.59088	1000.0	1000.0	107999	182.20702	27.901497	220.3798	55.946632	182.20746	27.900442	216.55258	52.870785	-5.677685	2.9289842	17.909554	-19.900385	137.8179	7.7010016	7954.267883062363
28	691.72314	28.372133	743.8043	646.24146	-240.90692	84.96552	-110.3268	-342.4868	24.79852	38.878506	85.06937	-54.84222	-21.26174	27.83662	15.630118	-59.797836	-141.71521	39.41105	-100.41999	-202.91063	370.6601	33.86853	424.233	317.05994	1000.0	1000.0	111999	183.79094	28.02086	218.02107	53.819866	183.79095	28.019455	221.24771	54.7076	-5.7015634	2.8999095	51.229507	-18.654432	139.51859	7.654252	8242.560225486755
29	777.03094	7.1076474	792.34314	768.75745	-245.18724	39.45956	-195.8427	-306.1306	-1.3649836	14.582184	28.682402	-22.1306	-23.36029	12.394584	-3.1417925	-36.282246	-145.95392	27.598793	-121.61188	-189.34755	387.15048	12.436791	413.66522	366.2144	1000.0	1000.0	115999	185.38828	27.98504	220.47957	49.84926	185.38815	27.98396	220.97275	51.091892	-5.6648417	2.9069655	16.237383	-18.671696	142.35959	7.639587	8542.31209897995
30	730.14667	30.004025	770.5845	673.2344	-230.05653	13.698154	-207.59576	-242.46402	-12.722282	18.436392	17.85212	-36.342823	-30.480623	26.348589	12.39734	-58.995968	-145.50888	25.614658	-108.83467	-178.81767	352.351	15.422175	376.02997	320.33932	1000.0	1000.0	119999	186.55965	28.255095	220.64023	47.43159	186.55988	28.254122	220.03102	46.101894	-5.675991	2.9352765	53.238075	-19.183498	144.02615	7.52381	8942.122242212296
31	714.1256	8.494351	724.24194	695.86646	-257.19302	45.09884	-211.58011	-306.4331	63.627434	19.356785	100.706955	36.989227	28.635406	41.377274	71.74844	-29.14898	-99.961105	21.526237	-77.22483	-134.93903	420.69028	20.328848	455.53253	391.5461	1000.0	1000.0	123999	187.7087	28.2681	222.21667	45.926758	187.70892	28.266195	221.2206	42.275173	-5.5868816	2.976797	26.550953	-18.712982	144.45828	7.6396923	9275.260709285736
32	725.3087	54.628014	799.9377	611.3897	-240.54184	14.373619	-221.7481	-262.06995	1.326644	27.60503	44.17331	-41.16369	38.140976	13.29932	56.638443	19.03411	-82.129944	20.45257	-54.2356	-112.00087	363.98102	15.7475	398.05988	341.6304	1000.0	1000.0	127999	189.0311	28.233627	221.62952	44.72526	189.03122	28.232517	218.50368	44.150932	-5.5927644	2.9923074	27.990875	-19.57358	145.63206	7.4178877	9562.60692191124
33	795.67834	21.316982	840.35846	761.755	-231.24846	8.6218	-219.28612	-242.12936	-55.2275	13.077954	-39.06786	-78.86734	38.931305	37.856667	72.2059	-24.840443	-76.692924	34.94835	-41.58912	-134.4835	342.61166	8.278226	359.15668	330.1167	1000.0	1000.0	131999	190.22366	28.238783	223.08385	38.88899	190.22375	28.236956	223.31255	38.954617	-5.52299	2.98905	30.433205	-21.517239	147.50444	7.330696	9848.881092786789
34	747.9497	18.41835	787.0207	728.83276	-256.4611	61.2364	-167.89746	-340.99265	29.67077	11.259671	54.987644	8.297367	20.080278	35.896088	50.75613	-40.598045	-108.150276	45.781807	-42.496357	-170.3794	403.6456	15.63463	441.95483	388.0648	1000.0	1000.0	135999	191.81313	28.339396	223.7789	41.411472	191.81358	28.337982	221.60983	40.1803	-5.4730887	2.999071	38.14516	-20.251837	147.3524	7.2260056	10133.703743457794
35	685.2402	13.7643175	709.92706	669.3821	-203.85388	56.2383	-117.30102	-270.99683	138.7808	25.251896	183.15509	91.7985	47.319633	64.50256	109.40124	-49.818714	-54.607307	54.902897	-12.540325	-148.99023	481.40088	26.726982	517.971	429.34528	1000.0	1000.0	139999	193.22897	28.343552	224.12633	39.60483	193.22896	28.342752	223.36844	40.605145	-5.466848	3.0077667	23.689575	-18.92424	147.63759	7.2890887	10424.17202591896
36	773.2035	9.284922	789.2695	759.07056	-205.88268	28.983381	-164.78638	-243.93134	-25.846104	13.141037	-4.8427415	-47.052906	9.625626	36.967396	34.145027	-54.123676	-93.31571	25.546703	-73.21217	-136.51686	360.75565	10.375969	380.12823	346.57953	1000.0	1000.0	143999	195.2287	28.13604	227.08823	41.424637	195.22919	28.134964	227.01366	41.216087	-5.363199	3.0200274	25.80231	-20.868042	147.06334	7.2557425	10721.12262558937
37	644.4425	15.170783	666.34644	623.3832	-249.10468	43.620262	-179.2361	-289.91486	37.694393	18.807623	68.08403	12.153606	25.738934	56.80446	122.00178	-17.118435	-98.813416	55.423016	-18.770798	-159.66211	359.9156	19.475613	401.25723	338.52	1000.0	1000.0	147999	197.01373	28.373856	229.37804	38.2271	197.01385	28.372599	229.46849	38.326706	-5.376035	3.0298107	29.193382	-19.7874	147.72304	7.242499	11039.65800666809
38	756.54724	15.456821	784.7108	734.6402	-244.31363	54.456726	-167.93288	-314.9495	-57.16635	17.934145	-24.447382	-85.97925	39.418243	54.966457	100.53808	-24.150738	-82.738556	57.8338	-11.751226	-163.23018	321.10727	11.404365	346.90115	306.37616	1000.0	1000.0	151999	198.79868	28.187153	230.32681	39.901382	198.79892	28.185953	229.36728	38.67028	-5.262553	3.0270376	23.216314	-18.82417	147.87053	7.2033625	11392.159898757935
39	531.90796	6.9339333	547.63916	523.0385	-249.03737	54.656227	-181.51059	-322.76874	-124.070694	3.9275227	-119.03637	-130.72243	82.134224	21.33707	110.310585	60.447826	-42.38446	37.68232	19.55529	-78.06716	141.88332	4.417974	148.3789	132.8143	1000.0	1000.0	155999	200.9803	28.381872	233.51312	42.289906	200.98036	28.380322	229.98895	38.19641	-5.2326865	3.0489562	27.628273	-20.863316	148.85088	7.247172	11699.247518539429
40	794.02136	20.861597	826.0339	764.97955	-217.82188	5.974632	-210.14471	-225.85185	-80.99226	5.832161	-71.83515	-89.55664	34.144695	13.802235	48.324547	11.477894	-74.76625	12.131492	-62.051548	-93.59447	316.01837	7.6305556	328.13855	306.78687	1000.0	1000.0	159999	203.15504	28.72771	233.99013	40.265133	203.15546	28.726343	232.48741	37.613895	-5.1588936	3.064949	25.378475	-19.97461	150.45221	7.3151197	11985.04701924324
41	347.583	10.905867	368.0647	332.16003	-279.76807	22.76628	-259.44766	-317.00674	-107.749855	3.273079	-104.28114	-114.67607	7.652027	35.491116	42.171402	-48.22165	-132.232	45.041626	-89.44477	-206.72502	66.04163	6.196537	78.73074	57.718483	1000.0	1000.0	163999	205.46652	28.9176	237.9828	40.177593	205.46684	28.9162	236.84811	38.09829	-5.1335363	3.0751956	31.86673	-19.460796	150.61633	7.4054914	12315.03541302681
42	379.2833	16.659454	409.23248	348.55667	-254.88446	24.310272	-221.78523	-286.48297	-33.535103	11.954021	-7.751508	-46.484787	-36.937363	23.151403	-9.006608	-68.23359	-164.37961	28.048038	-142.62065	-211.47508	156.10655	17.82296	192.42625	132.62822	1000.0	1000.0	167999	207.52847	29.138548	240.61526	38.112785	207.52827	29.137135	237.41203	36.38546	-5.120383	3.1154394	55.450165	-18.452076	154.89217	7.17596	12668.54703092575
43	552.7374	16.959566	581.32886	528.13617	-222.62114	47.265022	-161.0558	-293.88977	-49.259	10.697863	-25.018509	-60.81954	-38.200523	35.555496	13.6538105	-83.33468	-149.5111	58.28811	-66.87409	-230.27956	227.1097	9.572976	240.21544	211.74283	1000.0	1000.0	171999	209.73177	29.544687	240.33302	34.574417	209.73236	29.54251	239.24883	34.446907	-5.038568	3.0745993	32.086395	-18.208761	151.26077	7.399614	13014.530851125717
44	513.3275	10.029695	530.32996	500.03055	-253.44476	45.206078	-181.84349	-302.61777	-56.563885	10.904038	-36.227055	-71.45313	-84.559425	29.993456	-61.100555	-136.0756	-211.28181	46.5486	-160.91026	-287.3845	200.09987	9.359087	217.75406	186.17184	1000.0	1000.0	175999	211.60924	29.579517	242.01079	33.389202	211.60973	29.578396	243.37747	32.784573	-5.0874944	3.0308712	32.096592	-20.055801	149.98569	7.4319873	13353.68147945404
45	727.77136	14.466827	753.6496	702.53064	-304.19098	22.01213	-277.37213	-338.64655	-102.853455	2.4559498	-99.476036	-106.3647	-107.81041	41.383797	-54.17322	-150.47299	-259.9059	38.387993	-219.6325	-300.09592	261.03217	9.009269	277.34875	247.49277	1000.0	1000.0	179999	212.7252	29.250809	242.51399	37.061497	212.72491	29.249683	242.85783	29.057205	-5.0876594	2.948926	33.822258	-18.37194	147.57574	7.2324805	13641.151240587234
46	392.62894	14.556709	416.00302	371.27545	-282.99597	49.22971	-224.76833	-356.0174	-43.08115	3.698662	-37.4246	-50.385437	-134.43123	51.59558	-48.622505	-182.5777	-275.92923	66.89758	-176.04033	-342.6283	153.23332	9.221983	167.11226	136.31947	1000.0	1000.0	183999	213.98164	29.187092	246.36176	31.194908	213.98204	29.185846	244.34642	30.653599	-4.9404383	3.0008843	23.773302	-19.482452	143.15721	7.322211	13927.29529595375
47	680.0912	3.9242508	687.7023	675.3465	-286.0908	45.30347	-213.48546	-332.2128	-54.74407	11.488274	-34.328484	-73.668205	-157.74986	36.050873	-120.41698	-206.69688	-300.79526	38.05354	-262.499	-363.9473	285.30157	11.1894	305.0983	264.6658	1000.0	1000.0	187999	215.99152	29.91804	247.38528	28.156101	215.99203	29.916716	245.20874	27.450727	-4.9661217	2.9533808	45.24105	-17.93552	145.92572	7.588988	14219.783829689026
48	835.0905	3.1104894	838.45807	829.2912	-275.8966	13.927032	-262.35275	-294.452	-108.797935	1.6361336	-106.74608	-112.09156	-148.20003	37.576313	-111.12844	-201.08215	-286.14835	41.20147	-242.39764	-348.30817	308.7473	1.6811619	311.3895	306.25955	1000.0	1000.0	191999	218.01263	29.988037	248.06427	26.213154	218.0127	29.987469	248.02248	25.403252	-4.893066	2.9818158	43.136604	-19.217857	150.59666	7.348908	14511.490798950195
49	803.0	22.940884	849.27344	775.95447	-274.70294	25.216467	-235.14896	-303.89365	25.773188	25.87548	74.36546	-14.069273	-160.72388	45.753777	-121.45469	-238.70482	-298.07535	48.866497	-258.1562	-381.67133	427.27313	16.847134	465.4596	403.61423	1000.0	1000.0	195999	219.71036	30.103867	250.44238	21.770144	219.71072	30.102255	249.50444	22.206734	-4.891369	2.9797108	25.877926	-18.414083	149.70497	7.324448	14867.232198238373
50	910.9328	7.2208123	918.2385	892.5205	-315.979	83.06511	-264.3023	-459.7626	-110.46084	7.842141	-96.52214	-121.514305	-183.25262	21.22424	-147.36789	-201.65912	-341.2422	48.77177	-283.61594	-418.51047	345.00552	5.3205237	355.86646	337.60495	1000.0	1000.0	199999	221.1136	30.156315	251.30247	19.828331	221.11388	30.15569	251.58672	21.94861	-4.8076115	2.968848	32.03653	-18.783947	146.84102	7.5204363	15228.377163887024
51	809.28723	9.635703	821.30664	792.76373	-280.04752	31.94639	-236.06375	-324.24606	202.95508	37.156902	254.40517	130.14072	-86.7617	30.789541	-45.7926	-132.31953	-226.78546	40.076588	-190.68938	-294.44257	607.59875	33.935783	660.62726	539.957	1000.0	1000.0	203999	222.69058	30.372665	253.6976	21.722788	222.6906	30.372105	252.45372	23.559856	-4.7921557	3.001456	28.3759	-19.845083	146.6486	7.418216	15595.54842710495
52	712.48944	6.045937	720.88165	698.5018	-307.90668	31.452707	-276.12747	-356.42615	-117.50246	10.811271	-97.87006	-129.74474	-132.15141	23.636398	-98.72169	-164.30527	-286.10474	30.48195	-240.9657	-321.59778	238.74228	10.173629	254.82622	223.41377	1000.0	1000.0	207999	224.39978	30.303133	253.65256	22.516237	224.39986	30.301727	254.01312	23.611395	-4.793157	2.9797728	31.9386	-20.058014	143.51666	7.437767	15921.553742408752
53	329.9964	20.201496	358.74966	297.66177	-298.96527	29.67209	-250.64203	-326.2676	27.07699	38.937714	75.22695	-56.68734	-119.73453	48.54789	-45.67573	-180.9548	-269.21716	43.891254	-195.16667	-306.27582	192.0752	44.33655	253.63823	112.519554	1000.0	1000.0	211999	225.5556	30.441332	256.59662	15.949111	225.5563	30.439604	254.41231	19.240181	-4.782295	2.9747925	31.47543	-18.915314	150.34242	7.359285	16230.029009103775
54	397.18402	43.830235	515.75757	352.75983	-348.4557	30.154167	-299.22232	-378.43268	-82.567184	38.72989	-37.599983	-186.52089	-55.268852	13.120427	-34.44238	-66.77457	-229.4967	12.571999	-216.38573	-242.85983	116.024826	24.16071	160.08658	71.3579	1000.0	1000.0	215999	226.57713	30.272488	256.44943	14.818371	226.57738	30.271248	255.94635	13.772936	-4.8472614	2.9171336	24.47993	-21.895231	150.97897	7.567473	16541.210399389267
55	347.01184	25.771435	385.37488	311.1611	-245.24814	40.223278	-176.76591	-280.0713	-5.1092114	30.996836	49.762238	-71.96169	-62.30837	59.23593	2.195954	-155.66318	-184.93243	59.013855	-137.83969	-286.11932	168.39671	38.060814	242.44968	94.804924	1000.0	1000.0	219999	226.717	30.577969	256.3033	15.786612	226.71692	30.57571	257.51166	11.150951	-4.933441	2.8825026	35.134792	-19.041304	150.46303	8.013638	16852.70991754532
56	722.4373	11.632129	751.3082	709.03217	-287.7906	84.36688	-162.09288	-384.6854	-182.76479	2.2801585	-178.13533	-187.10469	-126.95659	41.02477	-83.10192	-187.15236	-270.85187	81.69524	-164.14836	-379.49506	178.45387	7.59895	197.51878	171.19211	1000.0	1000.0	223999	227.01945	30.499228	257.0295	13.413982	227.02007	30.498087	256.94333	9.500094	-4.813222	2.9325278	24.072126	-20.872097	146.49197	7.796198	17156.112837791443
57	551.0515	56.03202	673.4827	486.24664	-303.30182	46.239326	-223.57262	-336.93304	-140.53767	24.285032	-91.60627	-176.82823	-151.80576	15.624882	-139.3944	-178.54507	-303.45667	8.709623	-290.3314	-314.6685	134.98807	36.5302	205.77383	77.1309	1000.0	1000.0	227999	228.0348	30.616316	258.6447	11.768722	228.03513	30.615145	258.80762	14.200867	-4.7818017	2.8943458	22.839556	-19.26428	146.16272	7.854417	17455.49542593956
58	565.2835	25.05179	600.2023	514.1922	-261.31827	54.47361	-174.90027	-311.911	-158.7795	12.756269	-122.03479	-169.26285	-133.05408	27.345116	-88.888275	-162.29492	-263.71323	54.35953	-176.33841	-318.25043	123.86226	16.421135	156.4865	98.113	1000.0	1000.0	231999	228.42525	30.740774	258.44165	13.559139	228.42566	30.738808	258.66797	13.87701	-4.8834124	2.8866665	31.384453	-19.414597	150.1699	7.8045	17775.056138515472
59	798.4321	16.920376	824.89154	770.609	-324.07547	32.129265	-282.53616	-372.40985	-175.11739	1.3913891	-172.8054	-177.10815	-156.2912	28.073252	-129.92303	-198.32687	-318.32892	30.652609	-271.1911	-356.31146	224.09868	9.061406	238.05469	208.45885	1000.0	1000.0	235999	228.80362	30.610683	258.66595	14.233017	228.80396	30.609074	258.65295	13.078911	-4.7932878	2.8913217	30.30474	-20.241669	146.34775	7.9705215	18086.914353609085
60	702.1583	13.759389	732.9512	677.54895	-297.17108	49.404945	-220.65755	-358.80115	-63.457893	14.441312	-42.631992	-93.74984	-135.30212	61.259666	-42.929634	-198.8112	-283.88766	52.80681	-195.31544	-333.80704	287.62128	12.48667	300.24982	262.56418	1000.0	1000.0	239999	229.5046	30.54422	258.1737	14.347656	229.50478	30.542858	262.25616	12.411397	-4.777493	2.8586392	28.178114	-21.224941	143.72346	7.60184	18384.647597551346
61	874.9789	5.7765527	884.0253	866.39905	-333.98312	38.179485	-272.78964	-366.2104	-176.03189	2.0920901	-170.6013	-178.55135	-195.11195	50.51837	-132.87563	-258.8764	-362.10355	51.95442	-298.2492	-441.96906	261.45758	4.082508	268.0895	254.64818	1000.0	1000.0	243999	230.36812	30.504208	259.33673	12.920352	230.36836	30.502493	259.32755	8.364449	-4.7154036	2.8956208	30.221834	-19.799818	140.18541	7.6793404	18680.48616719246
62	852.19464	8.214597	867.8689	836.0561	-320.62552	30.598217	-270.16785	-350.36304	-195.55557	3.3956795	-189.39247	-202.2843	-152.65295	24.55995	-124.92329	-185.5133	-312.96573	20.590424	-293.9524	-347.46982	230.54175	7.1672025	244.54199	215.74376	1000.0	1000.0	247999	231.42694	30.37814	261.95645	10.0887785	231.42738	30.376863	262.44852	9.595093	-4.7202897	2.8932943	31.560934	-18.933908	135.39528	7.7984977	19038.66071343422
63	842.69336	6.5399346	852.39496	829.6904	-255.29944	41.469494	-210.37523	-319.0247	-169.80487	1.1791748	-167.61656	-171.52602	-174.57983	51.650433	-104.3093	-238.43805	-302.22955	57.554718	-236.08376	-365.8876	251.5418	3.8024979	257.06952	244.84073	1000.0	1000.0	251999	232.20064	30.24431	263.0647	8.402423	232.20097	30.243132	263.98987	5.1885858	-4.732616	2.8469632	31.607386	-19.968819	135.67387	7.6215262	19382.888928174973
64	760.1476	28.838547	800.968	715.8642	-323.07928	35.695724	-279.82248	-365.90607	62.284718	47.46957	143.02196	-5.6912513	-161.92125	39.713577	-96.74757	-202.62877	-323.4609	52.889786	-236.65881	-377.4638	442.3585	39.650185	504.55493	376.03806	1000.0	1000.0	255999	232.73192	30.285048	264.7297	7.4691	232.73206	30.283384	261.76532	5.524416	-4.7387238	2.8583264	24.487183	-19.664341	131.91147	7.891517	19675.892932653427
65	805.985	19.337725	843.2539	777.0612	-305.07117	23.61471	-269.78287	-334.9188	55.347546	33.20849	109.32329	11.598897	-90.91637	41.432446	-26.002323	-140.614	-243.45197	41.819393	-183.0539	-291.35397	458.34003	28.332306	511.53784	421.14584	1000.0	1000.0	259999	233.4585	30.582216	263.63443	7.0897818	233.45918	30.580454	264.4157	4.6094513	-4.6842084	2.901435	46.24144	-19.941467	128.98967	7.8728623	19968.212948560715
66	763.81024	6.8413367	780.1202	756.0416	-304.8697	24.094355	-268.11685	-335.74988	85.32967	13.71326	104.42874	65.919716	-91.448074	19.086283	-71.69897	-114.547104	-243.88292	19.539358	-225.86426	-273.89523	467.23486	12.75917	484.49893	448.2777	1000.0	1000.0	263999	233.91328	30.219389	264.3367	6.398814	233.91347	30.218508	265.1375	8.281871	-4.863667	2.8036141	47.86314	-18.810007	125.7585	7.332569	20265.43138051033
67	828.39044	17.037785	857.1951	800.9409	-278.78918	63.037163	-191.82452	-356.4596	-18.153757	28.73382	25.847113	-64.23247	-155.60822	46.60755	-107.42785	-228.084	-295.0028	49.8748	-219.12634	-353.00928	396.04147	22.317299	436.4407	361.41364	1000.0	1000.0	267999	234.03053	29.91975	262.66534	10.129474	234.0307	29.918215	262.76007	6.507513	-4.76832	2.8345857	25.102842	-20.841625	126.93459	7.7824287	20581.729714393616
68	851.9995	5.391057	859.22015	842.09937	-313.97104	58.37835	-254.1978	-410.13943	-128.5871	4.520676	-120.181816	-134.52434	-137.63593	64.6308	-62.30035	-239.57132	-294.62146	75.08267	-205.87685	-391.76834	297.41266	5.2272263	307.34952	289.57187	1000.0	1000.0	271999	234.71619	29.882118	264.82874	11.920277	234.71646	29.880556	265.06735	8.905481	-4.649357	2.8448827	56.277927	-19.771622	121.8846	7.5725827	20988.302832841873
69	960.83887	3.3352027	965.43353	953.30695	-295.81232	23.599228	-269.56088	-333.83524	-166.07285	1.3129513	-163.75815	-168.30856	-153.44061	58.393417	-78.62581	-213.63475	-301.34677	48.672222	-245.54343	-356.88303	314.3466	1.6870832	318.24057	312.21964	1000.0	1000.0	275999	235.66052	30.04734	266.36258	7.89254	235.66087	30.046362	266.70062	7.313264	-4.6958585	2.8151653	32.241558	-22.415596	119.823425	7.6603594	21314.723294734955
70	755.07184	30.759352	805.4403	697.587	-286.28058	35.639664	-240.33571	-340.4218	-36.37357	19.43969	-6.606784	-68.19729	-129.9491	51.629177	-42.66855	-172.31549	-273.0894	55.366756	-182.97331	-333.59076	341.16235	12.426798	369.17444	328.1854	1000.0	1000.0	279999	236.2011	30.05436	265.49133	10.848913	236.2015	30.05295	266.40594	9.516243	-4.696652	2.8264267	36.006977	-20.052776	128.85365	7.519348	21606.562157154083
71	911.4178	11.251939	928.03107	893.2129	-337.99622	25.69191	-315.5921	-381.01645	-60.193703	27.23207	-25.557474	-108.74794	-122.53598	33.47098	-72.92768	-167.34996	-291.53412	38.242695	-233.70786	-334.258	395.5151	22.301943	427.59076	353.98135	1000.0	1000.0	283999	237.1539	29.78829	267.44586	9.75806	237.15463	29.785809	266.3232	10.022741	-4.7055836	2.797053	21.442116	-19.637293	127.55202	7.6059012	21899.75463938713
72	924.70654	2.0140207	929.3155	921.32697	-303.8293	12.129076	-287.02917	-321.31607	-165.31667	1.4091718	-162.39725	-167.6119	-159.4502	29.579435	-115.07532	-195.61794	-311.36484	27.246853	-266.66385	-339.13254	297.03662	2.1846218	302.2605	294.0312	1000.0	1000.0	287999	237.11893	30.307024	267.86536	9.830593	237.11884	30.306046	270.13712	10.862064	-4.7642345	2.7775838	28.069294	-20.423836	127.90228	7.7286205	22194.08463549614
73	979.068	2.505105	984.5224	975.5212	-299.7094	33.267326	-276.16568	-357.1069	-155.43216	1.4755268	-151.77428	-156.92812	-185.80927	37.914482	-125.37449	-230.17824	-335.66397	50.520866	-265.97202	-408.7317	334.1018	1.8789632	337.6635	331.44168	1000.0	1000.0	291999	237.19618	30.035482	266.93304	9.232979	237.19646	30.034426	266.97903	7.531348	-4.731873	2.7988217	22.099106	-19.35683	124.53719	7.4869304	22533.139530420303
74	998.2079	21.703989	1019.46655	947.521	-318.85593	55.6501	-275.9543	-414.02402	-150.95332	8.411055	-131.03043	-164.93463	-221.05333	102.2822	-96.09295	-351.11893	-380.4813	81.43914	-300.60812	-489.0961	348.1506	7.9042335	364.26837	338.1441	1000.0	1000.0	295999	237.33643	30.065462	267.9325	7.7089815	237.33684	30.06364	267.75323	8.79473	-4.7196813	2.809086	37.52009	-19.83928	123.60695	7.265636	22895.89563536644
75	691.42737	37.91384	763.5239	623.4899	-322.56952	44.289005	-252.46536	-375.13345	38.37133	20.506508	76.28499	0.98722804	-193.80586	29.203388	-146.56061	-226.46585	-355.09067	51.330166	-272.7933	-414.0326	384.08505	10.318505	402.04453	364.1535	1000.0	1000.0	299999	237.82333	30.039692	267.64288	8.741154	237.8232	30.038967	268.58142	8.723871	-4.6529984	2.8008628	43.001274	-18.016775	117.09516	7.5639296	23265.96658706665
76	961.46893	2.6954381	968.1446	958.38214	-272.4433	42.660713	-235.91736	-345.17554	-149.59259	2.3023992	-144.69685	-152.98833	-169.99158	57.286312	-84.44646	-238.69974	-306.21323	64.115425	-211.46759	-372.75058	331.1419	1.9490536	335.5273	328.6112	1000.0	1000.0	303999	237.99596	30.726553	269.16418	7.484029	237.99635	30.725239	267.6244	6.2546463	-4.7274265	2.7891326	30.778818	-20.1161	115.68686	7.3778515	23621.52705836296
77	766.4845	28.024878	831.86945	734.37134	-323.0265	58.949505	-256.82034	-417.97147	-21.720953	9.901504	-9.156191	-39.295837	-154.50815	18.133667	-123.63078	-170.1832	-316.0214	42.50337	-252.04095	-371.6628	361.52124	16.708311	405.83664	338.80997	1000.0	1000.0	307999	238.56134	30.708553	268.21283	6.36796	238.56148	30.707563	268.53473	6.9627967	-4.6972337	2.8002164	23.106384	-18.637083	117.161224	7.4913816	23944.540100812912
78	922.8078	12.724431	941.2857	895.3731	-326.2585	22.979465	-299.80508	-360.27814	-100.219376	24.029299	-62.91557	-138.74905	-128.47383	59.607685	-44.336475	-185.00665	-291.6031	70.11961	-194.23901	-364.58295	361.1845	18.722988	384.771	331.8938	1000.0	1000.0	311999	239.0003	31.64097	271.3821	3.642093	239.0005	31.640598	270.18048	6.026257	-4.729383	2.842555	56.03208	-18.974731	130.04759	7.758327	24287.557549476624
79	854.53455	4.893002	860.5018	844.3723	-301.8896	26.508545	-263.81284	-335.3447	-287.7185	8.50789	-272.98752	-301.10278	-113.91423	85.05155	28.076433	-189.7616	-264.859	78.204834	-139.59592	-336.48764	139.54878	7.6563983	154.1865	128.80891	1000.0	1000.0	315999	239.67224	31.596838	273.4918	3.312188	239.67207	31.596128	273.0253	3.5149233	-4.6351533	2.8315701	26.348942	-22.64236	116.35922	7.6213975	24647.02312064171
80	953.8669	8.101932	964.9631	938.1662	-333.61395	52.18906	-286.7969	-417.2178	-67.79843	2.9655495	-63.939205	-72.79289	-133.0333	61.73624	-73.18463	-229.22678	-299.84027	54.7419	-219.41118	-372.6252	409.135	5.0857263	418.54233	402.8665	1000.0	1000.0	319999	240.87048	32.29124	272.96954	3.40512	240.87057	32.29044	273.02225	3.793753	-4.5841317	2.8654752	43.666187	-19.203983	118.463715	7.720997	24960.82933306694
81	737.3565	35.567364	793.3548	698.29205	-334.69107	47.419525	-272.12225	-389.2195	29.503815	10.11148	51.6347	14.097718	-88.995705	26.333073	-62.46595	-124.913025	-256.34125	14.074045	-239.5435	-278.16776	398.18207	21.980328	432.72147	370.4993	1000.0	1000.0	323999	242.29555	32.429054	273.59814	4.117132	242.29616	32.426304	274.08743	4.410523	-4.57647	2.8399048	38.493908	-17.487072	113.49313	7.574296	25263.78088760376
82	958.451	13.890923	982.1655	941.22345	-272.443	49.405525	-201.79831	-320.76044	-60.890785	11.471391	-36.152557	-73.27717	-207.82874	50.587196	-158.1841	-279.18808	-344.0502	73.01313	-262.9152	-437.53345	418.33466	10.252382	435.8711	402.56345	1000.0	1000.0	327999	243.49873	32.587833	274.40234	8.084676	243.49902	32.585472	276.52057	3.1763315	-4.6689625	2.8844485	43.53109	-18.270271	117.036	7.395931	25587.262226104736
83	902.4255	24.382723	937.2662	859.637	-307.0866	29.121876	-276.30804	-349.32632	-40.722816	14.311486	-21.129944	-61.899666	-264.36438	62.16823	-169.07578	-342.68265	-417.90768	63.882347	-311.12866	-480.83667	410.4899	10.40931	433.424	399.5199	1000.0	1000.0	331999	243.53278	32.515926	274.0138	7.7098045	243.53291	32.513145	275.32455	3.474253	-4.703486	2.8688319	25.629475	-19.089897	122.83083	7.4336305	25908.570808649063
84	959.4577	2.6642377	963.78546	955.4878	-289.0379	51.377594	-229.26346	-358.7922	-140.22316	1.00371	-138.70177	-141.87358	-264.43738	17.348812	-242.53127	-284.5843	-408.9563	13.484243	-399.21603	-432.13126	339.50568	1.8840545	343.1534	336.96896	1000.0	1000.0	335999	243.90486	32.719795	275.70032	7.9629993	243.90544	32.717712	276.07996	6.3161163	-4.597671	2.8558862	59.393536	-19.183973	111.55508	7.404316	26205.735902547836
85	872.67706	9.994666	890.7346	858.58026	-403.57172	98.02516	-336.6677	-572.89606	-6.055772	9.102591	9.810747	-19.654335	-180.83446	30.792639	-133.8831	-219.19908	-382.6203	74.00428	-307.72147	-505.64713	430.28278	10.373381	447.21515	414.81372	1000.0	1000.0	339999	245.25558	32.584213	277.58075	11.096556	245.25568	32.582268	277.54285	7.33678	-4.5725985	2.8528292	51.30304	-19.81055	116.04434	7.378311	26503.514303445816
86	872.98505	15.868843	898.687	847.49097	-345.09448	16.374895	-327.63544	-363.65256	-19.751575	10.842071	-1.9542843	-41.36099	-81.91998	55.17509	-26.25103	-166.53857	-254.46722	52.94259	-191.25435	-330.3563	416.74103	10.91959	426.2113	390.67593	1000.0	1000.0	343999	246.37714	32.511414	282.03677	11.372013	246.37764	32.508995	280.59125	9.452645	-4.559668	2.8705742	34.10241	-18.757578	115.09952	7.2558856	26912.541636943817
87	786.5565	22.578661	828.76636	751.0373	-402.75058	28.103167	-374.1312	-448.8402	-18.201193	14.019241	6.9194036	-38.978924	-85.13659	38.15118	-50.1736	-143.91122	-286.51187	45.569733	-237.2392	-343.73016	375.0771	14.932038	389.57764	348.03122	1000.0	1000.0	347999	246.6107	32.694775	278.48898	11.813221	246.61095	32.69323	281.03085	10.470683	-4.658239	2.8338108	47.47275	-17.998857	118.332146	6.9279404	27297.68590068817
88	878.65466	32.774952	937.391	838.2096	-328.45398	30.949091	-282.04465	-367.15234	10.809385	17.097683	38.551437	-13.893496	-128.66562	55.18306	-64.069275	-215.51523	-292.89258	64.018036	-205.09158	-386.0039	450.13672	15.540961	481.54688	430.1061	1000.0	1000.0	351999	246.3888	32.21641	277.99216	12.901976	246.38922	32.21406	279.31577	11.84945	-4.729485	2.81869	48.194607	-19.58387	117.42844	7.033901	27658.36801290512
89	854.9982	33.328815	920.108	796.3294	-274.64542	27.494453	-233.27983	-310.66293	-74.22161	25.868147	-22.161774	-99.75541	-119.378136	12.645742	-102.57378	-133.07944	-256.70084	18.650314	-240.8618	-288.4109	353.27747	24.470964	392.68204	309.31702	1000.0	1000.0	355999	246.00919	32.415512	279.722	13.677126	246.00934	32.414604	278.9874	11.911101	-4.6085725	2.8677518	34.398266	-18.82193	116.20098	7.0812936	27966.484531641006
90	855.2796	67.03919	1007.94806	758.70404	-331.0139	14.237874	-314.57983	-347.62607	45.446346	28.47799	102.55516	12.800635	-126.933876	56.228268	-67.3511	-208.76321	-292.44083	54.49792	-240.29146	-368.47223	473.08612	60.28444	606.5292	401.4635	1000.0	1000.0	359999	245.6881	31.92996	276.64703	15.085102	245.68835	31.928091	277.274	11.94332	-4.690825	2.8518734	39.10763	-20.286667	112.444275	6.9131565	28266.74919772148
91	991.53723	19.300508	1036.7352	967.4665	-293.53674	17.054955	-264.14835	-306.10437	36.446205	31.625967	78.48317	-19.844067	-157.43567	47.371178	-102.98859	-225.34703	-304.20404	51.529522	-253.74017	-376.54254	532.21484	36.09096	585.97925	474.23093	1000.0	1000.0	363999	245.31493	31.897099	276.16144	15.557824	245.31526	31.894432	278.06567	13.312399	-4.7063847	2.8574152	32.57085	-18.96563	117.38636	6.958536	28592.052471399307
92	803.9312	46.86211	877.89856	706.59094	-356.1496	34.697685	-321.20374	-399.6082	-124.53667	79.1157	-48.172817	-327.79257	3.4534812	43.312824	73.28262	-44.98501	-174.62132	30.21203	-126.52148	-206.48508	277.4289	94.879974	390.77646	58.60377	1000.0	1000.0	367999	245.2355	31.767988	277.159	17.496021	245.23578	31.76598	276.77078	16.32435	-4.6876373	2.8891103	30.976955	-21.543882	113.918015	7.0671983	28923.16075849533
93	798.3248	14.909577	817.6337	773.7465	-359.6415	49.10517	-289.1305	-422.73276	335.96027	43.415905	425.78018	271.11295	-16.437141	182.75012	169.13712	-235.15314	-196.25789	163.69876	-31.34065	-407.70856	735.1227	44.378212	830.6285	674.7266	1000.0	1000.0	371999	243.30154	31.840878	278.57504	17.57218	243.30199	31.839449	276.17087	15.039927	-4.840082	2.876692	52.17034	-18.044127	109.78769	7.176468	29321.605969905853
94	891.95233	22.362818	925.0207	857.1804	-326.8177	24.636477	-303.29587	-364.0317	-52.462513	21.156126	-16.049429	-103.13403	-42.268307	113.32922	61.502316	-233.66994	-205.67715	109.80465	-90.14561	-386.62076	393.51367	20.7482	422.3497	347.5717	1000.0	1000.0	375999	242.45842	31.474594	272.57315	17.95526	242.45876	31.472277	273.40088	13.926367	-4.739404	2.889075	48.658997	-18.635017	115.801674	7.0907326	29718.1099960804
95	849.22705	11.819053	867.9153	835.9591	-316.16565	27.312586	-272.32938	-344.44305	-333.04535	24.183765	-310.07126	-373.52234	-313.93842	52.29757	-228.3875	-369.00632	-472.02124	50.24831	-386.15228	-509.27872	91.56818	25.484797	115.54929	47.39893	1000.0	1000.0	379999	242.21564	31.322008	274.4026	17.835018	242.21576	31.320417	275.05765	16.274168	-4.7519546	2.866834	49.435295	-19.157642	112.85334	7.179383	30112.021953582764
96	827.74744	47.03214	853.3339	687.3656	-343.3858	27.855915	-307.56952	-385.14233	-132.63171	18.443027	-84.53661	-155.22684	-258.44193	97.53489	-108.370804	-381.04523	-430.13483	105.563515	-262.15558	-553.98596	281.242	35.978397	342.13034	189.23271	1000.0	1000.0	383999	241.9092	31.32161	272.40155	18.362942	241.90955	31.31943	272.57004	15.492136	-4.7654114	2.8954947	55.73755	-19.757988	114.03048	7.3995595	30418.712381601334
97	931.1984	3.931642	938.32416	924.39276	-394.13428	64.91695	-288.31418	-464.7491	-224.06133	7.204717	-216.31717	-237.89978	-220.5415	54.912476	-153.9633	-300.84872	-417.6086	70.91302	-334.53848	-504.14853	241.53793	8.436907	251.89116	227.5451	1000.0	1000.0	387999	239.85892	32.26487	270.8626	16.27924	239.8589	32.264713	272.23898	14.797665	-4.9423523	2.9056575	40.99594	-18.535553	110.603615	7.3314505	30731.020018339157
98	931.3423	14.587754	954.4114	908.60376	-327.0089	37.538948	-266.0	-362.61142	-184.52904	23.292414	-136.523	-218.86559	-161.33128	12.585935	-141.57173	-175.40701	-324.83575	18.686743	-305.06067	-349.2805	281.14212	25.483742	321.16348	244.52834	1000.0	1000.0	391999	238.8999	32.248142	271.0915	16.605602	238.90016	32.24664	270.92175	15.153179	-4.9204354	2.889638	46.582672	-19.705925	107.87775	7.273794	31103.51763677597
99	926.4999	16.968937	960.95984	896.7926	-357.05408	18.100746	-337.85834	-385.5836	-62.83184	18.122547	-34.333378	-93.124535	-66.785736	73.13855	11.705581	-153.54843	-245.31277	76.69594	-167.73955	-326.4905	400.41815	20.855099	434.94513	374.5033	1000.0	1000.0	395999	238.08897	32.12878	269.39163	15.681706	238.08936	32.127335	268.94583	15.401806	-4.9664664	2.8391397	72.49925	-19.100006	105.97258	7.163945	31441.896256923676
100	777.52527	11.498018	792.304	757.23663	-328.1055	54.621933	-272.72653	-411.40152	-70.24673	29.544315	-24.616013	-127.69895	-125.21939	84.18874	-28.730385	-225.00038	-289.27216	98.84096	-171.93176	-430.70114	318.51593	34.379	367.39243	250.91936	1000.0	1000.0	399999	237.15782	31.996588	269.8594	16.950972	237.15808	31.995892	268.96063	16.235401	-4.933765	2.8364017	55.457546	-18.5649	99.25078	7.0939493	31741.97591996193
101	863.64465	15.029605	889.82184	837.92096	-342.25488	38.173313	-307.88217	-406.78912	-107.517944	36.960693	-36.734344	-165.54678	-113.53638	47.152203	-59.650627	-169.01494	-284.66382	62.966087	-221.37358	-372.40952	324.30438	34.18901	382.22614	265.36246	1000.0	1000.0	403999	236.20663	32.379055	271.95428	17.279919	236.20699	32.3779	270.75436	12.450334	-4.87682	2.8304787	28.121897	-19.10691	97.64796	6.9857163	32043.723029851913
102	855.584	14.350195	886.09503	844.6843	-377.8851	19.222181	-356.13205	-408.5809	-93.579956	51.52026	-30.643717	-217.7881	-143.50818	47.14016	-84.9197	-195.75183	-332.45074	41.35916	-273.30566	-373.81787	334.2121	56.561314	412.4038	204.55408	1000.0	1000.0	407999	236.60706	32.24125	274.0314	16.887136	236.6074	32.239918	270.18204	14.938032	-4.807526	2.836674	56.19233	-20.683697	92.95233	6.98858	32350.29402899742
103	807.6221	31.759773	860.16974	761.3871	-326.1768	12.095867	-308.3238	-341.26514	-88.17244	33.636578	-34.44802	-140.8381	-143.50632	49.63708	-79.204636	-218.50104	-306.5947	45.165874	-245.07675	-372.66293	315.6386	45.971996	385.47003	240.50533	1000.0	1000.0	411999	237.65263	32.274376	270.94464	16.15524	237.65276	32.27303	271.2458	14.593214	-4.7880535	2.815957	34.49085	-20.374916	84.09369	6.932222	32657.82918524742
104	732.20856	12.841988	754.5626	709.68604	-344.21097	64.0317	-276.1985	-449.17346	-291.22595	48.513412	-216.3952	-368.6227	-253.60205	74.8444	-165.95274	-345.7594	-425.70752	76.566635	-304.052	-505.5704	74.87833	50.012142	160.88611	-6.96212	1000.0	1000.0	415999	238.5826	32.22102	271.57745	16.60768	238.58292	32.21866	270.4488	15.440429	-4.8501463	2.7927945	36.84443	-18.434132	93.173676	6.7065964	32963.646807193756
105	927.5163	13.403705	948.7057	905.6053	-367.3238	18.785181	-345.48856	-396.2041	-160.20941	23.648153	-110.11709	-187.95462	-332.66907	78.292206	-247.15144	-421.62375	-516.33093	70.54435	-445.2535	-600.4449	303.5488	21.161545	349.58466	275.9826	1000.0	1000.0	419999	239.56294	32.239014	273.77	16.096298	239.5633	32.23855	273.34406	15.075543	-4.8185005	2.8195782	25.521847	-20.061398	81.632576	6.947708	33281.319363832474
106	812.3357	22.176239	841.5336	780.3819	-348.93933	21.533632	-315.19272	-373.71677	-51.0332	41.702717	41.653397	-114.85412	-309.14484	63.697205	-211.80104	-383.57022	-483.6145	59.92425	-385.73334	-541.16656	355.13467	50.0478	460.31476	279.60153	1000.0	1000.0	423999	240.43327	32.561115	272.4914	20.47966	240.43375	32.55983	273.37726	19.592146	-4.827272	2.811588	34.63294	-18.040825	85.80161	6.949497	33612.27834510803
107	907.0049	17.215378	932.23224	874.00684	-334.43823	41.681995	-262.59534	-362.39496	-118.376915	23.397243	-94.55577	-162.62724	-252.40884	60.023315	-166.48178	-335.85455	-419.62796	64.02172	-342.3385	-517.05206	335.12555	26.86363	370.7066	278.10922	1000.0	1000.0	427999	241.46619	32.043987	273.55505	21.631523	241.46625	32.04228	273.39438	19.076092	-4.8680205	2.8071108	40.18862	-21.372395	82.887566	7.0107713	33924.48544383049
108	885.64124	6.631472	895.5134	869.9666	-369.23065	24.738207	-332.4188	-398.174	-183.56119	28.848986	-152.90175	-250.9914	-222.04427	24.66492	-192.39662	-260.51065	-406.65958	34.175102	-373.68604	-459.59766	259.2594	28.99488	289.5642	190.26187	1000.0	1000.0	431999	241.95496	32.191086	280.41458	20.127953	241.9552	32.188988	275.1729	19.781178	-4.844088	2.8443367	54.14829	-19.259645	93.374084	6.9599853	34228.68574333191
109	877.6953	10.862357	901.6562	860.3462	-360.72046	22.36879	-324.3994	-383.13013	-235.0234	25.827173	-204.23918	-276.4782	-243.98236	79.615585	-170.30891	-365.74197	-424.34262	84.16239	-337.72476	-552.80646	203.82426	29.887619	244.08989	153.69489	1000.0	1000.0	435999	242.6312	32.096634	274.9685	21.577929	242.6313	32.09521	277.2191	20.665318	-4.862076	2.8144026	53.044678	-22.24149	96.80758	6.9323554	34554.317811727524
110	867.60236	21.75747	897.4653	823.45776	-345.36816	22.998869	-314.13525	-378.27985	-256.83688	38.91169	-203.81628	-321.1856	-324.04413	41.722157	-260.02454	-374.2802	-496.7282	31.310278	-449.16446	-531.34784	176.96431	46.24946	244.91635	90.54329	1000.0	1000.0	439999	243.2923	32.153233	273.85986	21.078293	243.29256	32.152527	274.90457	19.632927	-4.900257	2.7952085	50.776443	-20.232845	99.07886	7.0028887	34887.78142261505
111	962.2987	32.58894	1005.6708	891.1794	-349.7161	34.89937	-299.1215	-395.94812	-106.13524	27.277945	-51.671207	-151.79805	-214.65616	57.438416	-135.40366	-296.89197	-389.51422	40.083767	-333.37772	-446.45273	375.01413	33.481255	440.3642	324.32294	1000.0	1000.0	443999	243.38129	32.120033	276.3039	21.74192	243.38158	32.11956	276.34848	19.598795	-4.899278	2.8221884	24.013618	-18.6217	103.773094	7.1176863	35251.29460501671
112	835.70526	8.150964	848.6821	821.778	-358.27435	56.686226	-289.0173	-420.38446	-303.32526	32.13779	-256.7684	-363.8168	-314.47052	31.991972	-267.14	-349.2022	-493.60767	49.00927	-411.64868	-541.3885	114.52739	31.126493	159.53615	52.61093	1000.0	1000.0	447999	243.34138	32.284542	276.58832	19.779032	243.34158	32.28281	276.763	19.691498	-4.917818	2.8111107	37.635296	-19.2384	96.1286	6.8978205	35605.62288546562
113	744.0925	15.716398	772.4582	717.2441	-370.08206	25.026773	-344.82928	-399.77603	-316.59064	23.942488	-266.86777	-351.62668	-387.7087	10.202513	-374.41977	-401.57092	-572.74976	22.353561	-547.3048	-601.4589	55.455647	27.233501	114.80222	20.868326	1000.0	1000.0	451999	243.3987	31.974228	276.5907	21.535994	243.399	31.972359	278.45175	21.109827	-4.9741783	2.7283127	28.15286	-18.053347	95.80869	7.517102	35940.009021282196
114	889.56116	6.8821917	897.4483	873.75665	-367.79834	74.16318	-307.57938	-491.3424	-99.62254	40.4107	-8.466817	-137.47928	-348.66794	44.51394	-281.26315	-396.1597	-532.56714	29.386795	-493.383	-575.9867	345.158	41.82254	437.4399	299.39905	1000.0	1000.0	455999	242.34976	32.091843	273.532	20.493122	242.35008	32.091045	274.22983	20.408583	-5.155892	2.665852	20.4207	-21.081692	108.428825	7.8527565	36293.59365558624
115	867.0788	20.626297	903.5218	846.95166	-341.71503	33.031136	-286.77823	-369.51544	-108.86448	20.898306	-78.80575	-145.32172	-297.15555	20.658916	-281.62106	-332.02124	-468.01303	4.3196564	-464.5658	-475.41037	324.67493	24.47936	364.1813	283.47827	1000.0	1000.0	459999	241.62602	31.856583	275.73227	21.37259	241.62624	31.8559	274.5401	21.171192	-5.0178633	2.7049935	16.577662	-22.112083	99.07176	7.7906175	36661.901559114456
116	760.8345	11.749799	777.26587	736.9481	-352.99597	41.188423	-293.0485	-408.8565	-375.48007	35.655666	-303.68414	-440.3886	-354.5077	82.16093	-264.0186	-457.77695	-531.0056	87.75796	-410.54282	-638.1139	4.9371557	36.119404	84.94879	-58.182938	1000.0	1000.0	463999	241.7392	31.699547	278.1884	22.683178	241.73953	31.698553	276.1395	22.160286	-5.0667834	2.680022	19.692814	-20.399027	103.44883	7.772302	36975.54728579521
117	830.18036	13.675742	849.60864	802.5328	-358.0668	29.580158	-316.57333	-399.348	-52.23352	40.976738	11.350388	-107.118546	-315.58847	101.72658	-154.09966	-407.76462	-494.6219	95.942894	-336.22906	-583.8081	362.85672	39.252907	421.1257	308.71915	1000.0	1000.0	467999	241.23453	31.643145	275.02042	23.871439	241.23457	31.642612	274.81454	23.236698	-5.0783014	2.6890378	16.782955	-18.81971	104.738	7.695045	37292.14836907387
118	769.7136	9.126798	778.4178	749.5432	-363.58734	30.760569	-315.4567	-398.61353	-44.59066	33.666943	6.2458787	-93.87004	-243.80545	19.741709	-212.27637	-262.15768	-425.59915	26.060696	-399.71875	-461.46445	340.26614	31.498384	388.05573	292.46967	1000.0	1000.0	471999	241.1048	31.308046	274.09952	21.912018	241.10524	31.306171	273.4836	22.395666	-5.01356	2.7281835	16.545286	-17.991629	92.12166	7.8293576	37603.83893609047
119	887.7086	13.2681265	909.15686	862.2175	-396.996	70.314995	-283.6482	-466.95157	9.89256	37.357693	67.26018	-55.296215	-161.56738	52.29762	-88.70274	-232.20268	-360.06537	38.56778	-309.74197	-414.03348	453.74683	41.40519	521.136	385.03094	1000.0	1000.0	475999	241.49863	31.081907	272.20224	22.965593	241.4987	31.082058	274.1332	19.961363	-5.036255	2.7098284	48.47554	-18.553308	96.706955	7.8993425	37952.615129709244
120	831.2285	22.637478	866.35406	785.9275	-405.53943	32.09358	-374.78674	-458.44595	-103.87998	19.334898	-82.70932	-145.5778	-186.68661	27.883768	-138.71906	-207.78473	-389.45633	35.3921	-331.9228	-428.11618	311.73428	14.562052	333.59238	287.5992	1000.0	1000.0	479999	241.44876	31.163074	273.5403	20.965757	241.44884	31.161125	275.28183	21.304213	-5.029726	2.702198	14.421839	-20.07331	99.17058	7.642864	38455.899430036545
121	894.6918	3.630402	899.509	889.3658	-365.53558	35.29942	-318.8577	-409.91772	-117.57167	34.284492	-48.234356	-175.19446	-282.1684	73.75813	-204.76752	-385.54794	-464.93616	85.42578	-364.19635	-590.50684	329.77423	34.46658	397.27667	273.3079	1000.0	1000.0	483999	241.7667	31.317142	274.31326	22.498375	241.76718	31.31623	274.25555	23.28661	-4.991418	2.7109146	21.958296	-22.859344	102.509575	8.015732	38803.46618938446
122	952.6165	3.5425792	956.9543	944.83295	-353.8891	18.187992	-329.84152	-381.08014	42.552517	29.994488	111.15109	8.197712	-186.52104	35.74068	-124.96908	-211.69522	-363.46558	43.138752	-289.88983	-398.82275	518.8608	29.46045	588.7192	485.65463	1000.0	1000.0	487999	242.1601	31.302908	274.11176	24.943882	242.16045	31.301802	273.53577	23.440632	-5.0233846	2.7231913	16.487453	-21.68485	103.97605	7.674957	39161.261934280396
123	929.8563	6.6759596	939.69293	917.35016	-358.322	17.351086	-338.83347	-382.60376	-23.03999	22.993538	30.750612	-42.899376	-151.42366	34.085396	-115.676254	-207.27652	-330.58466	38.838608	-288.35516	-390.52298	441.88818	24.80506	498.73245	423.74515	1000.0	1000.0	491999	241.92372	30.984303	273.49658	23.699173	241.9239	30.982227	273.66226	22.865356	-5.1026845	2.7049038	16.806301	-19.36086	104.3503	7.915488	39550.99977302551
124	904.13	12.579424	931.87537	887.9962	-280.40204	97.54973	-116.052246	-371.84763	-121.28575	30.224838	-73.63782	-176.31195	-232.18352	41.847694	-162.60062	-272.98468	-372.38452	66.23094	-298.11172	-458.90848	330.77924	30.439615	377.23984	270.30835	1000.0	1000.0	495999	241.9561	31.133192	274.82947	24.501928	241.95648	31.13198	273.79852	23.96091	-5.026374	2.728227	15.276522	-18.817791	100.97881	7.724665	39941.35334253311
125	952.30115	6.6858397	963.0076	942.97485	-369.9916	42.24846	-311.1454	-430.48322	22.488394	23.150211	43.150875	-24.265524	-214.96518	44.14702	-145.4367	-261.4343	-399.961	61.60312	-301.0094	-458.11304	498.639	23.65532	522.8582	452.31036	1000.0	1000.0	499999	242.3191	31.21313	277.2884	23.551678	242.31944	31.211897	275.44736	21.788265	-5.0433493	2.7109325	16.17131	-20.989515	99.61203	7.764136	40339.13880777359
126	917.33026	3.3419197	924.34	910.68915	-335.339	51.20334	-254.22325	-385.534	-49.875725	26.831146	-4.7602053	-97.77675	-112.0271	80.7975	-4.3800106	-230.79988	-279.6966	96.369354	-169.11563	-423.5669	408.7894	26.487614	452.74338	364.39325	1000.0	1000.0	503999	243.09804	31.252958	274.35608	20.42376	243.09772	31.253729	275.2052	19.887903	-5.02761	2.7061336	13.784757	-19.681452	100.12157	7.976272	40729.789268016815
127	981.7474	14.279537	998.59845	961.65564	-341.97827	58.584538	-249.0223	-400.094	101.97953	38.734905	156.6642	42.74234	-207.52408	61.10974	-152.77542	-310.2381	-378.5132	41.736088	-320.73038	-434.74927	592.8532	40.504356	650.7148	526.1488	1000.0	1000.0	507999	243.63615	30.917236	278.3269	24.236462	243.6363	30.91539	276.65335	22.972218	-5.0099077	2.734212	18.340542	-19.94977	91.80892	7.6767497	41088.873769044876
128	968.11035	4.113864	972.2879	959.01324	-358.00037	10.004362	-344.20886	-372.4212	21.660358	30.675762	75.79268	-33.218807	-119.78252	47.30541	-67.98538	-167.15582	-298.7827	50.873592	-240.08981	-353.00595	505.7155	31.227882	561.93665	449.86584	1000.0	1000.0	511999	243.75392	30.712593	276.71277	22.512314	243.75449	30.710659	277.38617	22.35424	-5.067461	2.6913018	26.652477	-20.44781	104.079315	7.9782085	41436.794261455536
129	929.2205	3.5368733	934.1368	921.0011	-342.63254	27.60895	-305.1721	-370.7957	86.57263	27.086222	137.27461	43.174007	-180.36859	31.202488	-146.03928	-215.10129	-351.68488	36.40521	-298.62534	-391.33786	551.18286	26.45611	601.1909	508.10266	1000.0	1000.0	515999	243.0946	30.734571	274.5294	24.173744	243.0947	30.735018	275.02502	24.097202	-5.094752	2.7200544	14.31794	-20.842018	93.74253	7.646548	41913.18589305878
130	979.2202	5.707605	988.431	968.4318	-357.12283	14.963234	-341.60458	-381.72717	-9.196291	37.794724	46.050495	-69.233376	-112.8262	53.139774	-40.889103	-178.3009	-291.3876	54.04041	-218.1868	-349.10318	480.41382	39.315075	538.2278	417.5325	1000.0	1000.0	519999	243.43877	30.388996	276.28333	21.878717	243.439	30.388288	275.32037	21.463226	-5.1003547	2.6847668	12.567513	-18.637213	88.00834	7.554928	42383.71675467491
131	952.2052	8.522753	968.08563	941.04004	-360.45648	38.76768	-299.5299	-394.10226	-3.8174415	32.82916	36.86129	-63.487675	-184.23096	52.85856	-131.46101	-246.98637	-364.45917	63.0671	-282.0812	-444.0068	472.28516	32.72559	509.0179	408.32974	1000.0	1000.0	523999	243.35922	30.196613	275.282	23.015251	243.35925	30.19578	276.73508	22.290852	-5.074166	2.6977987	21.756866	-19.678638	90.578835	8.057403	42779.39131641388
132	946.52893	8.120474	961.1978	937.47546	-376.403	61.12333	-300.48386	-466.9596	46.881126	22.955606	83.732445	4.173345	-199.75018	29.119558	-156.12576	-237.31885	-387.95166	50.282356	-306.36768	-441.6876	520.1456	21.95144	552.47015	474.9678	1000.0	1000.0	527999	242.74684	29.937698	273.68784	21.571	242.74712	29.937216	274.27496	22.726469	-5.2351813	2.696689	26.923456	-18.936035	91.10797	7.5956807	43155.45588636398
133	947.38916	4.8053427	958.89484	941.33887	-392.20813	43.827477	-346.29694	-440.78836	-122.76121	17.659016	-91.71471	-156.59248	-233.17088	74.35553	-125.16305	-328.2845	-429.275	55.556435	-345.55722	-501.43295	350.9334	17.669476	379.31458	314.07693	1000.0	1000.0	531999	241.86665	29.6006	272.77304	22.74002	241.86664	29.599401	273.16464	21.683256	-5.1615815	2.6460352	19.554169	-20.93193	86.15394	7.587498	43535.00901198387
134	897.81494	14.138887	915.72577	876.29663	-367.37463	62.25658	-269.47116	-424.90497	81.26875	38.244793	163.22957	30.90841	-197.09364	38.583813	-148.22618	-246.67828	-380.78094	43.21254	-352.00555	-455.43262	530.1762	36.333607	601.37787	488.77127	1000.0	1000.0	535999	241.06828	29.64702	271.18796	22.750479	241.0683	29.646502	271.0371	21.495636	-5.183063	2.6726487	13.549995	-19.594267	88.161316	7.6493025	43906.17489862442
135	944.3986	10.945426	959.07245	928.037	-361.0636	22.812162	-325.09387	-386.7846	-142.03433	34.428997	-97.29854	-195.66078	-182.01643	43.263912	-125.413	-228.66345	-362.54822	44.432278	-317.4666	-408.72284	330.16498	34.490147	371.5818	269.10303	1000.0	1000.0	539999	240.49896	29.245768	272.66046	22.822025	240.49928	29.244741	271.2581	21.639484	-5.1354694	2.6939929	11.747774	-18.950222	95.17369	7.721788	44255.10011434555
136	941.0921	4.5503025	948.808	932.6475	-363.90118	57.473923	-322.1293	-462.4441	-4.7362432	27.578375	34.21831	-44.7144	-222.9678	35.890408	-183.69089	-278.2099	-404.91843	40.374577	-344.75555	-450.2389	465.80988	26.767412	500.54208	424.21036	1000.0	1000.0	543999	240.2064	28.946499	271.2848	23.160774	240.20644	28.946064	270.27554	20.986084	-5.1499934	2.6976547	12.527629	-19.533365	99.758934	7.4133635	44616.31061959267
137	960.32947	8.359861	974.3782	942.7958	-354.63123	17.111053	-337.50204	-382.94598	12.591809	32.003967	80.59718	-29.33987	-172.76053	29.167316	-132.9885	-215.04297	-350.07614	31.13455	-301.7395	-388.26508	492.7565	30.296558	551.99506	449.9994	1000.0	1000.0	547999	239.75064	29.168987	269.86438	22.099686	239.75053	29.16893	270.1047	20.586578	-5.178424	2.6598542	13.233006	-19.195868	94.97783	7.4043345	44991.386818408966
138	925.90204	5.2555537	935.57526	918.51794	-411.79837	28.901663	-371.85757	-448.98688	3.4631867	45.20893	44.070934	-96.523674	-112.5103	26.928116	-88.35568	-158.14711	-318.4095	38.945435	-286.35873	-382.64053	466.41415	44.326813	508.84222	371.26395	1000.0	1000.0	551999	239.21648	28.967255	269.72958	21.140364	239.21666	28.966217	268.84286	21.50987	-5.2048187	2.6460252	18.399979	-20.634579	96.92664	7.5418572	45333.17440533638
139	939.15967	8.233192	951.5788	919.7671	-322.8836	20.898272	-304.06018	-358.22028	107.87691	32.900284	159.28474	64.4889	-102.176865	46.24314	-48.728	-175.35947	-263.61865	45.355392	-205.06648	-327.38956	577.4567	35.484	635.07416	533.24133	1000.0	1000.0	555999	238.0836	28.435139	269.2833	21.927277	238.0835	28.434658	268.70035	19.468039	-5.21015	2.6540155	23.280403	-20.464748	104.85104	7.449158	45669.80443692207
140	953.1208	7.5163217	973.64386	945.7569	-343.01797	49.449547	-289.15903	-423.33405	71.84915	31.162735	111.80303	28.312664	-83.66426	49.81203	-37.12528	-166.97	-255.17325	56.210506	-181.70479	-328.71063	548.40955	32.56183	587.29333	502.00876	1000.0	1000.0	559999	236.82755	28.378115	266.0239	18.971565	236.82764	28.377653	266.70605	19.432047	-5.284285	2.631535	12.79071	-22.36445	94.117386	7.6036553	45984.67517352104
141	895.3537	8.817076	909.6956	877.19366	-375.213	48.81249	-306.57584	-432.95016	-45.033348	48.27031	78.6562	-81.5717	-148.29044	68.5805	-42.378567	-233.8275	-335.89694	79.577614	-219.3563	-437.51282	402.64352	49.440624	533.504	366.48087	1000.0	1000.0	563999	236.0673	28.121664	266.78992	18.717207	236.06734	28.120277	266.5637	15.390671	-5.264113	2.6313348	15.603265	-19.219236	82.466934	7.443533	46302.64332008362
142	913.9459	8.356671	925.8051	899.75494	-361.58414	47.6219	-284.58774	-411.70956	69.74375	40.48627	154.19891	27.985748	-228.9237	26.323812	-192.94724	-265.4297	-409.7158	48.56711	-335.24112	-471.28445	526.7167	41.39205	609.6593	482.47882	1000.0	1000.0	567999	235.69621	27.786045	266.5678	20.890762	235.69626	27.785944	267.6429	19.42943	-5.228068	2.6467326	12.848553	-19.263496	77.971436	7.461328	46643.87048816681
143	948.0825	4.651342	956.5998	940.24805	-339.5636	34.719364	-307.9633	-396.37863	22.572361	27.215399	64.686195	-29.304361	-276.3664	39.587727	-208.607	-305.93558	-446.14816	43.899944	-377.97278	-499.72675	496.61362	27.429647	541.7599	445.28693	1000.0	1000.0	571999	235.17143	27.879923	266.0692	18.49086	235.17123	27.879631	265.12747	16.963406	-5.2713757	2.6446285	25.904043	-19.271513	84.12627	7.8293505	46978.48016858101
144	908.0254	4.683009	916.23206	901.5056	-373.95383	33.78718	-318.80075	-408.04153	-47.622654	33.434875	23.215893	-90.78855	-195.15788	52.19164	-111.64201	-241.63728	-382.13477	65.903946	-271.0424	-433.29312	406.39005	34.19394	479.1003	364.25034	1000.0	1000.0	575999	234.5919	27.840643	265.90475	20.547045	234.59213	27.841106	265.0922	20.375584	-5.263984	2.6463928	22.369637	-18.853306	83.4392	7.7046056	47300.33484125137
145	939.848	3.6131623	944.7093	934.8381	-335.27457	77.36718	-207.47868	-413.13095	-78.912224	52.065205	27.157871	-173.17961	-208.97508	34.727283	-157.17201	-252.274	-376.61237	68.42915	-260.91135	-438.54373	391.01178	52.27661	495.59027	295.30573	1000.0	1000.0	579999	234.89954	27.840805	268.01462	19.58456	234.89957	27.840055	269.05774	20.63275	-5.2543387	2.68136	12.55905	-19.018913	78.44058	7.672043	47620.106261730194
146	940.3258	4.3624663	948.71484	933.8014	-343.27704	30.239456	-321.1601	-395.37912	-7.5536604	29.387848	27.336916	-58.1354	-152.82959	65.12299	-44.909386	-214.66602	-324.4681	50.382694	-242.59895	-375.24606	462.6092	29.915178	500.87845	412.1895	1000.0	1000.0	583999	235.55	27.889025	266.82388	19.582584	235.55025	27.887968	267.4256	17.155018	-5.128728	2.682652	13.351809	-20.200413	88.3052	7.769541	47936.871242046356
147	912.9237	5.9809566	923.64606	906.52313	-355.0238	27.492748	-317.92087	-388.50314	-8.491966	32.811615	43.75936	-60.89931	-132.96867	61.357624	-30.566168	-193.89862	-310.4806	68.81777	-200.92677	-388.15018	447.9699	34.829964	505.5714	395.99686	1000.0	1000.0	587999	235.88039	27.970972	268.20486	17.208914	235.8804	27.969727	268.02884	16.33175	-5.252885	2.6478884	35.67806	-19.818983	84.99578	7.3691683	48260.47033691406
148	942.2694	3.0729115	947.9773	936.4874	-368.19513	45.55778	-320.01038	-440.03226	-28.013784	16.690395	-7.3393664	-70.434784	-163.60085	87.22965	-35.443047	-266.52075	-347.6984	98.91261	-221.84325	-486.5369	443.12094	16.376299	461.84415	400.28183	1000.0	1000.0	591999	235.43684	27.76168	267.98923	18.195885	235.43712	27.761627	267.16214	18.61029	-5.3241	2.60832	15.240589	-19.228422	82.14248	7.5678096	48589.14148283005
149	905.5207	7.155901	915.6189	894.33057	-325.31525	16.637226	-307.05484	-349.9187	-225.79887	14.713993	-201.14969	-250.33083	-195.6802	50.68101	-132.64957	-273.94156	-358.33783	49.21997	-307.60892	-439.3189	226.96147	17.872442	255.86989	199.09096	1000.0	1000.0	595999	234.77074	27.748842	266.01926	19.047344	234.7708	27.748785	267.37918	18.364758	-5.37687	2.6666565	15.584359	-19.902052	77.59621	7.270578	48968.51839375496
150	918.1177	10.181007	934.9631	907.4831	-362.3449	27.326088	-326.2981	-403.15543	-4.5899916	42.005985	69.76737	-76.75974	-178.4702	62.85592	-95.46866	-250.09106	-359.64264	69.93274	-276.60358	-428.9192	454.46884	45.718365	534.75165	377.39233	1000.0	1000.0	599999	235.22244	27.404976	266.56747	20.75305	235.22244	27.403528	265.56924	18.976704	-5.321371	2.6992795	12.416608	-22.734917	71.064766	7.345484	49354.28017306328
151	950.81915	6.889051	959.1139	938.08356	-355.8982	32.99023	-305.18585	-396.37714	22.797743	37.48922	98.61188	-21.423708	-118.617096	23.649994	-78.5669	-138.20238	-296.56622	39.350105	-231.15982	-336.39096	498.20734	37.4717	574.6693	455.32135	1000.0	1000.0	603999	235.35924	27.028759	266.23737	18.829866	235.35931	27.02753	265.7932	17.66828	-5.2341986	2.6374507	12.315041	-18.057056	63.871265	7.334785	49737.03201127052
152	933.93396	8.5339575	956.4557	927.164	-339.28873	27.480381	-306.48416	-368.58224	-88.90553	36.48206	-25.090624	-151.96642	-125.6026	70.37207	-58.086906	-243.34975	-295.24698	79.37864	-216.98862	-427.64087	378.06143	35.54813	438.5084	317.7787	1000.0	1000.0	607999	235.26347	27.296535	276.41516	17.10596	235.2635	27.29568	264.33273	15.708928	-5.23342	2.6418962	18.427486	-21.003675	70.17482	7.3891816	50125.62032341957
153	911.6701	7.9492493	930.29755	899.7996	-338.91498	32.561684	-297.376	-374.7245	1.7606628	42.464954	71.03799	-72.311584	-139.07999	74.84388	-74.428604	-266.13382	-308.53748	85.42953	-232.98543	-449.35675	457.5957	43.06675	528.3036	384.652	1000.0	1000.0	611999	235.82918	27.28325	264.37164	19.666992	235.8295	27.281395	264.86063	18.357347	-5.191502	2.6244192	15.095041	-18.5758	74.25431	7.361208	50508.094270944595
154	963.14514	6.870354	974.46234	953.95197	-351.35626	26.589184	-315.7439	-388.98816	155.13953	57.89333	257.75748	45.272026	-100.01741	76.69814	-20.70711	-225.60106	-275.69556	75.58864	-215.20119	-404.97995	636.71216	59.822666	741.8827	523.6506	1000.0	1000.0	615999	235.52821	27.267601	264.4225	16.917265	235.52824	27.267712	264.90234	17.23037	-5.2940407	2.5860462	20.918573	-20.647575	67.35424	7.402021	50855.7873878479
155	860.9435	16.507267	890.24194	834.0162	-327.38916	20.79359	-304.7963	-357.34946	41.668797	42.26805	102.19697	-35.468803	-155.70337	72.63458	-44.36684	-246.65794	-319.39798	81.30571	-196.76498	-425.33267	472.14056	38.019783	531.7832	397.00485	1000.0	1000.0	619999	234.53438	27.166952	263.0447	19.962475	234.5344	27.16608	263.7537	19.043388	-5.3049135	2.6060257	62.122917	-19.27267	78.932205	7.5955186	51218.41969585419
156	936.1414	2.4505546	940.1936	932.4668	-346.85443	15.6501875	-334.5782	-373.73135	-7.354745	23.924072	46.735256	-30.214203	-144.69911	53.95342	-66.25755	-216.33736	-318.12634	60.67014	-233.54665	-403.20303	460.71597	24.118322	516.16797	437.63916	1000.0	1000.0	623999	234.0344	26.91879	264.20996	19.943394	234.0344	26.918215	262.3914	19.44735	-5.25569	2.5970912	25.602169	-20.460562	73.15359	7.3919744	51605.7275159359
157	861.3112	10.395169	878.5853	842.8206	-416.86853	23.531435	-384.69272	-441.12003	50.11039	40.651657	110.592804	-33.99505	-169.45575	22.715487	-141.6825	-204.485	-377.89	27.002722	-334.02887	-406.533	480.76602	42.068874	542.62286	393.90103	1000.0	1000.0	627999	233.99863	26.732924	262.44827	20.441689	233.9988	26.732418	262.47647	19.525063	-5.244815	2.6148849	19.731094	-19.163021	64.15258	7.382818	51952.603345155716
158	903.7687	3.8996398	909.0478	895.1431	-361.10077	46.91519	-298.00528	-424.31287	57.879253	19.182589	95.65123	34.799324	-165.00708	51.41682	-87.98211	-229.59834	-345.55746	46.302937	-278.6727	-397.39075	509.7636	20.366972	549.1528	486.57236	1000.0	1000.0	631999	234.07443	26.706234	265.0732	18.66581	234.07434	26.706	263.79636	17.850449	-5.191754	2.6381245	25.304523	-21.096935	61.72943	7.389473	52291.93812084198
159	861.3468	17.318901	894.82184	842.2502	-364.28284	80.86151	-269.8579	-480.94934	4.650206	41.589596	94.233665	-55.470505	-121.51712	41.14349	-79.21739	-189.65134	-303.65857	80.127014	-214.14635	-430.126	435.32358	44.995636	522.1347	369.69452	1000.0	1000.0	635999	234.62988	26.637453	263.16196	18.076305	234.62997	26.636871	263.26157	15.984511	-5.2108073	2.6293871	26.692009	-20.526878	68.660576	7.136365	52610.206099033356
160	946.0037	3.5960329	951.43	939.89624	-387.48694	23.880121	-347.7847	-411.49023	-229.55222	26.841099	-197.07817	-273.8695	-236.36035	61.077915	-133.28238	-286.99734	-430.10382	58.167507	-331.77112	-481.70218	243.44962	26.490725	277.85638	200.16588	1000.0	1000.0	639999	235.78574	26.578144	265.62134	18.168758	235.78574	26.578537	266.10904	16.403505	-5.2235684	2.6330094	26.881926	-20.866707	59.53959	6.8292446	52928.41432642937
161	864.0072	11.446183	881.725	849.154	-412.7621	41.741936	-361.53912	-471.50067	-217.43672	25.118116	-187.38977	-273.5691	-340.40802	43.865574	-279.0623	-395.35684	-546.78906	48.450554	-493.97656	-600.4947	214.5669	27.149635	247.01686	156.62611	1000.0	1000.0	643999	236.695	26.852053	266.60132	16.47895	236.69504	26.851542	265.59592	16.963535	-5.247114	2.6549213	25.586742	-20.549063	62.397774	7.069385	53246.34188270569
162	903.3309	7.49625	916.8312	891.44806	-406.22278	56.005077	-344.5584	-481.2823	-107.36339	50.661053	-7.8423767	-177.06882	-240.56252	63.657578	-189.38245	-349.66116	-443.6739	88.39104	-361.66165	-590.3023	344.30203	51.982018	441.28888	268.6552	1000.0	1000.0	647999	237.66122	26.88138	270.141	14.15411	237.66138	26.880566	266.6767	14.899336	-5.174319	2.6585703	24.537807	-19.303097	58.945137	7.0236144	53564.8674530983
163	940.34357	3.2626083	945.5035	936.7708	-370.88702	75.546844	-244.6634	-438.533	-77.57849	32.034897	-10.364586	-113.51628	-198.8638	37.63404	-168.73529	-261.47882	-384.3073	19.130192	-361.57596	-414.3214	392.59332	31.873278	458.97076	354.9548	1000.0	1000.0	651999	238.28773	26.751633	267.45325	18.485928	238.28772	26.750526	267.69925	17.180235	-5.1793656	2.6758697	35.05587	-19.05687	54.217632	7.0213823	53886.31454229355
164	910.0545	5.3255267	917.3193	899.44666	-360.5381	45.459625	-300.9355	-416.96964	-22.949438	18.045288	10.302958	-50.108425	-195.69241	29.670147	-151.30753	-224.70456	-375.96146	47.29015	-301.77527	-433.1894	432.0778	19.734732	468.96262	401.3914	1000.0	1000.0	655999	238.80692	26.735613	269.8467	16.397245	238.80688	26.73479	270.23077	17.03963	-5.2322936	2.6322255	33.935677	-18.2039	52.25786	7.095795	54208.21732354164
165	920.4419	9.457712	937.86426	906.78815	-385.82077	32.05014	-340.0029	-424.3131	2.5657096	36.83335	66.81055	-59.19647	-142.53264	20.528122	-116.37894	-173.88487	-335.443	30.060204	-308.3342	-386.04144	462.78662	38.861988	528.7101	399.65982	1000.0	1000.0	659999	238.9703	26.724367	270.27808	16.533989	238.97034	26.724354	268.24033	15.52052	-5.218736	2.6329107	32.91526	-19.093739	48.665855	7.2384553	54524.308013916016
166	940.0303	4.12539	947.67566	931.4909	-397.1407	9.055039	-382.68646	-407.59875	-82.50967	22.936485	-50.386433	-122.7963	-214.18771	14.679336	-197.40775	-237.78113	-412.75806	17.343342	-396.51688	-441.5805	387.50543	22.362547	420.29193	347.02075	1000.0	1000.0	663999	239.19315	26.955193	268.80984	13.6489315	239.1933	26.954834	269.891	13.80187	-5.232961	2.6222334	23.979523	-19.145107	46.70247	6.961698	54842.51835370064
167	885.2624	5.346944	893.0857	877.2198	-308.04004	65.19959	-207.01364	-378.41586	-131.3201	32.43704	-73.99507	-172.35641	-267.47266	54.72706	-199.36116	-345.50528	-421.49268	42.473473	-374.15457	-476.24274	311.31113	32.10894	366.03586	271.71716	1000.0	1000.0	667999	239.77557	26.843609	268.86963	14.353697	239.77548	26.841696	270.4668	12.975366	-5.2029757	2.6741967	26.36451	-17.955517	45.14426	6.9518633	55161.54990696907
168	899.68475	6.6565094	914.07166	888.20795	-381.54608	23.996828	-350.35895	-416.49823	-211.125	44.97631	-106.73031	-290.52206	-237.21318	45.704075	-171.55244	-295.02304	-427.9862	55.205494	-346.7319	-488.42575	238.71738	47.07878	350.3055	156.56303	1000.0	1000.0	671999	240.19958	27.11779	269.60425	13.161547	240.19966	27.116781	270.8499	12.501242	-5.1733828	2.6727753	30.101154	-19.701975	49.46494	6.9352403	55481.02572989464
169	897.0101	7.761787	908.13727	882.50977	-399.76428	60.933228	-316.51202	-462.64258	-297.64203	37.48819	-234.57076	-350.43225	-258.3694	60.52948	-170.31117	-331.151	-458.25153	82.46805	-328.56717	-557.804	150.86296	40.067043	216.78218	90.82263	1000.0	1000.0	675999	240.72322	27.133387	272.5191	14.35751	240.72343	27.132263	270.2447	12.030163	-5.1705728	2.6507711	28.415113	-19.320095	52.039585	6.997738	55800.28125619888
170	785.8363	8.533897	806.13403	773.81445	-384.96613	53.723175	-339.90433	-474.12082	-175.03195	46.243237	-80.27693	-247.92838	-305.7104	70.22498	-205.29999	-385.61398	-498.19345	93.192474	-378.1466	-622.6744	217.88615	48.99895	322.79007	138.97885	1000.0	1000.0	679999	241.90222	26.937346	270.85687	11.42282	241.90205	26.937077	271.4996	10.105738	-5.0812373	2.672253	30.072737	-18.755207	48.78728	6.9247847	56118.25440764427
171	893.0133	6.611734	901.3016	880.6654	-384.79736	34.26678	-335.1008	-430.52975	-403.2339	56.192326	-303.56168	-477.81836	-414.11984	96.84807	-310.53845	-524.4646	-606.51855	98.71136	-492.87708	-721.8511	43.272766	56.66987	140.27931	-34.756905	1000.0	1000.0	683999	242.99266	27.104128	274.4357	13.320426	242.99306	27.103504	271.25626	10.941366	-5.190626	2.6517062	21.060724	-18.942577	44.26171	6.8671303	56435.631159067154
172	915.6678	11.123416	932.87964	897.22797	-386.2694	6.9458356	-378.11264	-395.40176	-274.58258	28.175133	-236.2399	-324.6298	-429.04416	68.23019	-347.83286	-516.05536	-622.1789	68.378296	-543.03046	-706.63934	183.25137	25.22696	212.37407	139.34953	1000.0	1000.0	687999	243.90332	27.127634	274.2844	13.7843075	243.90312	27.12673	275.8545	13.749603	-5.17808	2.673934	21.033707	-21.135569	45.403397	6.9243383	56749.811688661575
173	917.74023	9.12573	930.0097	900.02106	-413.90558	18.069386	-396.14578	-443.91925	-163.41989	27.58552	-129.79924	-221.81575	-367.32477	31.449968	-327.7407	-403.42422	-574.2776	25.29027	-548.3601	-601.49713	295.45026	30.193047	334.6227	232.82329	1000.0	1000.0	691999	244.45003	27.190477	274.12665	14.554876	244.45018	27.190594	273.97415	14.109252	-5.173113	2.6767123	50.87244	-20.295132	38.179794	6.908985	57064.44165182114
174	963.275	9.079436	983.7516	949.7992	-390.61053	26.848925	-357.9607	-424.5491	-141.68665	24.624313	-102.79924	-183.59554	-284.5162	81.396805	-190.81273	-412.5559	-479.82147	82.60537	-369.79306	-598.42316	339.95087	26.65815	378.3562	291.30408	1000.0	1000.0	695999	245.0096	27.211508	275.0198	13.806555	245.00983	27.208925	275.188	12.402273	-5.173394	2.6897683	26.044973	-19.508877	44.433712	6.734618	57380.05448579788
175	946.2874	11.159048	970.1773	930.6006	-376.94858	20.324444	-349.35565	-399.5079	-321.10608	26.471132	-280.4664	-370.96964	-376.69946	67.90856	-285.38928	-468.42535	-565.1737	77.18973	-460.0671	-664.953	152.03763	30.587261	204.62225	100.35559	1000.0	1000.0	699999	245.20354	27.207369	275.40103	15.203621	245.20361	27.205578	275.41043	13.368169	-5.306477	2.6451144	43.15425	-20.479605	39.667366	6.833688	57699.82114601135
176	931.1963	5.7883015	941.89966	922.34467	-345.32394	37.56352	-289.54288	-392.84778	-206.11043	35.279408	-133.04382	-251.60947	-368.67838	73.53103	-244.20625	-434.1979	-541.34033	74.29218	-424.40906	-630.62177	259.4877	35.94791	329.20413	209.56287	1000.0	1000.0	703999	244.79868	26.971544	274.1442	14.593086	244.79897	26.970228	275.1588	13.566324	-5.2570114	2.6592963	45.307716	-21.442778	26.783035	6.880811	58032.02552366257
177	904.0709	12.390046	920.0218	881.0895	-387.05432	18.912941	-371.001	-419.24222	-177.77602	41.53622	-108.58748	-244.74652	-301.82498	68.50396	-212.06764	-394.37814	-495.3521	63.051083	-421.68875	-584.79803	274.25943	41.78295	349.05106	215.26437	1000.0	1000.0	707999	244.51418	27.065132	274.35394	13.388855	244.51411	27.064722	273.79022	12.407467	-5.2065063	2.6434662	31.123281	-20.319923	21.466022	6.6573515	58366.7246325016
178	873.5835	14.085674	897.1556	844.4567	-387.64523	23.545612	-370.2692	-428.1708	-138.18845	15.190197	-113.28683	-162.23936	-343.51105	44.746803	-290.91705	-407.71542	-537.33374	37.320713	-503.6119	-594.93024	298.60327	19.055382	333.55243	276.48987	1000.0	1000.0	711999	244.4989	26.820206	273.59283	11.154478	244.49866	26.820396	274.76614	10.881843	-5.193689	2.637649	26.888706	-18.124218	34.247757	6.8884535	58712.99144697189
179	907.2699	4.904808	913.82104	899.19946	-363.81152	62.428864	-312.4052	-469.87387	-186.24918	36.512463	-132.79868	-238.94063	-246.46216	77.20561	-164.3396	-327.38306	-428.3679	60.66834	-337.6308	-490.57532	267.38574	38.0335	320.85764	211.12537	1000.0	1000.0	715999	244.22748	26.842873	272.73395	7.3566475	244.22768	26.842024	273.04318	9.998543	-5.2143693	2.6496313	31.834246	-17.94106	19.636822	6.78013	59096.29394245148
180	849.97656	10.454537	872.10834	836.739	-392.80655	37.034195	-361.723	-452.49832	-313.46063	28.266832	-261.17236	-351.117	-364.5321	31.050121	-335.27396	-413.4544	-560.93536	21.012777	-537.8431	-594.3159	111.52763	30.65552	165.75095	70.45445	1000.0	1000.0	719999	244.916	26.55414	274.21252	12.4145155	244.9158	26.553474	274.48285	11.079646	-5.1982355	2.652573	40.557777	-20.38325	13.691437	6.7968016	59495.297281742096
181	901.08105	4.5762715	908.2893	891.6112	-403.70096	22.049757	-374.83972	-425.23352	-149.06903	19.150768	-124.32037	-176.48114	-307.8042	39.73432	-245.27177	-351.07388	-509.65472	45.87422	-432.69165	-545.944	301.4715	20.050581	328.2575	272.45328	1000.0	1000.0	723999	245.45354	26.917933	274.315	13.798262	245.45366	26.917494	275.3226	13.085461	-5.2022133	2.683384	44.067726	-19.645668	18.75738	6.691924	59809.77951359749
182	899.3805	17.019093	933.682	869.52856	-389.85123	37.89087	-331.92654	-437.91202	-219.97318	32.84426	-176.56963	-273.19983	-367.36328	48.789413	-293.35452	-428.26535	-562.28894	67.677795	-459.31778	-647.2214	229.71704	37.969975	288.15125	161.56445	1000.0	1000.0	727999	246.24286	27.047657	274.67828	11.37607	246.2427	27.04754	275.276	12.6573925	-5.177221	2.6924508	47.57627	-20.09052	15.04605	6.7805953	60138.062091350555
183	855.65	7.3249407	872.2963	845.0391	-393.3878	20.706593	-371.54764	-419.12698	-334.9422	20.202118	-311.02664	-370.70724	-497.38455	49.907223	-435.91342	-572.9769	-694.0785	44.545464	-645.4769	-760.27026	92.88279	21.784042	118.30881	51.812305	1000.0	1000.0	731999	247.18442	27.220247	276.52988	12.084215	247.18459	27.219374	275.68896	9.74177	-5.1935287	2.6608927	36.520252	-21.436012	15.255897	6.44686	60517.432339668274
184	910.8009	6.844933	919.5981	898.1666	-351.581	50.283794	-274.7881	-399.75085	-348.72733	36.245747	-285.68686	-409.06403	-386.0238	24.178757	-347.47504	-414.26828	-561.81433	16.103785	-547.35046	-588.64966	106.67317	37.072933	166.47173	45.538383	1000.0	1000.0	735999	248.10445	27.28192	276.66977	8.890146	248.10454	27.280767	276.8757	10.123375	-5.107783	2.6926825	29.30552	-18.747522	24.20829	6.6057305	60867.02248120308
185	989.8571	20.578405	1015.3489	952.5592	-366.14038	20.609737	-333.08722	-384.4963	-273.11835	35.284855	-230.05588	-339.6416	-409.22495	34.818977	-373.96866	-449.2743	-592.2951	43.831142	-540.51227	-640.51306	221.81021	36.007652	270.90536	156.18658	1000.0	1000.0	739999	248.55911	27.360577	277.66855	9.727945	248.5593	27.359959	277.72263	9.302011	-5.19445	2.6456702	32.804703	-18.032362	35.103306	6.5706034	61196.55237865448
186	842.9528	5.756236	853.51636	835.894	-371.36914	46.10026	-299.61166	-426.1789	-287.58386	27.168243	-249.60034	-331.4679	-343.8238	44.678646	-282.40726	-386.54266	-529.50836	59.009045	-432.2131	-581.4092	133.89258	28.070196	174.64603	86.47907	1000.0	1000.0	743999	248.67532	27.078487	284.5597	9.849794	248.67526	27.0773	278.4046	6.61487	-5.196715	2.6627033	31.053951	-19.522242	39.928555	6.739182	61526.72939348221
187	914.08057	3.7630546	919.71136	908.23737	-350.35883	38.33519	-309.08148	-409.72638	-321.71	30.29964	-263.6614	-369.04453	-380.90594	44.133083	-322.8951	-435.5106	-556.0853	49.545647	-477.43585	-613.96484	135.33029	30.349981	191.36882	88.19652	1000.0	1000.0	747999	247.98996	26.87276	277.6248	6.57925	247.99004	26.872696	276.19046	6.7564445	-5.310374	2.6284437	33.35642	-18.63763	29.71486	6.6296134	61857.999853372574
188	925.65234	3.29595	931.0047	920.581	-381.5461	13.452846	-365.01944	-401.7779	-202.28436	19.298504	-166.07477	-236.21806	-358.4978	54.351955	-303.40765	-425.70084	-549.2709	53.728054	-485.91736	-613.468	260.54184	19.34806	294.21573	225.61124	1000.0	1000.0	751999	247.1003	26.871906	279.2607	4.849442	247.10027	26.871683	276.729	5.118178	-5.29761	2.6286335	45.234467	-20.10596	30.67683	6.626582	62186.355419397354
189	912.8506	6.528569	922.56525	901.41986	-369.59424	25.438786	-329.21445	-399.6349	-190.577	33.554676	-141.97156	-253.41154	-371.1229	49.9631	-298.89105	-439.0851	-555.92004	47.593273	-498.7085	-625.95337	265.84833	34.423466	315.1387	204.2952	1000.0	1000.0	755999	246.77776	26.57586	274.93637	4.8530345	246.77744	26.575949	276.63235	5.0519314	-5.242771	2.6578243	33.87191	-19.105923	38.7394	6.6004486	62532.39857649803
190	880.6688	5.1386185	888.8283	871.50525	-348.48773	78.367676	-236.76476	-451.904	-198.75777	33.951126	-143.75533	-249.46552	-338.14255	65.73125	-244.01079	-423.63956	-512.3865	60.737873	-437.6628	-586.948	241.57674	34.51278	300.65884	188.64328	1000.0	1000.0	759999	246.97902	26.665386	279.8989	4.8689733	246.9791	26.66474	275.68176	5.0672874	-5.212832	2.6594744	33.477478	-18.252073	21.177988	6.947395	62951.85786318779
191	942.6206	3.8896482	948.7498	935.6933	-389.9287	14.803051	-365.4165	-404.24423	-320.49887	19.904888	-291.8519	-355.0172	-290.28992	67.104385	-185.67221	-369.69812	-485.25427	67.93768	-381.65466	-571.82025	150.8114	20.355198	182.10811	119.35768	1000.0	1000.0	763999	247.0665	26.857862	275.96027	4.8875647	247.06638	26.85737	276.55225	5.084605	-5.1874614	2.658273	43.744328	-17.910238	22.846838	6.7046347	63318.31260609627
192	886.8032	3.765173	892.9793	881.5157	-356.33188	13.114847	-340.05728	-375.39984	-304.9128	23.738523	-260.89554	-333.99664	-387.2942	44.74019	-326.15323	-451.03305	-565.4601	46.028694	-500.98346	-631.13806	138.48878	23.586868	179.86232	110.14299	1000.0	1000.0	767999	247.58258	26.695614	276.40753	4.8982	247.5824	26.695213	277.46542	5.098417	-5.247847	2.7039158	56.187073	-20.144367	22.149353	6.7851005	63666.45083594322
193	912.2653	7.2626605	928.9695	903.8645	-404.73236	27.4955	-357.57047	-425.66434	-429.01978	19.548912	-382.17606	-452.57404	-365.67114	47.864845	-290.4381	-419.78226	-568.03735	48.493763	-503.2703	-627.2221	27.112873	22.146511	82.308685	1.3003713	1000.0	1000.0	771999	248.0318	26.852	285.31262	4.9155173	248.03207	26.85127	277.46667	5.115543	-5.239626	2.7023466	26.27564	-22.48526	17.167011	6.6811852	64062.457184791565
194	881.68146	4.283251	886.06506	874.80273	-389.70276	39.1154	-322.41	-417.9636	-477.56256	46.733997	-410.24365	-563.82	-509.30386	11.682009	-496.3744	-523.5279	-704.1553	14.161619	-684.7329	-724.61334	-36.72184	47.448063	32.13243	-124.71427	1000.0	1000.0	775999	248.6985	27.242714	279.09372	4.9334583	248.69852	27.241049	279.43884	5.1324606	-5.2011957	2.7135882	34.949265	-18.273666	14.797276	6.989869	64478.84137773514
195	895.20233	4.430711	902.1788	886.76074	-434.26312	38.772236	-398.1763	-494.4311	-298.89066	37.594604	-266.29166	-397.05707	-420.58716	13.486982	-406.9814	-440.62164	-637.7187	12.180831	-626.23926	-656.82837	148.71059	38.450863	182.75914	46.323322	1000.0	1000.0	779999	249.45786	27.170023	278.50778	4.9511776	249.4578	27.168652	278.69974	5.1493554	-5.1986494	2.6672773	23.105854	-20.463362	25.02639	6.978581	64914.420370578766
196	911.9808	2.8290575	917.3713	907.79016	-419.41187	44.904167	-356.3224	-463.9904	-348.72983	24.393661	-302.96683	-376.1854	-362.18246	29.222929	-321.5887	-396.84637	-571.8884	16.487577	-553.5839	-595.66125	107.260574	25.220861	153.9025	78.665825	1000.0	1000.0	783999	249.64984	27.110998	279.9684	4.9674473	249.6501	27.109913	280.47522	5.1657524	-5.130166	2.6713414	70.86649	-17.464237	29.194948	6.7519617	65310.17340040207
197	857.15515	9.607886	877.2498	842.3486	-381.393	30.219526	-350.34232	-424.30334	-413.752	43.043262	-355.9001	-470.69934	-387.5177	52.665867	-339.6062	-468.7378	-578.21423	46.795506	-520.0352	-643.90894	14.825651	45.315704	75.093475	-44.283703	1000.0	1000.0	787999	249.7149	27.091038	279.9119	4.9854217	249.71477	27.088943	279.98703	5.1829076	-5.131783	2.6679027	31.425932	-19.747772	14.765716	6.661702	65674.93912100792
198	884.40576	4.867156	892.3415	876.92267	-369.69052	54.383366	-291.69135	-443.99622	-496.76556	35.979504	-431.56677	-573.6093	-415.4863	80.97873	-306.83932	-530.17993	-600.33154	108.046585	-452.68497	-752.17804	-54.562683	36.56758	13.109146	-129.43443	1000.0	1000.0	791999	250.46242	27.147413	282.98416	5.0029387	250.46242	27.145876	280.69678	5.1992803	-5.1600413	2.6723423	41.845627	-19.519447	17.39102	6.909528	66022.62677526474
199	912.39246	6.6584816	922.1895	901.63635	-424.41302	55.292286	-353.29315	-507.65738	-449.7932	45.705673	-369.95276	-534.7971	-435.9804	24.71493	-411.25485	-475.37833	-648.1869	38.62821	-587.9014	-689.13336	6.4030113	44.719627	86.74715	-73.70235	1000.0	1000.0	795999	251.1933	27.08317	281.04373	5.019184	251.19354	27.079746	284.7391	5.214999	-5.1590095	2.6477344	33.984726	-20.09476	11.200473	6.830882	66417.5643401146
200	894.9601	7.9212112	911.313	883.94604	-384.50696	52.705765	-324.06766	-468.13046	-426.10352	32.96387	-374.30807	-474.33783	-488.68433	26.473871	-444.62305	-515.038	-680.9378	36.96068	-626.1177	-729.2828	21.376509	33.987953	72.100655	-28.312323	1000.0	1000.0	799999	251.52454	27.09694	281.57718	4.984972	251.52452	27.094858	282.00784	5.2329955	-5.182136	2.6522853	27.700703	-19.736567	22.22289	6.902167	66788.33253192902
