Epoch	AverageTestEnv0Ret	StdTestEnv0Ret	MaxTestEnv0Ret	MinTestEnv0Ret	AverageEnv0Ret	StdEnv0Ret	MaxEnv0Ret	MinEnv0Ret	AverageTestEnv1Ret	StdTestEnv1Ret	MaxTestEnv1Ret	MinTestEnv1Ret	AverageEnv1Ret	StdEnv1Ret	MaxEnv1Ret	MinEnv1Ret	AverageEpRet	StdEpRet	MaxEpRet	MinEpRet	AverageTestEpRet	StdTestEpRet	MaxTestEpRet	MinTestEpRet	EpLen	TestEpLen	TotalEnvInteracts	AverageQ1Vals	StdQ1Vals	MaxQ1Vals	MinQ1Vals	AverageQ2Vals	StdQ2Vals	MaxQ2Vals	MinQ2Vals	AverageLogPi	StdLogPi	MaxLogPi	MinLogPi	LossPi	LossQ	Time
1	-518.4142	12.328673	-488.61954	-531.49115	-316.70776	52.087337	-230.01637	-368.8471	-111.94243	6.0857353	-101.30784	-122.17525	-206.54831	85.44813	-94.162994	-331.24863	-523.25604	115.89082	-408.62335	-700.0957	-630.3567	12.958929	-610.7948	-645.4621	1000.0	1000.0	3999	10.045856	5.7932296	49.75364	-0.024032883	10.04618	5.7933717	49.74345	0.24217352	-8.111162	2.120645	12.613711	-17.720245	9.259865	1.2512863	75.71145558357239
2	-1111.7357	101.126205	-955.7825	-1330.0546	-364.30133	56.227135	-275.0338	-420.1873	-241.94736	55.70887	-132.08168	-306.98383	-218.08188	28.32587	-178.76483	-258.69305	-582.38324	57.285904	-489.87204	-640.2187	-1353.683	72.57213	-1242.1659	-1476.4114	1000.0	1000.0	7999	35.717884	12.057205	102.73561	6.7546163	35.71741	12.058829	102.24321	6.435917	-2.6802056	4.870294	41.01656	-20.194439	29.78507	5.6641626	168.27181339263916
3	51.93684	85.978065	269.38882	-20.35985	-690.74805	380.13034	-303.70654	-1182.5358	-102.48458	54.886665	3.0106697	-171.46301	-253.68642	41.965275	-211.0567	-296.3586	-944.43445	388.2871	-550.06104	-1478.8944	-50.54774	103.16664	218.31795	-145.55783	1000.0	1000.0	11999	84.42561	16.844355	146.81456	40.2564	84.42452	16.84616	145.3115	40.033848	1.850687	6.388638	66.718834	-20.971033	67.48424	14.791893	263.4586672782898
4	554.93933	76.48073	693.19965	427.34863	-652.78485	128.94476	-476.95926	-802.22974	-131.05016	49.851406	-32.418648	-197.22597	-264.85803	40.34811	-203.10681	-316.24802	-917.6429	95.27095	-793.2073	-1014.93414	423.8891	109.07723	622.95184	296.40417	1000.0	1000.0	15999	95.51006	14.187768	146.72348	56.584232	95.5106	14.184506	145.27187	55.42046	-6.2727537	3.2420192	23.52684	-18.74196	73.32325	11.105832	361.5503373146057
5	538.97925	49.52642	621.8021	442.0355	-425.64276	63.86691	-373.9799	-531.07086	-114.968796	15.5188675	-90.78105	-136.66158	-191.74008	25.083471	-154.62654	-224.75392	-617.3828	41.92632	-572.29694	-685.6974	424.01044	58.211246	517.2391	305.3739	1000.0	1000.0	19999	86.94673	13.827015	143.15376	50.20578	86.94702	13.826215	143.1104	50.353374	-7.9818068	2.0306313	10.266316	-18.479134	67.07656	7.5475473	459.7870638370514
6	724.45953	56.289932	842.8755	665.8467	-263.41507	50.10935	-220.15475	-346.00964	-42.38813	4.1570954	-36.458645	-49.414684	-147.90428	48.745533	-100.19189	-229.45844	-411.31934	72.2958	-326.95636	-490.18976	682.0714	55.67269	797.534	626.87775	1000.0	1000.0	23999	80.456825	11.968699	135.62491	48.299465	80.457504	11.967161	138.57603	48.528954	-8.323187	1.7180456	13.359463	-17.6633	62.1823	5.8148017	558.4223613739014
7	835.7961	32.36321	908.3414	795.67096	-270.5354	64.49818	-173.45654	-354.54123	-123.694824	23.54031	-83.94301	-156.4796	-84.56918	38.854042	-20.934366	-122.71467	-355.10458	78.23669	-260.54233	-462.0831	712.10126	52.261143	824.3983	645.1603	1000.0	1000.0	27999	77.24233	10.062452	130.01991	46.675438	77.24262	10.060397	131.18216	47.9101	-8.392305	1.6007774	6.849928	-18.632374	59.83742	5.1129317	656.7764828205109
8	786.7095	6.917073	795.54376	775.7037	-167.43123	14.331992	-152.97205	-184.23029	-16.790892	17.011768	15.910362	-35.236702	-75.050766	40.291965	-49.194607	-144.75732	-242.48201	33.369884	-208.1369	-297.72937	769.9186	18.402224	809.3618	745.45715	1000.0	1000.0	31999	76.54318	8.753496	130.2639	47.17883	76.54364	8.751581	131.7453	47.727554	-8.357341	1.5867997	8.739187	-21.023296	59.239483	4.887303	755.6043720245361
9	834.12616	6.429361	842.7783	821.82367	-133.82445	33.486668	-80.23857	-167.20862	14.824209	6.9335833	30.572065	4.096154	-77.09492	47.43458	-18.582268	-149.91867	-210.91936	52.748444	-140.93877	-281.69028	848.9504	6.1058245	861.80536	842.15027	1000.0	1000.0	35999	77.43437	8.230062	142.93848	48.57367	77.43481	8.230268	142.85596	48.8764	-8.209694	1.6465895	15.368195	-17.529547	58.928604	5.0369406	853.9858257770538
10	870.44763	9.001393	885.9682	851.25385	-100.7761	31.047953	-58.318466	-139.0954	50.41265	8.616032	66.69724	36.45165	-56.094673	9.492154	-43.713295	-70.097145	-156.87077	40.261032	-102.03176	-209.19255	920.8602	12.912879	935.80804	887.7055	1000.0	1000.0	39999	79.21344	8.317293	165.304	49.19197	79.21388	8.317805	165.36227	51.02733	-8.088241	1.6947311	20.068878	-17.87391	59.399418	5.092791	952.6268064975739
11	856.68964	16.2059	878.6984	819.40955	-51.30858	27.63576	-18.513954	-94.414215	127.42815	23.201353	155.81671	80.620255	-55.837227	25.638803	-31.664766	-93.48672	-107.1458	20.32622	-73.0296	-126.07898	984.1178	29.408962	1013.1634	923.573	1000.0	1000.0	43999	81.46753	9.021013	189.80295	50.372128	81.46777	9.023226	193.15422	50.657883	-7.9989896	1.7337687	29.412518	-19.716825	59.10149	5.2074428	1051.2782809734344
12	876.6044	7.592997	890.1658	864.01294	-2.1946077	29.883501	39.093838	-37.243267	-9.792209	4.916434	-3.1339781	-18.412136	-44.990196	10.001117	-30.319311	-58.306686	-47.184803	26.24752	-4.7558155	-70.39912	866.8122	11.512824	879.87665	848.3846	1000.0	1000.0	47999	84.07982	9.74235	214.20384	49.414402	84.08011	9.743913	214.34056	46.893417	-7.923504	1.7608881	17.280067	-19.595898	60.222633	5.265991	1149.9248321056366
13	907.36865	16.313635	928.79315	873.21356	2.5957785	10.770266	15.922813	-12.954404	25.2859	13.960764	50.672153	5.8514256	-39.42889	17.461563	-14.811213	-61.839397	-36.833115	6.714086	-27.765615	-45.916584	932.6545	11.591496	956.35205	910.3843	1000.0	1000.0	51999	87.18958	10.960659	253.55148	48.267666	87.18948	10.961484	257.1035	49.974506	-7.8686733	1.792898	22.3849	-17.629421	62.213524	5.2879305	1248.6502463817596
14	902.0599	8.783824	915.5797	885.9581	13.854706	51.93358	89.403046	-50.918617	-11.457998	5.318167	-1.9460135	-21.539465	-30.083075	12.271601	-17.87097	-46.209312	-16.22837	49.159073	43.193733	-88.675766	890.60187	7.1942887	898.76294	876.6516	1000.0	1000.0	55999	90.42167	12.704968	321.03354	52.267685	90.42193	12.704513	320.05814	53.2913	-7.791156	1.9049683	33.54675	-18.773386	64.10094	5.535247	1347.3086867332458
15	926.8407	12.208545	941.1068	892.0567	-47.085396	30.434227	-9.169561	-80.21138	23.39967	5.190897	31.39647	12.81482	-25.487812	12.290721	-6.5919514	-37.86425	-72.573204	37.127323	-15.761512	-108.32787	950.2404	14.906039	972.5033	912.6018	1000.0	1000.0	59999	93.78226	16.96264	483.7606	49.47472	93.78223	16.961573	477.98303	54.79852	-7.79426	1.9964718	43.157715	-18.94722	67.83269	6.299404	1446.030698299408
16	843.4162	18.849504	872.7587	814.62573	94.394035	44.230446	140.23975	44.721775	-39.824417	12.878692	-3.0299807	-48.628353	-6.7334423	34.78726	47.193657	-47.002842	87.66059	69.57143	183.80508	-2.2810686	803.5918	22.531042	842.4161	772.4735	1000.0	1000.0	63999	97.01461	23.42112	596.42914	53.752106	97.015	23.419075	595.3894	54.38478	-7.7709575	2.1399915	58.283646	-18.584717	69.08117	7.956859	1544.7904286384583
17	821.3411	20.7597	846.73145	772.84973	-21.88901	28.620129	8.425093	-68.55548	-33.669563	21.220755	4.2205725	-56.91086	-57.573467	73.22166	14.438341	-162.98573	-79.46248	86.17134	22.863434	-171.90051	787.6715	32.18598	839.82153	726.6271	1000.0	1000.0	67999	100.12148	33.169266	935.9147	52.318844	100.1222	33.165485	910.6801	52.891243	-7.732464	2.5455425	87.87298	-19.926476	69.52574	12.638334	1643.492083311081
18	828.77014	11.536408	843.6281	803.86914	-198.31876	112.818634	-101.116035	-388.00317	-44.665405	6.763252	-34.21666	-56.228706	-42.14509	73.87804	31.740839	-139.4117	-240.46385	152.53416	-73.957405	-476.0713	784.10474	17.71067	804.65564	747.64044	1000.0	1000.0	71999	103.40014	55.712696	1507.0128	52.954266	103.4008	55.718323	1549.5964	53.31408	-7.5624137	3.2890286	114.91039	-18.445438	71.00355	24.078512	1742.4081740379333
19	677.1859	49.15336	731.2808	587.16125	-115.49732	31.754213	-72.43721	-161.21185	-16.033564	25.752087	20.056618	-56.877018	-26.843765	26.750217	7.518286	-58.755455	-142.34108	48.130653	-82.33766	-207.44928	661.1524	67.95592	733.47095	531.2362	1000.0	1000.0	75999	107.0513	78.408844	2002.5328	50.802692	107.05313	78.4084	1989.0957	52.52691	-7.380225	3.5405452	113.323814	-18.468887	76.006355	35.08271	1840.8985435962677
20	603.86707	33.36676	693.4738	570.2333	-190.13118	121.51903	-74.02473	-394.3043	11.644787	8.158337	26.578245	-2.0610216	-63.554497	73.98466	59.688858	-132.73787	-253.68567	150.84901	-89.74532	-500.02835	615.51184	29.693226	698.09454	586.12115	1000.0	1000.0	79999	111.55745	102.12585	2615.6475	50.514843	111.55864	102.12584	2626.9133	51.939316	-7.05102	3.911121	126.620346	-20.102406	76.76813	54.815956	1944.187824010849
21	-1076.7148	537.2136	151.44652	-1606.3306	-989.9347	37.650475	-951.2273	-1047.7401	-156.99721	158.54155	201.59564	-361.2549	-143.11989	72.21171	-27.959414	-224.47278	-1133.0546	86.92393	-990.3432	-1222.0189	-1233.7122	659.8537	110.09213	-1867.7067	1000.0	1000.0	83999	157.49982	272.97623	2862.5718	47.784866	157.50203	272.97394	2846.826	47.006016	-2.3435419	8.753865	113.17742	-19.423473	108.096794	252.1475	2049.2337152957916
22	-741.7022	46.46054	-680.7204	-820.1974	-1110.021	191.47554	-783.67584	-1272.6123	-276.58624	19.361103	-256.23965	-320.91254	-345.0257	90.82578	-190.70563	-422.9867	-1455.0465	282.27188	-974.3815	-1695.599	-1018.28845	57.349506	-936.9601	-1141.11	1000.0	1000.0	87999	270.93103	372.50858	2586.3486	40.103394	270.93555	372.4907	2604.2031	33.750584	3.813942	9.877938	85.09423	-19.121254	185.60081	604.8998	2154.294900894165
23	-1164.0867	163.65034	-905.2421	-1364.2179	-925.91516	117.87082	-800.34296	-1114.6157	-454.42657	88.40779	-365.10144	-666.5574	-358.8877	109.748215	-233.41414	-534.11017	-1284.8029	178.4141	-1094.5594	-1464.3558	-1618.5132	106.84565	-1372.4073	-1729.3192	1000.0	1000.0	91999	382.89923	375.42038	2148.5762	31.792133	382.906	375.40454	2146.416	25.39809	6.833518	8.741115	74.961	-18.78815	270.45468	825.5781	2262.7504601478577
24	-1286.7854	299.22452	-768.6594	-1747.9985	-862.44836	96.77728	-755.8705	-972.9323	-268.96255	169.62311	0.5554964	-587.79553	-397.33066	17.762346	-368.0581	-414.11975	-1259.779	90.22281	-1169.9902	-1381.2655	-1555.7479	329.47598	-1131.0411	-2335.794	1000.0	1000.0	95999	457.77335	323.163	1677.8071	34.546932	457.76923	323.17377	1703.8077	41.53695	7.1589313	7.9411693	102.05247	-18.522495	321.28006	837.4102	2371.433458328247
25	-1225.7711	192.00594	-815.453	-1510.2227	-924.8606	186.0448	-639.24506	-1148.1255	-208.47299	119.58435	-6.2589083	-358.8402	-281.5465	54.842907	-188.3963	-328.92853	-1206.407	173.38159	-968.1736	-1458.1058	-1434.2441	236.44643	-1160.4043	-1869.0629	1000.0	1000.0	99999	480.1945	256.92413	1361.1195	31.184092	480.1957	256.93445	1405.6205	37.20067	5.4464126	7.4441094	65.63447	-18.691135	336.16058	707.86	2477.3547055721283
26	-950.37024	303.42984	-442.7539	-1375.3927	-1015.4315	86.81986	-871.8189	-1092.7333	-170.22734	35.197968	-142.56154	-263.56238	-184.37256	34.911716	-148.29703	-238.1574	-1199.8041	110.90635	-1031.1466	-1312.7449	-1120.5977	286.07632	-641.5308	-1546.6328	1000.0	1000.0	103999	459.12	194.75266	1046.8694	22.617882	459.1236	194.75983	1033.134	33.251842	3.223467	6.442624	62.77415	-18.679445	315.07715	480.8322	2589.754390001297
27	-506.6136	301.47928	-98.04276	-983.40216	-683.3726	84.46341	-538.6603	-746.54333	-44.253094	55.700813	16.315813	-150.31332	-148.96158	44.579155	-99.97997	-203.59581	-832.33417	113.23639	-649.0945	-950.13916	-550.8667	332.53833	-90.407234	-1018.74475	1000.0	1000.0	107999	416.2205	146.36583	808.85803	28.216434	416.22125	146.3759	808.676	31.624723	0.28493446	5.387512	48.290268	-19.099855	276.06772	293.49313	2687.678484916687
28	-472.42358	237.3879	-120.84111	-953.6831	-556.933	38.061584	-499.25284	-604.58026	-54.763134	37.354305	12.036586	-125.45767	-129.17743	67.39011	-62.65522	-225.95924	-686.1104	89.590324	-561.9081	-779.33124	-527.18665	210.89165	-176.10594	-941.64655	1000.0	1000.0	111999	363.83777	109.06441	644.22705	46.245377	363.83792	109.074486	651.8502	46.93092	-2.147886	4.6269636	48.732872	-20.437283	250.63213	177.64487	2785.6734898090363
29	-297.00665	273.1004	243.58894	-616.2812	-460.06396	67.62455	-357.59863	-528.8646	-85.16259	29.272327	-28.562944	-118.04878	-111.66363	19.7265	-91.686134	-139.81654	-571.7276	69.621124	-478.04767	-652.01855	-382.16925	289.00543	191.27946	-712.4723	1000.0	1000.0	115999	316.66165	81.29383	519.96985	47.60374	316.66006	81.2973	523.3148	53.305412	-3.9807432	3.9264636	33.035027	-19.449635	218.80411	102.45372	2883.683657884598
30	264.4786	291.38837	581.7228	-247.37779	-334.5373	22.979895	-302.70117	-365.48325	-7.372546	63.08892	89.999756	-130.24481	-31.685825	12.891936	-11.532156	-44.688736	-366.22314	28.335981	-332.30573	-410.172	257.10608	263.7109	608.0546	-157.37804	1000.0	1000.0	119999	274.46497	61.555103	428.34024	51.63609	274.46567	61.557507	430.58728	56.733147	-5.593923	3.1519306	29.047478	-19.110003	187.96953	56.604195	2981.637250185013
31	328.10788	110.10422	537.9199	210.95496	-321.86884	83.983025	-211.91534	-418.20938	-5.619758	5.8850665	3.9153063	-16.803728	-45.09004	47.502743	27.915516	-104.737076	-366.9589	119.741936	-242.67078	-522.9465	322.4881	114.252655	536.40155	194.15123	1000.0	1000.0	123999	239.54774	47.221737	353.0317	58.420742	239.5476	47.22352	352.8614	52.352623	-6.7011805	2.5987594	29.42591	-19.914032	168.50677	33.160973	3079.6250789165497
32	532.57825	32.54962	582.4915	462.7955	-188.00266	23.019728	-154.45183	-219.48497	-38.974083	4.010252	-32.79661	-47.05859	-47.04239	12.192995	-30.304829	-59.39234	-235.04504	31.428812	-194.95923	-278.87732	493.60425	35.35434	545.98694	415.7369	1000.0	1000.0	127999	211.75333	37.696068	293.51077	63.40256	211.75307	37.698517	297.16943	57.98414	-7.406111	2.1902494	15.835936	-21.000149	148.79535	21.059603	3177.8693177700043
33	685.0217	26.942791	740.91736	652.8577	-209.5245	55.747166	-117.07437	-256.07657	-2.648059	4.996485	3.243795	-15.174101	-9.731916	7.234524	1.2935302	-16.307787	-219.25642	54.003475	-133.38216	-266.8073	682.3736	26.443008	725.7432	648.4878	1000.0	1000.0	131999	190.27168	31.048264	255.542	65.69737	190.27184	31.050312	248.69371	65.075874	-7.853015	1.9027859	21.611923	-18.809101	132.12134	14.4251175	3275.990255355835
34	660.6584	27.839281	696.0755	613.91486	-121.850525	38.563282	-70.96856	-164.98206	27.175274	9.463015	38.033142	13.409024	-14.95664	10.317345	1.2635487	-24.802923	-136.80717	31.489489	-93.87835	-178.35945	687.8336	19.86008	716.0733	651.2848	1000.0	1000.0	135999	173.7915	26.351063	227.75381	65.579796	173.79105	26.354105	227.70793	66.129585	-8.01148	1.7846694	21.243977	-18.268574	114.79575	11.42208	3373.9694395065308
35	590.25	19.422358	627.59125	556.6989	-140.16293	60.659615	-81.413734	-238.80913	19.974585	2.793673	25.827015	15.95494	7.621172	3.9662278	11.559954	2.1008306	-132.54178	59.70925	-70.20133	-227.24918	610.2247	21.645933	651.07825	575.392	1000.0	1000.0	139999	161.7337	22.940132	212.14499	64.98169	161.73341	22.942493	207.7257	64.24419	-8.139111	1.7125144	24.81987	-19.001324	104.651436	9.380646	3472.1962554454803
36	742.5661	16.899717	774.8296	724.30914	-120.77838	97.26035	31.2262	-238.80269	8.8235855	8.042889	24.120016	1.2687095	12.550327	20.277464	41.644817	-15.629366	-108.22806	104.837746	41.959118	-254.43207	751.3898	24.506466	797.9875	725.5779	1000.0	1000.0	143999	152.7749	20.445415	196.53064	63.813385	152.77458	20.447578	196.72884	67.79407	-8.174238	1.6822574	17.82212	-17.934841	98.909294	8.136605	3570.3594348430634
37	509.01825	22.861017	549.3787	468.07227	-68.77682	71.25616	35.899822	-162.62679	18.601849	9.48171	27.884884	-6.40953	17.304626	11.016951	34.22914	4.6754475	-51.472183	82.15583	70.12896	-157.95134	527.62	21.113419	563.70825	487.6423	1000.0	1000.0	147999	145.80693	18.924786	189.50153	65.52287	145.807	18.927551	196.16124	67.30847	-8.195892	1.6579059	10.955405	-17.96199	94.39053	7.5538626	3668.614629507065
38	765.9757	11.7183	783.51807	747.8463	-106.63204	109.63937	52.950798	-215.17291	-16.845062	0.77941644	-15.708862	-18.036526	-25.78144	97.69353	48.564075	-193.87161	-132.41348	179.60686	73.53906	-395.06348	749.13055	11.70011	767.61255	730.97614	1000.0	1000.0	151999	140.58553	18.310314	182.36093	64.57276	140.58514	18.312803	186.41539	65.10579	-8.191975	1.648464	11.178684	-21.660381	88.07122	7.293067	3767.167455434799
39	726.64905	27.327118	769.2296	692.39056	-3.7817698	34.405922	53.97617	-33.28628	-6.5090256	5.11372	2.504845	-14.357993	45.279457	15.070112	65.796646	23.280296	41.497684	21.70862	77.25646	18.967583	720.14	29.442463	767.38385	680.8096	1000.0	1000.0	155999	137.10083	17.851957	183.61154	62.937096	137.10104	17.854506	182.18146	64.215034	-8.175219	1.6664091	16.36259	-20.720995	84.01865	6.8365216	3865.628727912903
40	781.87103	26.360659	823.14026	737.17303	-18.849682	33.807495	29.946415	-61.538475	-5.6763997	3.062423	-0.8218291	-10.999513	69.981514	25.661749	112.21912	43.430244	51.131832	33.86347	88.76166	3.9229765	776.19464	23.914396	815.69135	735.44305	1000.0	1000.0	159999	134.6663	17.518183	182.83945	62.067596	134.66617	17.52072	182.62645	63.830074	-8.14786	1.6772146	17.657372	-17.833315	83.72514	6.5479574	3963.907880306244
41	785.0078	32.337116	833.83484	737.7721	-10.731918	20.92288	13.871202	-41.897644	-11.728033	2.8539255	-8.092688	-16.734608	67.57041	13.077125	89.13767	53.871616	56.83849	32.73144	103.00887	11.97397	773.2797	34.507526	825.7421	724.79565	1000.0	1000.0	163999	133.23367	17.366953	177.5204	60.788376	133.23337	17.37009	178.7024	63.48522	-8.108867	1.670571	11.296829	-18.57655	81.65092	6.3663754	4062.1479568481445
42	864.65546	11.492053	883.9146	843.37726	21.738588	56.37017	113.22693	-37.274612	5.430026	1.86645	7.580983	1.1299989	80.38488	20.402164	104.00556	47.95798	102.12347	71.33861	217.23248	40.60614	870.08545	12.413057	891.4956	848.3685	1000.0	1000.0	167999	132.15292	17.267076	180.79707	61.6562	132.1531	17.26949	187.02649	62.463417	-8.073828	1.6823446	13.787309	-20.226166	80.48731	6.229135	4160.17592549324
43	883.2884	30.608961	917.1514	828.00543	120.368965	55.134212	171.18513	29.733236	4.652881	2.6269104	8.121946	0.7713064	102.80907	26.244379	143.5749	70.37563	223.17804	33.60329	268.015	173.30815	887.9412	32.41274	922.3711	831.57385	1000.0	1000.0	171999	131.7792	17.404947	197.39864	60.75532	131.77911	17.407726	202.44089	61.293312	-8.002853	1.7213255	15.886656	-19.093227	80.55919	6.2297635	4258.142535448074
44	866.453	24.638586	922.38715	834.13873	125.635635	35.608044	156.78958	65.39755	8.90205	12.8076105	32.751587	-6.232284	73.89401	109.748665	166.22495	-112.46649	199.52966	144.7594	311.3822	-47.06894	875.355	19.898624	924.3249	852.1462	1000.0	1000.0	175999	131.82115	17.630316	174.8016	60.51445	131.82112	17.632746	180.5	62.207623	-7.949214	1.7549108	12.532692	-18.98188	80.615105	6.030953	4356.266076803207
45	818.5375	29.901455	839.4599	731.88	117.42941	34.343143	168.17842	81.55153	-17.160152	9.433226	9.198379	-29.605682	160.34958	24.096567	200.36638	141.09859	277.779	22.02478	309.92853	248.88269	801.3774	21.507328	822.40656	741.07837	1000.0	1000.0	179999	132.19438	17.950403	175.95914	63.358948	132.1943	17.952732	175.01118	63.082664	-7.884198	1.7676586	20.321552	-19.029264	81.345375	5.940334	4454.266835927963
46	792.355	17.301563	823.9774	769.43774	134.21165	60.554985	212.42984	42.779507	-10.110042	13.364465	20.433573	-21.885376	209.11642	35.67281	268.02634	175.6657	343.32806	85.16096	480.45618	248.56807	782.245	25.187614	844.411	754.9672	1000.0	1000.0	183999	133.04948	18.27475	191.00003	61.56134	133.04959	18.277952	193.29059	62.797714	-7.8054075	1.8073707	14.4241905	-18.254416	79.078354	5.969295	4553.884238243103
47	841.4669	55.174507	874.59924	682.8229	147.29262	30.022331	182.3761	100.14674	-29.26941	14.593193	4.879863	-42.03494	215.6802	30.19576	244.33853	164.91484	362.97284	17.97194	387.81885	344.4853	812.1976	43.550674	836.5247	687.70276	1000.0	1000.0	187999	134.27182	18.452	213.62433	62.768955	134.27164	18.454903	215.5105	65.59948	-7.7429957	1.8405305	19.53507	-17.880106	83.60395	5.92287	4654.9880084991455
48	795.24255	46.418	820.2599	656.94635	187.02574	58.061966	260.19937	97.672386	-43.74752	18.587896	8.897344	-55.64233	265.8721	32.56945	312.2102	226.58443	452.89783	38.19384	506.30618	409.8826	751.495	29.776714	781.5763	665.84375	1000.0	1000.0	191999	135.83507	18.646011	202.86269	67.06163	135.83492	18.64962	192.9044	66.51687	-7.6594577	1.896462	13.913111	-19.612125	83.79611	6.0232453	4759.677363395691
49	861.6227	7.8240314	883.5158	854.49963	172.77744	21.80462	204.6554	144.92735	-18.58844	2.8250897	-12.497083	-22.69729	298.72223	25.183506	326.2442	260.56177	471.49966	22.480738	493.485	437.424	843.0343	8.04469	865.04346	835.7227	1000.0	1000.0	195999	137.41656	18.86763	196.73994	64.36608	137.41643	18.870762	206.707	66.06011	-7.573007	1.9045883	34.42044	-18.745178	81.36409	6.0147953	4864.1134741306305
50	739.5436	18.231075	763.7239	699.6398	182.18083	28.665964	214.3911	140.51904	96.74855	20.193655	122.367004	64.483444	329.5885	30.750067	362.5805	287.72537	511.76935	31.2709	564.80176	484.3801	836.2921	19.649813	868.86005	800.646	1000.0	1000.0	199999	138.9906	19.160835	207.12932	67.64276	138.99057	19.163715	205.90578	64.59797	-7.530117	1.9396272	16.34193	-18.925549	88.92535	6.054193	4968.337250709534
51	792.60156	19.282154	827.5988	768.7819	188.90875	33.59314	234.37672	150.5275	13.890178	9.42379	33.715187	0.94052505	388.35672	33.727093	431.9961	349.57077	577.26544	6.1540604	583.9475	569.3069	806.4918	12.904872	836.66943	793.56714	1000.0	1000.0	203999	140.68976	19.575794	197.62312	68.45335	140.68951	19.579441	204.47343	65.72104	-7.459602	1.979814	18.211714	-17.995327	90.61986	6.0462294	5073.571154594421
52	808.09863	22.405922	839.3097	777.7401	238.37485	63.982903	347.83066	190.07545	286.99585	28.079865	337.16574	236.44472	398.8708	14.643126	423.00504	384.49747	637.24567	62.84023	745.0607	588.75464	1095.0944	43.1708	1176.4755	1020.53015	1000.0	1000.0	207999	142.23477	20.174904	208.92664	65.68089	142.23473	20.177673	214.2808	65.31092	-7.391552	2.0052311	19.800907	-21.1185	89.900856	6.0672803	5174.92559671402
53	809.4918	12.148547	833.39575	794.815	196.24689	114.24582	353.6969	63.4554	615.428	21.985664	645.1799	588.65204	283.73047	240.53815	472.68582	-129.24664	479.97733	327.34344	742.8307	-65.79124	1424.9197	21.123047	1449.0474	1387.0347	1000.0	1000.0	211999	143.74834	20.824276	186.4196	64.70814	143.74825	20.827291	192.79419	64.611855	-7.309366	2.047647	79.63155	-19.533142	90.339325	6.1657124	5275.108375072479
54	894.179	23.264574	935.2122	857.6372	242.17851	80.72836	381.21237	183.6414	661.6406	33.738525	727.3868	615.33405	520.42664	64.019	568.68665	412.27045	762.6051	24.43121	793.4828	729.40094	1555.8196	29.12747	1596.84	1493.674	1000.0	1000.0	215999	145.37106	21.278774	192.76903	62.266624	145.3709	21.281761	194.52396	63.447517	-7.239325	2.0587177	38.189407	-18.619156	88.24036	6.356459	5373.241118431091
55	817.8549	13.851521	838.5714	793.32764	200.16211	90.92748	350.54193	110.74356	559.17926	75.23092	693.5518	393.3982	335.47833	232.4776	568.38245	43.865185	535.64044	296.0453	909.2528	154.60873	1377.0342	79.05924	1526.2902	1218.5869	1000.0	1000.0	219999	146.85718	21.711529	190.6455	63.704052	146.85693	21.715242	199.02771	65.48635	-7.202845	2.069328	32.49643	-21.485725	90.166565	6.430022	5471.186773777008
56	894.1535	72.805664	997.60333	783.0112	227.2817	18.679256	250.46399	200.40483	810.75	41.245262	881.03796	757.73	593.3225	45.935486	669.44775	549.94214	820.6042	49.925842	906.60944	787.3868	1704.9036	103.05563	1840.312	1551.7899	1000.0	1000.0	223999	148.54195	22.19869	191.94542	63.005245	148.54195	22.200861	194.16808	64.71389	-7.1116915	2.0945663	14.521889	-20.552444	90.31171	6.4171095	5569.23233962059
57	888.54443	18.248732	921.5039	849.50934	228.61966	27.881054	268.6062	196.35606	710.01685	31.575838	765.65424	660.8443	639.45465	31.45386	672.7243	597.7888	868.07434	6.025714	876.8127	860.0092	1598.5613	27.581202	1652.6852	1567.319	1000.0	1000.0	227999	150.40993	22.698244	190.55586	60.194206	150.40977	22.701494	191.45338	61.2903	-7.044208	2.1234663	17.831314	-20.514513	93.40762	6.552459	5667.143862962723
58	772.0228	8.090319	785.6021	760.9389	247.48776	37.68825	293.6693	188.6716	855.02264	29.695219	914.1603	814.6851	645.31714	39.465553	693.87866	585.377	892.80493	40.684715	955.02814	841.3871	1627.0454	34.17893	1691.9738	1575.624	1000.0	1000.0	231999	152.20287	23.243567	202.05261	58.88667	152.20251	23.246653	215.33533	59.423313	-6.9525414	2.156147	31.987652	-18.730392	86.83732	6.780332	5765.016866207123
59	857.28284	29.701302	911.8384	799.32245	229.42697	31.86021	261.08173	188.58783	926.8122	29.716614	965.89484	860.7947	683.2165	74.50789	780.2085	604.946	912.6435	83.37609	1041.2902	813.00116	1784.095	43.4789	1850.3025	1715.4305	1000.0	1000.0	235999	154.17558	23.951084	207.58086	54.42127	154.1757	23.953863	214.18977	58.46484	-6.8873787	2.196547	28.26561	-20.770676	94.17283	6.8090987	5862.960723638535
60	1017.4334	32.525356	1075.3151	968.8453	262.79196	59.67601	327.10648	165.06592	1047.8723	68.180664	1128.3229	902.45135	704.9643	59.885452	757.0849	603.9268	967.7562	73.974945	1045.9574	883.444	2065.3054	60.105667	2153.7817	1975.7119	1000.0	1000.0	239999	155.84924	24.673452	198.21593	59.152126	155.84915	24.675993	200.99367	60.807274	-6.869656	2.2142825	21.761633	-18.22646	94.06025	6.8601856	5962.28639793396
61	921.1522	15.404694	946.8212	901.80115	260.4305	34.066063	284.36893	201.86336	1031.2332	24.47598	1062.479	978.66077	744.3458	16.930292	766.6925	723.41675	1004.77637	42.386948	1040.0074	935.2991	1952.3854	34.08462	2000.0964	1880.4619	1000.0	1000.0	243999	157.67982	25.296978	203.42781	56.29548	157.67953	25.299644	209.64949	56.702076	-6.7552342	2.2637296	31.198868	-19.444498	93.69965	7.241633	6063.598571300507
62	1057.8615	65.2723	1161.9287	970.8452	234.32397	43.985027	303.37885	195.64998	920.9816	68.64727	1064.7744	843.8036	774.3934	19.340714	802.29877	751.21136	1008.7174	57.211414	1105.6776	959.468	1978.843	76.50815	2076.919	1863.6077	1000.0	1000.0	247999	159.4504	25.94396	202.44284	56.285564	159.45026	25.947182	205.13766	57.692738	-6.729695	2.267276	25.062397	-19.182743	92.65701	7.222729	6165.637841463089
63	854.5793	59.85912	953.692	763.87616	214.36465	32.839455	258.1729	165.75258	974.29456	48.499397	1086.0667	915.0517	816.8778	44.104244	870.9974	748.0992	1031.2424	37.72901	1090.917	992.593	1828.8737	83.13477	2039.7587	1736.3313	1000.0	1000.0	251999	161.30794	26.474663	203.78287	55.498	161.3081	26.47601	207.52972	59.29143	-6.7133474	2.261453	20.27539	-22.279121	91.945786	7.1836085	6265.279716014862
64	882.51544	31.591589	942.5335	850.7643	240.01505	37.166775	282.87936	201.20001	1023.9252	27.186668	1062.0463	968.6082	853.8592	24.039295	882.8493	816.21936	1093.8743	48.575104	1143.9753	1017.4194	1906.4404	34.639847	1957.4357	1836.7133	1000.0	1000.0	255999	163.14891	26.831894	204.84521	58.977028	163.1487	26.835361	204.5253	59.24957	-6.6743474	2.2823083	25.428213	-19.517515	95.33062	7.234129	6363.943774461746
65	897.10547	45.455803	977.65393	832.1935	267.99954	57.376877	365.2273	217.1481	960.65247	39.300854	1008.14923	881.94165	805.6162	76.51946	897.57996	690.18414	1073.6157	50.366653	1147.5847	1008.3868	1857.758	27.668362	1900.473	1798.9288	1000.0	1000.0	259999	164.80191	27.29685	219.07434	59.08189	164.80176	27.299078	219.4606	60.55597	-6.6232443	2.3020823	36.12771	-21.018833	97.58017	7.535928	6462.918838500977
66	829.2534	48.172867	959.77167	779.89233	261.1646	50.46669	309.32657	179.83627	981.175	27.75038	1021.4818	927.1671	786.3098	122.07671	916.89	596.26373	1047.4744	96.05955	1175.8806	905.5903	1810.4285	39.253166	1901.2987	1749.8895	1000.0	1000.0	263999	166.15802	27.818876	206.13075	56.26079	166.15797	27.821194	206.75859	58.907772	-6.6484056	2.2958167	19.512184	-19.50548	100.74707	7.5931234	6563.071358680725
67	905.5415	76.40273	1009.39984	764.01984	177.28078	21.47489	199.83311	142.07603	1194.5865	44.244858	1255.5142	1109.8444	835.9438	47.343838	892.4228	773.54816	1013.22455	59.9596	1092.2559	950.43994	2100.1277	108.041756	2195.208	1915.5948	1000.0	1000.0	267999	167.3417	28.280998	221.57837	55.48665	167.34177	28.282305	226.24925	57.499786	-6.6271563	2.3191104	26.575489	-20.280561	100.30972	7.5707707	6663.49556016922
68	858.8548	105.78645	993.3321	721.84796	196.75171	43.220505	270.58035	162.22058	1105.9672	74.889854	1216.3369	1007.50525	452.34958	360.9914	837.8261	33.90814	649.1013	392.94815	1108.4065	205.68027	1964.8219	178.56349	2191.9553	1729.3531	1000.0	1000.0	271999	168.52028	28.665888	212.50017	54.195312	168.52014	28.669184	209.98653	57.298443	-6.6042295	2.3401382	24.237518	-19.049383	100.946205	7.801958	6766.61053109169
69	897.14014	153.84128	1034.7676	590.44794	261.13342	30.92613	308.54428	227.20793	1150.7366	188.691	1308.8774	616.7507	852.11646	89.28149	953.41833	750.0691	1113.25	67.60308	1194.8467	1017.42224	2047.8766	293.1291	2280.5117	1387.9963	1000.0	1000.0	275999	169.3695	29.284082	221.7721	51.731426	169.36945	29.286903	213.84496	54.090652	-6.5456567	2.3575118	25.690475	-19.077267	99.59296	7.852907	6871.3601179122925
70	1007.40125	51.07402	1120.0946	952.0294	255.79823	21.831379	275.65573	222.96562	1300.7966	67.62672	1419.7483	1175.1862	875.03455	37.930107	934.88885	830.38776	1130.8328	38.31363	1183.9467	1084.7722	2308.1975	55.143673	2405.9727	2220.9307	1000.0	1000.0	279999	170.50768	29.544174	218.52396	53.958267	170.50755	29.546555	217.05936	53.150352	-6.5675063	2.3392255	31.639572	-19.7259	100.679955	7.880046	6973.725702762604
71	1027.0933	44.15398	1084.4978	950.5789	226.49197	22.870275	251.98515	189.94011	1162.8429	51.97076	1242.6101	1060.1749	937.99146	30.853788	979.9903	904.919	1164.4834	32.26118	1216.7607	1132.1912	2189.936	46.29195	2260.8643	2113.3845	1000.0	1000.0	283999	171.85332	29.76051	223.49982	54.074768	171.8531	29.762825	223.91393	56.03713	-6.5485935	2.359598	35.052658	-18.756676	98.20289	7.9489527	7076.442506790161
72	630.04974	46.370487	723.0879	566.2643	277.2229	119.65672	479.6948	168.56374	1181.4768	38.795357	1241.336	1108.5022	762.667	251.17831	986.3727	363.08414	1039.8899	293.45795	1213.7135	531.6479	1811.5266	60.673172	1932.6215	1728.1179	1000.0	1000.0	287999	172.91986	29.95065	227.43813	49.874622	172.9195	29.953836	230.07693	52.872265	-6.500315	2.3827765	24.526268	-18.708338	101.76094	8.085946	7178.9883234500885
73	998.1789	77.55334	1202.5057	918.20306	185.23639	32.31583	222.01071	139.54794	1244.9734	85.72454	1371.7356	1126.5603	651.8626	469.06802	1036.3622	-148.782	837.09894	493.13937	1207.3776	-9.234055	2243.1523	93.15817	2383.8633	2075.8684	1000.0	1000.0	291999	173.93037	30.196568	226.54907	51.94053	173.93044	30.198744	224.99272	52.649124	-6.4973	2.3870234	28.469217	-20.911312	105.89741	8.239668	7281.3194489479065
74	1055.8231	99.01385	1238.7499	918.32574	225.60548	9.41534	237.48405	211.11778	1304.981	83.51066	1427.2222	1145.7128	820.25195	151.94041	933.02527	558.5262	1045.8574	160.74402	1170.5093	769.644	2360.8042	109.58984	2584.8044	2198.0085	1000.0	1000.0	295999	174.79564	30.413183	218.68292	56.38907	174.79532	30.415928	221.89581	56.830914	-6.496498	2.4146144	34.804295	-18.428429	107.65067	8.088761	7385.866239786148
75	1038.8163	54.315136	1153.194	962.78705	217.88354	48.264458	297.25168	168.65135	1281.0906	42.570095	1367.4159	1229.3809	886.6056	30.559368	915.02734	837.1791	1104.4891	72.59116	1205.8514	1005.83044	2319.9067	66.14888	2421.4397	2207.3118	1000.0	1000.0	299999	175.64355	30.58161	218.05571	51.304863	175.64354	30.584291	217.7085	53.616627	-6.51618	2.381987	57.915787	-19.781437	106.95076	8.085546	7488.8048367500305
76	870.4318	59.456238	975.1489	801.8021	221.71663	26.222967	261.58	187.95534	1206.1707	52.269543	1307.4187	1082.995	955.12024	40.74266	1002.4148	901.75146	1176.8369	53.595585	1263.9948	1121.6511	2076.6025	100.40348	2282.5676	1884.7971	1000.0	1000.0	303999	176.474	30.67103	220.58293	54.2194	176.47394	30.672691	221.19572	55.2476	-6.480394	2.3944423	68.293236	-19.56607	106.821495	8.022538	7588.748991966248
77	1036.6414	71.79178	1215.5848	965.2134	212.72003	50.60891	290.64096	153.99687	1116.0308	71.34768	1259.2314	1021.167	947.4402	49.573273	1006.1819	889.3332	1160.1602	70.02486	1225.7452	1043.3301	2152.672	74.43379	2275.8923	2067.9275	1000.0	1000.0	307999	177.39894	30.796225	223.16946	49.357788	177.3987	30.798834	218.53632	52.10637	-6.4614387	2.3875785	29.360388	-20.971397	104.0695	7.9019985	7689.231698513031
78	607.1498	25.087004	662.6158	574.209	241.63081	20.459883	274.62827	224.0403	1284.5872	49.166637	1355.8231	1206.2465	1040.8707	41.48763	1077.2571	970.34924	1282.5015	43.35072	1330.9777	1213.1503	1891.737	54.643265	1991.5227	1804.9541	1000.0	1000.0	311999	178.25586	30.917704	226.38748	52.6586	178.25542	30.920273	225.01884	53.614456	-6.4444017	2.396099	40.746906	-19.075218	107.49264	8.070206	7789.687784910202
79	1009.75476	46.902393	1081.6458	940.3786	199.82462	48.02069	243.2096	123.435425	1233.7086	25.95999	1285.1543	1186.4197	718.4021	469.4166	1018.685	-92.84414	918.2268	513.1944	1252.9799	30.591288	2243.4634	46.31917	2316.8945	2172.0457	1000.0	1000.0	315999	179.29839	30.853765	225.559	51.70851	179.29839	30.856182	233.99902	52.80275	-6.44626	2.393296	32.08004	-22.810617	105.43486	7.9260993	7888.9667365550995
80	878.65515	66.39832	988.7607	800.3638	278.68185	55.97753	348.8751	192.61348	1280.718	63.169132	1403.0845	1216.6495	787.17163	267.38544	1032.5162	343.11932	1065.8535	318.28796	1325.1802	535.73285	2159.373	120.49774	2390.285	2054.276	1000.0	1000.0	319999	179.61566	31.308784	226.84648	48.7357	179.61552	31.311659	227.52266	48.925262	-6.4440446	2.419266	30.297903	-19.278486	108.505684	8.258423	7989.7717707157135
81	644.4604	24.20382	692.8194	612.94275	252.82614	30.977457	288.35498	208.29585	1296.1765	23.884115	1343.328	1255.7761	993.4944	50.998356	1080.6823	953.2618	1246.3206	27.717936	1288.9781	1217.067	1940.6371	43.813423	2036.1473	1879.577	1000.0	1000.0	323999	180.5099	31.352678	225.00974	50.068775	180.50957	31.355669	223.54945	50.03312	-6.4029546	2.422203	43.485504	-22.309452	108.7132	8.217166	8090.505447149277
82	911.40643	59.02217	1025.483	836.62646	268.2061	26.76185	309.16364	234.10422	1249.263	59.027332	1315.887	1139.1064	1029.4811	89.2181	1096.0259	876.90247	1297.6871	91.39086	1366.9963	1141.0375	2160.6692	74.119026	2296.7004	2066.234	1000.0	1000.0	327999	181.33475	31.391438	223.26431	51.60832	181.33452	31.392483	223.68231	51.52106	-6.4178743	2.435492	36.203392	-18.836496	116.936485	8.359533	8188.457351207733
83	874.93164	33.517315	937.7297	822.5381	312.78394	108.63472	496.3387	220.35571	1350.967	42.046787	1419.0808	1283.4849	957.7809	78.19153	1041.3635	830.1174	1270.5648	39.16902	1326.456	1216.8085	2225.8987	48.139202	2288.596	2112.034	1000.0	1000.0	331999	182.06374	31.322546	224.25787	45.562416	182.06367	31.325026	224.62721	45.48701	-6.415276	2.4392483	35.74334	-18.807505	114.79425	8.415662	8293.233127832413
84	1029.3317	45.569218	1130.2811	950.88135	255.12451	21.99823	291.8966	233.59486	1325.7634	57.416683	1392.6709	1216.8772	998.10645	59.46258	1061.2614	904.53656	1253.231	65.86609	1326.853	1153.42	2355.0952	75.297966	2510.1775	2238.1602	1000.0	1000.0	335999	182.78883	31.497398	229.21321	47.294	182.78847	31.499619	234.42593	49.00333	-6.423438	2.4532163	32.39567	-21.366314	119.99797	8.499064	8397.835553884506
85	919.4417	54.973534	994.4746	817.09784	243.17844	49.437664	322.18225	200.0049	1458.9199	51.44747	1514.9747	1359.1788	991.4796	25.079187	1019.6026	950.9099	1234.658	61.850327	1341.7848	1198.6022	2378.3616	94.5731	2508.4326	2217.4355	1000.0	1000.0	339999	183.56404	31.515297	231.2313	49.05884	183.56383	31.516445	226.47815	48.204845	-6.3935714	2.4707782	49.76979	-18.34069	118.9494	8.526592	8498.312534570694
86	1059.2566	72.032906	1221.2451	971.73254	223.40314	22.075428	258.09116	197.76736	1501.5681	88.37522	1684.6185	1401.3285	1063.2253	46.758152	1131.6708	1006.4144	1286.6284	46.301502	1335.0614	1230.184	2560.8247	102.66486	2698.4453	2384.482	1000.0	1000.0	343999	184.43288	31.500576	226.95474	47.255863	184.43301	31.502895	230.12456	45.44725	-6.332942	2.4982083	37.024475	-19.365742	119.563675	8.612693	8598.53149485588
87	966.27325	63.217674	1037.147	839.13947	265.46613	52.714344	334.29016	188.98184	1341.24	82.674355	1437.694	1133.5349	1080.6897	16.377317	1107.73	1063.5948	1346.1559	43.54038	1410.025	1296.7118	2307.5132	135.37555	2450.1982	1972.6743	1000.0	1000.0	347999	185.22717	31.433632	234.6908	48.762833	185.22716	31.434822	233.7399	49.5285	-6.337885	2.5119975	31.788958	-20.13197	126.23694	8.487607	8699.11370587349
88	968.23206	163.57932	1212.4595	672.8316	226.95364	67.33171	337.52994	159.74802	1235.677	80.92805	1371.1984	1130.239	1047.986	23.740616	1079.8239	1025.0574	1274.9396	83.35618	1399.4379	1184.9026	2203.909	207.23158	2443.5852	1855.7917	1000.0	1000.0	351999	185.71043	31.56084	234.06258	47.705467	185.71034	31.561956	230.31168	46.07215	-6.3335037	2.5150566	29.544653	-19.946335	126.818344	8.54709	8799.615749835968
89	999.971	71.51526	1084.5172	810.1826	209.22948	73.76659	322.13004	142.58362	1293.6194	49.48619	1380.888	1226.4548	1099.9227	24.773592	1117.9443	1057.7665	1309.1521	85.77724	1428.5631	1201.9874	2293.5903	92.92585	2369.965	2036.6375	1000.0	1000.0	355999	186.29205	31.449265	229.14386	44.125404	186.29211	31.450151	232.9974	47.30035	-6.3419423	2.5104795	37.25376	-18.344322	130.24391	8.623575	8900.058945417404
90	998.13513	39.985928	1069.0968	920.6873	238.19516	7.2117443	248.125	230.09628	1382.1178	57.232426	1458.5002	1243.6387	1061.7046	37.024006	1094.7007	1000.5773	1299.8998	42.045586	1336.572	1233.2653	2380.253	67.79569	2500.633	2239.6416	1000.0	1000.0	359999	186.73668	31.467442	227.89769	46.744656	186.73643	31.468473	228.50859	49.96376	-6.3609324	2.504503	30.873291	-19.26719	132.38797	8.527965	9006.497215509415
91	1111.1362	93.52655	1241.7085	971.08405	302.89804	125.734474	518.15857	204.69502	1389.6918	37.018414	1455.3411	1324.5698	1054.5087	54.090103	1116.0779	984.5319	1357.4067	110.64177	1538.2699	1243.1222	2500.8281	90.57573	2661.5518	2363.5117	1000.0	1000.0	363999	186.96046	31.640322	230.69524	46.82196	186.96037	31.642231	229.28836	45.07642	-6.3648887	2.5188735	35.52622	-19.179005	129.53612	8.855295	9115.774402856827
92	1055.5968	65.78652	1194.7286	977.9781	275.31656	51.835293	359.3486	223.85089	1447.8214	82.0245	1591.3163	1318.2223	1156.4415	41.549026	1228.0422	1128.0802	1431.7582	64.46719	1503.0005	1354.2322	2503.418	77.10557	2663.5017	2391.4255	1000.0	1000.0	367999	187.50037	31.716278	231.31163	46.55189	187.50005	31.718948	233.33284	43.781265	-6.311919	2.5379586	39.755104	-19.84217	131.35997	8.860707	9222.641754627228
93	1027.2034	21.572855	1053.7153	986.93335	328.31622	38.685318	371.66702	265.6962	1459.3799	43.423122	1530.9855	1382.631	1031.1555	35.629726	1072.1346	974.957	1359.4718	39.315487	1418.323	1312.9495	2486.5835	33.406715	2537.0076	2406.8533	1000.0	1000.0	371999	188.52254	31.699467	231.66144	47.426056	188.52246	31.701794	230.61787	49.466328	-6.287934	2.5432866	27.809319	-18.75036	128.78476	8.788416	9329.761710643768
94	1020.33673	27.957417	1071.0425	965.5896	207.25159	19.432812	221.0082	173.80072	1405.0182	77.28976	1541.4159	1248.3165	570.8683	565.7781	1175.745	-3.0726225	778.1199	578.963	1396.7532	170.72809	2425.3547	85.995445	2571.361	2275.3633	1000.0	1000.0	375999	189.20525	31.798962	233.95053	48.28457	189.20483	31.800428	233.49065	46.828278	-6.310785	2.5593913	28.739532	-19.49515	131.0726	8.658548	9438.675504922867
95	994.1771	73.879715	1081.7742	818.90625	276.10733	76.54979	357.4037	172.92418	1420.3999	78.02735	1564.7904	1333.3071	948.9369	319.20416	1251.4565	411.85287	1225.0442	370.71005	1483.9907	584.77704	2414.5774	108.77759	2569.1804	2152.2134	1000.0	1000.0	379999	189.36032	32.454445	234.41353	46.429077	189.36072	32.455307	232.24048	47.97938	-6.283089	2.5514739	25.782314	-19.77671	129.12103	8.99269	9544.750658512115
96	1039.9434	80.38391	1223.9362	926.5786	272.20563	132.50375	432.2404	63.85855	1437.251	75.79081	1576.7031	1315.301	1201.6187	92.719376	1317.3734	1058.8179	1473.8241	167.55013	1658.1189	1268.2633	2477.1943	101.36517	2630.9216	2349.261	1000.0	1000.0	383999	190.11334	32.57713	235.40903	45.31208	190.1131	32.579044	233.68787	46.91941	-6.260952	2.5703197	38.85785	-20.468216	131.7732	9.087943	9648.866662502289
97	1188.0378	92.58311	1290.6892	989.8228	206.564	33.600185	254.02481	165.5652	1551.1947	67.82663	1669.6261	1449.6377	979.90405	489.25946	1353.8125	144.05803	1186.468	512.13104	1543.5106	309.62323	2739.2327	73.66377	2849.769	2599.56	1000.0	1000.0	387999	190.8526	32.880646	235.5037	47.895313	190.85234	32.88201	235.99759	49.293625	-6.287407	2.5698774	30.891947	-19.667606	131.9884	9.260504	9751.585874557495
98	1035.8588	72.631226	1196.7811	941.0633	264.78723	47.470303	329.79288	198.51651	1471.6885	71.92487	1578.3245	1366.2345	1136.3948	66.509605	1222.6727	1054.8346	1401.1819	38.69469	1427.7452	1334.3145	2507.5474	100.37324	2672.0513	2374.9316	1000.0	1000.0	391999	191.62486	32.977406	237.70557	47.451748	191.62492	32.97878	235.2525	46.21663	-6.2282567	2.5943558	33.730408	-20.558704	131.09593	9.216266	9854.088821411133
99	1130.1371	79.67357	1250.4243	1020.13434	228.7211	60.265743	329.8995	174.0826	1435.3462	64.861145	1556.277	1359.4529	972.24854	495.5071	1350.592	123.29449	1200.9696	531.04156	1598.712	297.37708	2565.4832	58.9505	2662.8562	2458.6948	1000.0	1000.0	395999	192.56856	33.143196	238.46454	46.459976	192.56876	33.144943	239.03752	45.487865	-6.252901	2.590983	33.217194	-20.281382	129.74042	9.09655	9956.537632703781
100	870.8385	72.0757	1012.67096	809.6049	275.3269	127.69238	491.6533	162.27812	1622.6292	56.030983	1706.4316	1520.0892	1230.9362	55.98939	1289.7274	1138.627	1506.263	155.84981	1739.5939	1300.905	2493.4673	68.72448	2643.259	2384.112	1000.0	1000.0	399999	193.39612	33.360165	238.13742	42.350883	193.3958	33.360287	239.43343	44.747963	-6.154065	2.6188946	32.54532	-21.604214	129.3516	9.372307	10058.670245885849
101	1076.0778	107.08839	1365.4772	974.75714	238.68263	27.234835	278.4816	204.01099	1662.143	99.54969	1821.8207	1522.773	1258.389	57.368958	1315.4772	1179.6952	1497.0718	42.796837	1556.1794	1454.4426	2738.221	120.74003	2888.2502	2589.6582	1000.0	1000.0	403999	194.37378	33.48876	239.51556	46.024853	194.37396	33.489662	240.31516	46.11384	-6.1568656	2.639733	34.11746	-19.63543	129.47498	9.431418	10163.084275722504
102	1056.4297	109.64808	1261.2924	885.90265	210.094	15.345446	232.04454	189.77077	1670.6207	59.051426	1770.3496	1545.5005	1065.1033	310.87256	1299.5836	534.23114	1275.1973	313.6658	1499.365	738.7289	2727.0503	100.13954	2931.8674	2574.4707	1000.0	1000.0	407999	195.36392	33.676105	249.7036	44.622353	195.36368	33.67788	249.4287	42.2413	-6.143483	2.6169941	28.827728	-18.975775	126.337425	9.509601	10266.60579419136
103	1047.5488	108.15723	1281.4182	944.1772	161.65834	33.048275	217.5052	132.22444	1685.4398	92.8266	1880.9819	1569.18	998.3733	572.46014	1389.9362	9.21143	1160.0316	582.3632	1530.7659	153.4976	2732.9885	94.097885	2884.137	2570.8525	1000.0	1000.0	411999	196.01376	34.089104	254.55763	42.734615	196.01366	34.09021	249.35167	42.862125	-6.1441846	2.6315947	40.097855	-19.381723	129.94963	9.536451	10367.900032281876
104	995.6193	32.360893	1055.5114	944.63873	304.26382	131.41193	514.7875	156.26079	1462.6742	399.31946	1724.7202	278.496	1281.2345	47.06868	1328.6025	1203.3016	1585.4983	86.19722	1718.0891	1484.8634	2458.2935	394.71024	2690.3442	1286.2805	1000.0	1000.0	415999	196.7637	34.19367	257.54892	40.660038	196.76378	34.19477	255.28096	39.971874	-6.11004	2.613087	43.11001	-18.568363	126.16058	9.821144	10470.02411866188
105	1080.1869	60.078636	1158.9232	974.1229	248.59222	51.27535	326.51706	196.19002	1502.8455	86.02358	1615.3676	1339.0967	1362.4456	83.876976	1443.4514	1221.9357	1611.0378	102.36685	1769.9685	1483.9647	2583.0327	74.58271	2678.6853	2411.103	1000.0	1000.0	419999	197.74016	34.50634	241.20026	35.382442	197.7403	34.50852	241.51176	39.40258	-6.0699425	2.666547	35.734093	-19.267706	122.74695	9.515846	10571.765683412552
106	751.0166	78.62566	984.7337	708.3229	262.22748	100.88713	424.78476	150.18413	1376.6877	75.581276	1594.7562	1304.7125	1370.8062	68.55889	1417.3134	1252.509	1633.0334	42.84929	1677.2938	1562.6855	2127.7043	152.41919	2579.49	2027.2133	1000.0	1000.0	423999	198.9161	34.39237	253.38792	41.654087	198.91586	34.393528	252.08145	41.07156	-6.084772	2.672777	45.751545	-20.63104	123.80988	9.703928	10673.960618257523
107	1021.2394	49.483738	1113.9844	958.08	272.16107	101.64396	427.99057	164.7354	1685.2917	64.48718	1759.662	1526.0326	1420.3801	64.94189	1522.6464	1351.2638	1692.5411	92.0296	1808.5054	1552.6858	2706.5312	58.887146	2786.48	2559.6401	1000.0	1000.0	427999	199.82584	34.53177	254.17497	38.691113	199.82587	34.532455	258.65506	42.749104	-6.0303187	2.6808584	34.700478	-19.345024	122.74794	9.7650585	10781.789564371109
108	1041.4456	64.03345	1203.2495	987.9953	261.1492	69.342285	374.0801	198.21567	1736.1897	91.08043	1961.7754	1626.5643	1435.9658	70.35425	1507.5686	1337.5433	1697.115	129.61108	1871.5457	1548.4994	2777.6353	79.76966	2955.7625	2678.3752	1000.0	1000.0	431999	200.93433	34.704693	255.98157	41.348576	200.93414	34.705723	258.05875	39.301926	-6.056017	2.6820998	30.784954	-18.438545	128.1643	9.804281	10904.260810375214
109	1000.737	47.864082	1101.4446	916.12714	216.62454	41.843132	286.25247	174.91281	1742.9033	35.30075	1822.0632	1700.9746	1482.9653	42.457615	1554.142	1447.2339	1699.5898	47.90829	1762.4397	1646.3076	2743.6406	50.977413	2810.751	2664.7698	1000.0	1000.0	435999	201.733	34.861195	261.7288	40.46727	201.73268	34.862305	257.8008	39.581795	-6.0636907	2.6989276	45.54417	-19.724073	129.02763	9.99653	11027.84671330452
110	1065.2336	75.37185	1204.4347	944.48706	249.77184	39.346924	314.74908	212.27081	1611.9521	484.5258	1946.8727	188.90248	1408.6653	38.393536	1466.3146	1359.9176	1658.4371	62.193016	1727.8197	1586.2849	2677.1858	519.9252	3053.0496	1155.1715	1000.0	1000.0	439999	202.63799	34.944542	262.8707	39.97029	202.63824	34.945183	259.06238	40.050602	-6.0117507	2.6972153	41.18705	-18.942785	127.13184	9.963096	11130.281074285507
111	968.8556	76.88059	1094.2612	820.31744	245.89229	22.15817	277.01105	219.18805	1890.1332	483.6161	2229.9204	483.02792	1514.5193	53.502934	1580.0111	1433.0756	1760.4115	49.806892	1813.6619	1688.4374	2858.9888	528.14294	3177.347	1303.3453	1000.0	1000.0	443999	203.74577	35.01265	267.33212	44.03924	203.7457	35.013702	264.76178	43.00564	-5.971877	2.7257295	39.021378	-19.538555	125.77395	10.173538	11227.053151845932
112	981.4964	62.69575	1055.4402	823.135	218.2091	24.128214	250.8579	183.66417	1728.1504	134.77448	1861.7253	1419.3007	1519.0032	45.575436	1565.1215	1450.8917	1737.2122	61.864433	1806.3583	1664.2356	2709.6465	179.64421	2854.8523	2356.2085	1000.0	1000.0	447999	204.72008	35.451454	268.4077	41.634483	204.72002	35.452045	263.3049	43.570724	-5.938439	2.7310662	37.745407	-20.79696	129.18147	10.08552	11323.59454870224
113	990.92444	83.7579	1177.7545	888.2911	221.86133	40.598347	279.48215	172.16338	1851.2822	64.44171	1965.4753	1725.0359	1519.2728	51.112602	1600.3331	1458.8639	1741.1343	89.89592	1879.8153	1631.0273	2842.2065	101.44746	3028.4875	2693.031	1000.0	1000.0	451999	205.79582	35.62168	267.18292	44.081303	205.79556	35.622204	263.32825	43.977043	-5.9106674	2.724025	35.80799	-27.463755	127.31562	10.112335	11422.16737985611
114	1037.0535	47.74247	1115.7714	945.7631	235.93091	14.607104	257.89398	218.49236	1821.5447	81.65352	1889.3285	1605.5541	1205.8943	673.61804	1667.7625	42.10062	1441.8252	661.3641	1906.7582	299.9946	2858.5981	106.10788	3000.4248	2608.6313	1000.0	1000.0	455999	207.06552	35.620296	272.14334	50.181614	207.0657	35.6213	269.15945	48.42406	-5.8552804	2.742603	33.33656	-19.31572	128.58429	10.551758	11519.390009880066
115	1050.7715	83.55798	1248.6565	939.6489	195.26602	31.366318	242.35904	162.5731	1814.0769	76.82823	1892.352	1603.8381	1330.2197	502.4546	1650.4835	460.54227	1525.4858	475.39157	1822.04	702.9013	2864.8481	49.34039	2934.6917	2768.7583	1000.0	1000.0	459999	208.22438	35.9932	268.89847	41.539215	208.22453	35.99343	268.03354	42.752434	-5.836903	2.7617586	32.517376	-19.510204	132.8285	10.598167	11616.283569335938
116	1091.6442	92.19697	1221.3141	937.5388	183.54572	32.30166	237.78969	154.20291	1810.6729	97.82238	1933.6433	1658.668	1613.0308	73.46253	1688.1938	1523.3903	1796.5765	62.70676	1864.773	1712.0336	2902.3171	150.09871	3111.2139	2611.8762	1000.0	1000.0	463999	209.18391	36.358253	270.42615	41.919262	209.18375	36.35991	270.82855	44.04241	-5.863219	2.761086	51.00379	-19.399696	136.05907	10.97002	11713.2494597435
117	936.8109	138.0163	1159.798	627.61847	226.46736	28.199038	269.73785	195.8482	1747.7756	269.75424	2078.6794	1324.5416	1650.205	59.27288	1738.6676	1591.0974	1876.6724	44.489765	1946.7502	1823.2982	2684.5867	375.41425	3126.434	2101.7012	1000.0	1000.0	467999	210.15004	36.43804	269.302	46.229122	210.1499	36.439545	267.31525	44.458412	-5.8202662	2.7759838	57.281105	-20.02075	136.79497	10.794969	11810.937237739563
118	973.80206	72.08859	1073.3369	852.52155	312.03265	79.925514	418.21652	228.3953	2106.491	114.511665	2256.4377	1963.4813	1583.3875	118.61132	1677.9362	1380.1893	1895.4202	127.88919	2096.1526	1740.2275	3080.293	174.03432	3293.0051	2816.003	1000.0	1000.0	471999	211.15372	36.79277	271.01822	38.912415	211.15376	36.792854	268.50568	43.17908	-5.770197	2.7796657	26.116688	-20.072569	132.14182	10.79084	11908.327811002731
119	986.6172	45.881824	1055.0436	884.7525	293.31366	150.72157	544.8502	144.16339	2139.1804	143.6553	2372.7686	1926.0265	1703.3394	44.703262	1758.5029	1633.8738	1996.6531	155.91457	2251.9666	1858.0276	3125.7976	165.42162	3370.0872	2825.371	1000.0	1000.0	475999	212.46944	36.940533	272.31482	42.12932	212.46948	36.94178	275.2578	43.24186	-5.7396994	2.7906086	33.590668	-18.592283	131.00005	10.643561	12008.336788892746
120	994.47723	41.557686	1062.9062	928.34503	261.3604	83.49005	392.8676	166.20967	2358.2827	57.784046	2507.915	2292.2651	1480.2109	515.4744	1837.2511	591.96246	1741.5713	546.5553	2230.1187	814.24426	3352.7603	57.03525	3465.4434	3263.1982	1000.0	1000.0	479999	213.53812	37.56228	275.23245	39.90136	213.53828	37.563145	271.71466	40.09375	-5.6930814	2.8013625	40.239613	-18.802843	135.37833	11.130439	12108.378085374832
121	1053.0676	61.130604	1136.5972	954.11	261.72452	92.19694	419.01587	192.65031	2202.7808	51.465763	2318.0732	2133.6116	1478.1289	534.5058	1923.3674	565.303	1739.8535	445.18863	2123.6895	984.31885	3255.8481	83.11008	3450.0051	3139.6743	1000.0	1000.0	483999	214.68188	37.73255	273.82507	38.872097	214.68188	37.73363	278.6261	40.904186	-5.697078	2.8168445	47.24687	-18.60645	132.42787	10.966908	12207.039053916931
122	953.2775	78.428734	1054.4288	792.31464	232.89775	42.633583	303.85153	195.12457	1737.033	523.62427	2162.348	265.81366	1407.064	384.39386	1764.3762	834.69446	1639.9617	387.33542	1992.0582	1029.819	2690.3105	551.73505	3194.6404	1177.9991	1000.0	1000.0	487999	215.35603	38.2456	278.72357	38.090797	215.35596	38.246304	279.77676	38.71182	-5.6561165	2.8495328	40.973843	-20.103964	130.54593	11.523992	12307.188368320465
123	966.02814	125.52383	1179.0542	764.20557	224.74002	21.810543	248.05113	189.5428	1997.0667	123.84251	2176.4272	1832.7051	1776.239	91.684654	1905.2223	1652.6018	2000.979	81.775116	2094.7651	1878.2896	2963.0947	222.71933	3190.1812	2634.5056	1000.0	1000.0	491999	216.51958	38.63836	273.40097	39.820488	216.5192	38.640316	274.086	37.614216	-5.681857	2.8491943	39.771873	-22.562729	134.24283	11.233225	12406.087995529175
124	731.00305	20.414211	781.8623	712.79364	277.0181	60.127537	365.2665	218.26387	1968.8246	67.01477	2109.25	1904.1924	1805.6179	34.517933	1847.345	1769.3041	2082.636	81.66515	2212.6116	1987.568	2699.8276	63.6738	2822.0437	2617.2368	1000.0	1000.0	495999	217.52582	38.52148	276.48776	40.8472	217.52588	38.52323	282.37137	39.71922	-5.669156	2.809894	40.969685	-19.336739	131.92708	11.292497	12505.673838853836
125	903.3582	85.67574	994.6182	742.3526	187.35478	33.171032	218.88026	141.15598	1852.9232	165.4147	2132.6514	1608.3403	1710.4475	25.724104	1747.66	1682.3441	1897.8022	21.677568	1918.212	1861.7262	2756.2812	212.54851	3065.8374	2496.2021	1000.0	1000.0	499999	218.38542	38.86648	283.96838	39.030663	218.385	38.868282	279.64648	36.804573	-5.6532383	2.8132246	91.87954	-19.36179	134.7839	11.238764	12605.88982129097
126	851.4142	110.61828	1035.1034	704.1543	196.48123	21.71989	220.28632	161.20743	1584.2438	153.47516	1925.5281	1410.947	1709.4778	193.7384	1845.8575	1378.4597	1905.959	196.39192	2065.9666	1578.4031	2435.658	247.53394	2888.3018	2155.1536	1000.0	1000.0	503999	219.52306	39.266476	282.81937	35.548294	219.52316	39.267147	284.56454	37.97195	-5.62676	2.8934376	74.69813	-17.957806	139.09941	11.685198	12705.946994304657
127	913.89294	48.219284	979.21967	836.71643	210.53714	42.7654	275.48776	155.39027	2195.023	112.47214	2429.8284	2076.5159	1484.9395	602.4147	1875.2996	443.93594	1695.4766	603.21954	2078.9727	651.5335	3108.9155	143.68073	3376.014	2924.3694	1000.0	1000.0	507999	220.47786	39.589344	281.51648	37.88401	220.47806	39.591015	281.33075	38.251873	-5.570818	2.8815277	43.879745	-19.37054	142.2709	11.754639	12805.973764657974
128	818.25543	22.098923	868.6923	793.4492	194.72469	49.912598	264.93454	128.46011	2219.6401	54.79021	2290.659	2112.9658	1798.3901	64.833145	1888.232	1711.4679	1993.1147	61.548233	2063.1394	1901.0793	3037.8958	71.49111	3159.3513	2909.2368	1000.0	1000.0	511999	221.13412	39.81321	286.0231	38.24262	221.13414	39.814365	283.3556	37.276695	-5.6157675	2.8889875	51.330177	-20.818993	141.71954	11.95202	12906.44607925415
129	977.4222	34.41283	1032.5724	910.811	262.45697	88.52106	407.49496	179.11578	2213.1235	55.959373	2289.8835	2126.6987	1843.9746	103.20882	1991.635	1699.8003	2106.4316	43.200256	2170.7507	2049.3152	3190.5454	79.23874	3322.4558	3037.5098	1000.0	1000.0	515999	221.7783	39.92713	283.98834	36.262566	221.77843	39.92864	283.22382	37.190777	-5.5920477	2.8972244	37.00162	-19.317324	139.61137	12.103786	13011.21419095993
130	1053.3939	101.66818	1288.9015	965.70276	285.09207	162.1116	564.9736	175.60109	2166.622	57.849842	2239.1758	2069.1199	1854.0408	137.7288	2075.9177	1722.9398	2139.1328	154.98668	2321.9548	1934.717	3220.016	118.301315	3528.0771	3108.9236	1000.0	1000.0	519999	222.49376	39.991367	284.76718	42.77257	222.4935	39.992287	288.651	39.72797	-5.525479	2.894305	35.62233	-18.64996	141.32272	12.413734	13114.606346130371
131	892.2296	115.11142	1071.0563	758.2546	219.1772	20.057537	239.46399	189.72589	1989.8635	171.83873	2304.6577	1803.2365	1878.9198	34.47282	1918.996	1824.1049	2098.097	35.730618	2154.7615	2063.5688	2882.0933	276.53027	3269.5974	2561.491	1000.0	1000.0	523999	223.25105	40.22217	291.9783	42.626408	223.25073	40.223873	290.99142	41.290874	-5.4979215	2.9421682	57.66834	-21.770832	134.53078	12.542596	13216.44244813919
132	1117.5168	83.56623	1309.3782	1038.2714	178.59523	36.780525	241.2912	150.95393	2091.6765	55.959633	2215.4033	2027.9219	1392.1598	674.42566	1844.2592	226.65695	1570.7551	687.7544	2012.4681	380.58386	3209.1934	109.67175	3428.5369	3066.9597	1000.0	1000.0	527999	223.749	40.381878	285.18884	37.347866	223.7488	40.383827	289.02594	36.157658	-5.5127683	2.9202516	66.26277	-20.791027	133.34747	12.6181345	13316.891619205475
133	1041.8474	84.56453	1248.375	959.31635	280.06635	51.918243	352.68076	208.66873	2189.9897	60.44798	2313.3838	2106.564	1787.9828	58.05651	1858.2816	1703.0327	2068.049	34.57932	2123.4077	2028.6395	3231.8374	84.528946	3366.7327	3065.8801	1000.0	1000.0	531999	224.58717	40.757607	288.35693	39.357407	224.58722	40.758686	285.80005	40.37577	-5.4758015	2.9270992	37.18887	-19.322552	130.38182	12.262848	13418.943778038025
134	1043.9677	66.007	1123.153	907.81604	205.45204	29.341057	248.55632	173.80269	1726.2354	151.56456	1937.7991	1552.2373	1567.9124	525.9623	1969.2869	663.0975	1773.3644	500.8593	2152.9128	911.6538	2770.2031	101.12493	2934.4553	2605.7751	1000.0	1000.0	535999	225.40375	40.993168	289.2414	38.68644	225.40372	40.99492	286.46722	37.38307	-5.4711375	2.9170148	38.693474	-19.50409	132.7174	12.479896	13521.992242336273
135	1045.3757	45.27085	1108.6057	962.72473	186.42581	48.84769	269.7626	145.5766	2423.368	98.58433	2645.0098	2304.7373	1866.9058	15.195305	1891.7456	1853.2305	2053.3315	40.47655	2122.993	2024.9052	3468.7437	100.84565	3673.5984	3310.2178	1000.0	1000.0	539999	226.10143	41.080524	288.76318	39.76162	226.10097	41.083584	288.04965	37.699303	-5.4450207	2.959197	59.33909	-19.708088	131.65489	12.174668	13622.20890045166
136	1016.15344	65.79144	1142.0502	964.51917	192.00092	72.144356	313.06744	124.45964	2162.4275	49.68152	2239.1501	2072.9343	1979.5338	82.08127	2076.52	1856.2443	2171.535	96.803505	2274.1558	2012.3221	3178.5806	100.90306	3380.8872	3061.658	1000.0	1000.0	543999	226.91714	41.18322	288.82065	37.827023	226.91728	41.18413	291.18445	36.914047	-5.464117	2.9306595	50.088264	-19.251442	130.32301	12.278676	13720.541596889496
137	760.3974	74.69277	981.64124	717.9742	198.29478	87.07855	348.73074	138.51573	1967.1302	96.896614	2196.2534	1834.9292	1829.621	68.945496	1901.1735	1742.1803	2027.9158	86.02298	2130.9692	1892.2445	2727.5278	158.85812	3177.8948	2575.4885	1000.0	1000.0	547999	227.86198	41.478767	295.40753	38.184685	227.86205	41.479607	290.41617	36.4871	-5.4196725	2.9107556	35.139435	-19.290073	130.14119	12.361363	13819.067839622498
138	971.50946	82.79461	1062.9792	739.55615	295.98993	28.163908	343.86115	271.67868	2249.0122	99.90868	2410.8228	2103.896	1819.8912	44.518364	1874.3014	1750.3893	2115.8813	59.992214	2174.6648	2022.068	3220.5212	98.34824	3411.5122	3097.7366	1000.0	1000.0	551999	228.58922	41.61746	289.74622	40.14167	228.58871	41.62073	290.3637	37.25867	-5.3802857	2.9598517	43.839844	-18.54986	128.58028	12.560093	13917.64859366417
139	1018.70233	80.38035	1226.5109	950.2035	190.13544	16.644968	216.59996	171.68376	2214.933	111.436386	2412.2004	2060.0457	1912.7477	120.936584	2109.668	1804.4182	2102.883	112.45135	2291.597	2013.6948	3233.6353	99.467354	3395.2046	3056.6033	1000.0	1000.0	555999	229.19958	41.56544	290.26996	41.810963	229.1996	41.566338	288.1855	40.59128	-5.3906164	3.0094357	54.956802	-19.638578	132.13106	12.665942	14016.065965652466
140	948.81396	30.871	981.8543	876.4484	250.47223	59.754906	340.72324	172.79257	2135.1506	77.94345	2267.1936	1990.1124	1744.6846	26.45292	1773.6838	1702.5568	1995.1567	55.846687	2085.0027	1946.4764	3083.9646	81.612724	3245.835	2948.3855	1000.0	1000.0	559999	229.50652	41.593784	295.25043	44.149197	229.50644	41.595596	290.40497	43.82263	-5.3749413	2.9755936	50.579018	-19.91496	135.91383	12.701487	14115.70625114441
141	1040.5006	133.11958	1180.8003	740.93243	239.27141	51.11106	282.6568	152.06767	2204.541	85.96631	2354.803	2014.9991	1819.6151	25.227232	1862.6246	1798.1395	2058.8867	59.24631	2122.6746	1962.0956	3245.0415	83.984116	3365.9473	3095.7354	1000.0	1000.0	563999	229.9718	41.457016	293.16486	40.40294	229.97179	41.45708	290.42618	40.383923	-5.386268	2.97236	57.359272	-18.783619	133.10487	12.786103	14216.112131595612
142	1053.331	107.384674	1346.9546	964.5787	188.88492	26.75656	225.24661	151.09897	1927.7512	46.30582	2001.0078	1847.5201	1896.2817	75.51587	1948.339	1765.8586	2085.1667	82.43665	2163.86	1947.9493	2981.0825	108.60822	3278.7573	2884.908	1000.0	1000.0	567999	230.00078	41.620758	297.2789	37.00079	230.0007	41.623768	290.88675	38.40997	-5.3705726	2.9854999	78.65543	-20.716614	133.62276	12.847998	14316.285609006882
143	838.20703	40.433346	954.1258	798.4351	186.49622	32.003216	223.93779	141.6515	2089.2007	105.93282	2266.277	1968.2878	1890.5028	21.20393	1908.7944	1855.864	2076.999	35.580994	2130.6882	2032.2538	2927.4077	108.33874	3094.9705	2768.5461	1000.0	1000.0	571999	230.52995	41.340782	292.86014	41.429726	230.52986	41.342392	291.97662	39.985718	-5.3631163	2.9925447	43.60509	-20.402552	136.2223	12.505854	14416.752804279327
144	908.6252	130.338	1116.1581	758.8805	267.40463	57.591423	351.1728	201.15454	1859.764	136.40038	2068.552	1692.3213	1881.3193	119.777245	2041.9617	1706.1023	2148.7239	148.12688	2393.1345	1993.9667	2768.3892	249.48712	3095.897	2479.73	1000.0	1000.0	575999	230.9749	41.4105	292.22696	45.124115	230.9748	41.412117	292.5528	43.247692	-5.3909154	2.9858825	54.09096	-21.808853	139.4108	13.052633	14517.691087961197
145	967.89746	74.69165	1077.8423	814.0155	265.8235	52.45624	344.36258	198.34253	2159.036	87.44475	2262.3804	2014.2434	1864.0732	62.139153	1952.1718	1776.5682	2129.8967	66.82829	2211.7754	2026.2933	3126.933	143.947	3329.3496	2856.362	1000.0	1000.0	579999	231.37923	41.22453	293.6872	43.659035	231.37926	41.226017	293.63007	39.69356	-5.3922677	2.9959953	90.9046	-19.29494	142.27786	12.592953	14617.738268375397
146	839.5622	130.50012	1064.3474	700.92554	208.64832	21.50474	229.41814	173.36516	2361.6353	39.83018	2440.63	2309.879	1479.0399	757.8435	2061.3	175.85866	1687.6884	759.0212	2290.7183	385.9237	3201.1975	130.28119	3446.2354	3069.9822	1000.0	1000.0	583999	231.60883	41.771393	294.7486	39.66396	231.60873	41.774273	292.77475	40.97519	-5.3627825	2.9930563	57.296204	-19.545412	146.2873	12.973974	14717.43214559555
147	911.5822	13.389717	939.5312	896.3376	205.5842	81.240776	346.00262	151.40363	1625.964	78.509	1755.4858	1495.1687	1746.1455	79.62278	1824.3721	1633.8643	1951.7299	53.45831	1990.6389	1859.564	2537.5461	73.872604	2664.2085	2413.397	1000.0	1000.0	587999	231.34332	42.021008	292.4251	34.963684	231.34283	42.02341	290.9342	36.681416	-5.4640126	2.8832955	52.389923	-22.152075	149.47426	14.439933	14817.165878772736
148	871.9217	7.367679	888.5598	863.65295	332.53537	93.76868	448.2645	195.78944	1576.3414	62.0848	1692.9067	1445.0797	1567.1298	91.906845	1637.264	1412.1338	1899.665	55.944427	1965.4564	1830.2915	2448.2632	65.938286	2581.4666	2315.9807	1000.0	1000.0	591999	228.65935	42.14594	291.14957	34.218067	228.65916	42.147915	290.04092	31.438137	-5.54403	2.5765264	52.557987	-21.355564	148.06534	16.245867	14916.808703899384
149	847.4207	14.563072	869.372	815.14575	202.01448	24.94862	230.67944	172.98587	1537.2517	67.46125	1642.8229	1390.2821	1493.8586	105.74249	1629.5319	1389.3585	1695.8732	115.95149	1860.2113	1564.9084	2384.6726	72.55027	2493.2363	2236.129	1000.0	1000.0	595999	225.14296	42.020348	288.0244	28.29643	225.1425	42.02353	290.03577	30.028467	-5.671244	2.4922185	47.372425	-20.796469	136.73012	16.394308	15016.66892004013
150	839.3657	20.44183	867.04535	788.2345	229.29199	74.22742	335.1642	145.05455	1656.4275	87.896	1800.6675	1465.856	1426.4015	73.26894	1548.2167	1363.494	1655.6934	78.738365	1753.814	1540.136	2495.7935	78.92223	2588.902	2319.0215	1000.0	1000.0	599999	222.3592	41.870346	284.03156	24.95777	222.3591	41.873302	284.06403	20.791185	-5.593072	2.5261638	110.44742	-18.341463	128.99007	15.863407	15116.977390766144
151	838.71106	15.094349	868.43744	816.133	186.31728	60.14838	271.90295	104.33253	1565.2261	63.226177	1661.3182	1470.1635	1440.6003	198.60782	1659.3673	1119.6129	1626.9177	195.3577	1763.7	1289.6656	2403.9373	70.34733	2513.9683	2298.6997	1000.0	1000.0	603999	220.31001	42.10234	281.24945	22.018253	220.30942	42.104023	281.18277	18.37259	-5.594219	2.4735198	41.130253	-19.741346	131.86397	16.174175	15217.634263038635
152	829.7926	28.807562	893.5647	795.7242	290.53372	136.61578	510.82138	141.12437	1929.3088	86.28879	2015.4447	1700.361	1492.0076	95.53414	1649.0819	1398.2623	1782.5413	156.58293	1948.3468	1624.2852	2759.1013	75.76399	2823.9216	2545.0513	1000.0	1000.0	607999	218.53978	42.18548	280.5726	18.232033	218.53976	42.18823	279.8392	19.668764	-5.6271405	2.4760733	40.814743	-21.820625	124.26647	16.806732	15316.140674352646
153	752.8892	70.97987	950.50604	691.45544	270.40594	136.90723	484.68237	109.5188	1792.5066	105.13671	2002.7351	1630.235	1564.8988	25.940752	1602.6414	1529.801	1835.3048	152.78879	2087.3237	1677.0852	2545.396	97.59366	2718.315	2405.6555	1000.0	1000.0	611999	216.92462	42.11021	279.40717	18.46275	216.92456	42.112503	279.6157	18.775225	-5.6043844	2.5345433	61.290764	-18.984982	120.09653	16.676453	15414.105776786804
154	890.19775	6.1917286	901.1236	882.1562	230.47702	62.48776	335.40714	176.31915	605.63464	64.242256	725.4199	534.12213	1583.836	96.801476	1738.8309	1472.0089	1814.3131	100.31365	1930.0192	1691.0026	1495.8323	64.56768	1626.5435	1425.2223	1000.0	1000.0	615999	215.83762	42.16893	277.75394	17.777378	215.83755	42.170643	277.61435	13.6215725	-5.528527	2.5582104	58.248333	-19.19253	114.96026	16.47224	15512.465092658997
155	787.2345	9.226745	806.4255	777.43726	255.17581	22.231201	290.401	229.32742	1600.4026	46.552273	1672.3518	1523.5161	1613.3307	30.188105	1660.8525	1579.0707	1868.5065	52.381428	1951.2535	1808.3981	2387.6372	51.249134	2478.7773	2300.9534	1000.0	1000.0	619999	215.06409	42.13654	279.57578	16.006004	215.06387	42.13961	279.02017	15.293549	-5.60428	2.5077999	40.754128	-20.165554	116.04841	16.189617	15610.419398069382
156	825.92834	12.023565	847.8047	800.2765	164.44688	35.769947	205.21799	109.466286	1916.6497	106.59849	2029.2	1674.4012	1634.9043	79.575615	1765.3593	1561.8098	1799.3511	98.89046	1970.5773	1739.1777	2742.5781	104.60839	2858.7383	2522.2058	1000.0	1000.0	623999	214.41425	42.40492	277.94577	17.705877	214.4142	42.406803	278.15735	15.12681	-5.5584764	2.5029812	38.403538	-19.506771	118.64719	16.998337	15708.189163923264
157	869.513	14.15955	899.3931	854.4311	110.7855	35.765594	160.60272	66.98268	1848.208	55.188213	1909.8982	1741.6064	1528.9806	64.441505	1612.3998	1443.1982	1639.766	45.79232	1690.467	1585.4135	2717.7212	60.973522	2793.0115	2605.7195	1000.0	1000.0	627999	213.54285	42.396652	273.424	15.061729	213.54262	42.399242	272.36737	17.21406	-5.6147842	2.481591	46.312424	-22.223995	116.852905	17.512077	15805.31508564949
158	898.36053	49.590687	1011.8754	833.2878	238.6089	119.874504	391.50928	63.298996	1625.0555	90.35076	1747.6385	1445.7416	1549.6174	46.53655	1603.273	1475.1003	1788.2263	132.28004	1994.7822	1625.9254	2523.416	112.63531	2691.2104	2335.9138	1000.0	1000.0	631999	213.12042	42.250034	278.7462	15.376705	213.11987	42.25286	276.64407	13.059919	-5.5900087	2.5087397	33.661186	-21.37694	108.60296	17.450989	15902.25055384636
159	747.12506	39.419968	847.3212	697.2259	180.00175	29.454626	211.12524	139.2968	1756.1453	301.89697	1948.5966	873.4358	1635.6929	56.24074	1706.2103	1550.964	1815.6947	43.630917	1871.0173	1755.7418	2503.2705	271.2499	2726.9458	1720.757	1000.0	1000.0	635999	212.73396	42.138447	273.06213	17.180653	212.73364	42.141594	272.6247	14.272983	-5.5586557	2.5237174	42.318596	-20.72995	112.78916	16.932705	15999.625514745712
160	736.4306	18.326874	773.682	704.85394	155.66698	57.48125	254.18323	115.62339	1759.7332	56.04822	1866.7394	1655.6876	1413.5276	92.79976	1513.3611	1261.6987	1569.1946	42.12074	1629.8441	1515.882	2496.1636	59.188747	2594.709	2395.3657	1000.0	1000.0	639999	212.22446	42.080486	275.56357	14.3918295	212.22484	42.08114	275.94495	10.026063	-5.551275	2.510943	42.97014	-19.286034	106.58311	17.268871	16096.637162446976
161	873.37616	16.38303	901.8546	856.45844	162.82802	17.691515	182.44048	143.95523	1581.7449	50.79433	1652.465	1496.3586	1559.4146	93.50891	1703.5111	1471.8074	1722.2426	90.047806	1849.9872	1615.7626	2455.121	51.243053	2511.4958	2384.2622	1000.0	1000.0	643999	211.79195	41.994717	272.90646	11.80187	211.79105	41.99938	273.36542	12.913067	-5.5744057	2.484922	30.683617	-19.773956	112.169846	17.409788	16193.694118261337
162	891.7477	12.731602	927.80225	881.17926	215.77293	77.06841	348.95236	165.03717	1675.474	302.08856	1887.8223	787.22974	1544.9492	74.6315	1643.1013	1433.3213	1760.7222	39.58635	1812.7125	1709.8683	2567.2214	290.54007	2780.4106	1715.032	1000.0	1000.0	647999	211.3402	41.887524	272.84406	12.819954	211.34056	41.888706	271.00055	13.577998	-5.632258	2.471565	41.56745	-22.507828	109.72791	16.896929	16290.852821350098
163	901.485	56.799465	984.1441	830.8442	271.82303	61.590454	373.77765	208.40881	1713.7875	58.380615	1859.8518	1624.769	1408.3203	58.432617	1456.4004	1311.9708	1680.1434	97.51628	1785.0477	1520.3796	2615.2727	90.55703	2839.6218	2501.264	1000.0	1000.0	651999	211.08536	41.70019	271.1997	10.430859	211.08527	41.701614	271.82773	13.150883	-5.5556707	2.5111735	41.176807	-20.445957	112.649155	17.208906	16388.435501098633
164	896.9	8.685038	911.42	881.23645	140.59398	69.55876	243.72643	69.468124	1641.7249	60.652786	1754.7894	1539.9678	1332.632	120.52291	1525.5372	1212.0787	1473.226	108.846176	1595.0054	1297.0066	2538.6248	62.423386	2650.2773	2421.2043	1000.0	1000.0	655999	208.8816	42.06405	272.0538	8.378456	208.8815	42.064865	270.85443	9.140648	-5.7761273	2.396219	93.13695	-20.04798	111.15301	18.32607	16486.23438668251
165	901.35364	15.985158	929.61285	884.1777	162.42776	44.296494	204.71408	89.093834	1657.5696	61.592262	1765.1566	1541.5026	1406.4692	56.35042	1498.5474	1346.4042	1568.897	69.700134	1666.4805	1472.3845	2558.9233	73.68499	2694.7695	2425.6802	1000.0	1000.0	659999	206.90063	42.182888	268.91385	6.497634	206.90057	42.185905	269.68884	8.373027	-5.7434106	2.3689795	51.839355	-20.081558	107.93336	19.073298	16583.92903494835
166	1004.91016	28.816277	1052.8336	972.5829	198.49976	39.386013	253.70099	142.71072	1808.3279	128.37222	2000.141	1571.6335	1482.2466	78.97323	1605.0908	1397.5293	1680.7463	80.98772	1808.6418	1591.5654	2813.238	134.08018	2984.4187	2565.6792	1000.0	1000.0	663999	206.20024	42.1778	270.90213	5.962399	206.20029	42.179657	271.2523	6.281847	-5.61424	2.483586	55.256958	-18.874401	112.37622	18.042395	16681.40535378456
167	862.2793	59.428223	1011.31213	803.7862	212.98692	51.29631	299.47006	172.95934	1339.9753	42.49093	1423.7609	1276.9011	1492.4199	96.73564	1619.9517	1363.7836	1705.4069	75.53877	1823.2135	1621.1721	2202.2546	83.742676	2349.0828	2111.1086	1000.0	1000.0	667999	206.51494	42.09711	268.7896	5.974927	206.51506	42.099174	269.24692	6.2992373	-5.6147532	2.4802203	28.985138	-18.999699	113.954636	18.149633	16778.979600667953
168	918.30597	4.8436193	925.3926	908.8386	151.33664	45.277676	221.90266	98.493774	1866.89	98.31941	2040.5715	1736.881	1450.9484	91.628716	1576.3665	1321.6287	1602.2849	62.3645	1707.195	1543.5312	2785.196	101.1145	2960.7666	2645.7197	1000.0	1000.0	671999	206.96468	42.00507	269.92175	5.9781833	206.96439	42.006596	269.70453	6.327996	-5.545335	2.529365	47.938812	-18.837866	119.74588	18.484522	16876.505209207535
169	898.0002	52.466194	1018.6492	841.2857	213.12148	95.48246	353.30524	105.47162	1949.9329	170.22144	2121.0283	1503.8983	1458.0652	92.858955	1578.8008	1336.721	1671.1868	16.186125	1690.0261	1652.7543	2847.933	160.04129	2994.9897	2413.1792	1000.0	1000.0	675999	207.44083	42.04731	270.88522	6.0838127	207.44116	42.04964	269.60007	6.333194	-5.5933437	2.513581	43.193535	-20.60424	126.03259	18.42838	16975.077552080154
170	955.848	67.918274	1082.5148	823.4322	206.9367	104.32236	386.45807	133.48499	1708.1742	105.05658	1929.3644	1536.7612	1569.957	130.75586	1711.8328	1404.7372	1776.8938	92.37313	1849.1602	1621.9022	2664.0222	158.81577	2945.3025	2360.1934	1000.0	1000.0	679999	207.54996	42.241142	269.65793	6.3181787	207.55028	42.24179	269.4161	6.3585467	-5.5661974	2.5087245	31.98065	-18.893854	123.44611	18.637215	17073.66912794113
171	1031.6317	46.80907	1097.2366	969.2877	225.28415	32.081448	257.45462	172.64323	1766.468	53.835423	1843.6145	1654.9053	1529.7755	60.550507	1598.5802	1448.9259	1755.0596	58.109158	1841.2183	1677.3264	2798.0996	78.84588	2916.883	2645.9526	1000.0	1000.0	683999	208.49194	41.923473	271.00076	6.6793365	208.49132	41.92704	273.74783	6.3803735	-5.5674515	2.5730546	42.64565	-20.435543	126.323555	17.992071	17172.042749404907
172	963.1625	23.655966	1018.61554	935.72766	171.43909	52.610065	259.36462	124.09879	1992.5701	101.38054	2123.9014	1844.4208	1519.9651	54.75246	1585.651	1437.9481	1691.4042	37.42157	1748.5381	1647.3306	2955.733	102.243126	3089.8423	2816.5405	1000.0	1000.0	687999	208.7105	41.608932	273.06607	8.709049	208.71008	41.61179	271.065	8.652613	-5.5658073	2.519019	32.805866	-18.877392	127.7547	18.063005	17270.364057779312
173	873.44305	33.016148	934.9947	825.69617	149.45583	63.153893	232.85057	62.46971	1938.1064	51.962486	2009.8003	1856.6741	1518.0624	64.83557	1580.0005	1410.3005	1667.5182	72.89148	1786.3896	1588.2535	2811.5493	60.92034	2918.546	2717.0444	1000.0	1000.0	691999	209.18752	41.59188	272.76932	8.060091	209.18744	41.595562	273.29282	7.5873804	-5.553567	2.5127919	27.329891	-19.983734	127.64614	17.830856	17368.963918209076
174	814.5129	53.0317	889.9494	740.2656	201.7499	27.803438	244.21289	166.22694	1714.4879	99.61508	1859.3555	1565.3003	1521.8167	55.026566	1593.49	1468.1655	1723.5667	45.603764	1793.0061	1665.4998	2529.001	145.64276	2749.305	2336.5981	1000.0	1000.0	695999	209.63164	41.693565	269.94705	6.097429	209.6316	41.695644	271.54703	7.91765	-5.5196915	2.5711591	36.11699	-20.155827	127.89724	17.820242	17467.362990140915
175	598.46924	14.278205	625.11414	583.42255	152.96056	45.348133	197.84727	91.006226	2060.1882	85.51287	2200.8047	1937.4977	1652.4067	67.13474	1761.5973	1578.3892	1805.3673	105.95241	1959.4446	1669.3954	2658.6577	78.67053	2791.9868	2556.9536	1000.0	1000.0	699999	210.9122	41.901836	275.27734	6.110973	210.9126	41.90181	273.73038	7.608268	-5.3798456	2.5678473	42.052376	-21.780369	128.66739	17.822403	17564.30689716339
176	818.31506	50.23893	966.58435	780.40686	180.4092	110.89271	358.503	76.69882	1740.1162	59.781937	1819.208	1627.1296	1595.909	49.281384	1655.5673	1524.44	1776.3182	120.53963	1982.4302	1678.4835	2558.4312	66.966675	2658.79	2429.7388	1000.0	1000.0	703999	212.26405	41.878033	275.5712	6.1299872	212.26384	41.880238	275.29282	6.4690366	-5.472654	2.5546198	40.086334	-19.465889	131.2727	17.977734	17661.714679002762
177	891.50037	8.98069	904.1503	876.7896	208.72993	58.98652	310.2287	166.46307	704.91925	59.930824	842.11273	604.9012	1495.7117	210.60208	1770.993	1194.7377	1704.4415	160.97272	1937.4562	1504.9663	1596.4197	55.69598	1731.0234	1508.8293	1000.0	1000.0	707999	212.81837	41.844006	279.3048	6.643006	212.81828	41.84686	279.92557	7.183897	-5.541309	2.5264587	37.282837	-20.568798	133.02797	18.450043	17759.575832366943
178	794.6432	9.14152	814.9058	784.27014	166.03935	31.063755	205.5307	123.25654	1727.5865	82.672806	1817.8872	1547.6053	1595.3196	62.297745	1700.4548	1543.1301	1761.3589	38.273247	1823.7114	1726.0546	2522.2295	77.915184	2612.2388	2362.5112	1000.0	1000.0	711999	212.30273	41.782387	273.46536	8.89247	212.3029	41.78356	274.30368	6.5069675	-5.5045815	2.548794	54.170307	-19.133728	138.48248	18.131504	17857.49981355667
179	804.8128	18.430624	838.0115	779.8148	225.60022	108.52663	343.87805	116.73239	1870.068	62.814026	1955.9282	1768.2114	1608.1401	105.51047	1782.184	1499.3142	1833.7404	125.10421	1911.0387	1617.19	2674.8806	61.025246	2751.3171	2556.1401	1000.0	1000.0	715999	213.19998	41.856514	273.21722	7.9503875	213.19954	41.86112	274.59204	10.658859	-5.493658	2.555115	80.49349	-19.39302	137.93968	18.726295	17955.226416826248
180	764.8715	12.585261	782.21936	745.37335	211.33469	31.442293	241.58183	164.47182	1862.3138	84.266914	2023.8754	1779.1571	1083.0654	646.4139	1491.1913	-35.89493	1294.4001	673.98755	1729.6144	128.57689	2627.1855	80.189964	2787.5627	2553.8242	1000.0	1000.0	719999	213.5972	41.96399	273.2358	6.2148123	213.5966	41.967228	273.22845	6.5600924	-5.46895	2.5491922	38.91087	-20.426662	135.6301	19.00558	18053.060378551483
181	562.85956	8.879024	578.65045	550.9544	192.55139	58.308163	286.15445	128.16959	2200.0464	50.509735	2297.8608	2136.343	1601.924	90.29804	1749.9282	1511.8921	1794.4753	52.45288	1878.0979	1740.9196	2762.9058	46.918056	2850.3064	2711.0688	1000.0	1000.0	723999	213.8875	42.136322	278.1355	7.5061383	213.88757	42.138584	278.0713	6.573959	-5.359235	2.5931172	35.522385	-21.383636	137.33427	18.627798	18152.13539147377
182	980.4004	8.918801	989.8907	964.50397	190.76044	54.101093	266.83844	114.32452	1617.7864	64.30252	1743.8429	1530.9718	1606.7521	75.19858	1721.9103	1522.6935	1797.5125	75.33149	1906.6312	1719.8512	2598.1868	60.940643	2718.708	2520.3281	1000.0	1000.0	727999	214.6162	42.29492	273.7039	7.5013885	214.61565	42.299362	276.60394	6.5958986	-5.499059	2.5868423	42.042458	-19.974537	137.72784	18.249937	18250.350175619125
183	824.43964	11.645877	845.7942	804.9513	160.39294	57.6004	219.82188	91.50866	2173.5208	60.057266	2255.264	2068.922	1593.2417	90.42198	1711.6776	1458.3503	1753.6346	55.79058	1808.1307	1673.2188	2997.9604	61.373917	3082.5872	2901.706	1000.0	1000.0	731999	213.937	42.443134	275.4489	6.406581	213.93686	42.445812	275.5863	7.0094	-5.4278026	2.5335085	50.773933	-20.443123	138.40634	19.686493	18348.61435508728
184	786.8451	6.5717564	799.8576	777.2045	147.47711	24.96441	190.67198	131.42761	2010.7946	58.9898	2089.0515	1867.5562	1598.9259	49.93753	1656.3606	1543.321	1746.4031	65.00564	1831.0076	1676.4944	2797.6394	57.86349	2877.8171	2656.5513	1000.0	1000.0	735999	214.49498	42.39864	274.63034	6.2728276	214.49435	42.40145	275.65225	6.624112	-5.4380517	2.5603745	56.757862	-19.017159	136.37115	18.726688	18446.955159187317
185	699.8863	5.6256895	710.2753	687.80853	190.67444	57.619976	257.41852	100.25626	1937.4167	64.70356	2047.3118	1829.5172	1697.7585	66.67992	1811.3167	1649.6366	1888.4329	92.722496	2000.2303	1750.5875	2637.3032	65.037766	2757.5872	2533.6265	1000.0	1000.0	739999	215.21022	42.30041	277.4122	6.289701	215.20992	42.303238	275.60284	6.6408734	-5.4113317	2.5454419	77.70063	-20.311344	138.6652	18.396746	18545.160140752792
186	944.45734	16.584793	973.7327	919.776	235.47223	74.121185	329.28006	122.89219	2151.889	106.63652	2286.2397	1969.0461	1707.5104	130.19237	1905.803	1571.2844	1942.9827	109.44539	2068.9895	1803.3867	3096.346	106.38255	3234.722	2907.633	1000.0	1000.0	743999	216.47449	41.94486	278.51523	6.3215504	216.4739	41.94686	279.55478	6.6710343	-5.3820415	2.5653381	62.753426	-19.939007	138.48134	18.230581	18643.89128088951
187	1096.8748	51.186123	1167.813	1006.8632	168.01279	60.71198	243.91345	79.80879	1920.594	83.40814	2021.7285	1719.4006	1582.8215	76.36586	1695.8585	1482.6085	1750.8344	32.186108	1788.888	1712.2605	3017.4685	87.7069	3142.1433	2838.3816	1000.0	1000.0	747999	216.82066	41.862488	279.28723	6.333951	216.82082	41.864185	277.13312	6.683087	-5.4252577	2.5851157	48.852882	-20.831936	134.72482	18.46186	18744.75280380249
188	821.5609	13.032112	837.093	797.1088	241.05295	101.96595	366.68802	93.25002	1968.4642	46.24308	2057.6584	1893.2267	1694.9309	104.772934	1840.5376	1566.0958	1935.9838	173.61082	2135.7595	1659.3458	2790.0254	45.039665	2854.7673	2709.255	1000.0	1000.0	751999	217.04353	41.70324	276.35132	6.349406	217.04321	41.705048	276.13675	7.2211933	-5.4617743	2.547541	35.71894	-20.276485	133.12453	18.287188	18852.7733399868
189	969.416	43.076477	1025.3444	912.8811	190.5151	49.10592	275.0544	157.16914	2083.9788	63.178158	2202.6309	1995.4827	1705.1431	102.16468	1827.0247	1589.5126	1895.6581	84.13128	1984.1937	1760.609	3053.395	65.047325	3180.568	2963.2815	1000.0	1000.0	755999	217.22928	41.877945	277.54187	6.366373	217.22908	41.87972	277.6259	6.735369	-5.4150143	2.565477	36.721058	-20.03299	135.99109	18.754082	18960.783703565598
190	933.029	40.260056	1004.7668	891.5271	133.02644	63.097996	208.76407	69.96501	2073.2544	143.68834	2317.419	1879.3184	1739.6545	99.90178	1823.1562	1576.0471	1872.6812	136.1171	2000.3235	1646.0122	3006.2834	160.45482	3322.1858	2775.2048	1000.0	1000.0	759999	218.26405	42.016212	278.0216	6.3868384	218.26459	42.0178	280.5313	7.1125846	-5.3734293	2.5955288	47.627853	-18.830473	130.55421	18.171755	19069.036785125732
191	871.0088	4.8618317	881.8052	863.31366	180.25717	63.79081	282.8209	107.33276	1970.2174	96.679115	2128.7686	1791.2891	1335.5244	329.92102	1708.4105	826.0344	1515.7815	359.90955	1991.2314	990.9529	2841.226	99.153435	3010.5737	2663.344	1000.0	1000.0	763999	216.4924	41.954838	280.6251	6.4041195	216.4924	41.957226	278.91302	6.762354	-5.643525	2.5581117	107.88658	-20.311712	129.24034	19.707596	19177.339655160904
192	714.78577	28.296013	775.2688	679.47327	178.9111	31.152615	211.97232	136.23637	2050.3352	67.01007	2127.7732	1918.771	1648.0693	67.1641	1714.0657	1543.396	1826.9805	75.00537	1910.8768	1705.6482	2765.1208	78.07675	2871.7021	2623.116	1000.0	1000.0	767999	214.34218	42.258987	275.67166	6.4186053	214.34184	42.2623	274.2629	7.322616	-5.5909142	2.3869214	23.217907	-20.483608	120.78586	19.111265	19284.863618850708
193	875.83594	14.317967	910.3507	861.8997	120.8522	52.742653	208.04076	66.29144	2052.8242	57.71458	2127.7327	1944.9319	1725.5095	30.63756	1758.2908	1679.6094	1846.3617	52.120724	1924.503	1786.9888	2928.6602	67.500725	3038.0835	2806.8315	1000.0	1000.0	771999	214.72578	42.59358	279.79007	6.433881	214.726	42.595024	279.09427	6.7965326	-5.3715067	2.5770595	48.726173	-20.253876	122.509125	19.606642	19384.217708826065
194	666.75964	30.066704	736.4768	636.4942	129.29889	32.293835	181.45636	101.9864	1729.5248	84.28411	1898.8629	1590.1663	1880.1621	28.555738	1905.8188	1832.9375	2009.4609	44.01137	2080.79	1963.895	2396.2844	87.627975	2555.1406	2226.6604	1000.0	1000.0	775999	216.66347	42.53383	279.02393	6.4509706	216.66328	42.534863	278.26053	6.8111587	-5.4303255	2.5800645	57.875877	-21.616245	126.83126	18.65304	19482.436483621597
195	1127.6947	154.44173	1367.6033	795.53375	170.20648	29.557438	206.88643	126.06478	1915.9906	54.019432	1995.6057	1837.6018	1695.4694	54.716946	1757.647	1628.8018	1865.6759	54.7627	1947.3505	1812.0348	3043.685	185.55736	3328.2158	2662.9336	1000.0	1000.0	779999	218.56274	42.398876	279.8902	6.4852586	218.56264	42.40009	280.69153	6.843775	-5.392113	2.6121798	48.168125	-18.804298	123.177155	17.971985	19580.27234363556
196	846.63947	71.3922	1008.29486	745.4464	172.82962	28.715378	218.85379	145.05788	1993.32	67.214615	2110.2676	1921.6063	1376.9526	709.3097	1890.5677	153.5796	1549.7822	707.49896	2035.6257	328.28806	2839.9592	117.418686	3118.5623	2683.0708	1000.0	1000.0	783999	220.1177	42.177807	280.12662	6.50639	220.11781	42.180073	281.2817	6.861795	-5.37799	2.62446	39.23134	-18.424583	124.142235	18.994484	19678.57732272148
197	921.6032	25.452797	957.6354	885.83167	117.44365	40.478493	182.78261	75.09394	1992.1381	54.9867	2084.901	1908.9802	1868.0624	97.04649	2017.9088	1773.6456	1985.506	76.79521	2113.2017	1908.1295	2913.7415	67.23286	3032.4543	2814.2886	1000.0	1000.0	787999	221.38028	42.65461	284.17285	6.8621492	221.37965	42.657677	282.29874	7.1927643	-5.350795	2.6045125	52.365875	-19.86321	125.3779	17.976978	19776.934839248657
198	1251.967	112.40651	1363.1094	1045.1299	144.27237	60.073605	234.93066	70.103935	2072.599	91.960846	2289.381	1967.9619	1802.8577	115.1218	1966.279	1640.6835	1947.1301	153.70377	2201.2097	1793.7332	3324.5664	71.61325	3436.128	3190.3381	1000.0	1000.0	791999	223.6584	42.358387	285.54337	6.8909516	223.65804	42.362015	283.98175	7.6171536	-5.329132	2.6134725	49.931545	-19.599804	125.65868	18.062178	19875.0948073864
199	876.3405	23.400265	922.5096	839.183	162.96625	46.336105	238.65117	115.13001	1850.5554	71.904526	1969.002	1748.1583	1867.701	73.14189	1974.359	1772.5131	2030.6672	48.268734	2113.8132	1998.268	2726.896	75.67943	2837.8174	2607.425	1000.0	1000.0	795999	224.85638	42.42317	287.93304	6.556094	224.85574	42.426292	285.3972	6.918504	-5.288437	2.6131997	49.897232	-20.633774	120.37089	18.231098	19973.56121468544
200	699.4246	17.43214	719.1573	670.97034	125.56137	33.848495	157.41054	76.75941	2346.8584	78.79038	2492.508	2216.9905	1877.4114	71.50667	1963.4635	1781.5637	2002.9729	60.91098	2083.3838	1938.4398	3046.283	75.20123	3163.4783	2889.9363	1000.0	1000.0	799999	225.68416	42.75063	286.27847	6.6133804	225.6844	42.75252	286.62967	8.031003	-5.2966113	2.5953765	52.903946	-18.101164	115.402466	18.331266	20071.776911735535
