Epoch	AverageTestEnv0Ret	StdTestEnv0Ret	MaxTestEnv0Ret	MinTestEnv0Ret	AverageEnv0Ret	StdEnv0Ret	MaxEnv0Ret	MinEnv0Ret	AverageTestEnv1Ret	StdTestEnv1Ret	MaxTestEnv1Ret	MinTestEnv1Ret	AverageEnv1Ret	StdEnv1Ret	MaxEnv1Ret	MinEnv1Ret	AverageEpRet	StdEpRet	MaxEpRet	MinEpRet	AverageTestEpRet	StdTestEpRet	MaxTestEpRet	MinTestEpRet	EpLen	TestEpLen	TotalEnvInteracts	AverageQ1Vals	StdQ1Vals	MaxQ1Vals	MinQ1Vals	AverageQ2Vals	StdQ2Vals	MaxQ2Vals	MinQ2Vals	AverageLogPi	StdLogPi	MaxLogPi	MinLogPi	LossPi	LossQ	Time
1	-280.39154	33.308727	-218.07718	-322.10825	-253.3421	69.05969	-153.78441	-332.5618	-381.67755	41.526634	-325.0668	-455.23294	-381.01944	45.73679	-312.15067	-437.9714	-634.3616	56.831245	-591.7558	-731.9891	-662.0691	54.293633	-590.32935	-777.3412	1000.0	1000.0	3999	9.432444	6.2034984	44.642403	-0.5123018	9.432942	6.201895	45.136974	-0.07471954	-7.3736935	2.5067866	14.597706	-17.260178	137.2561	1.2417294	125.0867829322815
2	-1348.1498	53.205917	-1298.5431	-1485.243	-333.09647	19.549932	-306.14005	-361.0156	-401.1683	101.1999	-120.3004	-500.92477	-254.89093	65.82427	-214.47482	-368.79205	-587.9874	82.94038	-520.61487	-729.8077	-1749.3184	62.370434	-1605.5435	-1849.4545	1000.0	1000.0	7999	40.80725	15.334504	111.03085	6.889525	40.807476	15.332777	112.238106	6.9252434	-0.503145	4.8580704	28.144653	-19.279259	527.0943	5.4374776	282.3511905670166
3	-579.32025	116.696976	-449.9359	-773.8135	-829.55334	529.6364	-303.58505	-1530.1062	-205.6196	52.772987	-126.867645	-278.8303	-274.02246	75.78364	-143.7774	-328.8478	-1103.5758	514.65533	-624.23285	-1858.954	-784.9398	150.52032	-596.41406	-1026.9009	1000.0	1000.0	11999	99.04668	19.920105	189.35707	46.062866	99.04591	19.920734	183.84772	44.89502	3.7909038	6.1421957	39.813908	-17.749313	1225.881	16.063625	444.93244886398315
4	223.19243	34.62663	286.75742	170.22452	-707.68384	167.19998	-508.5407	-959.5406	-13.308805	63.553932	100.255875	-88.359375	-254.71115	56.920036	-173.1458	-324.83905	-962.395	222.6127	-681.6865	-1284.3796	209.88364	67.88778	348.24265	131.84364	1000.0	1000.0	15999	112.19875	12.853962	171.42607	77.38042	112.19811	12.855162	168.47044	76.56576	-5.3231907	3.3994756	18.198593	-19.95966	1344.1284	13.283539	611.5424041748047
5	684.0511	27.28874	749.6051	648.8716	-434.9477	111.15385	-331.6072	-622.48505	-82.345474	14.944039	-56.07408	-112.10462	-286.3391	6.686137	-278.99536	-295.057	-721.28674	106.33721	-626.6642	-901.4804	601.7056	35.386497	693.53107	569.4555	1000.0	1000.0	19999	99.14398	11.156965	156.11147	66.99583	99.14382	11.157212	153.45453	66.26492	-7.127351	2.3088903	12.332708	-17.864399	1187.4531	8.849624	778.9510245323181
6	876.3353	85.984604	970.20496	694.1874	-254.29216	37.811733	-208.1375	-298.14606	-59.78408	13.652767	-32.02556	-83.90222	-135.44708	65.93529	-52.926987	-208.05934	-389.73926	101.538414	-279.53513	-492.33627	816.5513	75.29505	907.57214	662.1618	1000.0	1000.0	23999	89.52496	9.1308565	136.54994	56.505104	89.52452	9.133741	136.59103	53.646717	-7.4777493	2.049655	18.568882	-17.385666	1073.2977	7.455824	946.386134147644
7	959.08044	23.54467	996.057	918.44836	-204.66434	25.171104	-164.01294	-233.00774	-56.948692	4.9992504	-48.404446	-65.61091	-125.43474	54.68248	-80.32655	-218.90448	-330.09906	60.79824	-262.11	-428.55862	902.13184	25.668106	937.7787	860.46155	1000.0	1000.0	27999	83.64348	7.703051	127.205795	54.992455	83.64318	7.703644	130.3617	51.96089	-7.479012	1.9865654	14.077019	-19.41721	1004.1374	6.517276	1112.9701702594757
8	895.5912	92.15422	1029.3198	673.5364	-141.50343	47.42216	-71.14036	-202.74416	-18.09011	10.855195	-2.9008534	-41.61337	-97.83457	64.45031	-27.22048	-197.94722	-239.338	63.132523	-178.42683	-332.7769	877.5011	96.76047	1020.3548	658.2064	1000.0	1000.0	31999	80.340866	7.0352583	125.61305	46.18054	80.34078	7.0365386	127.917595	46.16126	-7.45426	1.9779602	20.400938	-18.541267	963.8837	6.421425	1279.8177211284637
9	713.2349	6.2879057	728.96277	704.5497	-132.65826	62.38448	-60.75962	-224.60944	-40.075222	1.7788875	-37.190517	-43.218407	-69.510414	44.05906	-27.9897	-137.24197	-202.16869	64.79833	-125.96996	-304.57037	673.15967	6.9501543	689.8065	665.148	1000.0	1000.0	35999	78.80401	6.6167245	125.22676	40.321808	78.80415	6.6165223	126.895744	40.911037	-7.4462457	1.9584966	11.412582	-19.887794	944.2574	6.231306	1447.0584316253662
10	848.4883	26.18693	926.5695	834.7792	-73.58656	20.01213	-53.639244	-102.27913	-16.059278	1.8852594	-13.447447	-20.272072	-84.434814	25.645998	-54.52507	-116.90623	-158.02138	23.492899	-120.860725	-183.87514	832.429	26.226856	910.1121	817.20306	1000.0	1000.0	39999	78.346535	6.376628	125.30066	38.24944	78.34605	6.377432	125.50642	39.04597	-7.433	1.9634379	19.665737	-18.91379	938.09515	6.00282	1614.4923009872437
11	829.8701	8.588189	846.21173	813.86035	-105.61792	45.855335	-53.21764	-156.42984	-36.40815	6.398089	-22.925428	-46.360455	-195.28183	56.284637	-104.24839	-243.81883	-300.89975	82.720116	-171.40527	-396.6869	793.462	10.608434	817.904	773.3583	1000.0	1000.0	43999	78.59307	6.3397493	126.895195	39.282227	78.59294	6.338441	127.443146	39.82905	-7.470038	1.9759703	14.470755	-19.319046	939.2605	5.849994	1781.6027154922485
12	846.65204	6.944598	858.7951	837.63434	-97.083206	79.9525	-10.394079	-227.78677	-29.621359	3.069798	-25.063435	-36.39002	-110.524605	89.48106	15.989431	-204.49739	-207.60782	47.646263	-145.288	-278.4449	817.0307	7.2951636	830.64307	808.93787	1000.0	1000.0	47999	79.19579	6.5454903	130.03914	37.827934	79.195724	6.5453258	130.38452	35.714737	-7.5212364	1.9670073	15.416809	-19.083511	946.03174	5.8433213	1948.9539268016815
13	904.0625	18.443052	930.65515	858.57904	-79.969345	27.299395	-34.381725	-106.64495	-27.959972	7.7715926	-10.550349	-41.227673	-116.98406	39.615696	-51.999844	-159.01013	-196.9534	64.84734	-86.38157	-250.92311	876.10266	13.773713	891.03314	848.0287	1000.0	1000.0	51999	80.15944	6.620895	132.06265	32.77367	80.15936	6.619681	134.13449	31.942509	-7.5513673	1.9841335	16.43832	-19.758915	956.5532	5.698656	2116.0016491413116
14	868.3175	7.821785	882.83954	855.7371	-61.510773	23.529106	-39.99687	-97.38096	-2.0867867	6.3628645	7.3920717	-14.318807	-164.48886	55.929207	-68.747894	-210.27856	-225.99963	73.08281	-108.74476	-307.65952	866.23065	11.932897	880.3222	841.41833	1000.0	1000.0	55999	81.66314	6.53658	135.33379	27.419205	81.66309	6.5365467	139.19617	31.432165	-7.6162877	1.956581	19.984865	-18.443047	973.56665	5.437197	2283.3905794620514
15	784.98505	6.8106947	795.11096	774.71606	-27.219452	3.9284534	-23.125614	-33.531128	-15.268354	1.6650805	-12.183406	-18.052425	-68.282425	28.136482	-31.979433	-111.01732	-95.50188	31.91774	-55.10505	-144.54845	769.7167	6.5416155	779.2917	757.73663	1000.0	1000.0	59999	83.32734	6.5314884	137.69977	24.396265	83.32715	6.533491	136.67438	17.923157	-7.6329913	1.955834	12.493563	-18.057892	994.15924	5.5260043	2450.6808564662933
16	840.984	19.061007	895.3099	827.42804	-49.375175	23.404558	-20.939959	-82.04472	-28.102352	4.0637355	-19.905441	-33.359497	-98.90172	53.560696	-11.892392	-158.06828	-148.27689	48.1918	-71.52514	-197.70311	812.88165	21.619556	875.4044	798.63367	1000.0	1000.0	63999	85.26174	6.4423165	140.6188	31.874569	85.26157	6.442237	141.2311	31.601336	-7.6339192	1.9424838	19.849298	-18.422937	1014.9185	5.43705	2617.670196056366
17	859.4891	7.9439783	868.61145	846.55206	-73.200294	40.887775	-41.651546	-142.73943	-28.020176	5.504073	-16.580425	-35.644848	-149.28015	28.954405	-104.763176	-181.0674	-222.48044	62.953968	-150.76491	-323.80682	831.46893	5.2279487	841.0313	822.5763	1000.0	1000.0	67999	87.33789	6.3719225	138.45016	33.64475	87.33802	6.3722706	140.1059	26.950241	-7.6551843	1.9460381	14.477064	-20.51025	1038.354	5.216749	2784.458246231079
18	859.4922	5.841753	863.1087	843.7776	-55.163868	66.55092	17.60084	-153.30255	-27.313862	10.490151	-11.029992	-44.013817	-106.1433	70.58004	-0.7659	-177.98854	-161.30716	131.6991	16.83494	-315.56818	832.17834	11.949232	851.3064	810.2019	1000.0	1000.0	71999	89.53406	6.3678813	140.96985	30.901201	89.53387	6.3674164	142.63995	35.09406	-7.6659174	1.9562417	13.472704	-19.667032	1061.4373	5.2314177	2951.5116777420044
19	812.2308	7.8865643	829.3718	805.33325	-33.991432	55.335255	33.593746	-120.096085	-13.221128	10.758756	2.975016	-34.133144	-102.066986	45.02111	-56.902847	-170.86336	-136.05841	70.32384	-23.3091	-202.4765	799.00964	16.035334	828.85266	774.85406	1000.0	1000.0	75999	91.80316	6.2672796	140.09508	32.261913	91.80296	6.2696567	140.03831	27.552958	-7.7050567	1.9606231	19.586372	-18.086338	1090.3116	5.169528	3118.428697347641
20	794.78015	18.895576	829.01263	762.6201	-50.759647	49.5102	-7.7048273	-134.43477	-3.2327514	6.3898153	9.475345	-15.140083	-101.11272	27.340092	-70.78377	-141.68633	-151.87236	74.46839	-78.488594	-276.1211	791.5475	23.8409	838.488	754.7745	1000.0	1000.0	79999	93.96184	6.1912346	140.80093	28.06138	93.96177	6.193518	143.09177	32.975426	-7.74173	1.9511611	14.995325	-20.712942	1115.5181	5.175019	3285.2259821891785
21	781.5815	5.7082386	791.0268	770.54956	16.9337	75.367134	125.0517	-64.63862	-10.115903	2.1845293	-7.573464	-14.8313675	-68.60692	72.811615	17.565971	-144.08623	-51.673218	143.08737	114.446434	-201.94078	771.4656	6.2224326	780.66364	761.94995	1000.0	1000.0	83999	96.09902	6.191347	141.98402	30.799637	96.09869	6.1945186	142.62227	26.966167	-7.771197	1.9454596	13.985686	-19.154716	1133.5984	5.23922	3452.8204624652863
22	849.88086	8.806434	862.7694	827.3261	-63.591614	57.168034	22.214272	-134.40286	-6.3634834	3.6758306	-0.8299443	-11.208445	-149.01451	11.883077	-133.15976	-166.37653	-212.60612	62.582405	-110.94548	-280.3312	843.5173	8.337806	852.60126	825.3327	1000.0	1000.0	87999	98.27734	6.1556096	145.2299	35.805443	98.27758	6.155331	152.55466	35.20685	-7.77126	1.9698986	14.426577	-18.524067	1158.5062	5.229112	3619.7933781147003
23	548.7008	10.279727	565.27435	533.1327	-52.567165	23.260443	-25.493998	-81.809494	5.514945	9.058518	17.118149	-9.8494425	-145.59084	10.9447975	-137.86617	-164.29382	-198.15799	21.371317	-163.4254	-219.67566	554.2157	18.895649	582.3534	524.5059	1000.0	1000.0	91999	100.26961	6.1855392	156.94147	36.60918	100.2694	6.1887345	150.73271	33.804855	-7.81769	1.9568579	23.828232	-20.578865	1183.6768	5.3129935	3786.7928709983826
24	695.2633	22.602106	726.50464	649.50116	-13.231625	62.698986	53.809967	-110.35422	54.799522	15.296714	81.15321	32.490158	-137.6771	37.474205	-95.12643	-185.82193	-150.90872	71.21463	-41.31646	-218.09447	750.0628	10.724764	766.8393	730.65436	1000.0	1000.0	95999	102.15913	6.171038	149.32979	39.21958	102.15883	6.17111	151.7621	32.726162	-7.794117	1.976567	17.044235	-20.987936	1206.3948	5.3229666	3954.1989624500275
25	741.3395	21.94331	771.70306	713.92377	5.3034496	48.220142	62.813515	-70.182686	-3.97094	7.8585396	13.460177	-14.274803	-109.31114	30.501818	-64.014336	-146.1124	-104.00768	61.499043	-38.929665	-195.55733	737.36847	28.318005	773.5077	702.8158	1000.0	1000.0	99999	103.98253	6.1109834	149.67883	37.062943	103.98277	6.1073728	146.7562	38.51574	-7.848533	1.9532402	19.946957	-19.304974	1226.717	5.1905975	4121.444484949112
26	719.0442	25.72929	762.9771	671.86304	5.6700897	16.063099	26.156557	-11.147249	11.3720875	2.2986605	13.848216	6.361759	-32.56784	73.366005	64.08767	-142.23962	-26.897755	83.66583	80.62837	-153.38687	730.41626	24.12449	769.33887	684.94775	1000.0	1000.0	103999	105.81127	6.0610223	150.22668	44.08267	105.81111	6.061086	154.99101	44.116974	-7.8103895	1.9783021	18.66658	-18.986591	1244.9945	5.213946	4299.063185930252
27	535.74554	108.55078	647.37286	361.12842	-22.3242	55.823948	15.011729	-118.516075	-0.7018155	7.5315866	12.642398	-11.161829	-92.68829	20.92088	-69.54815	-126.521935	-115.0125	76.076126	-54.53642	-245.03801	535.0437	115.085	653.57635	351.03342	1000.0	1000.0	107999	107.5953	6.076078	151.92068	45.349346	107.59523	6.0751004	152.76477	51.30086	-7.818076	1.9745102	17.572128	-20.245033	1261.9692	5.2193213	4477.132607698441
28	796.5238	15.142906	817.09717	766.06323	-0.2681949	74.61219	67.51734	-125.46476	12.135689	5.753799	20.433332	1.7652141	-33.273643	58.30787	56.127556	-90.40147	-33.541836	124.53724	123.6449	-215.86623	808.6595	16.660955	833.7681	782.7517	1000.0	1000.0	111999	109.12216	6.2576437	154.37637	46.41189	109.12233	6.2567396	152.30867	52.60403	-7.8228374	1.9367822	16.368937	-18.629013	1282.752	5.3810425	4654.871381998062
29	846.09247	9.844067	857.5664	828.2736	11.587494	47.050095	92.267555	-24.890364	2.5601232	4.2908697	9.138944	-4.42574	-47.840244	91.61826	102.65982	-125.98465	-36.252747	137.8559	194.92737	-142.08327	848.6525	12.74401	864.4841	830.24805	1000.0	1000.0	115999	110.64214	6.389777	155.53214	47.28498	110.64214	6.3868856	153.06818	52.183453	-7.8130417	1.9520816	21.827347	-19.266743	1301.282	5.386061	4825.87179017067
30	738.8033	38.91114	800.42444	667.99506	59.60673	36.85277	110.8937	12.0496855	12.44846	13.348542	33.42738	-17.307306	-59.190964	30.513716	-23.751486	-100.71988	0.41576672	67.01369	87.14221	-88.6702	751.25165	34.727715	818.2555	700.99664	1000.0	1000.0	119999	112.1011	6.4692364	160.15428	39.72998	112.10125	6.470291	160.14862	53.772804	-7.8241687	1.924753	14.014803	-19.211494	1317.7473	5.3679104	4992.750551700592
31	822.9746	20.198872	850.2429	787.1734	-38.48939	16.93358	-13.910247	-61.347343	95.05864	20.772312	134.6441	72.45799	-72.4398	53.63718	17.942503	-122.785095	-110.929184	50.589638	-24.48019	-152.64426	918.0332	18.313646	945.06433	879.6952	1000.0	1000.0	123999	113.46055	6.627472	165.49538	42.465996	113.46048	6.627691	165.29234	47.559185	-7.8384933	1.9360867	14.065733	-18.763525	1338.222	5.41259	5159.732398033142
32	798.39954	34.743134	855.3714	745.18726	17.017628	21.921158	38.418312	-16.944096	335.6519	122.9448	536.3408	154.52188	-54.036346	47.420967	23.50326	-101.90602	-37.01872	49.540485	36.034077	-97.016846	1134.0515	154.15163	1378.2703	918.66534	1000.0	1000.0	127999	114.64035	6.712635	165.6009	57.560856	114.64032	6.7127457	170.44601	57.930546	-7.8264723	1.9347595	19.717104	-20.802456	1350.5791	5.3778486	5327.098162174225
33	815.7759	94.961716	890.8337	563.20276	7.239377	40.908966	55.931034	-35.985874	101.65992	63.570538	187.04494	10.210285	-56.16136	38.53143	-18.149126	-105.8499	-48.92199	59.11378	20.389042	-141.83577	917.4357	109.53748	1027.296	608.78217	1000.0	1000.0	131999	115.80209	6.898973	161.46057	57.2424	115.80194	6.8984137	163.40753	54.87378	-7.7694354	1.9550682	27.252907	-20.560286	1361.8055	5.4509625	5496.099449396133
34	767.0588	80.02915	891.4741	649.34766	28.208748	30.477093	69.06806	-15.75075	270.04572	211.647	671.5409	6.662011	-31.05767	88.66966	63.45254	-132.538	-2.8489275	93.239136	132.5206	-95.40737	1037.1045	279.79028	1465.3032	672.6283	1000.0	1000.0	135999	117.04677	7.101684	167.85599	51.36068	117.04697	7.1010704	163.6911	50.88319	-7.775071	1.9669824	23.21579	-18.40864	1370.1874	5.398127	5664.734404802322
35	785.5272	57.24981	833.98425	635.01447	52.004993	28.618227	85.31249	10.546281	133.71591	50.273243	201.78122	6.6195655	-25.82343	87.11323	82.99574	-124.16725	26.181564	113.30129	153.47385	-113.62097	919.24316	95.28757	995.55505	641.63403	1000.0	1000.0	139999	118.17095	7.350732	169.19894	41.651146	118.17077	7.3531165	172.32774	56.067154	-7.804543	1.9445747	19.033813	-18.62293	1373.429	5.3780537	5834.431238412857
36	843.6252	21.282686	875.28503	791.5372	42.668224	32.20729	91.587234	2.7830725	166.80676	44.881054	209.45354	51.654797	-60.94845	47.859844	17.143959	-110.93306	-18.280224	74.866684	108.73119	-80.67285	1010.43195	58.75436	1057.4578	843.19196	1000.0	1000.0	143999	119.31208	7.5501337	172.01985	59.01968	119.31228	7.549955	174.75511	61.567776	-7.793144	1.9194695	20.966469	-20.449263	1385.779	5.242333	6005.630487918854
37	732.1638	52.25497	871.498	664.73914	78.63402	29.16305	121.21945	50.835075	339.7235	189.48369	593.40326	17.763449	-67.158775	62.841423	27.996939	-141.1569	11.475239	81.676346	149.21638	-51.123672	1071.8875	160.07732	1293.8536	775.028	1000.0	1000.0	147999	120.43138	7.7287536	166.15575	58.01059	120.43144	7.7300167	164.21466	59.852688	-7.800472	1.9234451	22.361055	-19.222292	1397.2186	5.3043966	6178.228374242783
38	785.3319	42.327724	842.90424	720.01556	82.62664	5.358516	86.414734	73.40585	243.08041	198.78261	572.16376	15.1219425	-53.440914	12.004557	-33.679913	-66.02817	29.185722	6.896853	39.72594	20.386564	1028.4124	235.99715	1381.7377	735.1375	1000.0	1000.0	151999	121.43612	7.960698	166.8256	57.44412	121.43601	7.96148	168.59738	56.99463	-7.777191	1.9275352	22.941027	-20.504993	1403.597	5.299271	6351.804344415665
39	840.6748	84.63406	989.4434	752.8935	64.419815	32.472748	97.73862	12.437641	115.25663	68.300354	171.82668	2.528255	-69.727295	26.119484	-25.822678	-89.76798	-5.3074875	54.275734	71.91594	-76.8019	955.93146	27.33897	1003.24176	918.43195	1000.0	1000.0	155999	122.56145	7.968959	167.78273	50.875183	122.56147	7.971191	164.70357	56.717346	-7.7749314	1.9484655	18.439465	-20.8947	1421.1395	5.158146	6525.098375797272
40	736.8339	74.23592	854.7448	597.36615	65.436615	48.616474	122.23418	11.010476	252.69527	173.71016	657.9018	28.791454	-1.0012736	87.31707	131.68626	-85.969955	64.43535	133.91353	253.92044	-62.112526	989.5291	172.2833	1255.268	673.6726	1000.0	1000.0	159999	123.68702	8.056888	167.88986	55.49308	123.68689	8.058402	166.89372	60.282417	-7.799938	1.9232197	17.29476	-19.759068	1433.7302	5.0848627	6688.421455383301
41	827.19104	82.617386	1015.3108	714.21326	44.53641	31.12977	85.651855	0.7014309	256.25027	115.207565	374.3481	5.3601494	-49.527752	22.565187	-23.596064	-83.77408	-4.991338	45.661537	31.423637	-83.07265	1083.4414	130.67188	1228.1501	864.55634	1000.0	1000.0	163999	124.68358	8.229872	166.70204	54.912254	124.68364	8.231544	166.3384	53.922493	-7.771269	1.9480538	19.866613	-21.352764	1438.838	5.144154	6852.399546861649
42	881.21844	54.72153	947.83075	776.4347	90.995895	9.881444	107.17151	82.55121	183.15097	137.24905	359.9417	-24.693865	-42.58269	33.617546	5.33431	-83.436745	48.413208	43.15225	112.50582	-0.88554204	1064.3695	154.09044	1282.6218	814.83856	1000.0	1000.0	167999	125.66588	8.427756	166.4548	61.808434	125.66586	8.428451	167.632	62.58169	-7.7527895	1.9515753	20.811665	-20.911703	1447.7866	5.0668626	7016.403378486633
43	848.2954	69.65716	946.34705	717.286	62.390438	31.379082	113.50091	27.968813	180.83517	111.82351	295.4305	-22.271555	-27.36698	39.1423	26.066359	-83.7357	35.02346	64.3462	139.56726	-28.640839	1029.1306	120.72624	1135.2948	695.01447	1000.0	1000.0	171999	126.69923	8.444693	168.53989	68.89399	126.69921	8.445504	168.11708	69.432236	-7.7414365	1.9474189	15.047699	-21.304321	1459.0962	5.0512753	7180.464290142059
44	902.92316	46.923115	949.184	802.943	64.14381	33.187733	99.9487	11.293301	143.93437	138.79497	482.20126	-1.4535651	7.0760193	49.668175	44.156445	-77.95891	71.21983	36.659313	107.19861	21.989794	1046.8577	141.36874	1396.8375	915.8517	1000.0	1000.0	175999	127.50501	8.501411	170.6305	59.739567	127.50507	8.503066	167.51535	62.978218	-7.764058	1.9254558	18.923336	-21.482727	1464.2877	5.065421	7344.8407464027405
45	971.0702	54.112984	1014.9719	829.5165	124.20789	23.652166	159.23668	99.24186	138.85286	154.76775	479.84793	5.114985	-15.844366	23.592396	18.393805	-38.009766	108.363525	41.265995	177.63048	68.66777	1109.9232	129.64796	1309.3644	988.89026	1000.0	1000.0	179999	128.33646	8.66496	172.75775	55.32181	128.33627	8.667595	171.20667	53.38733	-7.721633	1.9591199	15.8463955	-19.046867	1473.7435	5.148454	7509.262903690338
46	896.3871	100.71312	963.26984	618.1576	125.873795	26.181707	149.05708	84.52795	66.28457	104.82455	377.7493	3.2807567	-19.289278	79.46458	109.10973	-96.60448	106.58452	89.54634	258.1668	25.504528	962.6717	122.22937	1198.5184	663.2147	1000.0	1000.0	183999	129.28508	8.742034	173.69215	59.127262	129.2851	8.741321	170.91956	57.105	-7.70435	2.0078628	25.500896	-18.028849	1480.5068	5.0398126	7673.460901260376
47	840.2046	182.50761	958.6273	457.3446	85.06455	25.946247	125.82938	54.019814	153.14262	129.17767	438.70972	23.525042	31.106174	82.168076	146.0039	-53.57374	116.17072	97.663826	271.83328	23.465002	993.34717	229.43361	1319.305	498.59967	1000.0	1000.0	187999	130.21123	8.837699	175.91492	61.210907	130.21115	8.839277	175.5864	63.43299	-7.7025075	1.988303	23.75643	-17.781635	1484.1918	5.053158	7837.753400564194
48	784.2794	115.19066	918.71704	619.9937	132.96696	61.12911	235.56941	74.65637	67.8046	52.13951	165.22252	-11.176798	-21.225243	60.19304	80.3589	-76.41521	111.74173	68.49997	195.58449	25.168188	852.0841	112.761635	1026.8645	698.03064	1000.0	1000.0	191999	131.0894	8.934088	177.67596	49.352375	131.08945	8.937659	175.5108	54.32525	-7.6495667	2.0475953	34.69876	-18.663292	1494.0878	5.1331234	8002.571294307709
49	955.4574	46.567047	1003.19794	833.1691	112.684235	106.8105	245.85875	-43.847363	39.88392	41.49696	148.66573	-4.1945314	-26.749876	20.893097	0.21979962	-57.307117	85.93436	98.78586	214.63599	-62.53679	995.34143	64.9133	1082.0774	842.63934	1000.0	1000.0	195999	132.01874	8.9901905	181.45749	49.85008	132.01866	8.991421	177.02814	60.03671	-7.639815	2.055156	27.845932	-18.777843	1501.212	5.120237	8167.461474180222
50	851.7594	106.39334	1005.6296	654.00995	147.3635	17.8807	163.6309	119.26197	307.94287	305.89636	765.84814	-23.656857	4.06806	61.62045	95.01451	-68.18027	151.43153	64.20486	239.50499	86.39083	1159.7024	219.18439	1562.1566	967.1275	1000.0	1000.0	199999	132.89091	9.221531	184.92764	54.38909	132.89082	9.223676	183.4823	61.0239	-7.6186733	2.0475054	23.986021	-18.089573	1511.7102	5.1008534	8332.444762945175
51	847.8333	225.25563	1002.9311	384.11713	112.15522	34.154285	147.29453	57.08834	318.49615	407.87564	1166.3677	43.99789	6.071972	43.112545	51.74987	-49.201424	118.227196	26.646582	156.49881	82.92696	1166.3296	193.52637	1600.5242	963.3354	1000.0	1000.0	203999	133.6943	9.344985	184.6224	56.311127	133.6944	9.34534	183.6288	52.296413	-7.6178164	2.0300775	27.22147	-19.478575	1511.2903	5.078779	8506.995998620987
52	911.58856	60.25427	954.10095	765.7517	124.73939	15.89773	141.87143	99.48116	391.85922	254.00365	803.67914	30.256124	-1.9860201	43.248367	59.477604	-62.679203	122.75337	53.613808	183.46088	36.801964	1303.4479	278.56155	1727.1268	893.8874	1000.0	1000.0	207999	134.48457	9.509209	189.27115	56.620705	134.48466	9.509458	183.90303	60.901222	-7.6153293	2.0110834	21.394905	-19.878044	1518.5768	5.0424943	8682.914227962494
53	997.59296	20.606127	1045.3146	974.563	153.4432	10.2878275	162.2155	136.41643	82.79544	47.777557	154.32101	22.458134	46.7512	67.379875	130.4812	-21.441769	200.1944	75.60131	292.69672	118.925674	1080.3884	59.09146	1198.8939	1006.2345	1000.0	1000.0	211999	135.11911	9.706543	187.447	65.6082	135.119	9.706987	185.83035	68.75105	-7.608403	2.0007496	23.346466	-18.491823	1524.513	5.0665884	8853.585154294968
54	826.87537	219.56276	990.4725	482.4855	149.93921	27.969637	191.24495	116.12196	73.27396	72.87699	268.08176	10.65464	60.048462	107.48195	208.51094	-73.71974	209.98767	128.90314	365.91733	42.40222	900.14923	266.03442	1251.687	500.56198	1000.0	1000.0	215999	135.80458	9.9142065	188.11922	59.79609	135.8048	9.91405	187.7653	67.63732	-7.5633707	2.04532	28.92891	-18.262224	1530.873	5.124003	9024.075073003769
55	895.9969	108.31218	999.0067	694.37036	142.99059	28.985472	165.37639	93.17254	130.05852	151.94362	534.7552	-3.9350488	63.270233	87.92791	199.56052	-37.54688	206.26082	65.290695	292.73306	119.99772	1026.0554	233.25522	1521.9749	725.3595	1000.0	1000.0	219999	136.39738	10.308015	193.48528	69.38516	136.39757	10.308708	192.21141	68.251595	-7.5423374	2.0717223	21.518543	-19.273281	1544.1567	5.3070607	9190.747685670853
56	970.7446	71.29061	1040.0562	781.49133	174.65244	18.914675	194.91273	149.47443	404.7083	335.04315	1158.9722	81.65836	46.419235	50.889423	111.92354	-27.131777	221.07166	40.370594	261.39795	167.78096	1375.453	271.03427	1940.4635	1084.2034	1000.0	1000.0	223999	137.0824	10.548587	194.46771	58.741154	137.08235	10.549643	192.57382	60.8108	-7.5176907	2.0773041	19.262913	-18.205181	1547.3442	5.2764974	9355.201149702072
57	932.8097	56.992958	1047.6863	856.38763	151.69226	19.632334	165.85121	117.84531	727.14264	455.83847	1384.8802	97.79506	85.01316	53.6923	144.91388	11.060677	236.70544	63.654526	310.7651	171.6449	1659.9524	436.98746	2275.2998	1074.8452	1000.0	1000.0	227999	137.81877	10.742707	191.3575	62.418087	137.81886	10.744283	187.24321	60.97549	-7.504783	2.0704997	52.69884	-18.979681	1558.4115	5.3525167	9519.929963350296
58	883.4668	191.60881	1046.4359	344.2537	127.323814	27.031372	150.22585	83.067	268.16437	302.7925	1040.0676	44.342865	52.463203	96.476234	172.9932	-43.451565	179.787	94.30698	323.21902	84.26376	1151.6312	169.5452	1508.5045	966.8334	1000.0	1000.0	231999	138.46796	10.971705	193.75319	69.98053	138.46806	10.97046	192.81291	76.29456	-7.4578123	2.1286087	26.125484	-18.890116	1557.2062	5.292814	9686.158820867538
59	915.6022	125.22861	1047.102	629.52734	178.74323	44.131264	233.0549	125.06972	230.36531	163.18375	499.21347	16.82566	159.6212	123.93623	349.99393	12.064696	338.3644	146.61276	583.0488	221.78954	1145.9675	251.72993	1504.6813	646.35297	1000.0	1000.0	235999	139.29707	11.157219	201.79858	61.24815	139.2973	11.157129	197.71558	57.797764	-7.4438663	2.1099365	22.026169	-19.811192	1567.7979	5.302565	9852.445074796677
60	845.7228	126.456635	980.49475	634.00464	149.44534	22.551168	181.32657	121.13756	686.2611	489.75336	1514.0579	112.46426	-0.98232555	15.212953	12.866013	-26.488716	148.46301	36.603367	194.19258	94.64884	1531.9836	528.97815	2440.3535	780.4191	1000.0	1000.0	239999	139.95978	11.425731	202.34892	74.30144	139.95963	11.425542	202.90517	73.721855	-7.38755	2.1442246	33.54876	-19.076088	1571.9769	5.3668084	10018.626090288162
61	828.5199	177.88892	1027.0764	493.36993	166.814	19.056503	185.32616	139.23962	197.85098	252.05132	927.3308	32.812775	92.229576	122.56814	257.05856	-36.99221	259.04355	139.31252	440.82327	121.93327	1026.3708	293.17612	1724.89	692.41833	1000.0	1000.0	243999	140.65875	11.670221	204.43689	73.79457	140.65862	11.671182	203.57338	71.42677	-7.3528323	2.17889	30.845226	-18.267338	1576.5363	5.399076	10184.306089162827
62	831.8544	218.95938	1046.2836	334.47385	192.4197	19.084122	224.89893	176.11887	433.03897	325.41525	1021.6675	43.672707	130.93538	120.05349	321.4651	9.294907	323.35507	137.34068	546.364	195.25748	1264.8933	310.43295	1958.2365	840.57214	1000.0	1000.0	247999	141.4346	11.792896	200.755	72.54677	141.43478	11.793256	198.90048	70.54448	-7.3276606	2.193844	34.734867	-20.536667	1578.5211	5.4640307	10348.172074079514
63	882.0718	130.61687	1011.8494	642.6961	200.0325	44.279137	271.7241	157.35274	198.09216	146.67845	492.6397	53.750732	94.26916	48.274754	153.27943	35.385098	294.30167	71.5989	400.37033	205.73805	1080.164	215.92366	1457.1775	723.7669	1000.0	1000.0	251999	142.1733	11.809987	199.85106	73.12134	142.17336	11.810042	196.89856	73.98417	-7.3144326	2.2323294	25.789257	-23.679546	1581.1204	5.5447617	10513.684183359146
64	822.3337	216.32875	982.97266	310.61078	175.22128	17.959188	199.049	148.7179	518.6063	574.21967	1568.9933	-11.320015	151.86089	69.38114	245.61389	71.30356	327.08215	70.827545	425.03314	249.8856	1340.94	546.3695	2197.0044	299.29077	1000.0	1000.0	255999	142.86945	11.991566	206.04968	74.05581	142.8695	11.992002	205.17369	64.20138	-7.283771	2.2112606	37.2831	-18.56102	1590.244	5.5093546	10678.929931163788
65	866.95685	225.72285	1013.4683	291.27725	207.51656	16.172386	229.74756	185.64151	231.2946	241.08167	865.29	23.202337	150.44453	123.99442	332.98654	-11.072189	357.96106	136.66376	562.73413	190.20894	1098.2513	358.84064	1749.6661	314.47958	1000.0	1000.0	259999	143.48796	12.109955	206.85295	67.69699	143.48817	12.109493	208.9099	65.898926	-7.301727	2.179094	45.017727	-18.248112	1595.7319	5.4246593	10854.437733650208
66	887.4451	185.53001	1005.7217	403.4704	187.78888	51.242645	270.54544	142.07564	247.4047	255.70758	826.0867	18.76072	62.972466	69.74536	162.69514	-9.191505	250.76137	58.384747	304.77078	153.19481	1134.8499	352.42862	1752.5011	422.2311	1000.0	1000.0	263999	144.15813	12.421109	208.15018	70.90512	144.15797	12.420497	209.36632	74.53955	-7.1669617	2.248785	27.04494	-18.894136	1601.0222	5.5197296	11033.615710258484
67	871.63556	120.71361	1009.4989	644.72577	179.34433	35.184586	218.81667	127.73135	421.8496	386.055	1474.1735	97.624954	225.9521	171.61642	463.88715	52.911514	405.29645	181.27339	631.1889	200.51549	1293.4854	328.27188	2118.8992	881.92084	1000.0	1000.0	267999	144.79639	12.645162	209.66101	78.707954	144.79659	12.647043	211.50201	77.787	-7.216395	2.2082274	22.495855	-20.544268	1605.5645	5.454838	11213.662597417831
68	977.1918	23.030458	1020.66113	950.4002	255.84671	73.254974	370.06326	172.13432	583.7433	250.3946	1024.8225	251.6983	399.1808	323.32214	761.2514	-76.86406	655.02747	328.35614	990.4565	185.48749	1560.935	239.08345	1993.2184	1239.5105	1000.0	1000.0	271999	145.51334	12.926685	211.486	66.73383	145.51324	12.926707	213.41565	75.73391	-7.218557	2.2166944	28.210361	-19.874569	1619.3893	5.5324435	11388.7887737751
69	727.57324	107.112976	936.97595	601.88403	224.59108	33.36785	267.35477	176.78249	1581.8645	214.45534	1785.4401	1018.5134	210.73256	94.75376	317.3777	64.963104	435.32367	91.48654	505.72336	279.29904	2309.438	237.33629	2533.518	1716.0703	1000.0	1000.0	275999	146.13383	13.256017	217.66556	71.303085	146.1339	13.256474	212.53488	75.041306	-7.1763444	2.2326412	28.502195	-18.054623	1624.9797	5.6212234	11552.232550621033
70	864.9613	52.745377	975.6761	806.21155	212.59192	10.0956745	220.0964	195.27237	1448.1335	419.44296	1736.4958	204.24254	149.90324	159.05338	381.31134	-5.8828726	362.49518	164.49162	600.0834	189.3895	2313.095	384.44495	2615.6943	1179.9186	1000.0	1000.0	279999	146.74728	13.566074	214.65913	65.43397	146.74736	13.565548	214.91766	76.22616	-7.162288	2.2282805	18.210829	-17.922365	1626.8019	5.7255774	11715.145906448364
71	821.501	155.14792	1010.648	558.3806	230.97577	45.41636	302.7371	184.88649	987.02405	620.5557	1713.2	104.98368	90.223885	73.94294	197.44016	21.137043	321.19965	50.456833	397.59177	257.26492	1808.525	667.3059	2622.4663	990.87244	1000.0	1000.0	283999	147.39578	13.840825	215.63431	71.33251	147.3961	13.8400545	212.5366	79.52097	-7.091632	2.287697	28.590458	-19.530012	1630.3824	5.8034315	11878.18399477005
72	825.3408	158.33475	955.2626	445.82922	248.27875	32.33115	286.42163	208.80214	1552.508	433.64697	1864.5299	306.49918	508.67242	460.1551	1083.1487	23.672628	756.9512	492.22852	1369.5703	232.47476	2377.8486	575.723	2735.868	752.3284	1000.0	1000.0	287999	148.02992	14.172915	212.78743	65.48071	148.03001	14.172713	212.54568	60.38037	-7.0662823	2.2585952	24.358198	-19.131979	1638.899	5.714069	12039.844757080078
73	798.93835	91.39478	883.97186	569.9856	245.9915	46.95187	303.427	177.67148	1508.8435	347.78482	1763.4609	585.521	559.3693	470.66876	1286.3264	115.77583	805.3608	512.21875	1589.7534	347.30716	2307.7817	403.42172	2623.002	1272.23	1000.0	1000.0	291999	148.99573	14.773901	220.50378	71.10639	148.99577	14.774721	214.8754	70.74108	-7.058166	2.2832208	30.829784	-19.336866	1654.2285	5.8769746	12202.500188827515
74	939.06775	25.576971	974.74396	888.76447	260.88654	34.755337	320.70474	236.6925	1793.8467	75.660515	1940.333	1680.3513	818.1574	440.8956	1330.7968	214.0813	1079.044	454.17252	1569.771	461.256	2732.9146	74.45931	2862.111	2633.2815	1000.0	1000.0	295999	150.06895	15.615048	222.95032	67.00335	150.06902	15.614815	224.31645	79.06033	-6.9577127	2.358173	27.275589	-19.832033	1672.4363	6.096018	12364.517013072968
75	778.3668	164.76929	938.3534	333.34674	238.50023	14.087644	259.7284	223.3669	1544.062	435.43497	1938.0605	347.5977	883.292	477.43524	1360.528	143.38036	1121.7922	487.09158	1602.8953	371.91867	2322.429	446.15677	2810.4697	1285.951	1000.0	1000.0	299999	151.01685	16.435965	219.95543	70.76039	151.0171	16.436987	216.46315	72.5112	-6.9498363	2.3938668	36.433247	-18.989552	1669.7992	6.283383	12524.071088075638
76	871.0184	88.99732	945.3927	689.3621	253.09464	35.750435	296.73306	208.34349	1811.4807	49.766727	1911.5383	1762.9138	1167.2848	123.73304	1360.047	1043.9094	1420.3794	148.79848	1656.78	1252.2529	2682.499	56.031273	2769.0188	2577.0051	1000.0	1000.0	303999	152.20721	17.441114	221.80992	79.789	152.20732	17.4406	221.53743	78.09951	-6.861523	2.444457	24.027645	-19.45248	1673.455	6.5290117	12688.316200733185
77	853.6701	69.48875	928.2805	676.7606	250.50116	27.683752	282.39294	207.75151	1758.5872	92.341705	1902.9861	1624.9949	1071.7638	398.92627	1405.7928	391.53223	1322.2649	393.37543	1652.723	656.4622	2612.257	139.60956	2831.2666	2381.788	1000.0	1000.0	307999	153.54172	18.431522	221.97812	54.33626	153.54185	18.433895	226.58257	59.53083	-6.80737	2.4767225	37.28788	-20.454329	1679.6748	6.6146574	12853.594503641129
78	903.78156	20.236778	942.86145	877.43243	261.0892	37.202667	290.55112	199.16878	1831.7748	77.478226	1938.7023	1653.9312	1024.8853	516.89526	1343.3468	130.01865	1285.9745	552.4898	1616.8961	329.1874	2735.5562	74.2672	2864.21	2596.7925	1000.0	1000.0	311999	154.824	19.554514	225.09924	82.49067	154.824	19.555073	226.52174	84.410484	-6.73256	2.5269666	45.067574	-18.978764	1699.0692	6.8016834	13018.454411745071
79	947.1289	37.239307	999.69855	869.3228	291.37543	40.221703	335.42957	243.99512	1908.2141	61.627846	2006.724	1779.275	1373.6132	76.7811	1457.2087	1274.1147	1664.9885	83.21058	1784.0107	1568.2589	2855.343	64.14203	2953.66	2726.2212	1000.0	1000.0	315999	156.4312	21.043268	227.34698	78.75579	156.43135	21.045523	228.2141	81.174385	-6.674412	2.5441282	31.28271	-19.641024	1714.6078	7.047751	13181.786274433136
80	819.19965	74.12229	899.7767	613.1566	248.10535	39.953884	316.1784	218.41107	1765.1324	104.57872	1835.3643	1455.85	1191.1244	240.09207	1381.9016	784.2559	1439.2299	263.21442	1698.0801	1002.667	2584.3318	175.06389	2698.9077	2069.0066	1000.0	1000.0	319999	157.93799	22.258938	234.29515	57.93025	157.93813	22.260223	235.52275	54.534008	-6.651151	2.5648165	36.263447	-19.29493	1730.8234	7.1752725	13345.789597988129
81	809.80115	107.482315	920.63635	544.82007	289.1595	27.260134	324.9133	260.3569	1634.9989	206.5428	1779.2137	1042.6216	1375.9226	81.06825	1475.1072	1257.0701	1665.082	88.27036	1740.2926	1517.4269	2444.8003	302.9629	2678.1042	1587.4418	1000.0	1000.0	323999	159.33878	23.342669	236.77905	90.74326	159.33878	23.344194	245.3271	88.890114	-6.6446815	2.5756924	34.67044	-18.318157	1740.8773	7.290623	13509.340526342392
82	938.2454	22.31327	974.5856	880.7135	298.16757	20.11846	325.47134	274.69965	1630.319	53.98039	1728.5322	1549.0162	1363.1753	60.66114	1409.8428	1259.2595	1661.343	46.41085	1707.8202	1584.7308	2568.5645	52.10631	2664.358	2495.4954	1000.0	1000.0	327999	160.74402	24.56193	236.82504	90.23204	160.74411	24.563728	236.12596	89.61618	-6.602255	2.6022756	37.823353	-22.227488	1757.2806	7.4201865	13673.473721981049
83	902.4084	31.243624	967.1914	847.55176	267.46628	23.751196	292.96622	228.87694	1972.2789	107.49354	2160.5889	1762.5231	1031.6614	251.8423	1422.4359	735.39233	1299.1277	272.24243	1715.4021	964.2693	2874.6873	121.3836	3092.0884	2663.159	1000.0	1000.0	331999	162.21783	25.919388	240.4336	83.195755	162.21793	25.920895	239.81303	90.310486	-6.5698323	2.6073546	31.394274	-19.400803	1770.202	7.610501	13848.841382741928
84	916.02814	47.981415	959.0343	779.72455	249.46826	48.359467	278.05362	165.71019	1954.4381	85.19843	2059.5784	1777.8969	1213.4915	503.60168	1577.9447	349.01498	1462.9597	551.5178	1855.0194	514.72516	2870.4658	121.52416	3018.6125	2557.6213	1000.0	1000.0	335999	163.36902	27.017088	242.22691	88.332054	163.36914	27.018385	242.01414	86.23034	-6.515017	2.6605184	38.676884	-19.131918	1770.0297	7.895761	14030.566100597382
85	850.3322	23.7211	887.7863	814.2983	278.13086	31.583271	332.3335	253.50647	1886.1946	140.8064	2085.216	1563.5717	1445.8752	112.81287	1617.1874	1331.2395	1724.006	93.85375	1870.6938	1624.555	2736.5266	136.37921	2904.0947	2391.0874	1000.0	1000.0	339999	164.90852	28.19047	244.94803	89.720566	164.90846	28.1922	243.1191	89.76249	-6.4641433	2.7213614	46.45971	-19.290222	1789.6433	7.9190655	14211.390015125275
86	835.8335	20.552408	874.2998	794.7296	271.95013	33.220585	319.39642	235.68297	1879.1406	73.53387	2023.2642	1780.8885	1367.6906	87.80159	1487.3085	1261.8695	1639.6409	93.95771	1773.4868	1508.4124	2714.9739	71.68002	2854.06	2616.361	1000.0	1000.0	343999	166.35318	29.437258	246.06723	70.12238	166.35345	29.438457	246.2978	73.31305	-6.4893093	2.686742	43.721764	-18.399906	1800.1062	8.3415985	14392.657644748688
87	834.8254	82.726685	909.6238	662.83844	291.02954	16.827991	307.9092	263.0949	1884.9746	55.04633	1966.0508	1774.3998	1473.4756	69.75571	1566.5881	1379.3618	1764.5051	80.592316	1861.3632	1642.4568	2719.8003	87.94447	2820.092	2488.5942	1000.0	1000.0	347999	167.57489	30.482838	247.8626	78.5699	167.5753	30.484705	247.7723	84.71393	-6.41457	2.711398	36.114544	-17.780653	1821.8392	8.497058	14572.671695947647
88	865.55615	42.067867	912.48004	762.2698	285.90778	40.005157	342.6639	232.38821	1968.4548	97.20761	2208.284	1815.0837	1581.8447	67.503746	1667.8402	1479.1212	1867.7526	67.43158	1939.6636	1775.8768	2834.0112	121.080215	3086.181	2638.8035	1000.0	1000.0	351999	168.77052	31.479841	252.14561	87.80867	168.77061	31.481682	251.6557	87.9472	-6.435016	2.7475965	38.607506	-18.799868	1842.4113	8.576534	14756.610326051712
89	894.0169	44.20772	934.01227	774.5399	251.50513	34.14753	287.21878	196.0095	2100.7036	112.62591	2300.5024	1941.6368	1554.7083	43.244392	1617.0162	1498.4827	1806.2134	40.453396	1870.885	1762.1368	2994.7207	126.24532	3219.2153	2829.7744	1000.0	1000.0	355999	169.9836	32.436462	251.88373	89.15234	169.98393	32.437458	251.65073	85.72354	-6.415082	2.708223	35.114048	-20.766745	1859.2904	8.627992	14935.976712465286
90	814.0212	21.987408	859.68524	788.0323	266.5975	21.441778	285.2703	230.84299	2243.7388	62.06847	2333.6772	2133.0977	1636.1301	39.45451	1690.12	1579.2925	1902.7277	42.926334	1959.5118	1860.1775	3057.76	51.881123	3138.371	2964.315	1000.0	1000.0	359999	171.16158	33.341694	253.52696	87.69297	171.16142	33.343834	253.1764	88.840485	-6.389146	2.721658	44.210365	-18.793089	1871.4431	8.764298	15100.215096712112
91	937.9149	26.0672	968.4583	869.06494	251.56912	35.766872	310.19897	218.9227	2046.474	47.732937	2150.2651	1977.2948	1574.0525	80.13146	1672.8512	1464.1125	1825.6217	84.19711	1923.1814	1690.9371	2984.3892	52.564598	3095.3381	2904.1697	1000.0	1000.0	363999	172.23148	34.085102	253.83975	79.92578	172.23126	34.085716	253.14285	85.1411	-6.384687	2.704233	48.35539	-18.641685	1878.182	8.760221	15264.071541786194
92	810.9838	165.26096	954.86304	541.2017	279.68112	51.806583	357.08453	211.80313	2168.2942	160.66495	2336.3315	1864.8268	1642.3337	44.72934	1714.1346	1591.3201	1922.0149	90.73615	2071.2192	1839.9326	2979.2783	323.4222	3264.7249	2406.0286	1000.0	1000.0	367999	173.17856	34.814426	257.37515	88.84588	173.17886	34.81632	253.46574	90.65151	-6.3711023	2.712772	31.961828	-19.088064	1889.5499	8.778281	15427.973341464996
93	856.18524	67.12034	915.55927	732.74994	244.81151	21.532532	280.7206	223.906	2280.2192	175.34746	2450.5588	1923.5262	1736.4341	91.81809	1847.613	1592.8599	1981.2456	92.09805	2082.135	1832.9573	3136.4043	231.93542	3356.5405	2677.3308	1000.0	1000.0	371999	174.4832	35.6874	256.52524	89.76104	174.48299	35.68835	255.76056	88.29864	-6.326023	2.7139556	32.36264	-19.35965	1903.6057	8.932939	15594.815780639648
94	947.58185	15.175599	966.91534	923.8773	230.49905	21.032375	254.2632	206.86385	1542.7869	87.516685	1759.7561	1418.183	1698.4666	166.27866	1854.6975	1420.1387	1928.9656	158.05437	2103.1055	1674.4019	2490.3687	88.06264	2726.6716	2383.6648	1000.0	1000.0	375999	175.58372	36.580647	257.9377	88.40278	175.58388	36.581688	258.4653	90.36781	-6.3008637	2.7493014	37.621437	-18.55236	1905.3507	9.041571	15768.709381341934
95	807.4875	81.15039	1007.6376	706.60944	222.90329	22.893106	262.029	203.86456	1977.4613	65.615776	2076.3066	1899.5524	1820.2681	68.47712	1928.9882	1739.6632	2043.1714	65.07024	2132.8528	1953.3416	2784.9487	105.36122	3083.944	2715.572	1000.0	1000.0	379999	176.72646	37.459824	261.39392	88.840836	176.72672	37.460373	262.00092	88.28065	-6.262602	2.7880137	46.343224	-19.243675	1913.5105	9.23477	15942.232947349548
96	900.0031	60.047527	946.7845	750.0593	259.3051	14.199145	277.14508	237.77994	2034.2751	143.02745	2219.2422	1835.5983	1867.4003	111.73541	2012.5084	1756.8448	2126.7053	99.30279	2250.2883	2020.9988	2934.2788	167.2167	3166.0266	2665.909	1000.0	1000.0	383999	178.11317	38.51704	263.9446	89.66552	178.11314	38.517426	264.84085	87.88736	-6.187583	2.756813	37.14077	-20.811563	1931.8379	9.325359	16116.28367638588
97	804.628	6.14071	817.3295	795.59186	251.63806	16.686726	267.99597	223.73302	2029.6316	74.95693	2235.2905	1948.8876	1888.0387	82.23544	2000.5464	1785.8278	2139.6768	67.65319	2224.2795	2053.8237	2834.2593	79.883545	3052.6199	2748.6316	1000.0	1000.0	387999	179.48694	39.567005	265.16812	88.995346	179.48732	39.56813	265.38763	81.906784	-6.157888	2.7874596	42.462154	-20.34606	1941.1755	9.431974	16280.823795080185
98	918.5911	14.438405	954.5208	898.70233	230.41194	16.250912	255.97495	211.73233	1952.0461	42.335445	2006.1696	1868.538	1820.8843	169.69183	1985.0763	1550.6207	2051.2964	183.76251	2241.0513	1762.353	2870.6372	48.608456	2942.3577	2767.2405	1000.0	1000.0	391999	180.95535	40.553726	268.68323	87.04115	180.95525	40.554474	270.0841	84.20135	-6.1493545	2.8224647	32.61995	-21.786003	1948.7396	9.498535	16443.99382662773
99	923.2267	123.044	980.05963	555.3797	251.40279	40.47354	297.53378	209.85347	2224.2788	76.49248	2315.1565	2070.166	1980.2101	28.84871	2028.1127	1952.7943	2231.6128	32.97803	2261.7715	2176.3857	3147.5056	182.52467	3295.216	2625.546	1000.0	1000.0	395999	182.49942	41.57868	273.56378	86.532845	182.49956	41.5791	279.2917	87.79513	-6.096347	2.8864188	27.632954	-20.584618	1967.9603	9.662671	16605.774975061417
100	913.76575	25.470459	955.7009	863.00775	232.17195	10.19195	249.11685	222.9636	1998.2126	29.94286	2057.901	1956.7551	2042.6426	79.87215	2146.0754	1957.4515	2274.8145	77.786545	2376.992	2180.415	2911.9783	46.628536	3005.7524	2836.2588	1000.0	1000.0	399999	183.9469	42.62502	273.8444	87.30779	183.94707	42.6258	275.06277	90.57711	-6.0452642	2.8779843	30.262367	-19.617733	1986.0846	9.880472	16764.717723846436
101	919.9948	98.21025	1009.55975	636.7061	199.1329	17.653027	219.70728	175.14777	2242.2324	88.25297	2322.1475	1998.8776	2012.4552	87.39823	2138.2732	1925.7301	2211.5881	92.73249	2350.114	2111.319	3162.227	179.53214	3283.5737	2635.5837	1000.0	1000.0	403999	185.57281	43.861835	276.11002	86.879814	185.57256	43.86214	279.28058	89.90545	-6.031713	2.8720124	36.33468	-18.995974	1999.7528	9.903189	16922.609862804413
102	942.0602	14.659465	973.1995	915.148	224.03105	20.102276	248.98691	192.89394	2465.8499	37.52784	2517.7651	2380.118	2055.3887	61.687756	2120.161	1956.5715	2279.4197	81.114655	2369.1477	2149.4656	3407.9097	46.108112	3460.7847	3310.974	1000.0	1000.0	407999	187.10352	44.995274	281.62384	84.602295	187.10371	44.99638	284.7436	89.589195	-6.0372305	2.9083524	42.56654	-18.533125	2009.535	10.217123	17080.66834640503
103	946.06036	27.457397	987.5964	887.0991	240.07109	49.378845	325.5077	208.91826	2125.2056	100.58639	2195.7566	1834.9027	2042.3018	74.6427	2160.3164	1966.7971	2282.3728	61.15812	2371.0312	2200.3494	3071.266	113.63761	3159.0723	2748.442	1000.0	1000.0	411999	188.352	46.069393	281.43964	86.39319	188.35236	46.06925	286.2616	90.358154	-5.961362	2.938413	43.317673	-20.380379	2017.6371	10.360148	17239.743856430054
104	909.2744	55.44298	960.6999	748.5805	227.39899	22.96982	252.79024	204.34743	2343.1917	99.6461	2412.4617	2056.062	2165.4824	44.030766	2209.2214	2093.262	2392.8813	31.528381	2422.0164	2341.0737	3252.4658	153.44849	3359.806	2804.6426	1000.0	1000.0	415999	190.12396	47.123116	287.56363	86.514496	190.12405	47.12285	285.94897	86.50811	-5.9482927	2.8858845	34.746975	-19.152946	2036.4996	10.471348	17404.819650650024
105	876.74286	104.620636	986.08215	715.67267	197.64929	22.622993	220.31357	173.99332	2178.8804	116.33368	2316.89	1966.9822	1732.971	688.1796	2204.737	543.8176	1930.6204	699.61066	2378.7302	719.9012	3055.6235	207.38617	3281.6233	2742.3638	1000.0	1000.0	419999	191.60748	48.34777	288.87164	89.72945	191.60777	48.348206	290.39	90.19472	-5.92446	2.9377382	41.111446	-21.432102	2037.9984	10.436334	17576.714209079742
106	877.4538	22.8902	915.8911	831.0019	229.89633	24.668583	254.82806	200.75363	2555.7349	74.87199	2627.7864	2350.8464	2236.4211	62.610603	2323.179	2162.4417	2466.3174	62.097767	2523.9326	2372.5986	3433.1887	85.87271	3516.748	3204.6724	1000.0	1000.0	423999	193.20818	49.485195	289.82007	85.794426	193.20816	49.48542	293.81693	87.35441	-5.9221673	2.9478123	27.525553	-19.63681	2046.1963	10.548368	17750.236032009125
107	803.6844	30.46681	845.48	753.2852	221.33902	20.213974	239.69864	187.99782	2531.9194	267.23184	2788.7559	2060.4055	2221.6445	87.11247	2334.9958	2091.3977	2442.9834	105.54469	2569.887	2279.3955	3335.6035	264.48947	3594.4001	2825.928	1000.0	1000.0	427999	194.62228	50.70031	300.0945	85.42186	194.6226	50.700314	303.4584	83.32494	-5.8667274	3.0301237	53.72203	-21.539309	2059.7017	10.841912	17924.181921720505
108	717.6642	213.50586	877.4901	88.72121	195.50867	40.845245	265.51016	165.14735	2644.0562	148.83083	2772.1157	2221.16	2320.9673	55.93592	2416.5762	2275.262	2516.476	63.152195	2597.994	2445.2214	3361.7202	355.3556	3588.7405	2309.881	1000.0	1000.0	431999	196.11803	51.620773	299.0005	82.72916	196.1182	51.621338	303.56573	80.45178	-5.812456	3.0202792	32.47246	-18.739532	2063.3474	11.104392	18082.476816415787
109	934.14014	13.568769	954.90857	911.55743	203.26123	67.52076	319.7587	155.9124	2279.8396	107.342316	2374.9597	2059.0525	2197.0938	107.471886	2313.6562	2029.0834	2400.355	57.127678	2486.3347	2348.3782	3213.9797	113.81378	3326.0112	2979.917	1000.0	1000.0	435999	197.5457	52.627216	303.01852	80.60244	197.54575	52.62783	306.23944	82.175064	-5.8542075	2.993094	28.32718	-20.880907	2083.0452	10.936833	18240.691767454147
110	847.29297	142.74255	946.02124	546.526	181.46472	14.128124	203.8921	165.74492	2374.1113	163.95418	2520.4817	2015.968	2266.9436	77.8791	2366.8418	2164.4565	2448.4082	69.56528	2532.5867	2346.1604	3221.4043	299.34662	3440.2153	2598.3396	1000.0	1000.0	439999	199.12338	53.627556	304.659	80.029236	199.1233	53.62807	309.17514	84.84863	-5.844669	2.9996576	40.9663	-19.783794	2086.941	11.304744	18398.783804655075
111	933.6627	18.708279	957.7501	907.6965	180.02536	14.749537	198.33852	157.26591	2726.6538	79.971535	2906.929	2618.433	2323.7966	40.44067	2378.763	2266.9058	2503.822	31.837463	2536.0288	2451.0178	3660.3164	72.00761	3821.4814	3553.4922	1000.0	1000.0	443999	200.70424	54.74483	308.07504	87.181725	200.70457	54.744686	312.4722	84.73636	-5.734653	3.0946357	32.332207	-19.451069	2105.1235	11.318091	18556.231585502625
112	919.5485	9.51239	936.6837	907.5486	143.08174	18.343405	164.95175	114.182	2816.9717	50.30457	2894.1714	2741.4436	2400.9639	61.911392	2472.9722	2320.7039	2544.0454	71.69064	2621.5334	2434.886	3736.5208	48.417484	3805.1345	3653.518	1000.0	1000.0	447999	202.24086	55.90382	310.1753	81.00457	202.24086	55.904324	311.23392	83.2433	-5.771158	3.0602715	29.589592	-19.180483	2125.657	11.562072	18715.297587394714
113	865.14813	65.07826	910.35406	674.56433	174.43703	18.621195	203.48	153.92854	2952.6067	128.49876	3118.4475	2692.9546	2437.6162	73.98502	2542.1863	2341.181	2612.0532	68.86557	2718.932	2544.661	3817.7551	172.09604	3973.6892	3367.519	1000.0	1000.0	451999	203.7797	56.988663	310.89053	87.12505	203.77966	56.98874	313.89688	83.51793	-5.701985	3.1253786	32.8122	-25.398207	2131.7246	11.80431	18875.55806851387
114	910.9066	62.216858	953.7738	733.18536	185.89137	35.201824	242.95338	152.4102	3013.114	120.899185	3122.9033	2699.3296	2481.0366	143.68579	2675.3447	2278.6213	2666.928	149.7371	2827.755	2440.4426	3924.0208	178.76915	4067.233	3432.515	1000.0	1000.0	455999	205.58871	58.24671	317.68088	84.65471	205.58884	58.24621	315.0156	82.81099	-5.6468825	3.1779017	38.501575	-20.658468	2147.731	12.014505	19035.224287748337
115	922.61584	15.228561	951.8517	898.6051	161.00603	24.692812	193.44516	133.8585	2532.1545	72.47613	2660.957	2422.3206	2454.3557	102.050804	2617.817	2336.9622	2615.3618	123.314896	2811.2622	2470.8208	3454.77	68.81888	3572.2644	3333.926	1000.0	1000.0	459999	207.5293	59.4104	313.58545	83.09101	207.52905	59.410034	315.28537	80.383446	-5.6318483	3.2031584	35.029396	-19.66877	2161.98	12.2436	19195.923860549927
116	848.6711	17.645262	891.42365	823.402	180.73769	21.915226	203.45168	145.70844	3161.564	74.78324	3298.041	3061.2693	2485.2178	50.84614	2566.5908	2438.9924	2665.9556	66.98003	2760.6382	2584.701	4010.235	78.19375	4151.113	3884.6714	1000.0	1000.0	463999	208.8414	60.360477	317.39804	82.185074	208.84177	60.36074	318.7366	87.125435	-5.623725	3.1987565	37.6098	-20.080091	2178.4297	11.988376	19358.520221233368
117	788.424	24.502733	838.03156	735.6532	172.0959	10.758142	188.05022	158.58647	2952.6462	95.436005	3065.7222	2704.4524	2548.8545	51.276234	2612.4116	2485.8926	2720.9504	51.98531	2772.055	2653.381	3741.0703	93.361176	3860.9993	3493.0735	1000.0	1000.0	467999	210.40544	61.30844	322.0612	85.57695	210.40526	61.307934	323.04892	81.80805	-5.6425986	3.1725695	36.927486	-18.16198	2181.1729	12.394156	19520.71937060356
118	909.12415	56.188694	984.8785	794.08856	175.3607	51.23884	227.89003	116.04674	2901.0312	132.91924	3095.793	2728.264	2483.087	99.56036	2608.6982	2332.1274	2658.448	105.754776	2833.2834	2560.0176	3810.1555	168.45175	4050.766	3558.8782	1000.0	1000.0	471999	211.5407	62.124256	323.48685	87.98613	211.54082	62.12378	321.19348	73.35484	-5.570654	3.2225425	32.953728	-18.882063	2181.4285	12.408095	19681.44134569168
119	916.72986	11.018154	936.6696	904.5303	137.24792	34.96381	173.80566	80.739716	3163.9648	59.31601	3253.3884	3069.0159	2574.7993	32.45608	2615.3538	2527.611	2712.047	29.89724	2753.5986	2671.5088	4080.6953	60.596165	4190.058	4002.2288	1000.0	1000.0	475999	212.74252	62.813786	325.60556	86.42369	212.74261	62.813908	325.56378	80.45575	-5.59537	3.193587	27.86021	-20.580547	2193.3806	12.734371	19843.899617433548
120	910.6758	51.97665	962.24493	800.0191	127.26286	23.255291	159.91032	94.33179	3273.6445	45.327698	3340.1125	3174.458	2593.8555	76.500854	2668.2007	2484.9966	2721.1182	57.115784	2788.1157	2644.9067	4184.321	89.508156	4288.834	3974.477	1000.0	1000.0	479999	214.16013	63.59214	325.0985	81.735954	214.1603	63.59212	326.54727	79.05852	-5.509655	3.2538855	32.772263	-21.330595	2225.753	12.778549	20008.312158823013
121	881.27734	24.077383	944.67633	851.226	174.72997	4.1053796	179.95358	169.29659	3160.6077	59.84619	3260.7957	3039.345	2578.6396	73.19018	2703.3608	2521.1294	2753.3694	71.33677	2875.895	2701.083	4041.8853	58.68721	4124.004	3920.0198	1000.0	1000.0	483999	216.13664	64.69581	328.38306	80.53898	216.1371	64.69537	327.4627	74.39722	-5.505262	3.2361314	41.145348	-18.545439	2251.1526	12.874717	20172.052397727966
122	928.27966	45.40525	961.30133	795.5594	144.5974	14.890998	165.5058	129.57826	3104.867	76.68656	3189.723	2958.1199	2710.2803	65.21705	2817.0356	2651.9988	2854.878	76.246025	2982.5415	2783.481	4033.1465	111.38981	4145.5996	3753.6794	1000.0	1000.0	487999	217.47452	65.66194	329.87488	82.864235	217.47475	65.661476	329.23486	81.21734	-5.486899	3.2347739	30.289093	-18.858574	2251.912	12.824038	20340.647696971893
123	910.1022	32.867996	990.5483	870.65454	157.23672	35.759647	206.08147	105.09668	3116.397	977.85626	3529.0254	189.82295	2708.5327	85.80601	2805.689	2570.3489	2865.7693	114.24937	2966.1838	2675.4456	4026.4985	950.22003	4429.6733	1180.3712	1000.0	1000.0	491999	219.3403	66.588936	334.41055	79.44089	219.34023	66.58942	333.39072	79.595085	-5.477685	3.2197752	31.282038	-21.062979	2253.9734	13.003012	20514.883398771286
124	925.8932	15.742408	960.47705	905.3441	127.99747	27.192337	165.83168	94.50362	3401.8843	63.27682	3492.3535	3257.5632	2675.2534	69.14269	2733.753	2561.848	2803.251	59.251972	2845.5266	2701.7288	4327.7773	65.745384	4424.509	4172.2188	1000.0	1000.0	495999	220.82751	67.50878	332.6583	80.66997	220.82767	67.50832	333.19687	80.47721	-5.485316	3.2410524	27.789982	-18.242926	2271.1675	13.094716	20690.124929904938
125	647.805	27.843697	688.45044	602.72095	131.70897	52.24653	202.98775	55.836002	3377.6296	151.81134	3529.0903	3073.3323	2164.66	950.0495	2757.3958	519.80396	2296.3691	908.5363	2833.0342	722.7917	4025.435	173.56432	4200.8022	3676.0532	1000.0	1000.0	499999	222.02419	68.30156	333.5487	84.81275	222.02396	68.30124	334.06488	85.155655	-5.4130306	3.3040476	37.832222	-19.5611	2268.0525	13.293552	20865.5331428051
126	944.7659	8.0635805	959.305	932.2917	118.83891	7.7532144	129.74213	108.0747	3217.9521	78.84374	3338.909	3079.3887	2713.9138	65.551346	2783.5608	2638.7566	2832.7527	58.948055	2891.6353	2768.4988	4162.718	77.68284	4272.612	4020.001	1000.0	1000.0	503999	223.48132	69.020355	337.51474	79.875916	223.4815	69.020515	340.36957	74.230225	-5.360993	3.3705075	29.04561	-19.112297	2300.229	13.871027	21038.340471744537
127	883.1066	25.698792	913.1587	815.069	129.82326	53.235813	171.76419	39.313835	3513.918	145.13196	3684.0583	3181.8801	2796.9392	37.94875	2841.189	2738.2065	2926.7625	72.65908	3012.9531	2832.3596	4397.0244	168.1538	4597.2173	3996.949	1000.0	1000.0	507999	224.83588	69.91377	337.1571	78.65403	224.83586	69.91326	341.83258	79.456024	-5.376778	3.303978	31.101223	-19.71422	2319.2556	13.663827	21210.59680747986
128	840.18787	32.45729	882.8483	797.10034	129.79575	28.05697	166.5599	95.948425	3104.9915	211.93633	3412.0374	2819.5168	2851.8975	111.44013	3002.872	2688.7004	2981.693	136.25851	3169.4321	2784.6487	3945.179	199.042	4291.844	3695.7588	1000.0	1000.0	511999	226.48222	70.8692	342.12527	82.2885	226.48236	70.86821	343.21497	78.309814	-5.315519	3.3627496	33.217873	-19.952402	2329.3591	13.805102	21383.430615901947
129	869.58386	6.8510947	876.2346	855.1972	130.64183	27.229532	173.80632	101.85834	3263.5085	34.059814	3309.5815	3208.8367	2811.4895	73.50506	2907.8977	2700.9592	2942.1313	60.843193	3040.5881	2874.7656	4133.093	32.47776	4179.4585	4084.5696	1000.0	1000.0	515999	227.99792	71.59584	342.9895	81.98035	227.9982	71.59494	342.2994	83.69606	-5.338585	3.333456	27.8954	-22.779026	2340.7034	13.430113	21556.492162704468
130	877.45667	57.16407	954.1739	781.4317	142.78708	35.090668	177.96521	87.609184	2975.325	90.60862	3145.716	2806.4973	2799.1528	114.504166	2991.7917	2691.6592	2941.94	124.552795	3129.6904	2779.2686	3852.7817	113.25465	4044.889	3705.7375	1000.0	1000.0	519999	229.0734	72.253365	346.99908	80.81706	229.07372	72.25272	345.05255	80.78349	-5.3654437	3.3629904	35.736206	-18.969242	2341.0159	13.958003	21736.801768541336
131	912.71533	18.501879	954.4945	875.7428	106.31125	18.02859	130.49562	85.95805	3082.3667	74.72801	3239.8174	2974.6687	2918.3457	83.80931	3054.5022	2827.7615	3024.6567	68.992805	3140.4602	2958.257	3995.082	81.85611	4194.312	3885.851	1000.0	1000.0	523999	230.22797	72.81551	346.75116	73.74377	230.22836	72.81531	346.40305	80.89341	-5.268799	3.3840315	25.153345	-23.649803	2354.0037	13.653678	21915.59403681755
132	865.1494	30.967236	902.4228	815.1908	132.20435	14.828787	155.63712	115.43288	3339.2078	147.47157	3517.789	3091.3542	2927.5898	107.306274	3090.3804	2797.3613	3059.794	110.59602	3222.929	2912.7942	4204.358	174.74237	4420.212	3906.545	1000.0	1000.0	527999	231.5538	73.53157	348.43765	83.34428	231.55373	73.53086	346.87018	81.89326	-5.289312	3.3894289	34.463055	-19.79441	2357.752	13.766051	22094.457641601562
133	893.31775	37.697586	975.0415	858.20996	152.34671	37.155518	203.90024	103.01265	3323.6257	115.15407	3481.4016	3120.8052	2968.1963	96.105095	3132.554	2890.599	3120.543	98.30192	3269.1614	2993.6118	4216.9434	131.21532	4377.1143	3980.4978	1000.0	1000.0	531999	233.12814	74.17804	350.07724	76.81631	233.12839	74.17784	349.61026	79.439964	-5.2400756	3.442195	30.008179	-20.174036	2372.41	14.264102	22260.616570472717
134	866.2739	95.371414	920.3925	581.4779	149.68544	33.455585	204.7943	114.76633	3399.1934	161.57245	3618.0159	2991.9353	2968.6414	86.16137	3074.0693	2859.143	3118.327	75.424774	3210.7478	3001.6458	4265.468	245.56268	4514.2007	3573.4133	1000.0	1000.0	535999	233.93684	74.89678	352.69897	75.463326	233.93736	74.8961	355.2624	79.2069	-5.3094106	3.3933246	38.57607	-18.857141	2370.3762	14.071451	22424.545140981674
135	847.14386	11.04268	865.57764	826.8844	109.82478	25.27702	139.95917	75.60619	3360.6187	104.97103	3537.6184	3215.923	2945.6084	129.15884	3164.325	2829.6572	3055.4336	108.93265	3239.9312	2969.6165	4207.7627	105.06479	4389.418	4066.123	1000.0	1000.0	539999	235.28268	75.46606	364.1856	77.73137	235.28268	75.46575	364.5074	66.69148	-5.252187	3.4508717	48.84894	-19.320566	2398.7405	14.181545	22588.80887413025
136	844.6217	23.036827	898.44055	806.4637	125.943115	27.305836	154.57639	81.01883	3552.4897	82.45573	3710.2686	3478.5417	3019.5212	44.46747	3095.5486	2984.1692	3145.4646	64.44197	3250.125	3075.0903	4397.112	73.13506	4542.7095	4328.12	1000.0	1000.0	543999	236.382	76.06271	369.5486	80.121086	236.38213	76.0632	371.25064	79.84492	-5.1913557	3.4618585	46.23546	-20.526306	2407.368	14.370857	22752.400146722794
137	882.3029	43.53438	928.38007	796.1526	127.35672	43.34206	193.93832	88.340065	3536.6392	83.09488	3769.7578	3475.334	2925.151	62.508842	3021.674	2851.9172	3052.508	100.51373	3215.6125	2941.2139	4418.9424	110.11803	4693.058	4285.9795	1000.0	1000.0	547999	237.70116	76.55753	368.53732	77.84434	237.70114	76.55785	366.37985	77.016846	-5.1894827	3.4807565	35.197357	-21.483004	2412.413	14.808415	22907.954312086105
138	872.305	43.081326	906.51624	748.43097	84.78258	12.438707	99.984055	65.38212	3578.2207	90.96886	3680.2363	3373.5608	3015.8613	49.839233	3092.7285	2960.9285	3100.6438	55.67068	3180.7524	3046.669	4450.525	96.10649	4579.6616	4270.0957	1000.0	1000.0	551999	238.93571	76.93058	370.81158	76.823494	238.936	76.93	370.50275	82.56911	-5.1733055	3.486634	35.34133	-21.98536	2438.0603	14.211994	23063.062257528305
139	820.2755	31.119518	863.9559	759.6803	105.298325	30.062498	132.64569	55.16883	3753.2534	173.25838	3998.814	3438.927	3080.4766	55.48776	3172.0732	3029.6377	3185.775	77.404205	3304.719	3099.2913	4573.5293	171.25664	4798.6084	4235.9204	1000.0	1000.0	555999	240.39107	77.49682	369.26923	85.64138	240.39104	77.496765	373.53064	83.635765	-5.135046	3.5202057	48.126614	-19.323078	2453.0498	14.295467	23218.848033189774
140	853.1652	20.728094	891.5074	820.2267	100.93808	25.392094	142.1044	78.08292	3499.7075	90.00891	3589.4333	3320.1401	2972.2246	112.260925	3126.127	2815.7617	3073.1626	103.29367	3208.0515	2917.4023	4352.872	79.863785	4433.219	4211.6475	1000.0	1000.0	559999	241.20209	78.13659	369.5664	79.23492	241.20224	78.13675	374.90073	78.78199	-5.160187	3.495581	43.103973	-19.755245	2439.4856	14.564263	23380.61328625679
141	883.4157	54.152557	932.63544	747.34546	130.94269	11.860226	148.73787	115.34186	3699.6667	61.825417	3828.5925	3592.1067	3082.7593	103.33888	3199.5054	2928.8582	3213.7021	100.03713	3329.0361	3059.0183	4583.0825	66.033966	4659.329	4444.904	1000.0	1000.0	563999	242.58643	78.59743	371.84628	81.28694	242.58685	78.59719	375.3136	77.498695	-5.098847	3.513094	31.09298	-19.642624	2442.138	14.672957	23555.92916893959
142	860.8495	73.93579	912.46027	710.76105	152.39961	38.73144	209.7305	103.624626	3876.1575	75.404	4019.891	3724.9336	3041.676	31.427029	3069.0525	2989.4407	3194.0754	23.395819	3229.382	3166.776	4737.007	127.61006	4917.9985	4435.695	1000.0	1000.0	567999	243.41035	79.122856	372.36746	80.40784	243.41058	79.12249	373.62573	76.959435	-5.1543455	3.4942498	32.358837	-22.181988	2457.0366	14.897938	23731.288410902023
143	907.1213	27.092474	941.2288	850.19885	93.021515	11.516405	110.71319	78.82782	3719.9595	185.89108	3942.328	3364.4856	3130.1523	98.1405	3232.9888	2970.8164	3223.1738	94.61297	3311.8167	3064.3179	4627.081	206.81863	4873.944	4245.872	1000.0	1000.0	571999	245.07771	79.60224	373.47733	83.33459	245.07788	79.601875	372.55377	77.9208	-5.061794	3.539404	37.67059	-19.951086	2459.4465	14.612347	23906.85659646988
144	830.1911	10.145488	845.49725	810.02246	90.764534	10.12718	104.77184	76.46873	3537.3833	73.78267	3658.6033	3424.854	3083.1816	47.23088	3154.4158	3038.4092	3173.9463	48.76972	3247.5178	3119.088	4367.574	75.34331	4481.8228	4253.8633	1000.0	1000.0	575999	246.2733	80.34504	372.9195	78.26218	246.27351	80.345184	376.79187	72.98789	-5.0859795	3.535791	41.82514	-21.359482	2450.9517	14.768091	24063.072963237762
145	892.1251	26.507532	953.7574	849.96027	122.772736	44.28872	176.21124	64.37443	3716.72	78.752106	3807.3906	3516.1047	3126.3591	87.08047	3269.2512	3038.0676	3249.1318	96.73375	3366.507	3102.4421	4608.8447	63.479256	4693.9087	4469.8623	1000.0	1000.0	579999	247.532	80.96208	377.0498	74.13758	247.53214	80.962105	375.91537	76.0173	-5.0663385	3.5406725	33.815895	-20.631237	2452.581	15.086463	24218.295931339264
146	774.4585	42.556343	804.759	652.6086	88.99075	18.946508	103.70471	57.047573	3753.0737	78.425735	3816.5483	3546.844	3235.5027	18.92886	3254.6104	3204.2383	3324.4934	23.524408	3348.18	3295.7341	4527.532	114.9692	4608.9365	4199.4526	1000.0	1000.0	583999	249.2569	81.63996	377.7341	80.505196	249.25716	81.639854	377.6012	82.05219	-4.9944224	3.596791	39.924473	-18.765415	2453.347	14.912782	24373.943633317947
147	912.9098	42.40683	988.7292	826.4918	120.58749	34.268852	174.86453	83.37488	3721.855	114.1356	3872.1375	3441.517	3208.8225	73.22979	3299.119	3136.523	3329.41	105.19834	3473.9834	3220.3188	4634.764	143.99922	4801.0566	4300.4775	1000.0	1000.0	587999	250.53065	82.52274	376.1993	75.125336	250.53082	82.52319	382.00726	76.18747	-4.952481	3.6071622	52.034134	-19.545515	2458.7874	15.396711	24529.337322950363
148	874.2749	53.826405	943.4882	785.5605	95.55453	25.488367	131.04282	67.90657	3629.7534	88.09977	3773.9138	3444.62	3353.3174	92.61193	3494.916	3245.8901	3448.872	100.57487	3603.0437	3321.0312	4504.0283	102.15381	4717.402	4327.2993	1000.0	1000.0	591999	252.20676	83.0992	375.48035	81.40206	252.20679	83.09992	381.86578	75.78996	-4.971343	3.621278	36.993942	-18.423904	2465.0752	15.587916	24685.683068990707
149	782.0319	31.858297	836.8163	707.0907	129.05252	22.08454	162.63646	108.51361	4155.2397	106.4743	4288.022	3992.1353	3359.4482	44.93525	3401.0928	3291.6938	3488.5007	34.889015	3536.1946	3454.3303	4937.271	130.00342	5124.8384	4729.19	1000.0	1000.0	595999	253.62341	83.77279	386.045	81.93061	253.62408	83.77219	382.23264	78.502975	-4.9040575	3.6749232	43.15065	-19.319698	2455.4714	15.216114	24842.08850622177
150	864.58575	80.884964	938.1385	724.8975	86.99677	26.744385	129.65427	57.11834	3827.2239	137.06831	4038.181	3587.4458	3094.9785	497.23035	3423.2268	2234.932	3181.975	505.04623	3509.6226	2309.7505	4691.8096	209.40314	4962.7056	4362.663	1000.0	1000.0	599999	255.46338	84.50069	380.26935	75.120544	255.46307	84.5015	381.0116	80.071594	-4.894891	3.6973367	51.320286	-19.699614	2474.0457	15.29719	25000.55624818802
151	929.49365	57.2758	994.59705	779.27594	117.58598	41.569458	177.52963	69.468	3965.8457	105.037506	4112.7876	3814.9026	3422.0752	72.83492	3530.49	3337.9634	3539.6614	91.074715	3663.7686	3407.4314	4895.3394	142.24963	5061.7734	4594.1787	1000.0	1000.0	603999	256.80563	85.252686	383.9294	80.24498	256.80582	85.25338	387.22488	81.51362	-4.8759236	3.679888	42.941162	-19.781929	2465.631	15.413678	25160.692804336548
152	868.87415	55.82121	972.77313	764.4373	103.06378	34.96258	135.38728	45.873173	3987.729	113.05457	4088.4949	3698.679	3415.9194	35.665874	3465.4053	3364.7847	3518.9832	17.39036	3547.1562	3500.1719	4856.6025	140.79088	4998.3647	4463.116	1000.0	1000.0	607999	258.2671	86.00588	386.81494	73.6256	258.2673	86.00642	383.549	79.67473	-4.8697414	3.6857677	38.468513	-21.86155	2461.1917	15.98037	25320.71989583969
153	782.86163	142.2482	878.74225	361.428	126.80964	75.67334	257.18182	76.631004	3957.7688	84.08827	4089.7756	3764.7437	3449.0945	46.64076	3487.6316	3370.2292	3575.904	99.16411	3736.0173	3466.3098	4740.6304	210.22952	4918.354	4126.172	1000.0	1000.0	611999	259.7215	86.7241	393.15213	79.05738	259.7214	86.724396	387.08948	80.64297	-4.814329	3.7370803	42.83712	-20.31374	2475.4126	15.775703	25479.463734149933
154	828.16077	16.58851	849.2931	802.9189	96.01905	17.923397	119.37251	71.50546	4240.9727	102.727356	4438.9297	4096.057	3460.434	110.01637	3582.221	3302.3457	3556.4531	110.86481	3660.9316	3390.6377	5069.134	110.66923	5281.0103	4907.5815	1000.0	1000.0	615999	261.58533	87.33296	387.46228	73.743256	261.58545	87.33372	388.8965	72.69679	-4.8366795	3.671945	44.53054	-20.475933	2472.9717	15.865145	25636.066335201263
155	742.3451	76.68379	794.23596	588.3038	74.193115	28.845179	122.34021	45.63755	3915.9707	58.948036	4003.456	3821.8354	3479.3596	60.14206	3562.754	3393.569	3553.5527	63.23465	3611.5806	3456.8047	4658.316	107.38061	4778.4014	4456.6943	1000.0	1000.0	619999	262.95435	88.04456	396.40613	67.1242	262.95453	88.04486	391.25674	76.005516	-4.8408465	3.6721714	48.689327	-20.182533	2460.2366	15.887511	25795.646743297577
156	961.29315	23.128157	994.30524	919.6116	82.85024	24.85037	111.17969	46.25164	4003.7446	57.202774	4109.6562	3950.7283	3483.29	110.86421	3614.4407	3318.6812	3566.1401	111.731026	3689.302	3417.7893	4965.038	66.268135	5094.1455	4884.831	1000.0	1000.0	623999	264.31882	88.87351	395.51773	77.044945	264.31897	88.87385	395.31006	77.08777	-4.851221	3.6877627	39.471233	-18.81518	2467.503	16.283312	25956.695683956146
157	820.74915	11.9979925	830.5286	787.1287	79.18271	26.505144	116.73165	43.98639	4256.607	106.81391	4481.6504	4088.6033	3584.046	47.524017	3625.6604	3505.4304	3663.2288	53.235123	3742.392	3592.3425	5077.356	112.63579	5312.179	4906.262	1000.0	1000.0	627999	265.84222	89.4991	396.7303	82.56923	265.84225	89.49954	398.7207	82.14521	-4.7776914	3.7301764	54.02194	-20.618883	2489.5095	15.780494	26118.858711481094
158	937.54236	23.000025	991.4368	905.9821	76.404305	24.628437	109.32368	49.098946	4083.1926	104.81406	4226.095	3904.2615	3680.0415	87.88726	3826.2493	3591.7366	3756.4456	79.45699	3882.7993	3682.381	5020.735	102.48391	5169.981	4852.0503	1000.0	1000.0	631999	267.3781	90.3841	396.2812	74.059715	267.3781	90.385086	397.79257	75.139824	-4.717795	3.7886534	53.709896	-21.123018	2480.239	16.040966	26280.61949324608
159	850.67365	53.34197	909.549	699.34393	75.41205	25.44132	116.6283	48.314213	3971.8267	69.06852	4045.3176	3845.7988	3466.5657	163.6602	3620.3464	3194.5288	3541.9778	159.66762	3668.6606	3268.1877	4822.501	105.74046	4938.764	4596.631	1000.0	1000.0	635999	269.1599	91.2143	402.06186	83.68577	269.16043	91.21517	401.25528	75.267365	-4.6856856	3.806549	42.997585	-20.116066	2499.541	16.419846	26442.131895303726
160	950.0658	15.986562	969.86426	914.6404	106.72957	28.179586	147.08699	69.12093	4262.073	52.158493	4375.292	4174.039	3783.9272	131.06116	3897.8975	3567.9995	3890.6567	115.83385	4011.2976	3715.0867	5212.1387	53.78039	5334.77	5119.0254	1000.0	1000.0	639999	270.76315	91.86556	403.87186	82.08555	270.7634	91.86488	403.86594	81.113365	-4.6433983	3.8315256	32.37168	-20.679102	2517.0366	16.927809	26603.33293581009
161	856.38544	36.16039	912.574	792.81793	95.42873	30.161076	140.07701	56.79515	4498.2036	83.15152	4620.366	4330.019	3676.9814	29.793825	3714.3164	3640.828	3772.41	47.635265	3854.3933	3740.003	5354.589	94.774086	5456.541	5122.837	1000.0	1000.0	643999	272.3124	92.51504	412.2465	81.68412	272.3128	92.51577	410.8249	80.78708	-4.6675186	3.8501709	37.458115	-23.14427	2545.2065	16.807198	26764.011476755142
162	839.2628	57.922905	899.41437	742.3423	95.52735	10.831725	113.63053	86.37737	4380.617	146.94183	4618.2866	4114.765	3665.483	89.76295	3754.222	3533.2087	3761.0105	97.158966	3855.2449	3621.278	5219.88	195.16951	5498.037	4857.1074	1000.0	1000.0	647999	273.49063	93.33749	416.8797	79.656204	273.49115	93.33788	415.90698	78.97627	-4.613268	3.865937	46.07373	-24.408752	2533.096	17.003042	26926.154433250427
163	809.52454	25.014452	837.3682	762.3685	86.31353	21.807972	104.7179	49.713108	4295.107	87.116196	4433.177	4116.6	3378.0386	707.96674	3835.774	2153.7664	3464.3523	696.66174	3888.147	2258.4844	5104.6313	84.825554	5222.5684	4953.1875	1000.0	1000.0	651999	275.34424	93.940216	414.64554	77.95744	275.34406	93.94085	412.46054	72.5333	-4.582175	3.8578641	39.778736	-20.09251	2564.446	17.392965	27107.785351514816
164	911.5954	28.34142	976.6931	855.7037	85.14722	17.987556	107.77327	65.2383	4179.391	62.000507	4255.1685	4022.574	3828.708	78.09072	3962.737	3771.5955	3913.8552	86.54042	4060.3499	3836.8337	5090.986	76.715065	5165.3823	4878.278	1000.0	1000.0	655999	276.8229	94.99646	421.85837	83.6791	276.8232	94.99783	423.90845	80.28937	-4.4820523	3.9235141	40.34376	-19.796207	2558.3784	17.870804	27289.4096493721
165	922.9757	21.306694	948.3969	884.94763	70.593506	37.727493	132.09119	30.829967	4410.474	103.711945	4568.2075	4266.7026	3915.4678	69.18964	4012.6157	3838.8452	3986.0613	63.08395	4065.4805	3893.4355	5333.45	93.45084	5459.503	5210.9385	1000.0	1000.0	659999	278.7124	95.60987	416.97015	77.564255	278.71295	95.61002	416.44977	79.2832	-4.4492474	3.906344	46.834732	-22.883902	2533.4072	18.014376	27470.68515229225
166	886.28625	26.231266	943.7294	841.14417	38.71121	26.765255	79.56661	7.285068	4223.96	65.06048	4347.7236	4152.0825	3976.4856	53.292183	4020.344	3885.6821	4015.1968	60.54227	4099.9106	3928.7422	5110.2466	65.84769	5228.8154	5002.411	1000.0	1000.0	663999	279.99146	96.323006	423.9441	76.78335	279.9915	96.3236	420.85107	76.41427	-4.47375	3.9145637	45.179688	-19.006407	2536.586	17.662247	27637.622255563736
167	902.5763	30.70676	941.47797	819.01434	86.57272	24.618097	108.72056	45.704735	4184.751	96.72566	4335.275	3968.4807	3907.308	60.08116	3997.512	3833.404	3993.881	45.375397	4043.2168	3922.6938	5087.327	121.18347	5234.245	4787.495	1000.0	1000.0	667999	282.10257	96.96044	423.98767	78.21001	282.10248	96.9612	421.56125	79.63898	-4.424507	3.9593375	41.400154	-22.694836	2549.72	17.899431	27798.423441171646
168	852.6842	11.591848	868.51904	827.34576	22.577747	42.987114	73.18806	-29.047586	4412.3135	68.55906	4501.3013	4301.246	3976.7131	79.014366	4065.1367	3868.1829	3999.291	86.897415	4093.609	3858.3706	5264.9976	63.283222	5347.043	5165.4355	1000.0	1000.0	671999	283.6236	97.87445	428.03915	71.94356	283.62396	97.87557	425.8768	74.33516	-4.3621793	3.9727547	39.48082	-19.421253	2544.8953	18.479227	27959.232258319855
169	903.7716	12.431974	919.7751	880.08606	56.73717	18.136961	74.388824	27.98421	4270.644	56.828476	4376.0767	4184.515	3969.9985	46.552444	4040.7478	3921.6304	4026.7356	34.150387	4068.732	3990.3206	5174.416	55.264786	5295.194	5094.227	1000.0	1000.0	675999	285.30328	98.62814	428.175	77.512215	285.3036	98.62858	428.008	73.69373	-4.362605	3.939456	41.169285	-20.961102	2563.9382	18.902275	28119.520632267
170	908.04083	8.894513	920.2409	892.703	22.108349	22.91626	52.260925	-5.2173085	4353.198	69.40186	4461.1953	4217.2764	3899.4468	27.243258	3935.2097	3865.4905	3921.5552	34.2322	3967.1619	3871.34	5261.2383	69.36001	5381.4365	5130.9033	1000.0	1000.0	679999	286.3218	99.22987	431.6247	76.29289	286.32214	99.23076	428.9392	71.141594	-4.367234	3.9362314	35.516933	-19.046667	2563.64	18.826687	28283.670128583908
171	906.36395	11.186369	932.265	888.6446	68.55034	18.48757	99.86064	54.620777	4412.315	80.43766	4546.3423	4276.7334	3955.2686	70.48529	4029.4373	3863.259	4023.8188	67.63875	4084.058	3918.5503	5318.6787	84.54391	5462.8105	5178.1025	1000.0	1000.0	683999	288.19327	99.67093	429.75626	75.59101	288.1934	99.67126	427.21063	73.66301	-4.3642845	3.960228	41.67808	-19.047823	2584.7163	18.60702	28448.759303808212
172	942.18475	67.77417	1030.1437	792.63837	85.30192	34.453568	130.9712	38.942154	4364.5337	82.269135	4500.539	4211.618	4094.9375	66.05518	4159.2905	4000.2014	4180.2393	78.44613	4290.2617	4069.8323	5306.718	127.642746	5467.3765	5049.3745	1000.0	1000.0	687999	289.44318	100.22978	429.3981	76.74222	289.4432	100.230255	430.33008	77.82114	-4.3665833	3.9690998	46.847515	-20.135183	2578.2249	18.819332	28613.032529592514
173	900.4484	11.350612	925.4056	884.77966	58.64373	30.89524	108.0201	23.076931	4564.765	58.002502	4654.3574	4444.2485	3112.6233	1694.0559	4153.177	179.25587	3171.267	1665.8412	4208.053	287.27597	5465.214	57.893852	5554.6	5338.1553	1000.0	1000.0	691999	290.89313	100.84753	433.40033	74.98892	290.89365	100.84806	431.71982	80.37693	-4.286303	4.0106606	50.461475	-19.188965	2592.4705	18.855864	28781.92458295822
174	860.5143	90.02591	923.39496	673.6513	71.99959	21.221151	100.02549	45.861446	4297.7803	87.72998	4377.8184	4113.1523	4059.552	33.196857	4102.2285	4015.8713	4131.552	34.027763	4162.389	4074.064	5158.2944	176.0015	5301.0356	4786.8037	1000.0	1000.0	695999	292.11447	101.69769	434.2714	81.471985	292.1146	101.69913	435.1509	77.765114	-4.293574	4.0332937	59.21471	-24.43908	2614.3435	18.818165	28957.377212285995
175	935.4601	29.881145	982.3354	898.88586	46.966354	15.219055	62.660072	26.998068	4814.306	118.28671	4988.7725	4633.153	4102.9155	62.382885	4200.166	4038.6235	4149.882	63.508728	4237.601	4065.6216	5749.766	99.61469	5896.729	5603.538	1000.0	1000.0	699999	293.72653	102.3824	438.25317	77.940605	293.72675	102.38311	438.51636	77.27662	-4.31593	3.9741	36.116043	-19.833544	2643.678	18.939028	29131.27796602249
176	842.58673	24.674652	891.7432	787.68585	44.687393	9.674041	55.62311	29.19547	4625.3296	40.942596	4689.7456	4561.4385	4004.8599	18.679848	4019.7737	3973.3296	4049.547	28.17685	4075.3967	4002.5251	5467.917	47.021526	5539.803	5393.9517	1000.0	1000.0	703999	294.99017	102.97737	437.66064	78.9816	294.99063	102.97819	437.5157	81.0344	-4.2565155	4.0263844	42.366013	-19.79382	2644.8784	19.72563	29306.380576848984
177	931.175	23.393532	973.8399	886.08704	44.429787	19.997763	68.91651	24.221455	4874.32	87.61016	4979.2075	4704.133	3738.9092	662.1354	4219.035	2596.9607	3783.3389	647.6838	4244.2593	2665.8772	5805.495	88.18094	5919.3047	5659.6206	1000.0	1000.0	707999	296.73596	103.62624	442.65613	78.94311	296.7363	103.62651	438.95956	73.18877	-4.1831527	4.1025295	45.904877	-19.891739	2671.2236	19.986624	29467.32906293869
178	959.2274	28.573816	1037.4803	938.1468	43.19072	23.45742	76.31072	17.17504	4887.1196	50.540462	4967.793	4807.217	4178.9424	75.46329	4270.943	4065.8022	4222.1333	82.64971	4347.254	4119.6187	5846.3467	70.56378	6005.2734	5762.234	1000.0	1000.0	711999	298.5597	104.40056	443.50317	72.906555	298.56006	104.40099	445.29214	72.98427	-4.162097	4.103991	42.027603	-20.139452	2708.8096	20.208115	29627.247127056122
179	788.11835	54.932945	862.9263	719.41583	26.890335	12.192765	40.14241	6.9966307	4672.531	119.12451	4884.7817	4501.6484	4141.4297	124.235374	4330.361	4000.5964	4168.32	134.88972	4370.5034	4007.593	5460.6494	149.64948	5698.7593	5228.0874	1000.0	1000.0	715999	299.8441	105.18013	447.86002	53.20839	299.8444	105.18171	447.2493	67.7846	-4.158102	4.0697083	44.47279	-19.386978	2689.2166	20.382318	29787.29287838936
180	870.8673	20.259624	906.13635	839.68555	15.235185	39.058804	75.51311	-33.445927	4951.684	88.47115	5140.603	4837.5645	4220.9683	109.32358	4380.473	4094.838	4236.203	143.51292	4455.9863	4100.2847	5822.552	88.19801	5993.965	5710.1167	1000.0	1000.0	719999	301.3871	105.852646	451.349	79.510445	301.38766	105.85274	450.37503	73.60714	-4.2000628	4.0413823	58.399437	-19.968561	2704.635	20.926777	29947.553654432297
181	876.7518	16.579071	893.55884	836.9088	25.457472	46.442387	91.92603	-26.065613	4906.9736	64.692024	5005.0054	4792.726	4196.0435	126.84833	4327.2085	4046.1472	4221.501	123.441475	4360.967	4037.2693	5783.7256	78.43299	5884.564	5645.656	1000.0	1000.0	723999	303.34113	106.37677	454.13455	73.07595	303.34134	106.37798	453.74435	72.2174	-4.1057215	4.0472674	38.806503	-18.58137	2684.3845	20.891468	30107.607887506485
182	875.5543	11.793029	894.5678	851.29297	20.414392	13.695321	39.589188	1.8241419	4689.303	67.711426	4838.045	4572.3145	4276.227	79.79555	4413.045	4219.4995	4296.641	91.97987	4452.6343	4221.3237	5564.857	70.04798	5722.6216	5445.369	1000.0	1000.0	727999	304.3875	107.03678	451.64093	72.24287	304.38803	107.03739	452.4074	63.276714	-4.17207	4.0681067	44.02279	-19.886652	2704.2058	21.082708	30267.278881311417
183	906.8872	13.462128	927.86316	882.9454	20.364803	21.104753	43.569523	-1.6456956	4797.371	58.332165	4883.231	4710.571	3983.975	783.32404	4584.4595	2637.7253	4004.3398	769.66614	4582.814	2681.295	5704.259	56.865593	5811.094	5626.4688	1000.0	1000.0	731999	306.29507	107.79447	456.29535	70.95111	306.2957	107.7945	454.20096	67.03294	-4.0910983	4.1246557	50.272476	-19.237572	2716.829	20.313484	30427.262888669968
184	797.07196	7.7293043	807.9522	783.5498	-14.889096	27.720837	22.244595	-46.71081	4801.786	75.09112	4924.882	4670.715	4371.5293	63.097	4456.8564	4281.1157	4356.6406	86.54209	4479.101	4234.4053	5598.858	75.88658	5721.676	5473.784	1000.0	1000.0	735999	307.5804	108.60154	455.8273	66.82321	307.58057	108.60191	456.83087	61.463478	-4.18297	4.086561	48.07508	-19.644295	2701.3066	20.394308	30587.546706438065
185	923.2549	20.757246	968.6942	893.82556	19.278103	70.32838	137.26201	-44.229504	4813.704	44.58211	4876.508	4714.6	4304.047	92.65733	4444.634	4191.907	4323.325	62.67839	4423.5005	4266.7793	5736.959	59.633415	5845.202	5625.787	1000.0	1000.0	739999	308.78015	109.12995	456.7519	73.93372	308.7808	109.12994	457.0618	72.835526	-4.178163	4.1150684	60.811726	-20.9627	2697.5664	20.604454	30747.55518579483
186	874.7497	14.12482	911.51013	855.4303	3.2787328	21.642893	26.67658	-29.937727	4930.7803	75.613045	5049.4385	4762.533	4416.7817	80.85696	4502.632	4288.4214	4420.0605	66.965614	4501.4746	4315.098	5805.53	67.485634	5924.7437	5674.0435	1000.0	1000.0	743999	310.56296	109.49474	460.10266	71.08054	310.56305	109.4956	466.08835	61.22593	-4.112922	4.1222286	42.3839	-19.141542	2742.042	20.664265	30907.215250730515
187	874.31006	8.887498	890.5712	863.51685	8.418201	20.299961	37.940727	-19.119318	4969.3267	49.25536	5041.6543	4866.148	4394.209	167.7151	4617.4404	4195.737	4402.6274	181.97115	4627.7373	4176.6177	5843.6357	50.934414	5927.1807	5732.1865	1000.0	1000.0	747999	311.64758	110.375824	461.94894	54.07242	311.64798	110.37681	462.4337	70.00048	-4.064972	4.185433	46.658424	-22.196957	2724.3525	21.005121	31067.086585998535
188	863.4794	13.440728	893.16376	847.64294	-32.55807	28.727024	-0.42186892	-78.60019	4816.921	78.149666	4968.9854	4684.7373	4433.0615	29.846521	4469.5195	4389.5386	4400.5034	48.586536	4448.997	4345.4463	5680.4	76.32447	5828.315	5555.8438	1000.0	1000.0	751999	313.42297	110.71782	465.58313	65.94217	313.4233	110.71893	464.9285	66.18201	-4.0401573	4.1919184	89.822586	-18.695814	2741.9429	20.739195	31227.091352939606
189	893.609	43.912548	922.11066	765.6397	6.579648	13.542238	25.8355	-11.578328	4630.4985	90.98986	4759.7983	4517.012	4481.6475	112.775185	4582.66	4296.715	4488.227	104.86822	4584.6616	4322.5503	5524.1074	92.80505	5664.9907	5421.029	1000.0	1000.0	755999	315.00937	111.2792	465.73016	73.27502	315.00977	111.279335	465.60364	73.7495	-3.971357	4.196883	55.45404	-19.675035	2743.9749	21.615868	31387.312534809113
190	862.49023	24.34984	890.38666	805.8573	-23.56427	10.819658	-8.574307	-35.631893	4910.7593	106.8866	5033.766	4691.3203	4577.86	44.328312	4637.225	4522.381	4554.2954	35.733143	4601.5933	4504.1987	5773.2495	129.48868	5919.669	5497.1777	1000.0	1000.0	759999	316.40045	111.56726	466.92886	69.961334	316.4014	111.56819	465.5562	72.41026	-3.95157	4.236204	54.94238	-18.949467	2740.6184	20.539808	31547.29222345352
191	723.40344	10.672915	736.7336	697.5775	15.0751	22.57018	41.698006	-19.64347	5031.4805	50.975548	5121.8335	4936.903	4550.218	75.50738	4651.96	4467.2627	4565.293	63.000057	4632.3164	4479.6504	5754.884	53.617832	5836.6387	5663.6226	1000.0	1000.0	763999	317.5877	112.40397	470.19556	59.344772	317.5875	112.40419	467.8997	63.34485	-3.965046	4.1651297	56.51363	-18.9934	2755.713	21.445976	31707.318387508392
192	921.78156	7.3072205	935.21185	909.97644	-2.259408	9.464461	6.1561594	-16.94132	4979.728	101.102394	5185.965	4866.5923	4557.288	85.62715	4691.0176	4470.7183	4555.0293	81.06216	4686.7783	4476.7056	5901.51	103.199814	6112.6294	5789.834	1000.0	1000.0	767999	319.1378	112.97264	472.83826	65.95824	319.1381	112.974304	472.97076	64.63515	-3.9423804	4.215516	52.863842	-20.037592	2758.5366	21.613443	31869.19394183159
193	884.9577	49.266003	929.6071	745.6095	4.8311815	8.385001	18.035303	-4.726758	4809.9404	145.38231	4918.317	4432.434	4612.341	96.78634	4697.79	4448.061	4617.1724	100.85654	4715.8257	4448.962	5694.898	184.47647	5838.0596	5178.0435	1000.0	1000.0	771999	320.4755	113.62005	477.6809	71.52496	320.47617	113.62149	475.38513	70.98064	-3.9365847	4.1671715	42.59608	-21.408665	2747.989	21.640099	32030.200795412064
194	927.5077	14.712685	945.7275	898.866	39.84632	36.204414	101.86168	11.936266	5202.103	75.08578	5295.072	5055.772	4502.4546	201.97853	4669.73	4166.733	4542.301	211.35536	4688.247	4178.669	6129.6104	68.78312	6206.704	5986.8315	1000.0	1000.0	775999	321.8019	113.83427	480.55823	70.5422	321.80212	113.83458	481.55334	66.55909	-3.9011822	4.2224517	42.225395	-23.22511	2788.22	21.629168	32191.49988079071
195	925.5459	19.766806	940.5514	870.14856	-23.069887	4.630983	-15.05474	-26.028635	5249.382	96.630714	5340.183	5070.1436	4599.8906	93.40795	4755.6523	4522.293	4576.8203	97.89529	4740.5977	4496.652	6174.928	111.60582	6272.861	5946.782	1000.0	1000.0	779999	323.3142	114.6469	479.80594	78.96999	323.3146	114.64743	480.63257	74.955376	-3.8762655	4.2492933	56.54231	-20.789522	2798.889	21.673466	32353.11509513855
196	866.89905	7.0143447	874.9203	849.98114	-13.783735	9.440496	-0.42932045	-26.653809	5100.0737	64.16949	5228.076	5013.9854	4700.6074	106.85939	4852.4185	4594.7437	4686.8237	103.8557	4840.882	4589.124	5966.9727	67.253296	6102.687	5884.751	1000.0	1000.0	783999	325.2086	115.23077	480.11774	72.46484	325.20923	115.231514	480.31232	71.95484	-3.9181967	4.2453346	44.88852	-18.64661	2819.5366	22.234106	32517.444195985794
197	907.537	17.601715	922.31805	863.6163	-1.5665708	17.278717	20.416998	-23.647114	5371.8716	84.835175	5564.783	5256.501	4616.4663	126.11512	4791.1074	4486.1514	4614.9	140.48167	4800.1577	4474.065	6279.4087	93.432175	6485.2964	6155.904	1000.0	1000.0	787999	326.36707	115.87774	482.74988	72.02816	326.36765	115.87903	480.8588	77.23162	-3.9324894	4.1736	47.86553	-19.836756	2839.0298	21.970314	32682.45536327362
198	877.30273	14.007835	906.0588	854.35034	-43.486717	45.34221	27.67605	-94.121735	5562.456	59.38136	5660.1133	5467.7397	4600.4414	100.37554	4771.31	4514.8716	4556.955	111.875824	4731.4326	4447.248	6439.759	68.75387	6566.172	6322.09	1000.0	1000.0	791999	327.231	116.51631	484.4846	64.18402	327.23138	116.51673	482.74307	73.40509	-3.8543062	4.2581563	47.381794	-20.8294	2835.647	22.664732	32847.905405282974
199	825.50867	15.879289	860.3662	807.5937	-35.913292	24.02423	-1.9488134	-69.49718	4934.9414	58.635925	5003.0015	4837.8994	4743.8716	50.055817	4802.7227	4689.883	4707.958	57.002277	4770.3013	4620.3857	5760.45	61.447227	5861.473	5678.276	1000.0	1000.0	795999	328.99313	116.89893	486.20554	55.72773	328.9936	116.89946	485.90512	65.188255	-3.8186922	4.2452803	56.516785	-19.17947	2855.4814	22.020784	33011.65388441086
200	922.44543	15.301992	960.86127	900.07446	-29.143427	10.982217	-15.23497	-45.845757	4981.3926	95.645164	5145.7515	4855.2026	4703.5146	131.8425	4886.3477	4520.704	4674.371	129.68748	4860.3506	4505.469	5903.8384	86.74436	6067.1406	5801.7534	1000.0	1000.0	799999	330.28943	117.63657	486.61765	66.34859	330.29037	117.63768	488.5381	63.855827	-3.796379	4.235487	60.923447	-19.70121	2861.671	22.870176	33174.6001291275
