Epoch	AverageTestEnv0Ret	StdTestEnv0Ret	MaxTestEnv0Ret	MinTestEnv0Ret	AverageEnv0Ret	StdEnv0Ret	MaxEnv0Ret	MinEnv0Ret	AverageTestEnv1Ret	StdTestEnv1Ret	MaxTestEnv1Ret	MinTestEnv1Ret	AverageEnv1Ret	StdEnv1Ret	MaxEnv1Ret	MinEnv1Ret	AverageEpRet	StdEpRet	MaxEpRet	MinEpRet	AverageTestEpRet	StdTestEpRet	MaxTestEpRet	MinTestEpRet	EpLen	TestEpLen	TotalEnvInteracts	AverageQ1Vals	StdQ1Vals	MaxQ1Vals	MinQ1Vals	AverageQ2Vals	StdQ2Vals	MaxQ2Vals	MinQ2Vals	AverageLogPi	StdLogPi	MaxLogPi	MinLogPi	LossPi	LossQ	Time
1	821.804	178.16939	1264.8011	585.6383	-336.83603	20.906683	-318.39685	-372.32446	-28.390326	8.107109	-10.106302	-39.154182	-332.0736	122.80268	-204.29434	-483.58835	-668.9096	140.07762	-522.69116	-855.9128	793.4137	185.39352	1254.6948	547.5092	1000.0	1000.0	3999	138.85173	101.81436	213.9152	-24.2574	138.8432	101.81654	216.7668	-23.833727	-5.6257505	5.672721	87.94918	-15.567344	-1.1090841	5.8309045	96.79383611679077
2	617.58026	58.74141	685.8806	510.45554	-334.98672	47.978752	-286.65594	-387.44687	-100.87289	20.474993	-77.73224	-130.85634	-298.18726	31.292006	-255.04855	-338.83698	-633.174	68.69299	-542.63086	-726.2839	516.7074	76.64786	604.7516	388.73785	1000.0	1000.0	7999	130.5218	98.248	210.69994	-24.085224	130.52042	98.24931	201.6376	-19.450022	-5.6112757	5.172674	66.636696	-14.812576	-1.0696672	4.8152747	216.70612907409668
3	943.30505	218.1402	1267.2698	549.5783	-35.961662	259.09082	238.16125	-329.83713	185.31555	112.97076	273.20993	-60.173786	-246.4021	35.578987	-213.8216	-303.13626	-282.36377	229.13405	-44.990795	-548.4859	1128.6207	306.6943	1528.2251	536.6226	1000.0	1000.0	11999	121.13879	92.34429	193.31686	-14.259374	121.13557	92.34281	191.59424	-10.050301	-5.388977	4.942807	54.336353	-19.54452	-1.0736833	5.3796263	336.30190205574036
4	1959.8057	62.31263	2045.0814	1850.3741	371.94003	245.0569	795.28406	202.0349	-125.92107	17.73907	-97.01522	-161.0492	-172.8439	47.43564	-104.259056	-224.94345	199.09613	220.64183	570.34064	-5.944335	1833.8848	60.986855	1930.3387	1740.3201	1000.0	1000.0	15999	113.50232	87.01407	181.3663	-11.775662	113.50066	87.01322	179.99622	-9.165631	-5.8406377	5.0481668	70.04656	-14.197597	-0.8787245	5.1038494	460.4157156944275
5	1635.9172	248.81505	1927.16	1124.468	323.75073	74.44847	438.67804	230.9122	-63.267357	31.966434	-9.619586	-125.84934	-193.60674	13.128096	-172.48271	-207.77953	130.14401	69.24389	244.60695	58.429478	1572.6499	240.44684	1907.9742	1081.8676	1000.0	1000.0	19999	112.856	87.759254	166.54657	-10.879276	112.85642	87.75956	161.87146	-8.77479	-5.799095	4.9143286	65.56386	-15.581984	-0.103381835	5.251668	584.8386073112488
6	1469.7059	250.30869	1833.7937	1132.0868	371.9577	114.4308	534.40344	239.28374	-81.34473	30.811356	-35.24737	-138.40393	-193.0533	18.405066	-166.36034	-214.4289	178.9044	116.200615	329.4335	52.829674	1388.3612	229.87549	1714.4812	1050.1509	1000.0	1000.0	23999	106.18175	81.73042	147.20834	-10.409576	106.18255	81.73041	145.0031	-8.521391	-5.850776	4.937479	64.90858	-17.422588	-0.25751027	4.723508	709.5578889846802
7	1179.6809	279.06818	1666.4991	879.68195	355.87946	102.53187	495.9696	254.6486	-16.003338	21.246002	13.9218025	-62.709263	-181.43205	28.76124	-138.54004	-216.44499	174.44739	100.06674	300.29837	44.429726	1163.6775	271.23013	1632.5885	878.45575	1000.0	1000.0	27999	101.41916	77.4473	138.04062	-10.751883	101.42122	77.44871	140.0185	-9.103059	-5.7300205	4.8787766	58.88153	-16.131042	-0.8739117	4.813307	834.1968739032745
8	1296.4877	386.0294	1935.4121	800.0242	462.8959	187.87573	787.0787	332.23703	-40.850815	20.67872	-13.322884	-75.97302	-239.66692	31.525105	-208.16953	-288.944	223.229	189.9582	542.21344	43.293037	1255.637	368.67877	1859.4391	765.26044	1000.0	1000.0	31999	99.01565	75.25874	134.0704	-10.111681	99.0173	75.25943	136.30904	-8.468583	-5.631421	4.8135576	50.562916	-13.5041	-1.0345265	5.3718553	957.4141569137573
9	1574.0695	471.9758	2063.561	832.85803	614.48114	199.9663	797.29694	280.16342	71.13755	68.40928	183.91557	-54.564346	-217.27655	50.109154	-165.16107	-298.0769	397.2046	194.5452	632.13586	91.1501	1645.207	495.75104	2213.1575	778.2937	1000.0	1000.0	35999	98.27905	74.46447	127.48352	-10.731042	98.28108	74.465614	127.1225	-7.7017436	-5.5509562	4.7537594	41.839516	-14.9081545	-0.082176045	5.7219815	1080.4058065414429
10	1857.4847	151.94353	1988.315	1432.2632	627.66925	372.20215	1210.9036	298.17123	-52.58379	17.083853	-23.341352	-77.28423	-202.14304	14.2333355	-187.97833	-222.17471	425.5262	363.79492	988.7288	100.48163	1804.9008	146.68367	1911.0308	1397.8789	1000.0	1000.0	39999	97.25606	73.42506	126.050835	-9.429138	97.25796	73.425156	123.99958	-7.1859865	-5.331547	4.701745	43.208225	-15.654308	-0.38899696	5.533863	1201.1133069992065
11	1729.6299	394.38986	2208.9048	1145.264	669.05133	111.3572	835.324	528.9638	2.7184472	42.869053	72.07728	-48.047443	-189.44086	14.731927	-169.5637	-206.74698	479.6105	109.362915	653.8229	359.40015	1732.3486	416.58887	2279.4153	1136.282	1000.0	1000.0	43999	97.83628	73.95056	127.05557	-9.082822	97.837	73.95074	125.42122	-8.266948	-5.2751083	4.722295	44.31799	-13.924238	-0.5049759	6.0927873	1325.7287952899933
12	1096.7878	364.1444	1745.708	445.00797	740.3022	180.55756	1045.0809	595.9055	-21.781206	33.64343	5.8977246	-101.04189	-228.24985	59.348915	-129.9928	-289.01205	512.05237	188.63245	793.6256	327.49615	1075.0068	383.50046	1749.7782	377.2468	1000.0	1000.0	47999	98.17364	74.24562	127.04193	-7.1792436	98.17306	74.24574	130.55318	-8.393411	-5.2466664	4.7247143	59.7482	-14.704137	-1.1000564	6.244337	1451.076028585434
13	1032.4062	192.57489	1440.4348	737.0409	469.0122	197.08907	809.196	337.85852	-31.998163	30.574915	1.1447581	-104.95399	-202.93134	27.822853	-168.8442	-244.86835	266.0809	216.11906	640.3518	136.9974	1000.408	177.91713	1373.99	738.18567	1000.0	1000.0	51999	98.48878	74.65613	129.34502	-6.138098	98.4882	74.65602	134.89209	-7.189971	-5.114345	4.762866	47.528973	-15.766508	-2.0127432	6.0528736	1577.7204525470734
14	1030.8196	259.7892	1695.1101	831.34045	481.84464	141.72278	688.4518	335.40884	-27.787008	37.20209	22.927574	-84.44146	-219.14626	37.965824	-179.9135	-274.24918	262.69836	124.53337	414.2026	132.62495	1003.0326	245.6803	1633.7493	804.30817	1000.0	1000.0	55999	99.05618	75.39385	131.22067	-6.2918367	99.05614	75.39406	134.18515	-8.713475	-5.033949	4.7908797	45.677513	-15.540375	-2.6081905	6.429267	1705.5802927017212
15	1204.2168	377.63693	1834.3412	727.6727	598.4928	264.59366	870.92377	306.26477	-32.18613	25.335567	2.2662055	-79.1194	-190.92734	43.001755	-140.50208	-245.01505	407.56546	255.9214	712.8253	143.11658	1172.0306	370.34598	1805.0991	658.61676	1000.0	1000.0	59999	99.33536	75.58998	132.87839	-5.957506	99.3356	75.590096	131.78496	-8.030404	-5.099935	4.8023095	46.009026	-16.374065	-2.7904878	6.1859694	1828.4181644916534
16	1543.7532	483.1338	2281.0442	996.8795	620.6374	130.68336	788.9454	422.72073	-48.642998	30.916365	-18.268942	-97.069534	-198.52066	22.583033	-175.80397	-228.05815	422.11676	143.20177	613.1414	209.8876	1495.1101	462.23126	2183.9746	970.47925	1000.0	1000.0	63999	100.29027	76.58495	133.56668	-10.6716175	100.29025	76.585045	133.07718	-9.535478	-5.196533	4.7968454	44.32433	-15.965414	-2.4247878	6.3903418	1946.301995754242
17	1441.7675	430.16245	2139.3193	862.8343	556.53186	27.115383	576.74854	510.0708	-47.588142	29.318079	1.9550107	-95.576004	-223.1972	27.246578	-187.76436	-262.91818	333.33472	35.17336	388.9842	296.98846	1394.1794	406.07855	2043.7433	864.7893	1000.0	1000.0	67999	101.15683	77.28516	133.32806	-11.625288	101.1681	77.28484	131.65984	-9.496552	-5.265154	4.8258486	49.546177	-14.625698	-2.3805945	6.3731365	2069.7699477672577
18	1359.3284	373.0255	1849.2574	829.05115	653.57684	451.53455	1424.9943	307.5437	-25.83277	22.76398	2.173945	-64.08014	-198.98729	38.154755	-137.60023	-242.4341	454.5895	445.94897	1218.8003	126.917206	1333.4956	352.47415	1788.8993	831.2251	1000.0	1000.0	71999	102.33245	78.15824	135.46117	-10.767328	102.34137	78.15767	135.30167	-7.965317	-5.2877975	4.8425856	59.282665	-15.051705	-2.3617613	6.4051886	2195.1194865703583
19	1521.9316	499.60535	2351.6538	940.41174	576.09467	264.39133	856.17	273.60873	-7.10105	37.58208	59.164173	-85.87295	-173.32425	36.938206	-121.56542	-210.07773	402.77048	253.39015	666.0201	146.92616	1514.8307	520.4314	2362.4253	896.7007	1000.0	1000.0	75999	103.18123	78.74622	134.77213	-9.732078	103.19083	78.7461	136.1907	-7.9030833	-5.3332496	4.8463087	49.772526	-16.354492	-2.7620757	6.432465	2317.8475017547607
20	1720.1819	537.7329	2343.9055	618.2759	752.40875	349.76144	1260.6489	312.0533	-20.2475	21.683079	4.7169995	-61.39484	-191.18713	31.505	-143.45018	-231.36163	561.2217	321.5373	1029.2872	168.60312	1699.9343	520.62494	2282.5107	622.9929	1000.0	1000.0	79999	104.5361	79.77657	136.66396	-10.146444	104.54291	79.7761	137.06265	-8.444898	-5.302576	4.8662944	40.43436	-16.76396	-2.5307205	6.636362	2441.2169709205627
21	2112.8027	406.9914	2575.7705	1203.106	724.55865	386.71344	1241.8801	322.2022	-37.814037	18.343945	-6.131997	-73.013535	-169.78104	64.93462	-90.37457	-250.45198	554.77765	374.6023	991.42816	168.25093	2074.9888	396.01474	2531.2397	1180.0522	1000.0	1000.0	83999	106.01341	80.883415	141.91208	-11.364372	106.01787	80.883705	137.77554	-10.18845	-5.295708	4.8713217	36.699364	-14.203781	-2.8328192	6.7593265	2572.4205899238586
22	1549.7153	578.53296	2374.274	444.9671	680.3811	120.05086	869.3732	546.1402	-48.372406	29.536377	-11.542066	-105.87087	-187.95203	30.153652	-155.66939	-237.00443	492.42914	140.99586	694.70776	309.1358	1501.343	563.21735	2302.3218	378.8108	1000.0	1000.0	87999	107.26001	81.791565	139.43814	-11.570524	107.26328	81.79117	137.93022	-9.752127	-5.283296	4.879388	60.445713	-14.562154	-3.8272998	6.9282207	2700.9916939735413
23	2044.918	360.80658	2479.2793	1495.1697	699.3345	200.55435	1012.404	458.54315	-48.333607	15.436687	-20.139206	-73.330376	-212.83409	25.9386	-187.25316	-253.3244	486.5004	177.79677	759.0796	271.29	1996.5842	350.56946	2428.8604	1455.0967	1000.0	1000.0	91999	108.60134	82.80521	142.16481	-11.618569	108.60607	82.805176	140.1558	-9.944457	-5.25474	4.861035	42.108673	-15.416535	-3.5063057	7.1162887	2828.073404312134
24	2095.3137	517.9758	2570.979	1046.085	536.86707	190.37477	722.25446	232.10808	-45.495224	21.502808	-3.0281372	-72.314384	-195.9036	23.803497	-170.34415	-231.61491	340.96347	185.09807	551.9103	53.245186	2049.8186	499.85065	2532.6929	1043.0569	1000.0	1000.0	95999	109.71886	83.63181	141.34604	-11.816431	109.72129	83.631134	145.21712	-11.117372	-5.163148	4.855663	69.48156	-18.023813	-3.967853	7.313049	2958.3001186847687
25	1098.5017	517.18884	2279.0718	154.41884	771.06665	311.16098	1304.9745	531.3443	-13.756665	17.724304	4.884502	-50.986877	-178.19997	25.800505	-133.98676	-198.7036	592.8667	297.5001	1106.2709	397.35754	1084.7452	517.4602	2247.9773	103.43195	1000.0	1000.0	99999	111.13655	84.68469	140.99245	-12.185458	111.13867	84.68371	144.30196	-11.543162	-5.1603937	4.8564496	63.247208	-15.8984585	-4.240009	7.2573175	3102.3587267398834
26	1942.9055	499.3283	2383.6443	934.54535	752.1772	495.62726	1477.8981	259.97977	-34.476887	29.492432	11.169472	-81.84753	-188.57352	33.71436	-142.96062	-234.9638	563.60364	505.34183	1277.1886	25.015974	1908.4287	485.28003	2356.5728	945.7148	1000.0	1000.0	103999	112.0563	85.38978	143.24034	-12.287496	112.05871	85.389305	144.19983	-11.643877	-5.100931	4.85312	47.25585	-15.825229	-3.944493	7.462928	3251.9337825775146
27	1915.4446	524.0775	2522.452	1029.9531	738.37415	368.13876	1263.5146	281.28964	-36.31727	25.551085	10.16197	-75.83709	-179.08394	29.80608	-136.56712	-213.77895	559.29016	359.63657	1049.7357	114.28851	1879.1272	500.32016	2446.6147	1040.1151	1000.0	1000.0	107999	113.12134	86.25002	145.60544	-11.771488	113.12284	86.248825	144.09949	-11.220813	-5.076023	4.8647957	53.224247	-14.898425	-3.2105262	7.7305145	3398.1337842941284
28	1845.3142	724.3467	2815.6155	929.8394	767.9651	415.15024	1385.4375	288.22842	-27.266193	23.807133	11.249874	-65.06536	-212.51125	20.336866	-187.17151	-244.00401	555.45386	429.28552	1198.266	77.92024	1818.0481	703.7079	2760.6326	913.0738	1000.0	1000.0	111999	114.12124	87.04934	145.22516	-13.854214	114.12291	87.04828	144.59694	-13.235478	-5.090909	4.8985	52.49807	-16.902843	-3.301578	7.9701767	3544.1560389995575
29	1788.4062	511.04474	2514.5256	911.5828	704.24585	173.40436	935.69934	468.5308	-32.066605	23.4086	15.169783	-64.98405	-190.30363	24.74404	-155.63194	-222.6844	513.9422	179.71971	734.35565	245.8464	1756.3396	492.92346	2453.8975	926.7526	1000.0	1000.0	115999	114.9717	87.876015	149.68845	-14.922152	114.97348	87.87457	147.83925	-13.428542	-5.0725045	4.899652	50.023735	-15.70949	-3.2154698	8.380695	3681.4233717918396
30	2099.7236	468.17102	2442.6077	982.94147	1132.8408	534.4174	1680.3263	586.12537	-36.864002	21.293196	12.660749	-73.14108	-186.12976	4.755285	-179.94705	-193.32109	946.7111	533.8517	1487.0051	400.47574	2062.8596	452.3165	2414.356	995.60223	1000.0	1000.0	119999	115.76359	88.6896	148.05048	-14.503145	115.76897	88.68837	147.87491	-13.472599	-5.013551	4.903005	44.048145	-15.186637	-3.0991929	8.552858	3811.166276693344
31	2085.0793	341.57758	2405.843	1302.8961	824.6834	449.776	1407.1274	314.38577	-44.835106	21.038721	-15.325056	-77.11776	-213.69914	51.81489	-138.81389	-268.94247	610.98425	474.92538	1268.3136	121.5789	2040.2441	334.40457	2335.2085	1273.0726	1000.0	1000.0	123999	117.32948	90.07915	152.768	-16.23357	117.33908	90.0787	153.83292	-15.226706	-4.9737883	4.9078355	53.706383	-14.282561	-3.3797026	8.740143	3941.9483876228333
32	2003.5345	576.2429	2577.442	1004.5094	890.04065	220.38516	1216.3527	608.4601	-35.828285	25.893116	9.264623	-82.86527	-197.09398	25.00426	-154.25243	-214.92476	692.94666	201.10815	1002.5851	454.2077	1967.7063	561.32715	2551.5017	994.9632	1000.0	1000.0	127999	118.44797	91.00448	151.32568	-16.037138	118.45711	91.00316	155.70567	-16.588312	-4.9437237	4.8889174	60.576466	-14.482392	-3.4403608	8.833384	4070.8173730373383
33	1712.3464	539.54767	2571.31	846.92224	718.73114	227.24068	933.89185	375.5582	-32.007805	32.469006	21.981937	-89.30961	-214.26047	19.070614	-193.44807	-243.21106	504.47067	225.0405	732.37067	156.69658	1680.3385	512.78485	2513.553	854.6425	1000.0	1000.0	131999	119.41394	91.76495	154.31851	-16.333809	119.42228	91.76302	157.78297	-16.670969	-4.9321747	4.9101315	61.76692	-15.385672	-3.6312037	8.984815	4200.148730039597
34	2124.9744	531.7689	2521.6113	868.0763	1071.3003	113.693245	1197.7577	886.828	-25.920376	15.439757	-0.30717507	-54.341007	-182.90701	12.111766	-162.96465	-194.6138	888.39325	102.931885	1007.7229	723.86334	2099.0542	519.3851	2473.1013	867.7691	1000.0	1000.0	135999	120.50335	92.66828	153.43228	-15.232116	120.50908	92.666885	153.91888	-16.253407	-4.9186773	4.9045396	49.163136	-15.687245	-4.4597893	9.128328	4319.6668655872345
35	1894.375	535.47375	2518.3438	961.6998	912.7186	526.4168	1653.4883	357.92014	-26.431213	15.396266	-3.0718102	-51.715588	-191.19553	19.480875	-165.85736	-218.85971	721.5231	524.6525	1456.1079	192.06277	1867.9437	521.9549	2482.1309	958.628	1000.0	1000.0	139999	122.12093	93.99535	153.61903	-17.277105	122.12479	93.993835	157.57126	-17.297424	-4.9414744	4.9412775	66.66573	-16.89834	-4.6725197	9.334649	4443.513841629028
36	1800.8461	423.18417	2341.4114	1280.8115	587.0406	287.43277	1044.5768	271.51172	-46.96952	28.63932	-7.2012386	-99.04573	-187.50714	30.31954	-149.27971	-217.534	399.53345	308.85684	895.29706	53.97773	1753.8767	400.29074	2265.4512	1262.7727	1000.0	1000.0	143999	122.94816	94.71736	155.74292	-16.132298	122.95022	94.71597	156.87009	-17.565203	-4.8604627	4.951665	52.2686	-14.190716	-5.2900796	9.378625	4566.924818992615
37	2008.8115	351.48877	2390.6792	1202.5479	1170.0983	469.73718	1754.0731	557.2962	-58.38114	26.288939	-21.33236	-91.36982	-194.43819	19.480864	-177.68979	-226.08649	975.66003	468.1676	1576.3833	362.40576	1950.4304	330.67853	2310.9946	1181.2155	1000.0	1000.0	147999	124.13132	95.723595	156.26707	-22.130974	124.13037	95.72193	159.03891	-20.68517	-4.8581796	4.9821386	73.24913	-16.785753	-6.4006543	9.482097	4691.7107627391815
38	2285.4736	276.64865	2573.667	1686.3375	1118.8552	647.45667	2061.7678	271.30444	-31.67068	16.926826	-2.6177359	-54.439453	-197.07225	22.326445	-164.76877	-223.64595	921.7831	655.79474	1872.5028	47.658493	2253.8027	262.76508	2536.12	1683.7197	1000.0	1000.0	151999	125.31513	96.70195	156.84898	-20.659868	125.31506	96.7008	156.1273	-21.530083	-4.8857975	4.961904	55.628227	-15.336806	-6.387996	9.490934	4821.207082748413
39	2154.4485	464.77652	2577.2002	1184.6554	1095.7988	470.87518	1694.9246	415.4256	-44.30491	43.59643	15.326828	-127.46361	-176.2839	25.917328	-144.834	-205.9315	919.515	493.045	1537.9525	209.49411	2110.1433	442.77728	2548.4673	1199.9822	1000.0	1000.0	155999	126.96985	98.03895	159.0627	-19.912504	126.96972	98.038315	158.36656	-19.794651	-4.8726993	4.9400597	71.47188	-16.372007	-6.681871	9.819333	4976.859468698502
40	1905.3037	671.08124	2681.1526	1019.9484	936.85187	206.51111	1217.4254	680.5867	-26.971567	24.755674	8.549313	-68.00664	-203.39551	14.742394	-180.23727	-219.67993	733.4564	220.85411	1037.1882	460.9067	1878.3323	650.7214	2650.6675	1028.4977	1000.0	1000.0	159999	128.63782	99.45574	158.96236	-19.412182	128.63704	99.45416	157.12532	-20.764404	-4.7816105	4.9230247	51.756943	-15.132674	-6.989523	9.853264	5131.603962421417
41	1940.242	581.9189	2725.22	1180.1284	909.0693	379.30096	1509.6833	577.4767	-24.60532	18.582874	3.527215	-59.363426	-156.68982	37.495518	-93.75278	-192.29617	752.3795	365.40378	1342.5907	415.7387	1915.6365	565.6347	2686.8625	1169.7239	1000.0	1000.0	163999	129.49489	100.19132	159.74281	-20.131504	129.49461	100.19018	162.31776	-21.822163	-4.8388557	4.9775424	50.697037	-15.325323	-7.875796	9.921055	5288.140898942947
42	2591.3193	46.3617	2664.0737	2507.185	1192.7535	539.1925	1758.6661	440.83255	-38.665245	4.19728	-32.38768	-44.754833	-162.25418	17.057428	-135.70055	-183.31435	1030.4994	547.96606	1593.8976	275.59918	2552.6538	45.747864	2619.3188	2468.2725	1000.0	1000.0	167999	131.61562	101.90206	160.73088	-19.362793	131.61623	101.900894	160.00629	-20.698582	-4.7642417	4.9460883	77.807846	-15.947694	-9.304334	10.300459	5431.084952116013
43	1760.4606	683.4657	2850.7043	920.74585	1450.3772	346.98956	1811.7615	967.6881	-12.306028	14.202298	14.945776	-29.49547	-169.01578	21.120363	-148.29355	-196.07205	1281.3615	365.253	1663.2731	784.47894	1748.1545	671.5403	2821.209	910.09534	1000.0	1000.0	171999	133.23605	103.245445	160.64966	-21.417856	133.23544	103.24397	160.57549	-19.712519	-4.7790613	4.9332905	66.45069	-16.047169	-10.036196	10.459816	5550.499924182892
44	2487.5176	416.23984	2799.5278	1269.3425	786.5102	318.73502	1074.0383	293.50433	-46.94273	17.119116	-11.658365	-67.04514	-186.84293	14.266711	-165.15585	-204.89505	599.6673	321.24832	896.6189	102.4626	2440.5752	403.87784	2741.6897	1257.6842	1000.0	1000.0	175999	134.5452	104.37009	162.07787	-19.468235	134.54398	104.36824	162.98564	-20.322296	-4.7689214	4.9702344	87.16218	-14.45442	-10.570379	10.703098	5675.7373876571655
45	1670.7087	646.5364	2656.475	848.0334	915.0111	459.27917	1533.5465	243.67218	-27.213867	25.430786	0.8114225	-71.05847	-180.4671	51.81249	-106.82728	-245.07701	734.544	495.1679	1372.0177	-1.404846	1643.4951	622.87067	2585.4167	847.516	1000.0	1000.0	179999	135.42078	105.15566	164.5527	-19.879103	135.42128	105.1543	164.17445	-20.732883	-4.740953	4.9901004	61.843536	-14.946647	-12.048209	10.868292	5800.556324005127
46	2365.859	435.15094	2653.0283	1079.7538	788.38635	98.87254	954.4552	701.31726	-36.082104	11.54323	-15.309505	-52.799877	-192.35326	31.435503	-166.16733	-244.84216	596.0331	118.64289	784.3653	456.4751	2329.7769	427.745	2616.366	1064.4442	1000.0	1000.0	183999	136.27779	105.95207	164.91539	-20.293018	136.27777	105.950554	164.48038	-21.70538	-4.6881814	4.991919	81.45836	-15.317631	-12.78146	10.898579	5923.714699983597
47	2621.361	78.89338	2782.3584	2524.863	896.04944	213.38452	1177.9369	577.7653	-38.111206	11.788474	-21.726954	-62.518963	-161.08522	30.531425	-113.36598	-191.12764	734.96423	237.21487	1064.5709	393.82806	2583.2498	85.573494	2752.5503	2470.4758	1000.0	1000.0	187999	137.5379	107.06424	165.15152	-21.922	137.5378	107.06255	166.25685	-23.365528	-4.6698003	5.0223017	72.45323	-13.697901	-13.385275	10.891688	6048.615454912186
48	2291.159	421.32748	2581.1243	1162.0637	433.98224	101.84026	525.3853	276.927	-41.6741	9.5667715	-24.377335	-53.93586	-178.71483	54.557983	-89.845024	-228.50266	255.26743	139.37164	433.1317	48.424362	2249.4846	413.00015	2530.0989	1137.6545	1000.0	1000.0	191999	137.90169	107.50093	165.51645	-18.687798	137.90208	107.49853	166.96648	-21.6519	-4.720275	5.098716	84.15324	-15.536974	-13.324871	10.979881	6180.447942972183
49	2262.3853	585.95795	2731.7644	965.59064	1196.0173	611.0293	2054.9885	542.9338	-33.031372	13.872542	-11.699572	-57.47248	-182.11433	14.987956	-157.95294	-197.9784	1013.90295	614.5859	1864.9379	360.45834	2229.354	581.5786	2708.2412	930.1977	1000.0	1000.0	195999	138.87102	108.44366	171.37823	-18.436213	138.8717	108.4423	170.21617	-22.653826	-4.720892	5.05021	72.62769	-14.785782	-13.08394	10.901969	6313.817270755768
50	2299.1624	459.80145	2800.6182	1539.4246	1013.22375	650.75586	2108.3325	410.82983	-36.368202	15.558366	-6.5316687	-54.885715	-182.6182	15.829361	-165.95998	-208.36333	830.6056	636.8966	1899.9692	235.97073	2262.7942	446.23178	2749.4917	1523.02	1000.0	1000.0	199999	139.89302	109.425385	171.89073	-20.51279	139.89287	109.42362	171.3879	-22.983883	-4.6680846	5.1004953	77.66702	-16.022528	-13.188829	11.157414	6447.297896623611
51	2391.3428	593.7615	2887.897	1037.3253	1255.782	361.1778	1766.2657	863.994	-26.793339	10.136216	-2.8284426	-38.686554	-153.26349	36.29233	-122.40368	-214.51773	1102.5186	388.42474	1635.3484	649.4763	2364.5493	584.8628	2849.2104	1034.4968	1000.0	1000.0	203999	141.10727	110.567245	174.60095	-19.075958	141.10783	110.565704	172.23824	-24.751764	-4.6917257	5.0909996	82.84648	-15.479208	-12.708466	11.433957	6579.650355577469
52	2548.3882	438.6574	2819.9814	1335.7036	544.9689	168.17471	751.65564	344.9881	-34.46993	23.042595	1.3917974	-64.11914	-187.07979	16.872673	-173.6659	-216.02638	357.88913	180.31891	571.96954	128.96172	2513.9185	425.19037	2802.5195	1331.362	1000.0	1000.0	207999	142.06445	111.48313	176.07751	-18.844547	142.06332	111.480934	176.00395	-23.929237	-4.714303	5.1182146	64.62394	-15.627999	-12.696996	11.681703	6740.46595954895
53	2456.4111	365.5536	2703.722	1405.856	1242.8542	514.8885	1759.923	392.80243	-38.698605	13.411613	-7.3720484	-51.441555	-172.36305	19.188028	-146.16891	-191.37752	1070.4912	527.06165	1613.7542	202.72041	2417.7126	359.37238	2657.8623	1381.9382	1000.0	1000.0	211999	142.71301	112.16047	175.15231	-21.1824	142.71223	112.15783	178.39252	-23.158394	-4.6854014	5.1003847	83.345505	-16.142534	-12.692472	12.154125	6906.240071296692
54	2593.58	301.61322	2873.616	1999.0342	1042.0024	589.8646	1968.794	407.38345	-22.82565	6.7515655	-8.213693	-31.40025	-179.03659	10.934503	-164.66315	-191.82463	862.9658	597.80084	1804.1307	215.55882	2570.7544	295.44086	2845.129	1990.8204	1000.0	1000.0	215999	143.3303	112.8942	175.76881	-21.345901	143.3316	112.8925	176.7231	-20.833542	-4.6388717	5.0501003	67.038445	-17.102707	-12.773525	12.341256	7072.137117624283
55	2535.665	195.29337	2811.2415	2038.189	1545.0114	502.2814	2060.684	956.247	-27.924686	10.074479	-5.5330963	-36.660458	-175.5462	37.10526	-111.7369	-201.14575	1369.4652	522.6624	1913.6184	755.10126	2507.7402	187.48761	2779.821	2032.6559	1000.0	1000.0	219999	144.65483	114.16005	179.57436	-21.805464	144.6548	114.15815	177.73775	-24.880398	-4.6189427	5.0703998	66.46625	-14.517576	-12.835543	12.630086	7226.392592906952
56	2353.8413	680.832	2859.595	968.094	1173.1029	378.4318	1730.0862	667.77234	-41.429253	20.175539	5.4509783	-62.622208	-184.13605	28.306887	-135.55219	-206.49863	988.9669	376.5027	1533.4972	469.86786	2312.4119	662.7083	2815.907	954.49005	1000.0	1000.0	223999	145.977	115.32202	179.2584	-21.655975	145.977	115.32011	179.02783	-26.246399	-4.5843463	5.0927663	95.89296	-15.1735935	-13.2266035	13.057946	7355.073474407196
57	2214.8833	768.5288	2924.3367	794.8901	1440.1941	585.87756	2075.104	552.7888	-31.076456	17.900045	2.787039	-48.175972	-184.7499	17.766876	-159.13483	-209.36018	1255.4441	602.2208	1915.9691	343.42865	2183.8071	753.2038	2876.5132	781.6137	1000.0	1000.0	227999	147.2602	116.395996	178.89723	-22.50732	147.26132	116.39437	182.27646	-28.5648	-4.4812336	5.0996666	82.940895	-16.862219	-12.503522	13.175229	7483.096252679825
58	2470.982	313.3418	2669.8906	1558.164	1448.5757	469.98495	2181.2163	881.4643	-52.42327	14.7267885	-16.056337	-69.744705	-145.37393	9.015835	-131.88565	-157.25575	1303.2017	476.3507	2049.3306	735.89514	2418.5583	300.64297	2614.1882	1542.1075	1000.0	1000.0	231999	148.33578	117.4217	180.68787	-20.576555	148.33588	117.41951	180.97578	-22.292826	-4.531845	5.109764	76.129234	-16.505333	-13.0224905	12.965969	7608.636543273926
59	2295.9875	566.24725	2735.936	939.9221	1577.101	667.5477	2118.9946	461.3071	-27.314926	7.030387	-19.010983	-42.378605	-167.46928	17.072279	-154.878	-196.6457	1409.6316	683.4977	1956.7753	264.6614	2268.6726	564.57837	2711.5044	916.1425	1000.0	1000.0	235999	149.84764	118.766884	180.45273	-24.204733	149.8473	118.76503	180.48631	-26.265036	-4.4967327	5.1062436	83.24666	-14.666624	-13.561414	13.731113	7735.772401571274
60	2905.767	76.51195	3071.803	2823.7056	1057.1373	581.13556	1934.0653	489.0364	-21.960388	7.6421075	-8.040794	-33.224876	-145.38307	38.080837	-105.28688	-202.13368	911.75415	613.3878	1828.7784	331.5651	2883.8066	78.61748	3047.5107	2801.8062	1000.0	1000.0	239999	151.51353	120.23158	183.27463	-25.467896	151.5134	120.22966	184.71565	-27.084763	-4.4835157	5.096415	91.4463	-17.516657	-13.060705	13.692658	7859.634088754654
61	2395.0757	582.40546	2778.6394	932.8776	1159.5679	678.91785	2081.3381	507.6508	-39.090775	32.48772	2.264354	-84.7012	-190.53442	12.798294	-171.99686	-202.54884	969.03345	667.5346	1879.0002	323.3197	2355.9849	568.51807	2706.3162	915.82825	1000.0	1000.0	243999	152.43993	121.14789	185.32147	-29.530024	152.43973	121.14587	186.43439	-27.432737	-4.4111342	5.111692	87.524055	-14.527094	-14.4575	13.763821	7983.930314540863
62	2526.3647	405.47464	2912.702	1687.3994	1358.4404	735.99475	2187.683	413.35367	-35.429893	6.582347	-20.595997	-44.422764	-159.45285	14.633917	-141.01791	-178.33154	1198.9875	749.8114	2037.4036	235.02214	2490.9348	399.9751	2868.2793	1666.8035	1000.0	1000.0	247999	153.73473	122.29796	183.13422	-31.621803	153.73563	122.29722	185.70967	-33.64669	-4.477231	5.1547766	132.60892	-14.858781	-15.475717	14.075707	8108.913478136063
63	2726.4443	85.877914	2878.0222	2607.6646	1462.6536	728.3685	2205.6497	428.55664	-47.251427	5.1424456	-38.395264	-56.589638	-176.16911	28.311586	-147.4054	-215.18669	1286.4845	756.5133	2054.656	213.36996	2679.1929	83.51884	2821.4326	2558.8418	1000.0	1000.0	251999	154.84428	123.39742	185.07468	-35.88152	154.84299	123.3956	186.60544	-35.88302	-4.4449816	5.1202755	101.72632	-13.470288	-15.3212595	14.280399	8232.612778663635
64	2356.6863	562.2001	2709.3108	1045.774	1308.7661	687.93884	2046.9729	452.39233	-37.056316	16.475325	-15.121364	-67.01494	-217.39542	35.20549	-184.25017	-271.1371	1091.3707	721.71686	1859.3542	181.25525	2319.63	567.891	2686.9539	995.9638	1000.0	1000.0	255999	154.46991	123.33695	186.38705	-43.454376	154.46811	123.334175	186.6627	-42.90556	-5.0285654	5.245818	72.76117	-15.920832	-15.750592	15.61157	8359.321198225021
65	2691.2437	119.87291	2997.7937	2553.3599	1778.3276	600.2282	2166.1184	739.8602	-58.743195	30.459818	-27.919193	-128.74388	-157.15588	39.51576	-108.83759	-205.22427	1621.1718	629.4148	2037.1283	534.636	2632.5005	127.80448	2934.1868	2481.4211	1000.0	1000.0	259999	152.24281	121.934074	186.4045	-44.24546	152.2423	121.93244	186.78633	-46.109848	-4.901344	5.2156878	89.40966	-14.263793	-15.726818	16.22943	8495.126905441284
66	2829.843	54.631805	2936.3943	2748.658	1846.5962	313.07678	2113.5964	1313.9327	-37.660675	10.96479	-22.480076	-64.09683	-156.50311	25.50354	-128.35106	-182.26128	1690.0931	330.986	1979.8007	1131.6714	2792.1824	58.927563	2898.9585	2702.948	1000.0	1000.0	263999	151.56174	121.6679	186.67857	-48.332367	151.55977	121.66573	186.24573	-45.79782	-4.8939233	5.1881995	115.59523	-16.6431	-15.243084	16.368927	8629.049886465073
67	2559.5352	100.8791	2742.3977	2401.4438	1871.6279	263.7503	2135.8809	1484.7966	-27.732944	6.047861	-19.566933	-42.771385	-165.56442	31.863884	-111.564415	-190.26233	1706.0634	282.10986	2024.3165	1297.3032	2531.8022	100.308334	2712.7415	2380.2036	1000.0	1000.0	267999	151.58159	121.94187	185.77147	-48.256725	151.57948	121.94014	186.91391	-42.46905	-4.8124566	5.159913	61.82905	-14.234468	-15.258631	17.20871	8766.68179678917
68	2368.559	135.66017	2515.4495	2013.8785	1996.6465	108.41711	2129.506	1845.5841	-19.6413	0.798076	-18.211615	-20.956484	-164.05835	29.15235	-118.370834	-194.40625	1832.5881	124.17441	2011.1353	1685.5487	2348.918	135.67345	2495.7683	1994.6779	1000.0	1000.0	271999	152.07063	122.527794	186.04782	-45.22425	152.06996	122.526375	184.96411	-44.849655	-4.796953	5.1937733	115.81213	-15.756261	-15.016139	17.247103	8908.39495563507
69	2457.9214	156.24402	2568.7554	2004.4858	1686.5813	420.2048	2126.6614	1048.6401	-19.337822	0.6771488	-18.028215	-20.510155	-237.34247	57.990005	-166.62114	-303.54773	1449.239	399.01624	1932.0972	882.019	2438.5835	156.04912	2548.8	1985.8057	1000.0	1000.0	275999	151.1164	122.312325	186.8082	-50.431747	151.11612	122.30953	187.83762	-52.692493	-4.982259	5.252798	121.20275	-15.907562	-13.914053	18.546583	9041.912831068039
70	2448.4778	37.40386	2502.1077	2399.8164	1530.0114	518.9809	1900.4221	636.6807	-17.935118	0.61026585	-17.06778	-18.854053	-331.8101	29.252045	-282.79578	-357.05362	1198.2012	491.72946	1563.8176	353.88492	2430.5427	37.34708	2485.04	2382.4233	1000.0	1000.0	279999	149.44829	121.588104	186.9041	-60.75123	149.44852	121.585464	185.22319	-61.334503	-4.971999	5.201308	72.97385	-15.163133	-13.138513	19.559782	9167.018745660782
71	2562.4814	301.7857	2830.134	1695.7068	1658.3241	323.69238	1982.2108	1290.3644	-24.779724	23.529022	9.112427	-51.54632	-180.34842	20.082584	-152.21693	-200.43404	1477.9756	327.37997	1829.9939	1119.8865	2537.7017	306.72095	2778.5876	1646.5693	1000.0	1000.0	283999	149.82079	122.1282	186.6322	-65.76438	149.8196	122.12477	187.43027	-62.49278	-4.4618354	5.135087	99.33119	-14.93597	-13.661232	19.868608	9293.683615922928
72	2588.582	414.40305	2880.4304	1369.6332	2052.6765	143.90533	2251.8103	1859.448	-13.740606	0.8378997	-12.671054	-15.414949	-237.72833	67.138794	-175.10278	-334.69482	1814.9484	165.6815	2076.7075	1661.057	2574.8413	414.083	2865.0156	1356.5917	1000.0	1000.0	287999	151.006	123.29246	188.03613	-71.19149	151.00565	123.28927	191.97131	-70.24748	-4.8503585	5.2386684	65.2856	-13.656609	-13.942651	19.26261	9422.430974006653
73	2604.941	177.81204	2800.6975	2138.4287	1826.4592	329.08932	2186.485	1291.9841	-14.617941	0.9766932	-13.329028	-16.897272	-257.52194	23.177282	-231.11856	-282.61682	1568.9373	310.5834	1903.8684	1060.8655	2590.323	177.49551	2785.679	2124.4287	1000.0	1000.0	291999	151.0443	123.88241	191.64671	-73.31821	151.04399	123.8799	189.52379	-71.84103	-4.920947	5.2813826	74.951294	-14.815186	-13.598029	19.824741	9549.1186273098
74	2158.6387	448.33478	2479.2454	1227.4946	1887.2898	284.97266	2114.4868	1398.447	-20.533466	0.4763953	-19.570776	-21.069448	-265.91486	60.25943	-190.59424	-357.82727	1621.375	250.21732	1868.4019	1207.8528	2138.1052	448.44092	2458.331	1206.4252	1000.0	1000.0	295999	151.23737	124.502045	193.12154	-79.07071	151.23703	124.49929	191.42465	-76.38445	-4.8013086	5.301128	103.934425	-14.489759	-13.536624	20.325214	9700.106022119522
75	2571.6772	72.32099	2703.747	2449.516	1695.0881	562.0023	2098.0488	725.78485	-15.633662	0.5942782	-14.642899	-16.611893	-257.95612	53.446877	-189.0451	-315.70135	1437.132	592.5634	1875.011	421.74466	2556.0437	72.02647	2687.949	2434.347	1000.0	1000.0	299999	151.24593	125.13092	195.53178	-86.00956	151.247	125.1264	193.80736	-87.1142	-4.793971	5.320819	110.902374	-14.699371	-13.314875	21.179073	9866.726751089096
76	2693.2798	79.306435	2813.2312	2548.7283	1238.6768	497.85144	1893.0525	711.8172	-18.412264	0.7116021	-17.20046	-19.6839	-276.15012	37.732346	-222.3354	-328.50626	962.52673	521.63654	1621.496	429.6149	2674.8674	79.06285	2795.2886	2531.5278	1000.0	1000.0	303999	151.80399	126.06304	197.0455	-84.05157	151.80193	126.061264	194.4977	-86.82307	-4.839531	5.2760353	92.98706	-15.945408	-12.184191	20.928783	10030.672894001007
77	2580.6396	344.50095	2987.5989	1703.453	1328.0247	755.79266	2119.5122	315.24164	-16.920732	0.6027194	-16.034561	-18.121517	-204.83997	37.670357	-143.27457	-243.02855	1123.1847	771.6025	1976.2377	89.92921	2563.7188	344.40863	2970.9802	1686.8386	1000.0	1000.0	307999	151.76167	126.4693	196.85736	-81.96873	151.76286	126.466034	194.77133	-83.380714	-4.828927	5.2699075	79.37329	-15.021183	-12.476851	21.289864	10193.27128648758
78	2226.7886	449.5385	2535.7588	1011.60266	1226.6245	812.3618	2053.9065	261.3543	-18.749714	0.57133	-17.845022	-19.60309	-187.02335	44.924263	-133.32664	-242.10951	1039.6011	797.9124	1854.1694	128.02766	2208.039	449.13733	2516.6921	993.7576	1000.0	1000.0	311999	151.78403	126.92422	198.5846	-82.074005	151.78262	126.9217	197.63866	-83.01482	-4.7840652	5.2997293	79.2075	-15.818607	-12.204994	21.163603	10321.941633939743
79	2495.6787	956.57513	2940.576	-365.8991	1327.553	850.93304	2197.698	371.3654	-24.612082	0.7400953	-23.83755	-26.223572	-284.85715	80.88618	-190.53786	-412.15204	1042.6959	894.9753	1961.4453	119.22077	2471.0667	956.36835	2915.218	-389.96036	1000.0	1000.0	315999	152.25085	127.70089	200.77612	-83.503685	152.25145	127.69841	199.83829	-86.23363	-4.800885	5.242736	78.84637	-15.697927	-12.7648945	21.73478	10452.273696899414
80	2454.114	284.8944	2688.7417	1645.5698	1800.8748	632.6784	2400.5786	738.6968	-12.300925	0.6306608	-11.563681	-13.468621	-286.59988	47.794884	-235.75388	-341.82733	1514.2749	658.25134	2157.957	412.49997	2441.813	285.03925	2676.0845	1632.5444	1000.0	1000.0	319999	152.52356	128.2424	200.60954	-84.83775	152.52235	128.23878	199.61261	-85.12931	-4.8263493	5.2778125	94.67883	-14.845962	-14.046349	21.68091	10582.780153036118
81	2205.8687	728.8962	2848.403	827.1678	1764.2383	592.3722	2194.2324	745.1077	-11.024021	0.699374	-10.135744	-12.501477	-239.94681	16.188894	-217.33295	-257.62512	1524.2914	589.4168	1976.8994	512.99445	2194.845	729.22174	2838.0269	816.2431	1000.0	1000.0	323999	153.3641	129.28175	203.32407	-87.823074	153.36247	129.27763	201.16428	-85.72557	-4.711248	5.3480244	75.59139	-15.721597	-14.512616	22.436464	10711.83746957779
82	2385.0806	198.14545	2564.3247	1838.4252	1399.222	672.4475	2153.4517	718.288	-24.477463	0.5456835	-23.488981	-25.506315	-260.98102	29.036625	-225.83008	-301.1633	1138.241	668.0554	1852.2883	466.2442	2360.603	198.31584	2540.1943	1813.677	1000.0	1000.0	327999	154.01212	130.20753	204.52254	-85.09367	154.00986	130.2046	204.47925	-89.20187	-4.728821	5.2799897	73.31713	-15.955223	-14.56479	22.711761	10850.866836309433
83	2813.9824	65.47235	2934.3604	2690.6816	1851.5061	466.27866	2223.6514	1058.4937	-19.715227	0.48256204	-18.989073	-20.705137	-252.21371	47.117035	-175.71797	-298.43738	1599.2925	424.90564	1971.0264	882.77563	2794.267	65.62243	2914.5996	2670.8687	1000.0	1000.0	331999	154.87926	131.14001	204.82162	-87.00053	154.87907	131.13806	204.97316	-85.73553	-4.706433	5.3638506	87.00614	-15.486904	-14.978831	22.834394	11007.313669681549
84	2794.728	315.90854	3112.81	1931.6122	2175.6985	80.96303	2310.0447	2096.351	-10.018442	4.099814	-4.26742	-16.846588	-184.4224	29.712688	-147.4512	-215.1485	1991.276	62.945812	2094.8962	1933.3103	2784.7097	314.53964	3100.9124	1925.6556	1000.0	1000.0	335999	157.14703	132.89093	206.9411	-89.30907	157.14568	132.88684	205.79651	-89.98545	-4.2019987	5.237875	72.47384	-14.14757	-16.48092	22.57364	11163.938708543777
85	2702.809	103.70642	2858.807	2530.3096	1888.7759	146.59619	2091.7075	1726.1459	-20.490204	0.53123	-19.556082	-21.24507	-220.78299	51.72497	-148.89716	-289.9405	1667.9929	171.99251	1942.8103	1484.6617	2682.3188	103.729256	2839.123	2510.7534	1000.0	1000.0	339999	160.77768	135.43831	207.7996	-83.09605	160.77396	135.43527	205.45451	-86.68076	-4.5134563	5.2875266	88.97107	-14.104179	-16.936022	22.996422	11317.803997278214
86	2752.984	70.54147	2897.552	2654.691	2016.5273	178.02875	2225.005	1744.6465	-14.894925	0.82427686	-13.2603855	-16.182432	-260.47763	73.49627	-154.13834	-358.9806	1756.0497	156.38773	1977.4202	1590.5082	2738.089	70.3958	2881.8157	2639.8743	1000.0	1000.0	343999	162.05112	136.73637	210.17148	-96.49878	162.04788	136.7339	206.4258	-94.45149	-4.6596766	5.4088516	76.86912	-15.23824	-16.890783	23.310759	11456.044917821884
87	2460.982	448.1824	2811.6392	1349.7803	1541.5428	766.3052	2332.0593	650.70575	-15.762533	0.5874942	-14.710785	-16.65952	-261.8875	34.128647	-218.80179	-309.77692	1279.6553	765.1304	2053.1055	375.44434	2445.2192	448.57907	2796.2485	1333.4332	1000.0	1000.0	347999	163.03506	137.77342	208.52248	-87.369026	163.033	137.7703	208.5745	-87.37243	-4.5995975	5.366779	94.71808	-13.904065	-17.221458	23.348228	11581.376854419708
88	2723.2751	85.64083	2832.738	2519.2224	1343.2107	756.8005	2148.2234	259.81168	-15.417874	0.6068339	-14.386927	-16.130177	-235.37085	54.003666	-159.92409	-306.5309	1107.84	736.67944	1889.491	99.88759	2707.858	85.49308	2817.3218	2503.909	1000.0	1000.0	351999	163.11124	138.23445	209.60724	-90.122475	163.11003	138.23132	209.1736	-85.71607	-4.678109	5.3272877	72.85344	-14.482939	-15.918213	23.737955	11705.86252450943
89	2534.0571	615.9287	3019.1394	876.7585	1509.8369	820.0559	2315.5125	319.41254	-19.902218	0.6797046	-19.08872	-20.975086	-230.4638	66.700584	-149.56433	-335.18857	1279.3733	786.5461	2008.0906	100.705765	2514.1548	616.27136	3000.0508	856.11346	1000.0	1000.0	355999	164.38889	139.5162	212.20499	-98.455986	164.38588	139.51321	212.74788	-97.83205	-4.5918946	5.3512783	91.96136	-14.257679	-15.042789	23.622272	11830.147027015686
90	2620.167	378.662	2983.5857	1763.2461	1477.275	791.1692	2311.2156	625.5881	-26.706476	20.163301	-3.814122	-69.73047	-200.77728	67.454254	-97.365395	-267.9203	1276.4978	812.895	2213.85	440.8845	2593.4604	368.67062	2956.426	1758.8958	1000.0	1000.0	359999	166.00377	140.78416	211.76065	-94.74162	166.00255	140.7806	211.18234	-95.68866	-4.155731	5.3140364	100.01797	-17.869713	-15.131041	23.79469	11957.969917058945
91	2911.7717	132.77524	3099.6936	2711.904	2226.5032	75.43572	2335.717	2134.7974	-33.915966	4.3749385	-26.160992	-39.89637	-169.07448	25.407808	-138.7446	-207.6259	2057.4287	55.57441	2128.0913	1996.0526	2877.856	131.02538	3061.4446	2683.508	1000.0	1000.0	363999	170.58041	143.81908	218.98877	-86.225395	170.57916	143.81706	219.5391	-84.316345	-3.898744	5.320686	77.16152	-15.582713	-15.391016	22.866253	12083.6498670578
92	2869.1426	72.755196	3020.6123	2766.4712	2175.6787	26.896048	2213.951	2145.7793	-14.585538	8.540758	6.368855	-25.361887	-118.30058	36.64784	-78.316124	-158.91931	2057.378	34.715874	2101.9011	2005.1167	2854.5571	68.793495	2995.2505	2751.2974	1000.0	1000.0	367999	175.3051	147.1074	218.91502	-85.31133	175.30266	147.10446	215.93053	-87.018196	-4.061666	5.308056	95.501144	-16.153072	-16.117914	22.910412	12210.078983545303
93	2908.0535	572.6815	3241.6697	1214.5642	1674.9271	650.1971	2218.1328	584.61743	-30.623178	0.5193191	-29.902622	-31.457256	-152.62035	43.311787	-82.06607	-198.25858	1522.3068	677.73584	2044.9155	386.3589	2877.4302	572.90656	3210.9673	1183.3787	1000.0	1000.0	371999	178.57195	149.51596	223.12491	-88.5349	178.56906	149.51358	219.16235	-84.2015	-4.486957	5.37048	57.06969	-15.620406	-16.463078	23.390596	12338.717609405518
94	2657.108	101.12236	2830.9915	2514.8235	1960.5006	458.66763	2378.7559	1198.471	-15.250336	0.9547611	-13.759824	-17.081045	-290.84573	80.93817	-196.56915	-404.61182	1669.6548	398.3429	2051.9207	1001.90173	2641.8577	101.18267	2815.751	2499.131	1000.0	1000.0	375999	178.9669	149.996	225.52213	-94.9065	178.96414	149.99355	221.51248	-84.02407	-4.6264677	5.408843	107.36495	-14.6291275	-15.651028	24.013996	12468.033007860184
95	2745.9207	535.8696	3067.0266	1165.4309	1673.3479	584.83044	2238.17	846.8616	-17.502813	0.68477744	-16.429588	-18.483221	-291.6985	64.14444	-202.264	-381.42264	1381.6494	609.20233	1960.9175	465.43893	2728.418	535.8228	3049.058	1147.9963	1000.0	1000.0	379999	179.20192	150.4474	223.72006	-88.58283	179.20222	150.445	220.80867	-88.34736	-4.4808254	5.394814	98.60763	-18.749556	-15.563647	24.477509	12596.006099700928
96	2906.719	65.008934	2989.9868	2785.6775	1759.5166	795.1142	2329.9768	387.5775	-21.938005	0.6219968	-20.994883	-22.864464	-255.65976	63.70472	-170.23956	-321.57352	1503.8569	837.81964	2159.7373	66.003975	2884.7808	65.128105	2968.606	2762.813	1000.0	1000.0	383999	179.1631	150.70578	223.81107	-92.965065	179.16167	150.70378	220.87488	-98.52931	-4.5158587	5.362144	76.01202	-15.673478	-15.868042	24.76566	12720.445650577545
97	2773.6506	44.38367	2838.7898	2703.9956	1887.1641	828.5006	2399.2263	452.86923	-19.422672	0.6821768	-17.93833	-20.87209	-262.36496	44.921562	-232.06369	-339.80984	1624.7992	814.52783	2167.1626	218.80103	2754.2278	44.510265	2819.148	2684.4685	1000.0	1000.0	387999	179.72462	151.4239	223.71303	-101.128365	179.72304	151.42093	220.30354	-98.219734	-4.4832077	5.378268	108.745575	-15.161077	-15.721942	24.733261	12845.522436857224
98	3008.3918	85.91485	3179.1528	2898.7249	1874.9761	518.0021	2219.9917	979.3736	-17.123835	0.50977653	-16.037798	-17.635572	-202.78355	103.536255	-64.791336	-307.5355	1672.1925	580.0027	2068.276	671.83813	2991.268	85.825264	3161.5173	2881.338	1000.0	1000.0	391999	179.55351	151.56888	222.31047	-104.30304	179.5523	151.5656	220.87727	-109.97461	-4.477726	5.412932	92.51207	-16.567595	-14.73841	25.911472	12971.72863817215
99	2962.983	223.14769	3217.2927	2424.6987	1682.6973	673.76215	2355.695	844.8909	-15.889702	0.492583	-15.074675	-16.913956	-277.4464	28.996536	-241.87794	-321.25372	1405.2509	671.1236	2092.168	563.0474	2947.0933	223.42783	3201.9094	2407.7847	1000.0	1000.0	395999	179.85896	152.06773	225.76904	-119.6276	179.85892	152.06482	222.21529	-124.60245	-4.436001	5.4259877	111.353584	-15.344093	-16.385138	25.10024	13100.396050930023
100	2481.0684	618.07574	2918.446	1155.9349	1834.437	657.757	2277.1907	698.9559	-21.669697	5.383958	-14.865025	-31.449821	-222.21967	112.51092	-70.959076	-339.46753	1612.2173	727.23334	2119.9084	359.48834	2459.3987	616.6321	2900.3813	1141.07	1000.0	1000.0	399999	180.399	152.59145	225.37788	-115.54497	180.39565	152.5899	222.58873	-125.731926	-4.276329	5.379235	94.80972	-14.641714	-17.612667	26.08311	13229.57540178299
101	2908.7117	59.658787	3029.419	2791.8364	2258.849	68.467735	2311.287	2141.087	-53.644398	5.3530173	-41.234653	-59.023224	-158.1026	40.6628	-124.2439	-224.4952	2100.7466	107.967224	2185.734	1916.5918	2855.0676	58.93835	2970.584	2739.8489	1000.0	1000.0	403999	184.5225	155.33928	224.51608	-126.86831	184.52066	155.33719	226.70274	-124.56043	-3.7625556	5.336387	73.95303	-15.287289	-18.713522	25.181547	13361.395251750946
102	2611.522	644.5327	3034.1587	823.39264	1980.8445	478.7267	2360.8628	1171.5648	-19.537764	9.850406	-2.382045	-38.30566	-150.41077	45.649837	-71.770935	-182.14098	1830.4337	503.46964	2289.0918	989.4238	2591.9841	641.0899	3007.9768	814.4109	1000.0	1000.0	407999	189.1413	158.43301	227.03838	-120.07685	189.1403	158.43066	224.76222	-121.86503	-3.9158254	5.3160872	59.845116	-13.973782	-20.640472	24.261395	13490.630811214447
103	2592.6597	546.2742	2899.35	1097.8567	2020.5566	298.24802	2278.6912	1512.6888	-33.435482	1.0023499	-32.229935	-35.181274	-167.29665	30.201172	-122.81551	-207.86009	1853.26	320.77383	2112.3345	1304.8287	2559.224	546.63794	2867.12	1063.0498	1000.0	1000.0	411999	192.51253	160.73694	227.05692	-109.67686	192.50998	160.73518	225.36346	-123.042725	-4.027975	5.338049	94.39456	-15.164524	-22.477789	24.591558	13620.59984588623
104	2846.0269	99.35228	3016.8396	2700.5925	2224.957	95.279045	2341.2913	2078.1206	-21.593485	0.55262446	-20.963871	-22.552485	-190.28693	57.23374	-91.98072	-232.05717	2034.6699	138.26152	2249.3103	1866.4862	2824.4336	99.47492	2995.0256	2678.04	1000.0	1000.0	415999	194.56898	162.2764	228.20856	-116.88844	194.56534	162.27425	224.73637	-118.91796	-4.409791	5.4629197	90.46869	-14.413675	-22.302385	25.890661	13755.292078256607
105	2617.5386	453.57532	2946.9133	1288.7394	1853.8135	189.32848	2112.1584	1630.7439	-14.114879	0.84017724	-12.614336	-15.3362875	-230.25627	32.9397	-202.17223	-285.71017	1623.557	167.89427	1826.4482	1407.0419	2603.4236	453.88913	2933.2349	1274.0178	1000.0	1000.0	419999	195.0501	162.82285	227.37518	-110.75997	195.05054	162.82014	225.56935	-113.34925	-4.3820815	5.472946	85.43208	-14.211083	-22.1112	26.103046	13889.283216953278
106	2786.9822	133.22534	2925.7415	2501.2139	1905.7634	625.2028	2311.22	826.32117	-11.609491	0.93508583	-10.210048	-13.263328	-248.19958	81.63079	-107.982346	-312.05188	1657.564	654.1816	2193.0627	539.4144	2775.3726	133.09953	2915.5312	2489.549	1000.0	1000.0	423999	194.82932	162.89902	228.65283	-117.307	194.8298	162.89835	225.59692	-117.6632	-4.4578233	5.5251904	77.9559	-17.232346	-21.164099	25.966755	14017.39157295227
107	3042.7412	143.4057	3233.9307	2652.0396	1494.5693	881.78375	2367.4568	302.62552	-14.4317045	0.94695896	-12.6525	-15.767501	-297.9955	50.553207	-247.88074	-379.89014	1196.5739	917.3703	2069.5508	-77.26461	3028.309	143.07642	3220.179	2638.7246	1000.0	1000.0	427999	194.88846	163.22238	227.58096	-110.40084	194.88722	163.2189	228.62984	-121.17595	-4.391865	5.4729524	85.83416	-16.64532	-21.521833	26.703419	14147.854347705841
108	2700.5183	624.5202	2997.349	836.65137	1309.8181	1036.3363	2423.6174	253.53818	-25.249813	0.5571941	-24.553377	-26.1791	-312.0574	55.528248	-219.3748	-357.91092	997.7607	1061.5336	2071.6462	-104.37275	2675.2686	624.4424	2971.17	811.57855	1000.0	1000.0	431999	194.75993	163.5135	228.95016	-137.14897	194.76082	163.51263	230.78256	-145.06583	-4.4120274	5.436113	92.19803	-15.380605	-20.60123	26.137217	14276.078132390976
109	2606.5918	670.4447	2968.5273	779.1651	1515.4016	638.6758	2344.5615	550.3785	-16.589315	0.6664871	-15.659115	-17.806973	-224.0003	34.62986	-185.7594	-264.01672	1291.4012	639.0972	2080.5447	297.84094	2590.0024	670.251	2950.7205	763.41516	1000.0	1000.0	435999	194.63017	163.75658	229.1407	-153.63675	194.62917	163.75368	232.67038	-148.05733	-4.367213	5.4383917	116.161644	-14.760661	-19.758232	26.953783	14407.904841184616
110	3033.5896	72.23878	3123.1912	2866.029	2192.6365	106.63951	2305.9385	2022.3416	-30.843775	0.5916277	-29.798794	-31.587791	-262.13126	41.076603	-194.81128	-302.1035	1930.5051	102.76312	2019.0555	1757.6144	3002.7456	72.06046	3091.963	2835.4602	1000.0	1000.0	439999	195.0113	164.28125	228.44968	-150.38655	195.01144	164.27763	230.86726	-155.60977	-4.3555136	5.460627	75.131516	-14.103164	-19.977676	26.844995	14563.255362272263
111	2807.9011	367.6168	3040.5847	1724.8352	1671.2216	536.24536	2328.3245	947.3028	-19.337208	0.53119045	-18.71922	-20.411602	-245.3332	50.72662	-165.32483	-301.83276	1425.8884	578.12476	2162.9995	675.6741	2788.564	367.47766	3021.487	1706.0178	1000.0	1000.0	443999	195.61813	165.02612	230.6426	-166.71864	195.62048	165.02515	232.3565	-171.81448	-4.29153	5.459055	116.66646	-14.756483	-19.14998	27.329945	14717.26121211052
112	2702.7769	539.9664	3047.7468	1131.36	1194.7324	773.7241	2331.6995	263.22876	-30.946606	2.2681189	-27.189642	-35.433376	-188.83687	21.671274	-153.97002	-207.45737	1005.8956	772.17505	2125.143	75.86518	2671.8298	539.9354	3015.6877	1101.385	1000.0	1000.0	447999	195.43211	164.90004	232.6474	-174.80643	195.43166	164.89934	234.86032	-188.3786	-4.0743365	5.3487754	86.36726	-14.230989	-20.256437	28.27305	14870.007708311081
113	3142.681	82.38181	3281.4412	3022.6873	2259.338	118.25021	2363.2935	2059.948	-32.63144	3.279427	-27.34048	-37.74472	-181.2117	34.35319	-123.16693	-206.84995	2078.1262	131.37267	2175.0698	1853.3417	3110.0496	82.166985	3248.9988	2992.052	1000.0	1000.0	451999	198.1159	166.39555	234.00172	-170.00768	198.112	166.39346	229.59996	-164.082	-3.6171443	5.288868	59.833015	-15.407881	-21.595657	27.764395	15018.263287782669
114	2935.0059	63.808346	3021.7092	2811.1267	2306.131	107.18828	2487.3745	2218.8606	-12.727074	6.602378	3.7006772	-20.248379	-120.76054	23.495863	-95.48514	-158.83316	2185.3706	85.37408	2328.5415	2117.2246	2922.2788	64.90143	3014.1233	2790.8784	1000.0	1000.0	455999	202.42776	169.03123	231.3143	-171.0534	202.42482	169.02959	232.08717	-173.20084	-3.6621137	5.3537874	70.33346	-14.2500105	-22.972795	26.801128	15149.406793832779
115	3006.3264	62.70659	3124.882	2932.6758	1768.5657	693.05145	2452.62	634.6503	-20.115917	0.5248712	-19.44409	-21.16018	-165.1868	47.374474	-85.97209	-205.31206	1603.3788	684.71716	2255.0752	462.73215	2986.2104	62.898228	3105.05	2911.5156	1000.0	1000.0	459999	206.38164	171.5936	231.6987	-169.84811	206.3814	171.59195	233.33685	-178.29803	-3.919524	5.381563	80.88222	-15.694723	-23.409851	26.982285	15284.318945407867
116	2898.4304	213.6164	3089.4526	2516.348	1913.4685	589.72485	2405.7078	905.85205	-28.17402	0.5052142	-27.397894	-29.226435	-259.144	103.117805	-100.042046	-376.92184	1654.3245	672.4898	2305.6658	528.9302	2870.2566	213.7799	3061.8389	2487.7544	1000.0	1000.0	463999	205.96854	171.61916	233.44868	-166.1145	205.9673	171.61647	233.86351	-172.38426	-4.33969	5.4871593	74.55653	-16.624657	-24.51289	28.320667	15418.826777458191
117	2845.7397	72.38825	2923.1677	2718.4023	1992.729	695.99664	2570.4858	803.16156	-28.74648	0.44229564	-27.787561	-29.404922	-241.0856	44.19048	-193.55777	-301.10583	1751.6434	712.77484	2366.2393	537.7294	2816.9932	72.59166	2894.2812	2688.9973	1000.0	1000.0	467999	205.99188	171.89229	235.2139	-168.49783	205.99028	171.89056	235.34029	-171.87189	-4.238347	5.4942126	87.824844	-15.664718	-25.098114	27.1863	15554.87344121933
118	3012.0347	63.879856	3102.1953	2862.0813	2352.163	65.352295	2416.5527	2268.4165	-8.825913	0.63029045	-7.3297133	-9.7389345	-201.15118	46.82901	-133.84686	-245.6047	2151.0117	61.942314	2235.6365	2064.0466	3003.2087	63.753155	3092.7424	2853.1428	1000.0	1000.0	471999	205.77979	171.94934	235.37958	-165.94244	205.77768	171.94728	235.66711	-159.20695	-4.352994	5.477024	87.37293	-14.175483	-25.65112	27.081182	15705.080348491669
119	2941.9937	674.22003	3269.831	925.58246	2309.6714	33.405087	2346.5452	2260.1997	-48.36239	0.8461757	-46.3693	-49.41984	-276.37787	74.37147	-202.65547	-390.46573	2033.2935	50.09963	2096.3274	1956.0795	2893.631	674.09906	3221.2644	877.549	1000.0	1000.0	475999	206.78429	172.7507	236.60771	-162.90717	206.78297	172.74802	241.10413	-164.15903	-4.3004165	5.549843	111.126205	-14.185486	-26.01066	26.560957	15859.319500923157
120	2913.7256	388.92212	3119.807	1755.9691	2281.3774	233.4277	2426.9497	1877.2416	-16.447805	0.6933257	-15.092444	-17.453688	-221.69386	97.765434	-72.63192	-312.29565	2059.6838	236.91904	2335.8862	1681.5236	2897.2778	388.95963	3104.7144	1739.5089	1000.0	1000.0	479999	207.69844	173.56683	233.73918	-194.36218	207.69676	173.56406	234.34766	-164.586	-4.1478424	5.408733	102.77301	-14.822358	-24.594852	27.583117	16013.168563127518
121	3063.0757	487.28375	3408.4863	1648.2994	1484.985	939.1419	2472.964	544.80194	-23.46954	0.9394197	-22.198778	-25.319845	-231.80438	106.89058	-96.65079	-382.65228	1253.1805	1034.5798	2296.744	165.53786	3039.606	487.15857	3386.2876	1625.5483	1000.0	1000.0	483999	208.17628	174.15306	235.59116	-183.90085	208.17625	174.15085	235.96877	-167.83435	-4.264261	5.4141254	88.75306	-15.41873	-24.5887	26.961058	16166.08427286148
122	3068.7183	79.80424	3207.8901	2962.1746	2182.0693	154.32935	2379.8008	1982.618	-25.72994	0.83034897	-24.72851	-27.544209	-220.97229	39.5495	-163.8924	-261.38855	1961.0969	151.25392	2118.412	1728.5529	3042.9878	79.98078	3182.2798	2935.09	1000.0	1000.0	487999	208.47227	174.59576	238.5268	-189.97711	208.47089	174.5934	238.28748	-173.81947	-4.2780786	5.4511957	86.9485	-16.383816	-23.21933	28.017157	16305.209505319595
123	2950.424	80.09034	3095.4722	2795.687	1209.0847	723.4034	2232.014	423.87064	-13.229807	0.52780336	-12.253438	-13.992837	-240.00131	71.45619	-174.09485	-357.2534	969.0835	677.85803	1874.7605	232.05939	2937.1943	80.13023	3082.6948	2782.9485	1000.0	1000.0	491999	208.37396	174.7658	236.22691	-168.42696	208.37416	174.76279	240.29253	-177.10309	-4.3368793	5.4603467	79.597786	-15.734386	-22.455925	27.280216	16439.61577606201
124	3152.729	57.62165	3286.0535	3059.2021	1461.1128	702.44855	2526.1265	592.6853	-35.800793	0.6234253	-34.959988	-36.860844	-265.0958	64.756256	-186.12608	-360.87473	1196.0171	644.9802	2165.252	406.55923	3116.929	57.3605	3249.5728	3024.0356	1000.0	1000.0	495999	208.54294	175.0906	236.23337	-176.20741	208.5433	175.08737	236.61397	-174.94023	-4.1143703	5.4406166	80.88716	-16.616344	-23.083849	28.308962	16573.3643386364
125	3001.2427	90.20375	3148.9436	2869.5225	2309.9412	208.30582	2605.7415	2018.6442	-30.301311	0.59989244	-29.350218	-31.26526	-269.53442	73.60684	-204.26205	-389.191	2040.4069	227.93098	2401.4792	1804.7172	2970.9417	90.312065	3119.3445	2839.9333	1000.0	1000.0	499999	208.47089	175.37798	239.40233	-182.2653	208.47173	175.37459	236.96956	-183.48265	-4.155897	5.4876194	82.814545	-14.770134	-23.83001	28.987247	16707.504558086395
126	2732.0977	524.5041	3107.114	1410.821	2017.6787	363.00455	2411.4272	1449.7198	-28.20487	0.70405227	-26.986929	-29.337961	-303.59625	80.025116	-167.05562	-371.30276	1714.0824	411.1229	2244.3716	1108.5845	2703.8926	524.6616	3079.1724	1382.651	1000.0	1000.0	503999	208.94917	175.75395	241.22621	-190.02011	208.94958	175.75072	239.90895	-194.18932	-4.2719316	5.4781466	75.280685	-16.587542	-24.098186	29.348381	16839.819598436356
127	3196.0208	60.807625	3302.604	3114.4775	2052.1262	555.84924	2417.448	1091.4678	-29.596302	0.5690658	-28.616125	-30.704475	-213.52826	88.371185	-112.48334	-343.83853	1838.598	506.84097	2261.0894	978.9845	3166.4243	60.855515	3273.6296	3085.8616	1000.0	1000.0	507999	209.38956	176.18742	241.31558	-183.52216	209.39075	176.18521	240.80576	-197.50832	-4.1557035	5.4241743	93.971664	-14.484816	-25.305105	29.602144	16973.68398475647
128	3125.85	59.256927	3255.6685	3038.6023	1508.802	767.1335	2333.6514	410.41415	-23.1385	3.1525223	-17.445202	-27.345495	-217.78146	41.103233	-180.3052	-287.2856	1291.0205	756.648	2153.3462	210.85022	3102.7114	60.32623	3233.7754	3011.2568	1000.0	1000.0	511999	209.54738	176.19351	245.80443	-184.34605	209.54628	176.19112	241.57379	-192.01205	-4.018431	5.4194164	105.524994	-14.921739	-26.566729	30.3445	17106.027611494064
129	3151.4165	92.60512	3271.6658	2949.1816	1605.2026	740.1762	2396.308	834.3972	-34.78434	0.45417926	-34.214798	-35.666378	-146.1805	43.682266	-102.15849	-208.49472	1459.0221	700.3652	2230.601	726.03564	3116.6323	92.87928	3237.1265	2913.5151	1000.0	1000.0	515999	211.41826	177.15842	236.83812	-170.86115	211.41736	177.15514	240.48665	-175.8638	-4.036648	5.2665095	76.38857	-17.468014	-27.837507	29.360567	17238.00897836685
130	2885.3599	492.0177	3167.9922	1505.6742	2440.2883	144.08849	2676.2004	2303.9912	-40.571552	0.56639725	-39.25131	-41.145348	-190.31548	57.19515	-126.492004	-273.71255	2249.9727	160.18312	2526.2092	2135.523	2844.7883	492.207	3127.8083	1464.5288	1000.0	1000.0	519999	211.75542	177.53441	239.92694	-185.76324	211.75484	177.53142	241.13155	-183.75046	-4.2734323	5.4071155	76.364586	-16.008059	-29.209742	29.592737	17371.044266700745
131	2867.3647	444.74033	3228.3982	1676.1498	2423.4866	65.91611	2517.1494	2332.0781	-15.478567	0.7268452	-14.092976	-16.726114	-268.7258	95.528015	-137.48653	-386.7812	2154.7607	62.424137	2194.5916	2046.7355	2851.8862	444.7042	3213.5034	1660.3269	1000.0	1000.0	523999	212.78326	178.28493	240.13008	-190.04387	212.78148	178.28273	239.15012	-207.41165	-4.381995	5.4442987	151.25502	-13.928879	-31.169447	29.730078	17508.145400047302
132	3039.1077	286.26718	3293.857	2244.5513	2177.2947	328.59106	2443.712	1614.4005	-15.311583	0.67254734	-14.025101	-16.270458	-186.67271	68.45272	-110.95543	-281.20596	1990.6218	387.83478	2332.7566	1333.1946	3023.7964	286.04306	3278.5325	2229.6462	1000.0	1000.0	527999	212.86311	178.47356	239.76466	-193.9455	212.8624	178.46996	240.48067	-192.26436	-4.2621317	5.461911	94.53742	-15.245745	-29.7169	30.802961	17645.152200460434
133	3176.0369	100.71812	3311.896	3032.4248	2272.175	129.76196	2426.5713	2066.7493	-44.36337	0.73158514	-42.661068	-45.402084	-249.22147	102.7654	-138.04636	-417.0771	2022.9539	118.47193	2157.1267	1838.7565	3131.6733	101.080696	3268.345	2987.0227	1000.0	1000.0	531999	213.6859	179.07724	238.83702	-195.08131	213.6866	179.07576	239.0393	-194.3981	-4.1433387	5.489606	121.75155	-13.730339	-29.663883	29.720814	17782.121433973312
134	3080.9106	587.55963	3458.7107	1340.8087	2412.9075	42.760223	2446.5256	2340.8398	-31.414862	0.7232076	-30.069181	-32.575474	-178.98004	27.767803	-143.23431	-214.02284	2233.9272	67.9419	2300.0925	2126.8171	3049.496	587.1746	3428.0657	1310.7395	1000.0	1000.0	535999	214.62373	179.87425	242.55312	-186.96542	214.62468	179.87094	243.14673	-189.54817	-4.006015	5.4352093	96.243454	-15.722307	-28.588213	31.516222	17917.16865825653
135	2910.9924	75.37648	3014.4434	2730.7212	2425.595	140.6525	2663.5022	2298.056	-51.597878	0.7562785	-50.594585	-52.73347	-186.47598	64.132675	-125.385956	-291.10056	2239.1191	179.18835	2538.1162	2088.6875	2859.3945	75.36262	2961.9539	2679.007	1000.0	1000.0	539999	215.97597	180.78484	241.83731	-198.25536	215.97244	180.78085	242.9029	-201.18356	-4.037819	5.378361	87.210915	-15.282942	-28.427082	31.749743	18066.436911821365
136	3148.9558	118.62103	3331.4707	2927.3276	1887.0356	744.6328	2405.8525	601.5284	-32.85781	0.5180896	-31.60391	-33.688828	-207.65123	65.26936	-121.61515	-289.76044	1679.3845	792.1835	2234.2415	311.7679	3116.098	118.34047	3298.329	2894.2642	1000.0	1000.0	543999	216.63672	181.29855	241.85582	-197.7337	216.63467	181.29686	239.36514	-199.5374	-4.0879855	5.3787775	85.27693	-15.075301	-28.772123	31.261253	18223.17099428177
137	2998.65	183.25728	3307.121	2601.9246	2322.6091	66.231064	2386.825	2212.5625	-49.75745	0.8282262	-48.419888	-51.205547	-203.85114	44.752743	-142.83391	-269.05035	2118.758	52.008316	2181.2935	2065.028	2948.8926	183.11708	3256.8125	2552.212	1000.0	1000.0	547999	218.00116	182.29941	242.71457	-184.18353	218.00064	182.29594	247.3392	-189.23956	-3.927278	5.403373	114.824936	-15.106746	-28.610659	29.744003	18380.57944917679
138	2801.2495	742.6815	3265.3125	1219.0463	2263.9224	80.971596	2359.469	2142.375	-51.10301	0.84610087	-49.7644	-52.52901	-259.24615	64.72557	-162.39447	-330.29303	2004.6761	138.38466	2197.0745	1838.6294	2750.1467	742.4058	3213.304	1169.2819	1000.0	1000.0	551999	219.04218	183.05861	245.88556	-182.91037	219.0423	183.05647	244.49368	-184.52835	-4.0900617	5.4936714	94.95978	-14.857956	-27.741074	29.822506	18540.829085588455
139	3086.1387	98.51456	3211.6077	2936.5452	1892.0281	940.28217	2553.618	277.61823	-50.960327	0.72585875	-49.777786	-52.091213	-129.74974	53.70768	-42.98266	-178.19446	1762.2783	943.47375	2464.323	150.25188	3035.1782	98.295395	3159.8582	2885.7974	1000.0	1000.0	555999	220.99445	184.44748	243.88298	-161.99242	220.99358	184.44525	245.30458	-156.87456	-3.8360431	5.3282456	88.797104	-17.495945	-28.594461	29.801785	18681.155838012695
140	2878.499	265.197	3116.2273	2150.3972	2168.0076	452.93698	2484.1128	1385.7736	-62.195415	0.8257921	-60.5629	-63.48694	-224.2535	29.990726	-194.32088	-262.4018	1943.7542	436.01013	2221.711	1190.2528	2816.3035	265.22025	3053.4333	2087.426	1000.0	1000.0	559999	222.19505	185.34587	244.90419	-157.259	222.19447	185.34444	244.65196	-155.28746	-3.9739044	5.35609	135.9198	-14.271588	-30.059605	31.300207	18815.096630334854
141	3113.7742	81.64681	3247.7983	2984.6826	1124.9617	804.9534	2435.7974	313.43005	-33.23564	0.58278483	-32.67936	-34.60614	-161.08966	10.56615	-148.91411	-176.889	963.8721	794.56805	2258.9082	164.51596	3080.5386	81.838425	3215.0427	2951.2292	1000.0	1000.0	563999	222.76479	185.56845	245.532	-143.75496	222.7621	185.56538	251.57945	-145.1915	-4.0036283	5.347247	98.863594	-16.274818	-31.422813	30.341595	18948.23217201233
142	3180.3647	118.414185	3328.054	2913.9307	1823.7555	823.91016	2402.674	404.3412	-33.342796	0.6357073	-32.13858	-34.262207	-148.06262	37.51617	-108.08071	-186.29178	1675.6926	802.12573	2217.9	296.26047	3147.0222	118.52596	3294.4683	2879.6685	1000.0	1000.0	567999	222.45541	185.29199	243.47571	-129.79362	222.4533	185.2897	245.703	-123.67	-4.0362287	5.3540053	90.30237	-13.4009495	-31.13644	31.378471	19078.306062221527
143	3034.0789	416.6158	3303.9834	1835.1477	2402.5955	244.00801	2667.7578	2009.1506	-44.55684	1.235107	-42.667522	-46.523193	-178.02913	64.082695	-104.09856	-278.3975	2224.5664	273.8504	2563.6592	1827.9491	2989.5222	416.63922	3261.316	1791.0156	1000.0	1000.0	571999	223.12077	185.67407	245.96785	-115.51134	223.11606	185.67157	248.9408	-118.7096	-3.9913065	5.397556	129.31194	-15.356028	-31.860693	32.102676	19214.042932987213
144	3299.1863	86.12367	3433.3557	3181.2688	2198.1128	298.68442	2415.8257	1690.2518	-54.42577	0.7524377	-53.247787	-55.932724	-173.43048	42.975307	-124.791664	-241.35509	2024.6826	340.18335	2291.0342	1448.8967	3244.7603	86.376045	3379.8145	3126.2932	1000.0	1000.0	575999	223.94348	186.31104	246.0685	-122.70362	223.9405	186.3077	246.62952	-130.68382	-3.8274915	5.493431	91.97558	-13.755915	-32.623653	29.838028	19380.98121714592
145	3084.8665	468.85855	3396.1714	1750.1387	1726.06	844.649	2543.199	434.77628	-46.270317	0.6988684	-45.420322	-47.602962	-182.8266	39.113586	-142.50021	-233.72891	1543.2334	829.26514	2309.47	287.62106	3038.5962	469.2517	3350.751	1702.5358	1000.0	1000.0	579999	225.23315	187.32129	246.81535	-127.95639	225.2309	187.31975	251.1865	-128.83246	-3.7459054	5.41834	111.07643	-17.285788	-32.923126	30.034378	19548.84009695053
146	3042.4512	516.3366	3370.6157	1541.7527	2315.373	314.564	2561.5889	1776.1002	-73.2803	0.75542843	-72.17325	-74.596375	-171.14467	26.803522	-132.9144	-201.32707	2144.2285	295.40985	2401.7302	1643.1858	2969.1711	516.0686	3296.0193	1468.9623	1000.0	1000.0	583999	226.43787	188.29202	246.83469	-127.26988	226.4363	188.28967	248.92633	-143.81741	-3.7788143	5.3408484	123.0603	-16.241756	-32.97122	29.749977	19716.25042438507
147	2290.4688	754.3607	3018.491	1121.7502	2089.9363	481.3775	2559.0464	1335.5177	-56.180103	0.4377119	-55.68098	-56.80946	-161.09807	19.878738	-139.29453	-188.75737	1928.8383	469.7061	2370.289	1196.2233	2234.2883	754.2716	2962.0847	1065.9572	1000.0	1000.0	587999	228.5931	189.84314	249.50381	-128.04068	228.5928	189.8399	250.77867	-138.50352	-3.681104	5.2992854	88.68141	-14.194125	-34.036434	31.078884	19862.808616638184
148	3267.4531	103.99094	3440.9067	3077.5454	1369.0009	435.38297	1888.4349	728.34845	-37.15223	3.8522356	-31.074753	-42.34855	-174.36462	44.55561	-114.38259	-239.84348	1194.6362	458.65396	1721.312	488.50494	3230.301	102.64695	3398.5583	3044.487	1000.0	1000.0	591999	230.93002	191.3654	248.50522	-133.76361	230.92557	191.36293	251.4859	-128.01675	-3.1644182	5.372878	92.98903	-15.402714	-33.88606	30.896059	19993.61407637596
149	3031.0784	173.87375	3334.4282	2751.4617	1837.2771	932.78204	2535.8425	235.14754	-62.339714	5.9038086	-45.99049	-67.893456	-149.85641	47.046276	-104.17843	-223.82088	1687.4207	943.51874	2431.664	78.266884	2968.7385	172.87634	3268.41	2683.568	1000.0	1000.0	595999	236.10661	194.61003	248.51163	-100.10996	236.10104	194.60672	248.85027	-105.56623	-2.8395953	5.3131227	69.247925	-14.968788	-33.25288	29.738728	20121.72538304329
150	2969.1726	580.41345	3269.7244	1248.2252	1932.9163	547.9575	2382.3464	1031.0504	-29.226603	7.229823	-13.697355	-35.814423	-120.42922	77.791336	-4.483946	-193.9441	1812.487	592.518	2377.8625	837.10626	2939.946	575.1731	3239.9187	1234.528	1000.0	1000.0	599999	241.28716	197.8519	251.93956	-101.72758	241.28076	197.84938	250.50296	-106.993385	-3.0150375	5.274311	71.96175	-16.080244	-35.21996	30.117102	20249.80780005455
151	2820.8928	513.5539	3154.8066	1400.0809	2347.1152	216.75946	2574.774	2006.9447	-33.54036	9.515545	-6.9269686	-41.141453	-149.19101	47.32668	-73.62198	-190.28415	2197.924	255.72368	2501.152	1818.5426	2787.3525	504.92764	3115.8938	1393.1539	1000.0	1000.0	603999	244.75006	199.91286	254.84387	-88.87906	244.74371	199.91083	253.60857	-94.843445	-2.9104862	5.3369913	79.07245	-16.297024	-36.11958	29.423832	20376.49204659462
152	3106.0405	286.52054	3333.7996	2266.2769	2319.2437	151.67838	2475.85	2068.1987	-21.110058	4.4505906	-9.617969	-26.299097	-119.80556	59.162693	-42.138058	-205.12036	2199.438	208.38625	2433.7122	1863.0784	3084.931	282.784	3308.488	2256.659	1000.0	1000.0	607999	247.53732	201.6616	251.99763	-100.16138	247.53416	201.65936	252.10031	-98.37537	-3.2155828	5.313907	72.373566	-15.951844	-36.47382	29.021889	20507.13381743431
153	3021.5845	636.58075	3433.2998	1141.6799	1578.3363	802.7364	2483.3057	682.2704	-35.644165	5.336803	-21.577246	-40.697254	-111.66584	43.49698	-84.88729	-186.98383	1466.6704	783.08734	2398.4185	594.7723	2985.9402	631.9885	3394.417	1120.1027	1000.0	1000.0	611999	249.81432	203.1377	253.86243	-96.926025	249.81032	203.1364	253.22392	-100.7447	-3.0727606	5.2728252	88.55939	-13.61538	-38.07934	29.390543	20638.408729553223
154	2757.9775	810.8095	3299.4272	935.4018	1585.9231	883.9021	2511.4478	617.82605	-35.444233	15.676934	-1.9989705	-52.907642	-98.74364	55.613873	-31.19821	-185.65775	1487.1794	840.7881	2327.9397	586.6278	2722.5334	801.4835	3255.9775	918.5071	1000.0	1000.0	615999	252.03613	204.59007	255.53142	-87.69563	252.03493	204.5877	257.3566	-94.41651	-2.946958	5.33459	92.38889	-14.684952	-39.4694	29.921257	20769.254569530487
155	2837.5474	699.28735	3319.1943	936.581	1958.2197	789.5141	2606.9656	624.26465	-14.990549	5.033115	-5.834277	-25.32019	-109.81442	45.07546	-43.45669	-166.88951	1848.4055	792.3981	2440.0762	495.26257	2822.5571	697.7483	3306.8625	930.7467	1000.0	1000.0	619999	253.57748	205.61761	255.82271	-95.08484	253.576	205.61543	257.48532	-98.00139	-2.9842596	5.280025	79.61394	-13.838612	-38.829197	29.786852	20898.6616563797
156	2856.0923	713.5715	3248.8835	733.64105	2447.0444	112.02222	2597.9082	2318.2942	-22.20519	0.50890183	-21.448338	-23.202982	-171.356	64.9382	-74.03733	-254.1812	2275.6887	148.28635	2523.871	2154.3867	2833.887	713.3279	3226.296	712.1927	1000.0	1000.0	623999	255.22375	206.80911	256.65	-104.65496	255.22314	206.80664	256.92072	-103.423904	-3.1135726	5.341319	81.31741	-15.950528	-38.5343	30.121885	21037.83894968033
157	3091.9456	406.9193	3448.4355	1897.45	1691.3579	917.54297	2521.0872	232.68657	-20.006115	0.5151912	-19.262484	-20.828554	-248.5732	118.980064	-107.20583	-437.03778	1442.7847	955.73804	2413.8813	10.143121	3071.9397	406.73782	3427.992	1877.9701	1000.0	1000.0	627999	252.93645	205.29024	255.09946	-107.33596	252.9346	205.28815	258.0778	-115.88653	-4.0096717	5.489178	72.62839	-16.71637	-37.405933	31.913742	21201.532799482346
158	2598.1711	880.8935	3343.8706	825.72546	2363.9138	232.80008	2605.3513	1985.7468	-24.765572	0.7411829	-24.005138	-25.98201	-206.55058	53.018856	-127.54547	-265.15088	2157.3633	181.25278	2340.2004	1858.2013	2573.4055	880.54663	3317.8928	801.7183	1000.0	1000.0	631999	249.33482	202.84392	257.02036	-115.528946	249.33372	202.84096	254.82274	-115.4192	-3.9963624	5.475107	83.10989	-14.576774	-37.37167	31.541046	21365.943044424057
159	2918.377	644.7429	3217.9475	989.8606	1690.0378	828.5477	2637.914	732.0433	-57.996765	0.49453858	-57.164368	-58.740185	-196.17998	55.277767	-135.78893	-259.85886	1493.8579	838.1029	2395.8645	472.1844	2860.3801	644.64636	3159.9744	932.18365	1000.0	1000.0	635999	246.9898	201.45102	253.74689	-114.06698	246.9904	201.44885	255.0157	-117.92115	-3.818142	5.4559073	102.44211	-14.422454	-35.569584	30.801783	21533.442994356155
160	2807.2258	775.9796	3342.2917	1091.5914	2485.2847	111.56843	2667.3296	2368.5583	-35.704323	0.7512374	-34.51115	-36.92708	-195.80244	50.48998	-126.74501	-267.6568	2289.4822	121.937675	2461.5005	2163.8567	2771.521	775.96967	3306.6492	1055.225	1000.0	1000.0	639999	245.908	201.0551	258.7131	-110.716774	245.90744	201.0516	257.45932	-112.30342	-3.7610416	5.5085025	105.29303	-15.001484	-34.25268	31.65263	21683.174072742462
161	3059.5151	325.5257	3290.0642	2228.853	1978.1257	798.89465	2488.548	595.39844	-42.64845	0.56797653	-42.086754	-43.90704	-259.49274	19.980995	-228.22139	-278.42032	1718.633	797.91315	2260.327	339.3418	3016.867	325.55945	3247.8315	2186.7373	1000.0	1000.0	643999	244.513	200.27551	254.10786	-105.554596	244.5136	200.27348	255.54427	-108.600914	-3.844656	5.4282584	90.32819	-14.80094	-33.049675	31.649183	21824.7097427845
162	3092.761	652.4465	3451.0942	1158.7053	2108.0378	562.6005	2579.7024	1171.0936	-45.644016	0.9257058	-44.282787	-47.47886	-184.12402	97.1758	-28.764418	-294.55957	1923.9137	585.5495	2550.938	979.18475	3047.1167	652.53564	3405.1028	1112.7135	1000.0	1000.0	647999	243.56792	199.75983	258.7134	-112.15263	243.56816	199.75807	256.7755	-109.68426	-3.7200592	5.4237413	73.028595	-14.39592	-32.31565	30.684938	21964.368665218353
163	2896.89	631.9207	3419.4849	1508.5231	2214.5635	596.1344	2607.9805	1186.2744	-61.253254	0.7122875	-60.2625	-62.344036	-232.41135	65.78317	-134.13264	-303.59244	1982.1521	621.3403	2381.8577	907.01935	2835.6365	631.5475	3358.0327	1447.9132	1000.0	1000.0	651999	244.01802	200.28313	287.8448	-110.91232	244.01797	200.2808	285.76505	-109.54979	-3.849159	5.477667	82.93708	-14.778874	-32.65887	31.603992	22110.06268811226
164	3114.003	100.41583	3246.612	2902.4956	1647.9058	792.36145	2362.513	444.17877	-46.267036	0.78654045	-45.391773	-48.150497	-198.52711	52.728237	-144.56863	-281.01398	1449.3788	774.0406	2212.7114	282.26013	3067.7358	100.55744	3200.6868	2856.3274	1000.0	1000.0	655999	243.43665	200.14954	274.397	-116.490906	243.43402	200.14629	261.70645	-115.634415	-3.7389307	5.3603086	86.11098	-15.8778	-34.11927	31.785723	22244.04259800911
165	3168.3286	316.72324	3326.7727	2229.4424	1060.196	801.5351	2376.2634	339.50766	-62.878216	0.62649274	-61.408607	-63.69759	-217.35474	77.1249	-142.49146	-340.35565	842.8413	776.845	2152.1501	197.0162	3105.4504	316.5092	3263.6428	2167.3237	1000.0	1000.0	659999	242.78677	199.78183	255.18854	-120.33953	242.78424	199.77873	269.07104	-115.99873	-3.9580812	5.4379086	71.75187	-15.853099	-33.827583	32.060677	22371.586307764053
166	2486.6938	922.34283	3281.8396	1078.9463	2022.112	864.3984	2666.0898	535.07983	-31.619177	0.55238914	-30.770224	-32.64188	-130.05005	33.003254	-89.6152	-167.62163	1892.062	888.1783	2560.1636	367.4582	2455.075	922.5531	3250.3518	1047.218	1000.0	1000.0	663999	242.39754	199.6678	256.08612	-113.62962	242.39636	199.66473	265.3989	-112.79863	-3.8330371	5.410326	105.867645	-15.798677	-33.731106	31.582489	22501.40251135826
167	2583.5454	658.4034	3376.4834	1410.6451	1974.3252	783.4615	2503.5222	619.89526	-52.514496	6.6402187	-40.04855	-61.309227	-135.44475	41.721134	-83.11242	-191.25444	1838.8804	814.6987	2346.3303	428.6408	2531.031	657.3021	3323.3308	1349.6146	1000.0	1000.0	667999	242.96709	200.03696	255.44893	-117.495575	242.9643	200.03455	263.90186	-133.02472	-3.331275	5.4205804	68.93468	-14.401096	-35.380547	31.98808	22628.99941754341
168	2896.1226	683.00665	3298.4785	908.5628	1979.2687	474.33698	2615.5042	1412.9869	-38.644764	0.40390128	-37.83085	-39.38143	-167.39853	45.697582	-104.029366	-225.09615	1811.8701	490.33328	2422.995	1187.8907	2857.478	682.894	3259.097	870.0967	1000.0	1000.0	671999	246.56918	202.29091	253.49545	-119.95505	246.56526	202.28786	256.00806	-112.73609	-3.1521153	5.3575034	86.64703	-14.813404	-36.145836	32.005676	22757.147220134735
169	3359.351	81.278046	3430.4258	3183.6353	1676.9823	815.07294	2588.0623	846.64667	-47.5949	0.8337049	-46.530025	-49.44098	-222.9477	94.94257	-116.189064	-350.87003	1454.0345	798.8793	2439.2214	607.52875	3311.7563	81.27342	3380.9849	3135.3503	1000.0	1000.0	675999	246.04906	202.02118	254.60777	-118.775536	246.05057	202.01907	258.3073	-119.06427	-3.8509853	5.539145	91.62165	-15.14052	-36.084843	32.927734	22888.32558965683
170	3216.8765	124.09011	3434.5044	3019.9226	1810.7616	719.2679	2405.4805	588.44525	-36.70533	0.6758388	-35.27447	-37.784622	-176.00029	86.28982	-66.80407	-281.43173	1634.7612	668.04364	2285.6367	521.6412	3180.171	123.678185	3397.723	2984.648	1000.0	1000.0	679999	244.46326	201.12651	255.90332	-118.5755	244.46204	201.12463	256.47055	-119.92707	-3.6644464	5.4882517	100.9125	-16.400002	-36.329388	34.084557	23021.29029083252
171	3184.7847	243.62012	3436.583	2725.2522	2562.129	33.23402	2600.4807	2514.9773	-41.02603	0.7418957	-40.02234	-42.505444	-220.30975	84.827446	-108.64418	-332.8798	2341.819	99.21272	2491.8364	2252.1575	3143.7585	243.76816	3395.5784	2683.9702	1000.0	1000.0	683999	244.24788	200.9421	258.45566	-126.514465	244.24889	200.93854	261.00623	-123.86162	-3.8998559	5.5604367	74.40252	-15.33305	-35.62899	34.62039	23157.715137004852
172	2830.0254	696.3348	3460.554	1293.0863	2438.8928	144.03091	2591.8293	2226.4834	-71.23322	0.893342	-70.06416	-73.12182	-188.77946	12.573523	-168.66432	-203.34624	2250.1133	140.49728	2400.5688	2034.6366	2758.792	696.1298	3389.7073	1222.0043	1000.0	1000.0	687999	243.09564	200.15723	256.80786	-136.06131	243.09508	200.15468	256.92596	-132.0571	-3.704041	5.41474	98.77382	-14.784853	-35.0911	34.42227	23291.344036579132
173	3067.8088	274.29385	3335.3867	2325.669	2526.9836	100.47708	2652.6309	2395.639	-43.741997	0.65213114	-42.93195	-45.287533	-140.53511	12.743317	-124.73772	-159.5423	2386.4487	95.12326	2517.7986	2270.9011	3024.0667	274.43954	3292.2358	2282.0222	1000.0	1000.0	691999	244.09972	200.90182	255.84659	-160.76189	244.09991	200.89926	257.06036	-127.459404	-3.5788503	5.4159937	66.08104	-14.271773	-34.658478	33.593395	23424.87721967697
174	3109.4119	379.7099	3404.444	2054.0217	2488.94	129.89034	2611.7114	2294.6978	-73.96073	0.5009477	-72.827545	-74.77139	-160.48962	63.099422	-75.13676	-231.23352	2328.4504	108.23264	2485.927	2219.561	3035.451	379.70627	3330.2837	1979.9767	1000.0	1000.0	695999	244.87614	201.66599	258.42404	-119.24572	244.87633	201.66347	258.94394	-119.68469	-3.4613748	5.399547	79.49663	-14.766261	-34.954453	33.701916	23557.517819404602
175	1979.1028	930.167	3191.5916	893.1799	1662.851	859.1744	2443.4622	337.06747	-33.861557	0.7503027	-32.518974	-35.07317	-138.94388	86.96457	-44.073112	-260.01813	1523.9071	908.61786	2332.9626	77.04938	1945.2412	930.2414	3157.8853	859.1275	1000.0	1000.0	699999	245.7932	202.28688	255.15532	-121.4926	245.79306	202.28343	256.43515	-122.83012	-3.4262743	5.380253	81.96163	-16.044476	-35.7894	33.448586	23693.92389512062
176	3095.3018	179.52945	3329.1628	2646.5046	1039.6873	909.4402	2579.142	359.60898	-43.03843	0.787512	-41.85283	-44.26384	-286.74146	70.86759	-214.67303	-385.56207	752.9458	859.90314	2193.58	56.883774	3052.2634	179.93323	3286.297	2602.241	1000.0	1000.0	703999	245.38496	202.23744	256.12524	-119.55613	245.38026	202.23398	257.07532	-122.036644	-3.8651617	5.5293074	79.303345	-16.953829	-37.186417	33.119946	23826.961573839188
177	2670.5417	845.0301	3368.359	1226.9565	2268.8428	390.3288	2638.7217	1614.4934	-49.05746	0.8009782	-48.029877	-50.603016	-213.1437	88.9344	-134.52931	-358.69852	2055.699	352.7507	2427.186	1479.9641	2621.4849	845.4567	3319.4504	1178.4004	1000.0	1000.0	707999	245.88795	202.82362	261.4728	-113.11892	245.8876	202.82167	259.2403	-112.4347	-3.8413637	5.555608	63.069847	-15.077316	-37.414185	32.955303	23957.305259227753
178	3327.841	56.594536	3417.584	3235.885	2205.1855	536.1316	2549.6199	1277.3348	-39.320477	0.6864298	-38.021072	-40.40153	-231.87039	49.82782	-158.46992	-295.77097	1973.3152	549.6078	2341.5085	1026.3059	3288.5208	56.517815	3379.563	3196.8938	1000.0	1000.0	711999	246.11868	203.00366	257.49777	-133.679	246.1162	203.00017	256.51315	-116.07195	-3.7654593	5.433817	77.00047	-14.69447	-37.984306	32.926502	24105.17761707306
179	3014.7407	753.7675	3420.634	772.626	2000.8047	995.9024	2678.3435	280.899	-47.782463	0.39552715	-47.11968	-48.689533	-275.11234	90.021255	-182.14867	-381.40344	1725.6923	944.49146	2390.9204	98.75033	2966.9585	753.8628	3373.5144	724.62756	1000.0	1000.0	715999	245.77197	202.7715	255.4134	-127.030075	245.77216	202.76953	256.48965	-125.729095	-3.7344897	5.422213	98.79755	-15.042451	-37.58424	34.292053	24261.251625061035
180	3056.5764	358.0927	3270.736	2032.9799	2389.9407	227.0321	2626.989	2023.1825	-63.052483	0.64270127	-62.204826	-64.62534	-238.75502	38.767673	-184.84808	-294.29135	2151.1855	237.54778	2442.1409	1782.0671	2993.524	358.12912	3207.5579	1969.8794	1000.0	1000.0	719999	246.17545	203.08421	256.96246	-147.47911	246.17604	203.08086	255.87663	-140.73842	-3.6671479	5.3948884	78.63681	-14.51717	-37.409935	34.56818	24418.74623155594
181	3138.9312	77.31483	3239.258	3009.8494	1925.2837	703.3503	2343.2754	707.115	-51.903618	0.6167574	-51.124687	-53.210133	-176.22496	42.43847	-129.66754	-245.20485	1749.0586	696.1899	2198.2732	545.7682	3087.0278	77.447525	3186.746	2956.6394	1000.0	1000.0	723999	246.50008	203.33136	259.74878	-149.73196	246.49936	203.32779	256.05872	-148.32065	-3.477942	5.392703	85.820465	-14.420888	-37.902275	34.56212	24573.55870294571
182	2672.8562	1151.209	3345.4324	-242.19098	2530.3875	22.492712	2555.119	2507.5874	-60.53423	0.6114738	-59.31723	-61.509033	-217.1366	19.315191	-186.22585	-237.89308	2313.251	40.16024	2368.893	2269.6943	2612.322	1150.9768	3283.9233	-302.76514	1000.0	1000.0	727999	246.97188	203.56207	261.44678	-168.6274	246.96886	203.55867	260.76624	-170.91776	-3.6739047	5.445481	113.45031	-16.661957	-37.33604	33.855724	24741.50669646263
183	2448.521	781.86035	3146.1978	1030.203	1805.5438	732.15924	2471.273	594.5369	-60.0948	0.8837597	-58.528187	-61.71762	-185.60048	51.138275	-143.96901	-269.35953	1619.9434	697.9405	2201.9136	450.56793	2388.4263	782.0354	3085.7754	970.2073	1000.0	1000.0	731999	247.34296	203.93942	257.65805	-170.35518	247.33945	203.938	257.944	-176.16327	-3.6609635	5.489068	88.41395	-15.811373	-35.269524	34.8236	24907.055998563766
184	3164.1946	374.4041	3454.5493	2072.949	1980.9929	853.232	2534.869	507.09048	-52.997242	0.9633077	-51.26993	-54.928123	-122.186035	48.043907	-51.19278	-186.23288	1858.8071	856.3411	2483.676	387.20624	3111.1973	374.28055	3401.679	2020.7676	1000.0	1000.0	735999	248.25436	204.55197	258.96457	-164.62685	248.25208	204.55116	258.15656	-161.6493	-3.48319	5.4210167	79.54616	-13.414678	-34.67599	34.22979	25071.990905046463
185	3213.1106	105.53278	3369.8281	3074.1125	2522.1804	134.21529	2654.539	2318.6426	-50.186886	0.75170755	-48.744183	-51.246803	-210.60893	82.21482	-119.49198	-314.25247	2311.5713	172.25256	2535.047	2051.3909	3162.9233	105.76863	3319.8003	3024.991	1000.0	1000.0	739999	248.90506	204.93512	257.0688	-168.25552	248.89851	204.93391	258.01334	-167.40092	-3.9070523	5.5147514	77.48378	-14.518082	-35.701138	33.358044	25236.99112057686
186	2646.075	967.19086	3430.9595	1060.5413	2099.8687	665.4267	2604.3123	954.7796	-47.245827	0.5765049	-45.942974	-47.920902	-178.92844	64.050224	-74.05723	-239.96452	1920.9402	686.95795	2364.3477	734.8864	2598.829	966.8895	3384.0862	1013.2869	1000.0	1000.0	743999	249.84024	205.41258	259.16324	-168.21408	249.83768	205.41063	257.0186	-169.50691	-3.7394667	5.373039	74.36013	-16.462515	-37.47366	33.40018	25398.813722848892
187	3330.1672	101.06115	3476.442	3148.7595	2161.968	675.3581	2649.8884	997.6733	-43.887566	0.6459447	-43.254845	-45.658894	-116.19091	19.756649	-87.835594	-141.2158	2045.7771	671.2171	2508.6726	887.73816	3286.2798	101.08173	3432.68	3105.0098	1000.0	1000.0	747999	250.132	205.54405	258.73947	-178.54506	250.13396	205.54292	258.97098	-172.61955	-3.58662	5.404775	80.65523	-15.181633	-38.564526	35.05582	25556.129333734512
188	3040.2947	892.6493	3573.1836	994.26855	2405.0408	187.5419	2591.538	2119.0735	-75.99288	0.77965546	-74.99165	-77.70699	-195.90877	101.75412	-60.85121	-340.34167	2209.132	176.44519	2434.0085	2016.5001	2964.3018	892.96643	3496.72	916.5616	1000.0	1000.0	751999	250.3304	205.64217	258.12234	-180.21738	250.32532	205.63882	257.46786	-176.03581	-3.7673175	5.4397464	66.04147	-14.952492	-40.625782	35.635098	25719.8871011734
189	2908.8228	610.50006	3298.4768	1313.5635	2331.5117	291.57025	2671.9546	1898.4015	-57.867455	1.1357155	-56.07576	-60.19389	-198.35551	30.786926	-154.19194	-238.54382	2133.156	309.09564	2482.0498	1687.6201	2850.955	610.3931	3240.6396	1256.3975	1000.0	1000.0	755999	250.67052	205.75081	256.72073	-180.12875	250.67088	205.75099	256.10876	-168.98166	-3.694342	5.4460087	71.960434	-13.906088	-40.664497	34.816788	25861.60691332817
190	2391.2983	991.71594	3484.1555	897.3736	2081.0825	843.9344	2701.8132	628.589	-64.68945	0.7873409	-63.313385	-65.641174	-171.92487	39.692944	-129.30455	-227.7263	1909.1577	822.24664	2561.8262	499.28445	2326.609	991.7639	3420.0195	833.4231	1000.0	1000.0	759999	251.07054	205.90173	259.72906	-163.67863	251.06842	205.89883	257.8046	-168.54654	-3.6356885	5.428158	104.56883	-17.297634	-40.57134	35.685844	25992.88164830208
191	2619.596	865.0975	3347.8389	988.2334	1522.6445	1118.1604	2657.7327	374.2958	-51.10365	0.82848895	-49.770477	-52.573196	-126.33818	46.373466	-53.086	-174.50523	1396.3064	1157.0729	2570.244	218.07416	2568.4922	864.4743	3297.0774	938.071	1000.0	1000.0	763999	252.02905	206.7244	260.54343	-172.10028	252.02446	206.72148	259.79022	-164.21979	-3.4460998	5.413984	120.148224	-15.099903	-41.024788	34.86496	26124.036494016647
192	2869.59	617.2817	3443.061	1645.6641	2077.6763	882.5241	2668.055	552.1176	-41.290386	0.79635596	-40.333797	-42.68392	-177.46729	54.079082	-107.66897	-250.24146	1900.2087	865.3174	2464.454	403.7596	2828.2998	617.2598	3401.564	1605.3302	1000.0	1000.0	767999	251.76208	206.7286	261.62643	-169.19641	251.76416	206.72678	260.18655	-169.21744	-3.6403375	5.522237	135.9009	-16.208033	-39.28093	35.93957	26253.64541530609
193	3087.5364	173.19356	3299.866	2652.5798	1674.8472	852.74066	2544.0671	278.9217	-31.34203	0.5749756	-30.282503	-32.111732	-243.25168	21.195469	-222.03473	-272.6623	1431.5953	864.2949	2319.8835	24.795527	3056.1946	173.00237	3268.6074	2621.7217	1000.0	1000.0	771999	251.8162	206.81107	258.72522	-205.941	251.81488	206.80893	258.70126	-163.78998	-3.762822	5.5031557	79.719795	-15.339041	-39.460426	35.789562	26388.714406490326
194	3053.8345	643.2018	3389.0127	1155.877	1914.2222	698.78076	2595.3975	962.3942	-55.147175	0.79235536	-53.847355	-56.245758	-190.05023	54.336857	-96.55398	-230.9663	1724.1719	689.2248	2381.503	731.4279	2998.687	643.5177	3333.6846	1099.6312	1000.0	1000.0	775999	251.9132	206.8836	260.4589	-162.52962	251.9153	206.8812	259.67563	-165.8171	-3.7312853	5.496676	100.56944	-14.279337	-39.94579	33.711987	26552.31281709671
195	2110.851	1072.8953	3411.197	71.03558	2642.5825	102.0707	2805.107	2541.5337	-63.401375	0.88924855	-61.806602	-64.852295	-164.74004	37.065308	-104.25774	-203.56734	2477.8423	78.66553	2601.5396	2389.6343	2047.45	1072.6688	3347.7393	7.8210855	1000.0	1000.0	779999	252.87704	207.65317	260.83743	-178.27322	252.87434	207.65086	260.204	-168.29057	-3.5556202	5.481679	79.1165	-15.872653	-41.50936	34.458458	26718.56493115425
196	3005.4312	715.9185	3370.6418	871.7034	1569.4666	1007.1349	2682.1987	524.53534	-64.08418	0.86642414	-62.010925	-64.98031	-161.10832	41.168957	-91.81843	-193.58264	1408.3582	1036.394	2513.7769	330.9527	2941.347	716.26294	3306.6467	806.72314	1000.0	1000.0	783999	253.55922	208.24216	263.1441	-182.3262	253.55882	208.24004	260.8341	-183.36552	-3.4917638	5.5158515	113.387085	-14.292202	-42.28091	35.05089	26885.442252397537
197	3219.988	292.7334	3448.5503	2379.316	1994.6577	726.9277	2892.875	1198.6805	-47.49723	0.7330957	-46.53588	-48.81441	-118.87525	54.02462	-63.589603	-186.52998	1875.7825	728.16754	2829.2854	1130.5121	3172.4907	292.96738	3400.802	2331.3428	1000.0	1000.0	787999	254.23962	208.7247	260.2084	-166.2109	254.23756	208.72287	259.23303	-168.81125	-3.4540882	5.4140577	133.18457	-14.944956	-45.0799	34.58147	27050.123824834824
198	3334.522	138.508	3509.6538	3072.0984	1616.3275	829.25806	2410.6929	235.6122	-56.40437	1.0451823	-54.707058	-57.841255	-159.99629	77.39292	-65.76263	-236.72986	1456.3313	860.573	2173.9631	-0.35584334	3278.1177	138.43468	3454.499	3015.706	1000.0	1000.0	791999	254.55292	209.05898	263.2356	-170.98686	254.54791	209.05495	263.56265	-164.91718	-3.608458	5.4761877	111.97485	-14.012746	-47.16585	34.483128	27213.907344818115
199	2882.9702	633.261	3391.7302	1328.1493	1753.0378	822.8193	2567.877	694.66534	-57.856506	0.7405315	-56.878338	-59.690155	-143.30609	30.359295	-94.282295	-177.41544	1609.7317	808.444	2394.8462	541.81085	2825.1138	633.2711	3333.8096	1270.4475	1000.0	1000.0	795999	255.6821	210.02756	261.55737	-171.95807	255.6813	210.02605	262.54745	-168.12175	-3.4781218	5.3966217	78.948364	-16.845871	-48.444187	34.62174	27374.54073381424
200	3396.0984	78.584724	3549.1123	3311.1353	2442.5657	383.40753	2819.8672	1812.2406	-53.93589	0.6579393	-52.60674	-54.681213	-161.81914	54.69724	-100.01499	-249.01932	2280.7466	426.05368	2660.233	1563.2212	3342.1616	78.81227	3494.6199	3256.7852	1000.0	1000.0	799999	255.80554	210.20769	263.59613	-182.63371	255.80045	210.20589	263.60297	-180.05722	-3.5126247	5.5078664	67.73067	-13.588186	-47.565155	37.146645	27535.541917800903
