Epoch	AverageTestEnv0Ret	StdTestEnv0Ret	MaxTestEnv0Ret	MinTestEnv0Ret	AverageEnv0Ret	StdEnv0Ret	MaxEnv0Ret	MinEnv0Ret	AverageTestEnv1Ret	StdTestEnv1Ret	MaxTestEnv1Ret	MinTestEnv1Ret	AverageEnv1Ret	StdEnv1Ret	MaxEnv1Ret	MinEnv1Ret	AverageEpRet	StdEpRet	MaxEpRet	MinEpRet	AverageTestEpRet	StdTestEpRet	MaxTestEpRet	MinTestEpRet	EpLen	TestEpLen	TotalEnvInteracts	AverageQ1Vals	StdQ1Vals	MaxQ1Vals	MinQ1Vals	AverageQ2Vals	StdQ2Vals	MaxQ2Vals	MinQ2Vals	AverageLogPi	StdLogPi	MaxLogPi	MinLogPi	LossPi	LossQ	Time
1	337.05237	9.2616825	358.50812	327.1359	-326.87054	41.96821	-259.3869	-370.47607	-118.95337	1.6833985	-116.52806	-122.6832	-385.68152	35.417755	-345.41864	-430.98157	-712.552	70.97402	-616.74493	-782.1353	218.09897	9.981795	239.96715	204.4527	1000.0	1000.0	3999	8.840591	5.753258	37.301456	-5.527383	8.839366	5.7567763	38.220684	-4.7484837	-7.622565	2.2881496	10.574884	-18.553638	53.838898	1.2360874	242.67794966697693
2	-726.1998	28.182331	-678.02673	-766.824	-336.01553	45.03106	-292.74408	-401.66772	-479.33832	47.237923	-412.1782	-560.31445	-221.20715	81.27648	-91.99737	-307.29764	-557.22266	65.56716	-493.6651	-661.0892	-1205.5382	27.830818	-1168.4702	-1264.4319	1000.0	1000.0	7999	36.666615	14.186487	93.37731	-0.89442307	36.665985	14.188895	93.91387	-0.77759993	-1.0883795	5.089499	26.418697	-19.704199	196.87943	5.757676	542.4808204174042
3	-550.64215	55.987526	-471.05496	-645.0247	-644.02795	368.43265	-275.69156	-1054.3049	-323.25763	64.03491	-173.10675	-408.3283	-289.2182	76.023315	-161.07065	-359.21127	-933.2461	417.46466	-436.7622	-1365.307	-873.8996	99.0026	-651.4991	-1013.36566	1000.0	1000.0	11999	94.13161	20.067076	163.35782	39.674526	94.13125	20.068466	165.27788	39.312653	5.0614433	5.765575	43.321526	-20.85456	486.79446	15.687498	892.620180606842
4	-308.8374	90.237366	-163.13635	-461.92477	-865.7224	37.337425	-801.6295	-894.8081	-318.46002	96.62777	-166.14456	-476.83148	-251.63268	115.17317	-88.31657	-395.21716	-1117.3551	123.99924	-983.1247	-1276.2412	-627.2974	84.631874	-521.6504	-782.34485	1000.0	1000.0	15999	141.9587	15.809569	220.16685	88.49578	141.9585	15.822876	220.9033	87.726425	3.712237	5.528735	41.561924	-18.25039	716.82336	21.81839	1280.2314608097076
5	-610.7319	63.766582	-478.41803	-711.70844	-911.0933	64.361275	-846.5185	-1011.6325	-330.12903	83.3305	-198.78413	-448.81512	-249.28983	85.24614	-124.85035	-353.5347	-1160.3832	24.293348	-1136.4829	-1200.0532	-940.86084	93.066795	-794.31946	-1089.3441	1000.0	1000.0	19999	186.08514	19.590672	275.89688	126.710365	186.0841	19.601326	279.94946	127.77695	6.5263085	6.0838423	53.99097	-19.6461	940.78174	30.259426	1637.0941636562347
6	-314.4759	42.48759	-212.45361	-368.4964	-979.1725	65.6258	-906.801	-1085.2783	-33.34962	106.26988	149.46541	-296.89545	-275.81668	23.931725	-248.94087	-313.5441	-1254.9891	46.05249	-1220.3451	-1334.2191	-347.8255	120.67108	-186.8062	-629.534	1000.0	1000.0	23999	251.30034	20.205055	332.83267	182.87634	251.30168	20.202768	332.8999	180.93707	8.431603	5.785639	43.54442	-17.273394	1272.6981	42.207195	1997.3536911010742
7	-391.82898	109.03033	-220.10641	-546.20386	-915.9176	63.68605	-863.2309	-1024.619	-185.58586	84.12396	-40.853058	-268.90143	-198.14362	77.34336	-139.12894	-331.08676	-1114.0612	83.03473	-1028.8069	-1224.6067	-577.41486	171.13054	-275.15405	-776.55975	1000.0	1000.0	27999	288.77853	14.045412	355.49612	227.79782	288.77917	14.0450535	360.20963	231.51938	5.415682	5.4334097	41.79003	-16.827	1446.2443	33.95192	2370.4674575328827
8	-79.25288	24.570036	-30.826674	-123.035736	-740.5405	24.84597	-699.27295	-765.2104	-119.344376	59.13614	-43.88703	-264.88232	-317.8347	42.971684	-262.16678	-382.72244	-1058.3752	47.04622	-1014.1629	-1128.4052	-198.59724	74.15531	-124.951706	-387.91806	1000.0	1000.0	31999	295.24536	13.626935	357.85147	246.48874	295.24536	13.632695	357.38617	246.73053	2.3771257	5.078801	46.724903	-18.75996	1466.3193	25.130184	2747.4136028289795
9	25.068121	44.978592	123.908356	-37.93806	-654.37604	79.24291	-548.3318	-752.5227	-29.14952	33.176037	19.96284	-94.07034	-341.13846	51.374413	-273.304	-394.23984	-995.5145	115.61019	-821.6358	-1146.7626	-4.081399	54.579712	113.60532	-82.56233	1000.0	1000.0	35999	283.76865	15.27443	348.89886	232.40564	283.76855	15.277102	348.34695	233.95932	-0.8746149	4.5302944	36.207138	-19.21408	1396.4788	18.320047	3095.094976425171
10	559.4065	60.594196	680.5956	488.05887	-464.5949	60.69883	-380.7245	-548.8335	-15.950213	46.807953	74.61393	-66.96558	-339.57874	31.591902	-314.70917	-393.32602	-804.17365	57.863396	-711.69385	-863.54266	543.4563	95.00653	723.1294	430.7271	1000.0	1000.0	39999	260.26736	16.577766	320.25317	208.23457	260.26727	16.581589	320.64578	207.57544	-4.095348	3.6452827	24.880436	-20.630753	1274.5085	13.648297	3407.3025801181793
11	795.2785	50.15376	856.73114	687.72284	-298.25595	106.61392	-162.5138	-419.50552	203.05379	81.85449	270.84296	-17.87139	-210.40567	53.20163	-140.54567	-287.80728	-508.66162	151.88522	-354.6265	-707.3128	998.3322	125.49906	1110.0707	669.85144	1000.0	1000.0	43999	233.7161	16.754732	300.5458	184.46548	233.7158	16.759817	299.47168	184.6802	-5.795105	2.9650211	15.620438	-18.556295	1142.172	11.611368	3721.036392688751
12	735.3823	40.856773	799.91693	643.3832	-199.56154	26.093746	-164.14067	-235.78238	154.60727	75.35976	254.76033	-42.19188	-283.2527	84.47659	-165.61238	-382.05133	-482.81427	106.085365	-329.75305	-617.83374	889.98956	83.62073	971.43567	686.0748	1000.0	1000.0	47999	210.59969	16.850613	276.79636	164.1621	210.59978	16.85587	278.06235	164.39577	-6.058536	2.9086626	13.84251	-18.503042	1033.2295	11.797721	4035.813318014145
13	791.2451	46.72392	852.20593	713.0103	-142.88925	27.329868	-106.71803	-180.65103	-96.01717	89.749405	54.329346	-213.20802	-268.38437	11.27665	-250.35057	-281.2775	-411.27362	24.800507	-387.9955	-453.01773	695.22797	59.21873	815.2089	614.9067	1000.0	1000.0	51999	195.87727	18.010136	273.22073	144.19499	195.87704	18.01485	277.46823	147.21236	-5.1790657	3.330803	18.378355	-18.189758	962.7715	12.768278	4423.813193082809
14	763.1222	83.10052	862.37384	616.3367	-41.134888	69.86442	66.63273	-125.43792	48.3122	102.34854	257.59235	-70.23349	-211.03635	67.129684	-141.0854	-282.24887	-252.17125	41.559128	-210.20056	-310.50873	811.4343	64.98865	923.226	696.7544	1000.0	1000.0	55999	191.13948	23.430431	279.9119	129.59291	191.13985	23.434515	282.11646	131.0871	-3.8705816	3.862047	19.919477	-19.399326	943.48615	14.931061	4903.506644010544
15	708.32306	40.50069	765.83167	625.2263	-65.2229	46.811813	-14.988361	-140.14125	311.57758	71.08294	409.6128	184.90784	-167.15501	21.758198	-144.3285	-197.80426	-232.37793	56.878746	-159.31686	-317.57388	1019.9006	88.14437	1136.407	810.13416	1000.0	1000.0	59999	194.12238	32.54936	304.24704	119.504135	194.12273	32.5495	299.41754	120.8871	-3.097725	4.201981	24.381971	-18.527119	955.42834	17.654879	5327.860730886459
16	510.6084	60.87669	615.8505	424.32773	-51.257507	19.186773	-20.518324	-73.34765	84.89679	84.36664	146.19444	-150.49036	-203.68387	54.098103	-116.42175	-252.13615	-254.94138	71.8851	-136.94008	-318.69644	595.5051	119.03953	762.0449	273.83737	1000.0	1000.0	63999	202.30666	41.994644	307.86752	111.95339	202.3073	41.992588	309.71896	111.742714	-2.8008013	4.2903132	21.834995	-18.236973	992.9393	20.44325	5658.487489700317
17	525.29535	26.26992	591.9777	494.72034	-90.878365	47.18444	-19.744768	-139.54695	87.697495	68.629395	166.56554	-52.628063	-193.64877	59.12504	-97.36801	-255.31248	-284.52713	104.63284	-117.11278	-382.16733	612.99286	88.32951	758.5433	446.15784	1000.0	1000.0	67999	209.18056	50.05724	315.4276	103.86646	209.1806	50.054768	323.3776	102.87817	-2.9827304	4.23293	21.17368	-20.025473	1027.6655	21.586113	5997.689450740814
18	468.4428	23.887386	503.71997	429.8747	-124.40313	33.940323	-69.8995	-161.44975	-114.97014	64.67209	5.646519	-199.94154	-205.8305	43.42896	-166.38835	-279.24915	-330.23364	52.847187	-255.4924	-404.88712	353.47266	54.94008	462.4993	245.55159	1000.0	1000.0	71999	215.23148	56.87007	319.08997	97.11753	215.23215	56.867565	323.9063	97.496796	-2.8719666	4.331853	22.53689	-20.176174	1053.9062	23.371183	6345.585600614548
19	706.83374	19.50071	743.8025	680.535	-139.7214	40.78067	-70.7565	-176.37152	30.923603	40.494537	111.23125	-28.10638	-188.40364	64.48057	-79.931496	-244.74884	-328.12503	63.053547	-239.73077	-396.70715	737.75726	49.889812	839.0277	669.8288	1000.0	1000.0	75999	217.759	61.70876	321.35696	93.522285	217.75916	61.706776	325.2153	93.97411	-3.2394402	4.2786975	21.985918	-18.153065	1065.507	22.174883	6716.560441017151
20	713.58624	26.510427	752.1902	647.1555	-35.38051	56.70592	48.460266	-92.89399	-98.238075	13.372334	-78.476906	-119.566475	-213.06805	33.21804	-177.0665	-250.47855	-248.44855	88.66679	-128.60623	-343.37253	615.348	24.839643	642.7381	568.6786	1000.0	1000.0	79999	219.08804	62.46277	307.36258	91.3176	219.08778	62.462666	313.74783	90.59181	-3.5971887	4.123359	20.450756	-21.276606	1074.5376	20.341488	7114.717856645584
21	747.98645	23.206926	777.14075	705.5854	-76.71146	21.067245	-47.660217	-104.41187	44.18644	23.389315	75.15755	-14.715577	-223.32901	54.60536	-151.72424	-294.53534	-300.04047	72.65571	-220.08018	-398.9472	792.173	39.29157	840.98236	726.10504	1000.0	1000.0	83999	220.09308	61.780033	302.10297	88.51872	220.0934	61.77964	308.7571	89.176155	-3.7346613	4.0029607	22.145866	-19.983324	1072.5083	18.295914	7673.887230157852
22	682.7889	19.196169	705.36615	652.6616	-85.38214	28.53048	-46.341457	-116.86231	25.509754	28.87496	78.955666	-19.046373	-230.46506	28.663244	-184.42491	-262.0755	-315.8472	56.260815	-230.76637	-378.9378	708.29865	29.649355	749.88324	638.20013	1000.0	1000.0	87999	220.1514	60.262505	299.91708	87.06417	220.1508	60.262028	296.84586	86.21861	-3.9840844	3.8563423	24.530136	-19.460005	1075.0577	16.473019	8049.269591331482
23	623.75806	34.622517	664.0398	564.90576	-62.937294	23.39012	-29.553429	-94.736336	20.372194	45.45779	92.1527	-68.71246	-185.19661	73.1117	-127.53947	-310.45084	-248.1339	70.75853	-187.41805	-368.63647	644.13025	56.69543	709.015	556.48334	1000.0	1000.0	91999	219.46814	58.127705	291.5555	88.32394	219.46803	58.126835	294.14786	87.69652	-4.228706	3.6961923	41.899414	-19.271828	1066.6619	15.495904	8467.97359585762
24	588.25574	20.164059	627.9779	556.5347	-32.772495	21.444775	-0.115095176	-53.35467	-23.663338	11.76157	-6.927407	-47.138153	-179.19482	41.60902	-144.97726	-247.93384	-211.96732	37.407837	-176.77135	-274.98645	564.5924	16.74979	582.6173	526.0508	1000.0	1000.0	95999	217.83076	55.63399	289.10425	87.095055	217.83064	55.633274	291.4308	87.45643	-4.5122437	3.4936178	22.663511	-20.554798	1061.2766	14.688295	8936.123561143875
25	594.85834	37.56286	651.2425	528.9748	-54.608604	22.107788	-30.98008	-83.70626	-37.245274	21.348225	6.9058433	-74.99617	-177.58888	31.867382	-145.78159	-230.71878	-232.1975	24.819366	-202.0553	-261.69885	557.6131	49.857388	622.37164	470.0901	1000.0	1000.0	99999	214.4249	52.226387	281.2989	86.926254	214.42474	52.22602	283.65128	86.98709	-4.810037	3.35894	45.667072	-19.652994	1048.553	13.469578	9388.120739936829
26	767.23065	51.272747	861.90814	687.7373	-40.321712	32.759697	-4.190057	-88.08381	-131.81802	31.3389	-89.976006	-198.39711	-257.12646	21.811012	-225.4316	-287.03867	-297.44818	53.3711	-229.62164	-375.12247	635.41266	71.887726	729.2446	502.26266	1000.0	1000.0	103999	210.5446	48.72106	274.1992	86.00745	210.54436	48.720303	274.0685	85.11745	-5.01778	3.22225	29.219036	-18.856628	1028.4926	12.736445	9758.59533905983
27	754.95715	138.04706	973.88354	543.8676	-15.619967	116.7888	126.29073	-182.51865	-151.58328	25.845116	-108.92034	-191.89848	-179.5842	40.077698	-127.521324	-231.20673	-195.20418	105.62641	-76.41956	-310.03998	603.37384	140.3157	819.7744	377.5866	1000.0	1000.0	107999	206.80426	45.732292	264.47067	86.88753	206.80402	45.732006	265.00885	87.15732	-5.141751	3.121498	32.10033	-19.660976	1015.4045	11.944675	10151.835675239563
28	760.3701	25.02348	790.8268	707.30524	14.381903	28.434355	59.2553	-16.353903	-92.62258	21.18253	-60.218117	-121.91577	-209.55214	8.611582	-196.90323	-220.03587	-195.17023	23.531673	-154.87155	-213.25713	667.74744	35.31041	723.0089	611.1965	1000.0	1000.0	111999	204.14597	43.364902	261.11154	87.62007	204.1461	43.36398	258.14087	87.38663	-5.1708264	3.07018	27.890514	-19.10579	1001.5673	11.5819845	10612.215338945389
29	733.5284	22.106815	774.06384	702.60645	-25.184631	33.167213	19.880707	-62.01901	-88.47833	15.82959	-60.951157	-124.04185	-168.67058	28.100517	-122.81195	-198.0991	-193.85521	23.050634	-178.2184	-233.52888	645.0501	33.89023	706.38165	597.0845	1000.0	1000.0	115999	202.10178	41.26677	255.96098	89.31422	202.10165	41.26655	253.98616	87.78822	-5.2743917	2.9804854	20.675512	-21.029167	987.499	11.280978	11180.153161764145
30	697.8778	19.046669	738.7683	673.03375	-75.67286	54.196453	-0.43574673	-132.67946	1.0732539	12.929708	17.12139	-22.266657	-182.30203	27.506525	-136.75227	-205.80528	-257.9749	80.49977	-137.18803	-334.84296	698.95105	17.77455	732.9931	672.3584	1000.0	1000.0	119999	200.35786	39.301746	250.95992	87.80842	200.35773	39.301174	249.87561	87.49014	-5.1849985	3.027208	18.73427	-18.919445	978.8501	11.107822	11615.864508628845
31	755.0254	24.64169	796.8243	729.2423	-7.635618	53.962746	48.06857	-96.671616	16.444138	16.826778	48.02758	-3.810766	-168.59412	37.952335	-132.61453	-227.25752	-176.22972	89.07042	-89.58369	-323.92914	771.46954	38.400543	844.003	726.8478	1000.0	1000.0	123999	198.82893	37.685738	246.44513	88.71916	198.82864	37.685608	246.76843	89.301346	-5.291579	2.9679832	22.377577	-17.903582	969.767	10.799419	12012.087838888168
32	746.20013	36.781467	799.56665	695.95154	-19.043747	23.298119	2.1518986	-55.537983	58.47132	24.964165	100.32956	-3.3697517	-199.49048	35.834072	-173.70303	-261.2087	-218.53421	33.527046	-176.48537	-260.91766	804.6714	52.18146	873.1764	695.5594	1000.0	1000.0	127999	197.2252	36.301117	242.3406	89.503586	197.2252	36.299885	244.10236	88.68073	-5.33427	2.9445481	18.48124	-20.316256	966.92786	10.359429	12385.48211312294
33	685.15265	14.816029	706.8654	666.0521	-35.874886	16.729538	-16.491144	-62.62133	-43.709953	16.194338	-19.568699	-66.58778	-206.85844	48.780773	-155.2649	-285.86694	-242.73334	45.10868	-198.72815	-317.25323	641.4426	27.239922	672.66504	600.364	1000.0	1000.0	131999	196.47812	35.397118	244.46861	88.13386	196.47832	35.396214	243.01851	87.66579	-5.2478514	2.9955506	21.624447	-19.400013	960.5271	10.420055	12789.33636522293
34	754.8138	34.85095	807.82007	679.3618	-40.804253	64.38544	26.900986	-133.43106	-70.53314	21.630981	-40.616463	-105.38925	-159.56903	31.141323	-117.564354	-192.74265	-200.37329	92.072105	-106.48909	-319.4979	684.2806	48.17416	767.2036	608.24817	1000.0	1000.0	135999	196.34476	34.652794	240.986	87.9152	196.3446	34.65177	240.28896	87.67555	-5.155626	3.0315285	20.764858	-19.656967	953.9012	10.46079	13243.514280796051
35	726.371	47.354397	826.4922	646.5871	-34.209274	32.42785	17.690535	-71.754036	-14.978061	23.917925	16.948154	-47.02838	-118.82547	24.659512	-93.14598	-159.4402	-153.03474	8.352043	-141.74966	-164.90002	711.39294	32.92666	779.4638	654.141	1000.0	1000.0	139999	196.6667	34.125034	240.14215	88.952255	196.66628	34.12461	240.837	89.162346	-5.1895847	3.0015383	20.499079	-20.43039	952.4296	10.198634	13757.506323575974
36	678.2111	26.045128	718.9905	630.78326	30.938301	77.71956	161.59479	-41.52435	1.9510434	28.951986	41.868065	-60.665535	-130.45534	40.89365	-86.899796	-172.26747	-99.51703	57.75856	-8.734172	-161.87901	680.1622	43.14685	730.2441	572.7835	1000.0	1000.0	143999	196.80804	33.49602	241.77544	88.274284	196.80801	33.4953	243.07762	88.33478	-5.1941204	3.0163279	21.611187	-20.74248	951.7407	9.814662	14234.389115095139
37	735.7116	38.213333	769.7052	645.84705	4.8936043	33.591293	44.142033	-44.260475	205.30368	28.556244	238.6661	130.72964	-192.56367	15.291493	-169.45055	-209.75534	-187.67007	27.177813	-158.01625	-215.84435	941.01526	63.143944	999.67065	776.57666	1000.0	1000.0	147999	197.2236	33.12063	239.86946	88.92344	197.22334	33.120216	240.87878	86.31626	-5.049769	3.0908327	24.174484	-18.753328	955.9675	9.946729	14690.431283712387
38	831.3368	41.65615	872.1931	747.21533	33.209145	74.84239	107.95021	-56.70437	8.318151	30.182243	50.26061	-49.412243	-113.76063	21.655594	-92.21116	-147.9795	-80.55148	86.284744	7.9715347	-204.68387	839.65497	59.393177	918.77386	697.8031	1000.0	1000.0	151999	198.82028	33.007084	241.70209	86.44057	198.82011	33.006374	240.30455	85.185814	-4.980373	3.1149518	18.786312	-20.830647	955.9638	9.928021	15248.783005952835
39	777.8765	18.430922	811.4095	758.6205	-21.598682	44.248325	35.14501	-78.60399	39.71723	16.087797	57.057537	2.352087	-151.53697	39.678577	-86.93775	-194.92805	-173.13565	72.04842	-51.792736	-237.8449	817.5938	22.241762	868.0662	795.5019	1000.0	1000.0	155999	200.03886	32.99919	244.57474	87.29306	200.03877	32.998592	244.92421	85.04034	-5.099835	3.033833	21.2152	-19.273586	957.69476	9.777029	15777.367101430893
40	774.8638	13.527613	804.94183	752.9042	-9.765067	55.34094	30.258999	-104.61773	-44.232563	6.2190256	-33.351635	-53.57848	-233.04114	48.07074	-163.20305	-298.33408	-242.80621	70.88866	-136.93881	-333.1371	730.6312	15.3085575	762.1924	707.5007	1000.0	1000.0	159999	201.05685	32.70454	249.06786	87.4307	201.0569	32.70402	247.37212	86.18235	-5.0902505	3.047181	15.7970915	-18.79087	958.73615	9.647982	16286.253625869751
41	753.5093	16.587938	780.4454	730.463	36.615356	6.588172	43.437885	28.163128	-8.248232	31.33893	44.93401	-58.595436	-153.30421	30.911077	-117.59021	-198.15602	-116.688866	35.10253	-74.15232	-169.99289	745.261	38.56003	813.47266	671.86755	1000.0	1000.0	163999	202.83833	32.887894	251.3764	86.51748	202.8381	32.88669	250.10146	85.3888	-4.949347	3.0850992	18.782887	-19.328777	970.5589	9.889551	16870.92777442932
42	767.40955	17.665173	792.9605	738.13214	21.532745	30.510675	52.026386	-17.917912	41.643036	18.641039	79.51583	15.5835	-195.97981	45.16918	-121.622	-243.14471	-174.44705	66.54164	-71.143684	-241.60052	809.0526	31.861177	872.4764	755.01434	1000.0	1000.0	167999	204.78632	32.98461	251.60391	85.909676	204.78644	32.98406	253.56694	83.63515	-4.9088926	3.1120875	26.714478	-19.135582	975.3686	9.949609	17464.362419605255
43	744.4828	16.011742	768.36316	716.3147	-7.815117	73.26474	88.110916	-82.21241	63.927887	17.680449	90.27727	32.763714	-144.88098	56.708332	-62.42948	-222.25664	-152.6961	124.66263	25.681435	-297.85535	808.4107	20.570604	848.39685	770.089	1000.0	1000.0	171999	205.9245	33.26167	252.51534	85.231346	205.924	33.26115	251.8891	83.02343	-4.9408402	3.0375986	31.309711	-19.647213	979.07104	9.930431	17926.231377124786
44	729.349	21.051695	774.4666	699.21704	57.748867	42.00462	127.97333	18.089615	55.395424	18.41548	93.97455	37.88443	-184.21735	40.943302	-118.00556	-219.5496	-126.468475	51.992523	-54.41712	-181.01895	784.7445	21.746872	816.44635	748.1434	1000.0	1000.0	175999	206.99332	33.047775	252.64038	85.21645	206.9933	33.047375	253.53685	82.76004	-4.9432344	3.0483232	20.944397	-19.396349	985.34375	9.977812	18330.38767504692
45	751.9496	32.57159	804.5299	694.07947	1.1478629	32.0316	54.8546	-27.403141	84.31049	52.308674	151.48549	-16.42717	-216.89876	37.1886	-175.9375	-277.0146	-215.7509	59.20286	-147.1386	-304.41772	836.26013	76.36462	945.375	677.6523	1000.0	1000.0	179999	208.69098	32.969704	258.0548	84.985535	208.69066	32.969585	255.08113	77.8868	-4.7519317	3.1015472	18.799511	-19.63388	992.75775	10.134254	18872.962379455566
46	804.64764	21.010433	835.0615	779.87616	28.023663	51.67062	91.859604	-47.373356	82.18059	43.284073	148.54018	24.917871	-180.5258	35.919632	-119.18517	-209.33504	-152.50215	72.69495	-64.730995	-256.70837	886.82825	60.998253	970.40436	814.8242	1000.0	1000.0	183999	210.63016	33.278904	256.26764	86.191956	210.63016	33.27824	256.54288	83.81046	-4.799019	3.0663323	28.774588	-18.911747	1002.4281	10.013055	19406.357726097107
47	716.6571	14.83514	729.53735	676.2143	30.210371	26.317026	65.68193	-1.0902244	-184.41548	45.017124	-93.59654	-262.6194	-146.11075	36.49363	-113.09548	-202.01053	-115.90037	28.741468	-69.740486	-143.34671	532.24164	55.17921	630.7268	413.59494	1000.0	1000.0	187999	213.00133	33.46306	259.79163	81.22119	213.00137	33.461655	257.17703	80.19106	-4.5716176	3.211209	26.8764	-18.211786	1015.08	9.886989	19799.729909658432
48	701.5027	48.254322	801.6642	650.35846	-11.486757	28.77623	31.099947	-48.263073	-133.1447	41.722755	-39.394497	-200.03998	-171.35056	70.000046	-87.50455	-277.9636	-182.83733	86.61547	-93.85657	-326.22668	568.358	86.90125	762.2697	465.3564	1000.0	1000.0	191999	215.25114	33.414783	262.94104	84.43219	215.25089	33.41447	261.70862	82.45226	-4.630576	3.1367311	24.94128	-22.073982	1021.9892	9.604418	20229.835800409317
49	727.135	35.37027	771.2628	668.78015	-33.81552	36.74011	14.818629	-88.68301	1.9917991	43.926342	48.232704	-106.19161	-197.32678	70.42758	-125.75177	-290.69937	-231.1423	95.20788	-110.93314	-328.78217	729.1267	73.09332	812.5828	562.58856	1000.0	1000.0	195999	217.15782	33.79808	265.309	83.85072	217.1576	33.797413	262.73898	80.21818	-4.6085753	3.142221	26.34154	-22.275768	1036.2548	9.815679	20696.044911146164
50	607.03937	46.048378	687.89856	541.3539	-5.9582057	40.657833	46.887043	-64.95374	110.89278	28.156237	156.89229	58.781906	-167.6036	50.225548	-105.27096	-231.39519	-173.5618	15.5016165	-149.74104	-189.77332	717.9321	47.29834	812.1399	667.09906	1000.0	1000.0	199999	219.49352	34.148968	267.63422	80.756836	219.49356	34.14848	265.11752	80.81101	-4.50534	3.1728487	27.430286	-18.05333	1048.1893	9.8141775	21173.24306178093
51	661.7274	35.325417	713.60297	585.0894	-43.53591	27.850327	-24.825594	-91.50879	-47.97693	23.195332	-12.216987	-102.79122	-142.92912	24.38477	-118.30932	-180.83372	-186.46504	26.167547	-150.68404	-213.12515	613.75055	45.685963	680.3589	534.40564	1000.0	1000.0	203999	221.83492	34.368298	271.35767	80.21489	221.8348	34.367794	268.22943	77.54585	-4.488064	3.1716096	33.015053	-19.562326	1055.306	9.845125	21593.226887464523
52	778.25183	22.405495	820.8667	735.5789	20.663706	29.892708	70.120895	-10.219899	-6.8126516	43.371628	33.835426	-115.11545	-65.7333	23.805443	-29.272762	-88.75311	-45.069588	22.665087	-14.92616	-78.37522	771.43915	56.50271	821.2158	646.1136	1000.0	1000.0	207999	223.54951	34.522537	269.52557	77.31828	223.54944	34.52224	271.62296	78.45228	-4.461091	3.1537597	29.269348	-19.660429	1066.7128	9.903269	22001.158843278885
53	720.35175	27.686037	755.7583	667.8828	9.360063	39.034893	61.797684	-32.164165	1.8661817	42.81044	67.73613	-76.41026	-152.38013	29.179726	-105.57498	-182.00038	-143.02005	54.919415	-73.73083	-214.16455	722.218	60.200993	808.89874	639.11975	1000.0	1000.0	211999	225.15582	35.061764	272.19467	79.80836	225.1555	35.061367	272.60855	77.427505	-4.3656373	3.183268	28.22173	-18.424263	1073.923	9.989895	22391.81597661972
54	680.0536	54.414574	772.142	589.60724	-6.326212	61.17893	43.019794	-109.242714	-87.349045	46.97023	-37.950886	-200.8316	-130.84525	24.60145	-100.24182	-162.74509	-137.17146	69.41725	-78.51087	-254.70271	592.7045	91.0263	720.41785	388.7756	1000.0	1000.0	215999	227.6858	35.345886	277.00104	79.136215	227.68565	35.34569	276.28076	78.205475	-4.2712464	3.2409909	26.08395	-18.885105	1075.5797	10.41353	22782.69289803505
55	821.0132	17.127407	851.21423	796.38025	-5.816045	37.01767	43.62263	-60.65454	-102.26692	9.250377	-80.85827	-111.95534	-189.2583	39.70765	-132.49515	-243.7629	-195.07434	39.05537	-139.30063	-249.63661	718.7462	25.438486	770.35596	687.70337	1000.0	1000.0	219999	229.60466	35.669613	276.7215	74.56245	229.60446	35.669365	275.0615	73.28305	-4.3528614	3.1985502	28.608477	-21.127865	1080.438	9.873613	23247.24004673958
56	633.6116	38.82673	699.62006	583.87994	8.29088	38.68227	53.56063	-31.516233	-17.958553	24.78129	10.280823	-61.316963	-139.38148	54.658073	-84.56047	-225.98705	-131.0906	75.204445	-62.082504	-257.50327	615.65295	35.72298	677.8038	565.50104	1000.0	1000.0	223999	231.63837	35.859753	277.14148	72.79397	231.63815	35.859406	278.52826	74.80929	-4.1562977	3.2371602	35.339893	-19.071438	1088.1844	10.095355	23634.357119321823
57	769.00885	27.165588	817.68713	733.72076	25.250526	23.331999	58.397842	-4.1155934	-59.703613	31.110777	-14.952129	-130.46397	-110.68701	31.008038	-69.02549	-151.20375	-85.43649	46.470493	-10.6276455	-138.07286	709.30524	52.878155	791.6503	606.22394	1000.0	1000.0	227999	233.92969	36.421444	279.41705	71.87189	233.92969	36.421715	280.2351	73.98075	-4.0796943	3.2673478	24.66183	-21.725832	1105.8134	10.514385	24036.718161582947
58	604.9443	32.895782	650.9791	556.3075	86.43878	34.49038	121.76951	31.689503	-126.93522	28.330248	-76.44686	-162.68814	-133.18149	32.327366	-100.39502	-182.36765	-46.742706	32.668476	8.482168	-76.68599	478.0091	47.930405	567.10205	403.02017	1000.0	1000.0	231999	236.9391	36.917645	284.69824	68.41386	236.93878	36.917744	284.09366	70.04714	-4.0094695	3.3083894	27.141308	-19.313171	1111.237	10.516594	24457.00688624382
59	817.21155	16.570257	841.7209	789.6728	51.822067	34.988407	91.387344	5.7784386	-25.66842	19.008778	12.232413	-48.408054	-102.81537	68.69262	-38.22734	-218.34764	-50.993305	100.468544	53.160004	-212.5692	791.54315	25.171923	823.7271	744.52423	1000.0	1000.0	235999	239.34949	37.38656	284.80716	64.43604	239.3493	37.386272	284.61072	66.44202	-4.099606	3.2232666	28.359837	-19.535944	1120.2302	10.745393	24983.916105270386
60	665.43756	12.588426	685.2656	641.21686	10.144144	47.80228	61.35902	-66.88579	-94.58594	32.9948	-38.99995	-160.65071	-141.92487	39.311184	-94.099236	-201.99629	-131.78073	48.02661	-64.180664	-190.13501	570.8516	31.319172	626.4877	517.63275	1000.0	1000.0	239999	240.88277	37.22617	285.6406	64.35288	240.88266	37.225933	284.01514	67.18521	-4.149653	3.21283	38.366238	-19.45373	1127.6431	10.323522	25442.20979833603
61	822.52966	25.143057	864.9058	780.3136	41.37819	57.79294	115.936775	-40.26741	-131.41519	46.249687	-54.083897	-188.25288	-123.928154	49.24609	-80.65939	-201.21786	-82.549965	42.105812	-13.177833	-120.926796	691.11444	36.77236	760.0308	631.14246	1000.0	1000.0	243999	241.5971	37.190884	285.57108	67.80148	241.59714	37.18978	285.17624	65.280975	-4.128799	3.2584713	30.771545	-21.078873	1135.0581	10.299838	25974.61413693428
62	754.36237	18.355286	782.54205	717.33276	23.284294	29.909283	50.187668	-23.556824	-72.55397	43.801674	-6.1577387	-155.47757	-139.09137	49.16395	-67.28249	-202.45132	-115.80708	62.503036	-17.094824	-182.06616	681.80835	48.498707	766.52814	602.91815	1000.0	1000.0	247999	242.37326	36.991913	284.93784	64.32078	242.3731	36.99152	286.66125	68.42692	-4.1456223	3.2094042	33.87096	-19.628765	1140.768	10.258957	26552.312821388245
63	703.2166	19.981157	745.6292	675.4088	8.031021	25.316397	48.212116	-18.614075	-158.95456	52.71119	-71.40246	-213.39595	-174.47847	24.219835	-144.1699	-210.96162	-166.44745	36.713974	-129.41238	-218.28891	544.2621	66.73598	659.66705	486.2491	1000.0	1000.0	251999	243.69254	37.26469	288.41382	67.8583	243.69241	37.265408	287.07635	65.28984	-4.0907764	3.2603564	35.097603	-17.922577	1137.2086	10.300414	27092.953330039978
64	667.80615	29.55192	733.13934	605.322	14.629828	40.053818	65.96381	-35.60392	-101.49732	27.350216	-69.67881	-155.53456	-201.6963	46.138805	-140.71016	-270.42426	-187.06647	36.1909	-151.71053	-238.03088	566.3089	29.085209	608.50366	520.18365	1000.0	1000.0	255999	245.2079	37.315052	288.19196	66.962166	245.20772	37.315006	289.45502	70.026215	-4.020297	3.23373	40.41046	-18.54541	1147.9058	10.456167	27612.486020088196
65	644.9603	41.07166	719.9524	574.52716	-11.934413	35.548656	30.147526	-68.23771	-242.97879	22.769741	-198.70387	-271.93277	-158.32458	28.40193	-116.46859	-185.7969	-170.259	37.369164	-118.76711	-216.19592	401.98145	47.721775	476.05396	327.86584	1000.0	1000.0	259999	245.65956	37.233044	288.45358	64.494514	245.65971	37.232414	289.25632	70.91452	-4.1158457	3.1937442	30.243395	-19.94713	1140.509	10.151977	27997.217442274094
66	664.4001	75.98407	756.33716	513.8191	-29.40096	34.1512	-4.875814	-88.18652	-49.35868	29.019089	-7.6752725	-96.32005	-166.86049	34.51229	-127.55945	-222.08543	-196.26144	28.586258	-159.12456	-231.1078	615.04144	100.48545	748.6619	428.3815	1000.0	1000.0	263999	246.30328	37.043423	289.38754	63.31354	246.30331	37.042725	288.2932	67.48303	-4.1368856	3.1834953	39.451035	-19.678074	1131.0355	10.176912	28388.13935804367
67	537.7845	41.005077	606.1885	437.43808	24.280685	13.066331	35.409645	2.130715	-236.1125	44.730007	-127.41427	-292.00955	-104.73993	28.359955	-58.282566	-134.22357	-80.45924	32.762547	-30.454754	-115.86697	301.672	75.36508	438.51108	145.42851	1000.0	1000.0	267999	245.65639	36.75939	286.36493	58.066856	245.65611	36.75948	286.8498	63.028114	-4.2657747	3.1034968	34.163414	-20.106674	1133.5566	9.96643	28797.55151772499
68	792.1764	37.721558	846.0559	704.77106	-28.116667	23.223103	-0.07466091	-60.280125	-136.67938	38.890812	-58.436726	-195.05385	-195.86703	44.15313	-123.439316	-242.4857	-223.9837	40.8695	-162.29984	-273.84064	655.49695	26.02228	697.98	613.3692	1000.0	1000.0	271999	245.40356	36.41312	285.64478	60.86574	245.40337	36.413364	285.6101	60.427032	-4.2800922	3.11954	38.490265	-19.124664	1131.617	9.868194	29224.593120336533
69	822.5698	20.285925	873.4756	802.0769	-1.4302998	37.652325	37.151745	-41.00249	-114.909935	76.65207	78.29425	-182.06104	-245.66368	62.271286	-166.19606	-334.3197	-247.094	56.96165	-178.48503	-307.5047	707.65985	79.16419	905.2745	627.24677	1000.0	1000.0	275999	244.369	36.260853	284.1967	57.96208	244.3687	36.261307	285.32098	61.749462	-4.3591475	3.0659173	28.474089	-18.440552	1121.5697	9.447915	29617.551622390747
70	758.4767	42.724064	818.5006	683.2466	-23.761686	29.032799	7.23547	-66.402214	5.0318513	115.9332	142.15747	-226.78896	-245.57999	37.49939	-200.44128	-289.7795	-269.34167	47.528526	-193.20581	-323.91815	763.5085	123.05781	891.9445	456.45764	1000.0	1000.0	279999	244.0078	35.649197	283.15308	60.423588	244.008	35.648563	284.19485	64.16736	-4.480531	3.021461	31.503454	-18.54151	1123.0608	9.130715	30073.359911203384
71	682.175	20.452322	719.24146	642.4845	-29.797464	20.875395	-10.826982	-64.37862	-149.6433	43.561405	-54.4723	-191.82895	-235.12402	16.690283	-207.38882	-251.60255	-264.9215	34.720825	-218.2158	-315.98117	532.5318	56.30961	664.76917	473.61932	1000.0	1000.0	283999	243.15736	35.212402	281.94098	63.987625	243.15733	35.212086	281.9592	64.50437	-4.5429416	2.9835835	33.505665	-18.824959	1107.3739	8.975713	30572.36001753807
72	681.17737	25.779795	740.9147	635.74304	59.753246	16.559814	87.4243	46.200695	-136.26273	54.940857	-44.874306	-232.93669	-262.79004	37.24238	-205.93912	-310.4706	-203.03682	52.592976	-118.51482	-262.6697	544.91455	76.18095	687.97485	402.80634	1000.0	1000.0	287999	242.67867	34.95791	282.37717	60.284508	242.67844	34.957493	282.26947	63.156338	-4.359977	3.0670247	31.024275	-17.738136	1106.9923	9.262293	31132.793931245804
73	855.9169	11.712887	874.614	838.15845	36.068645	25.754797	75.652565	9.938765	-83.54414	43.46981	16.917698	-140.02103	-241.81207	33.38569	-188.12927	-278.8163	-205.74344	58.76228	-112.47671	-268.87756	772.3727	48.63272	883.8862	712.03345	1000.0	1000.0	291999	243.19495	34.340164	282.97925	59.289917	243.19492	34.33958	282.68314	65.95744	-4.4074326	2.99818	25.831146	-18.250843	1103.5734	9.123424	31656.94202017784
74	780.4279	23.002243	832.0553	745.34827	60.384594	34.578983	115.899155	23.680052	-142.05777	26.024618	-100.72238	-181.78731	-183.87917	14.516297	-163.206	-201.24161	-123.49457	45.74011	-47.306835	-169.22253	638.3702	33.93423	672.479	593.7172	1000.0	1000.0	295999	243.12132	34.511112	282.87418	60.698475	243.12114	34.51129	283.67545	61.732853	-4.476589	2.9574964	28.640911	-18.307697	1097.078	9.280139	32051.45977473259
75	846.4841	36.8908	914.5457	783.8219	51.328724	22.123169	71.144264	13.813853	-207.44145	15.665028	-184.12363	-231.80624	-177.9675	25.387266	-145.81288	-216.04416	-126.63878	44.803837	-84.89825	-202.23032	639.0426	43.29716	724.2766	572.8076	1000.0	1000.0	299999	243.21017	34.25122	282.3623	55.71812	243.2104	34.25127	281.6337	57.581833	-4.3457046	3.0242808	30.751343	-21.158825	1098.4711	9.055964	32440.164305448532
76	828.38464	12.163312	848.49524	812.7857	38.289047	48.98628	79.87464	-44.35667	-53.153667	37.25365	-0.7130553	-126.12515	-218.82703	59.008274	-133.11723	-290.80222	-180.538	101.21246	-53.242588	-335.1589	775.231	41.52114	847.78217	701.80255	1000.0	1000.0	303999	243.33887	34.19719	283.46674	64.35372	243.33862	34.19677	284.78293	63.18808	-4.4854355	2.9500492	25.541176	-19.35088	1097.9377	9.154795	32991.192603588104
77	861.91565	13.118129	883.1635	834.837	50.08529	15.328544	69.21582	31.429178	-163.62967	19.483635	-139.02516	-198.47693	-213.98401	42.929234	-158.68225	-259.9583	-163.89871	58.186226	-89.46643	-228.52913	698.28595	21.314127	732.1586	666.91693	1000.0	1000.0	307999	242.75713	33.836628	282.03506	57.391	242.75732	33.83507	281.95648	61.495262	-4.5331984	2.9397528	27.913635	-17.857327	1111.065	9.066231	33518.80592274666
78	748.75714	10.043323	760.8905	728.6887	26.449982	27.037851	48.018036	-19.445059	-112.43722	16.360037	-87.513336	-141.79524	-249.37592	42.191196	-186.83968	-304.59872	-222.92592	28.271107	-200.92847	-271.31183	636.31995	21.119823	673.3772	597.8706	1000.0	1000.0	311999	242.0081	33.622112	281.35153	61.92678	242.00781	33.621708	280.47366	63.582935	-4.5312495	2.9371269	35.473236	-21.57374	1092.2782	8.950528	33995.371336221695
79	860.80164	15.241348	889.2768	839.86346	46.689045	10.756185	64.14486	36.456684	-135.8003	25.597801	-102.46231	-192.7155	-220.89664	24.893261	-193.32562	-255.2751	-174.20758	27.042257	-146.55464	-218.81842	725.00134	25.074688	753.71295	667.31793	1000.0	1000.0	315999	241.82794	33.400368	279.39127	61.71085	241.82797	33.400135	279.98083	62.74279	-4.42021	2.9516711	36.234894	-20.804802	1099.5167	9.043926	34437.17579960823
80	797.41943	50.18646	866.3704	723.3591	10.54829	54.00277	69.131874	-77.17977	-33.130352	27.88165	-3.9462533	-88.221985	-177.11487	10.397467	-166.53806	-191.85101	-166.56657	52.132915	-99.02015	-243.71783	764.28906	74.09347	848.3368	635.1371	1000.0	1000.0	319999	241.49255	33.044548	278.7883	52.370964	241.49266	33.044273	279.5206	59.229908	-4.492227	2.9078717	43.35607	-18.514992	1096.847	8.919466	34846.67247509956
81	879.3506	11.29124	893.7979	859.1749	65.1454	37.325367	98.071236	4.7907085	-114.702576	17.185078	-89.903114	-147.10799	-239.01643	29.623392	-197.36436	-279.24606	-173.87105	44.503685	-133.83037	-243.76453	764.648	20.579351	792.62445	726.5422	1000.0	1000.0	323999	241.17336	32.906048	277.16946	65.006424	241.1734	32.905926	279.39688	62.80334	-4.501061	2.9164824	38.025482	-20.017664	1103.4081	8.802869	35319.65457487106
82	856.1283	11.803905	875.22375	835.7783	65.02084	30.389019	94.73486	18.089914	-47.15486	25.350618	-4.994737	-80.09539	-153.86845	43.43749	-93.347084	-212.68068	-88.84761	40.043453	-45.426456	-154.22247	808.9735	24.06232	846.5271	777.3902	1000.0	1000.0	327999	241.16396	32.60393	277.27563	61.980564	241.16396	32.60308	283.70474	64.39514	-4.578419	2.8928463	34.15874	-19.65954	1099.4755	8.849578	35812.21301102638
83	772.543	36.144867	828.75226	719.34283	83.333984	19.670807	115.53501	62.285297	-54.859985	28.172224	-4.9350257	-112.891914	-180.8389	43.607925	-112.75972	-223.5497	-97.50492	38.826626	-33.325314	-137.7623	717.683	48.85894	785.47754	626.9617	1000.0	1000.0	331999	240.72987	32.32294	277.75183	59.081112	240.72993	32.322308	279.86514	59.50681	-4.5200562	2.8923733	30.7305	-18.854273	1092.4719	8.842187	36300.49646997452
84	871.71844	18.360662	901.28217	843.74365	83.42218	29.965355	120.640045	38.038876	-82.10418	21.620327	-44.45772	-118.2159	-139.28246	40.4027	-83.24038	-193.75804	-55.86028	68.53425	37.399666	-155.71916	789.61426	37.38874	856.82446	725.5278	1000.0	1000.0	335999	240.86961	32.121574	277.549	64.7995	240.8696	32.12175	278.58627	59.9477	-4.455586	2.9033	30.556059	-19.753412	1091.3535	8.931515	36812.579120874405
85	860.6598	28.992357	920.7148	824.8665	95.38654	36.379467	149.91283	49.479362	-229.71321	13.568102	-204.20738	-247.68356	-197.98358	37.768494	-138.9785	-234.13582	-102.597046	17.005617	-84.222984	-127.061165	630.9466	32.963947	694.1886	577.183	1000.0	1000.0	339999	241.39519	32.099194	278.50055	57.081535	241.39507	32.09865	282.26718	60.781555	-4.401716	2.9475412	30.917772	-20.456085	1097.0237	8.904397	37294.01204395294
86	858.8078	18.863312	892.89984	834.4378	23.552097	60.99851	104.67527	-58.505215	-92.60368	54.28241	-10.540834	-168.1515	-209.48154	53.848515	-117.23413	-253.15799	-185.92944	32.02683	-148.48271	-236.78618	766.2041	52.75579	857.92676	699.707	1000.0	1000.0	343999	241.97401	32.164207	279.10315	57.006607	241.9741	32.163628	279.69168	59.28708	-4.318576	3.0020566	26.469608	-20.407848	1103.3168	9.035322	37698.153765916824
87	853.76526	29.462774	901.96497	820.0517	59.81233	19.91395	85.317764	29.459055	-339.6386	40.143486	-274.82376	-400.71704	-177.22745	19.49298	-157.7258	-207.22455	-117.41513	33.150658	-72.40804	-152.13025	514.1267	54.283787	588.57153	430.45364	1000.0	1000.0	347999	241.9685	32.083096	277.65652	51.434307	241.96838	32.083782	280.25275	55.044453	-4.4521027	2.9521859	29.940825	-19.33598	1101.9127	9.054554	38129.2939722538
88	687.53235	24.240803	718.1288	647.9507	97.393936	33.803104	130.60925	54.886433	-122.57884	32.141186	-80.1812	-184.8027	-205.12973	41.271	-168.41629	-273.80685	-107.735794	43.416107	-37.93965	-145.16833	564.9535	36.334305	614.8676	509.62573	1000.0	1000.0	351999	241.91202	31.876833	282.65622	62.433075	241.912	31.875929	280.3358	63.466362	-4.4143205	2.9613812	35.546993	-18.32742	1091.3242	8.904633	38584.50905418396
89	864.7743	32.30857	908.3759	797.0436	25.713047	28.644697	56.113884	-20.788715	-169.03294	19.695972	-122.50313	-199.20229	-188.80652	27.820908	-141.9961	-211.06406	-163.09346	47.535545	-85.88221	-214.52397	695.7414	43.473053	762.0509	597.84125	1000.0	1000.0	355999	242.1726	31.564034	280.49997	52.806396	242.17288	31.563673	284.1769	57.461452	-4.465453	2.917335	31.732216	-19.860754	1083.7933	8.764309	38972.69471812248
90	882.3618	27.652483	917.4245	817.1182	78.082306	23.702887	98.730896	39.61154	-47.46209	26.799765	-16.63717	-97.271706	-197.54391	3.6252527	-192.16795	-202.06532	-119.46161	24.894463	-93.437065	-159.5556	834.8996	38.58068	882.0942	767.60657	1000.0	1000.0	359999	241.9435	31.482008	277.97583	53.480965	241.94315	31.481237	279.3066	54.87701	-4.5657296	2.855491	31.005392	-19.378027	1070.67	8.80141	39402.263717889786
91	816.24225	26.334618	842.06213	763.9692	52.093834	11.933376	61.737404	32.09878	-150.80753	17.74861	-117.509995	-179.84462	-215.55692	31.216831	-166.26753	-248.64716	-163.46307	34.322456	-105.588806	-194.78674	665.4347	27.480354	724.5521	624.8276	1000.0	1000.0	363999	241.33125	31.227037	281.90366	60.09287	241.3317	31.226576	277.85342	59.50965	-4.5888953	2.8696344	31.450336	-17.378637	1055.845	8.434709	39795.210543870926
92	874.8934	27.294718	912.64166	823.5778	-3.8322897	62.514694	64.11769	-92.058266	-256.4147	25.685911	-224.74011	-311.2294	-276.92285	31.518879	-223.17046	-303.34048	-280.75513	39.915348	-239.2228	-325.72522	618.47864	31.20038	663.39655	568.6359	1000.0	1000.0	367999	241.07294	31.12297	276.6928	60.063576	241.07286	31.121878	277.34247	59.44522	-4.555461	2.8519523	31.26701	-19.819387	1056.8625	8.40757	40184.44756603241
93	789.3854	24.816916	828.1644	754.2821	43.78564	39.373013	84.44401	-20.923046	-139.85948	32.217068	-81.02263	-181.07744	-175.69135	28.21305	-136.29874	-215.05568	-131.9057	62.151764	-74.51254	-235.97873	649.5259	32.822144	714.45667	600.11334	1000.0	1000.0	371999	240.90666	30.969835	276.7751	60.185364	240.9066	30.970282	281.017	56.48242	-4.5436015	2.8455055	26.108303	-18.815422	1057.0006	8.70735	40587.98107290268
94	596.14825	56.427986	678.66425	505.81204	64.1163	22.75018	83.1279	25.826612	-252.472	51.29149	-186.22972	-360.49518	-180.88678	41.54266	-118.00337	-227.40092	-116.77047	27.637892	-91.93545	-158.98032	343.6762	105.2757	492.4345	162.30553	1000.0	1000.0	375999	241.05756	30.87616	277.1195	55.803265	241.05756	30.875786	277.08356	54.307564	-4.5208173	2.8550932	37.30803	-18.82925	1044.6372	8.665531	40995.16341257095
95	815.4811	15.7681	839.42633	788.99817	44.945377	37.995747	82.10852	-18.396717	-97.261734	12.066472	-79.080635	-124.2845	-212.04399	31.885357	-172.28523	-245.01077	-167.09862	64.40267	-107.10103	-263.4075	718.21936	17.328947	739.4967	692.97675	1000.0	1000.0	379999	242.04797	30.818235	278.28522	61.707985	242.04794	30.817959	280.98914	54.64135	-4.329083	2.9463346	31.194225	-18.801008	1043.32	8.578809	41382.38071894646
96	873.1249	17.739466	901.52374	843.83563	101.885864	79.283104	178.48221	-5.2645526	48.539986	26.97592	96.11657	0.85674	-152.62325	36.7457	-113.21518	-207.3302	-50.73738	101.245415	51.931953	-212.59476	921.66486	41.26766	981.5656	851.3793	1000.0	1000.0	383999	243.4228	31.090866	278.8821	57.048553	243.42297	31.090332	281.08752	58.582256	-4.3103495	2.922425	33.003864	-18.52554	1042.5873	8.693445	41857.22890782356
97	923.9464	18.401876	954.31226	890.4573	88.97573	35.522793	126.428986	33.764305	-100.35898	14.310369	-76.042145	-121.85137	-142.28961	26.265495	-113.155235	-181.07957	-53.313877	32.479008	2.3727052	-79.39093	823.5875	26.28193	876.5781	779.85	1000.0	1000.0	387999	243.90428	31.156696	280.3594	58.378574	243.9042	31.156118	280.79065	59.00702	-4.4771028	2.8625102	32.416126	-19.908253	1041.7041	8.747437	42322.14210367203
98	912.6971	32.505493	959.139	866.6116	90.459656	35.79344	137.64449	37.098576	-143.16843	22.70393	-109.7815	-186.87094	-174.14062	25.575998	-134.91467	-198.96857	-83.68096	51.50739	-30.320267	-161.87	769.52875	51.01877	835.63806	698.06793	1000.0	1000.0	391999	243.5988	30.753593	278.81485	59.80532	243.5987	30.753937	280.42905	61.607456	-4.5546174	2.8571234	28.909283	-19.43597	1028.6158	8.615724	42744.54173159599
99	903.2542	17.956207	934.7471	872.2921	90.247314	38.27749	150.32742	44.301598	-61.77746	28.753275	-17.708895	-109.48597	-178.14981	37.838757	-134.79707	-224.36072	-87.902504	65.312744	2.8307488	-161.64322	841.47675	41.350903	917.0382	789.9329	1000.0	1000.0	395999	243.11676	30.734306	277.85385	59.92561	243.11682	30.733765	279.28098	60.135864	-4.6180005	2.820811	37.60664	-18.148102	1011.09937	8.466578	43165.94479036331
100	909.7956	14.856396	925.8917	879.312	117.95566	17.072086	144.7703	102.50865	-34.29801	13.49186	-13.617527	-53.877666	-174.23865	34.54293	-143.63138	-228.20718	-56.282993	40.510284	-23.777605	-125.69853	875.49756	20.671467	908.90924	841.1494	1000.0	1000.0	399999	242.85632	30.303556	277.23093	62.837452	242.85634	30.303627	279.4248	60.926994	-4.5344243	2.8419933	25.600903	-18.41154	1008.8491	8.223912	43597.636811733246
101	888.1027	32.873505	929.47217	840.0401	107.50941	45.486343	158.03525	34.150864	-38.66607	14.852447	-4.472633	-54.95921	-109.7848	42.40494	-53.93336	-165.80917	-2.2753959	16.329473	24.479383	-19.7825	849.43665	29.424623	899.2201	798.3335	1000.0	1000.0	403999	243.12146	30.288197	279.46628	62.05461	243.12146	30.288437	280.43643	61.959927	-4.4117227	2.8818123	28.030622	-23.94297	1006.0683	8.660193	44230.58481621742
102	841.9779	13.475697	861.7062	816.62524	144.56418	43.974796	199.89047	80.388565	-56.345436	22.965721	-18.054981	-93.58923	-128.56996	62.927197	-33.21019	-205.70323	15.994204	103.34905	166.68028	-125.31466	785.6325	33.431286	828.0488	723.036	1000.0	1000.0	407999	243.6493	30.642603	284.35876	64.227615	243.64926	30.642443	282.47617	62.24236	-4.4258814	2.861852	41.16432	-18.694529	1014.6602	8.783661	44869.4818239212
103	909.7347	9.592465	926.1134	894.8797	105.13196	54.267376	171.92299	28.243725	-135.01675	17.424444	-113.49163	-168.05545	-164.94235	27.451574	-138.34346	-210.0208	-59.8104	72.371956	33.579533	-134.6714	774.7179	21.759188	804.8687	735.3535	1000.0	1000.0	411999	244.01764	30.102825	278.46097	63.325512	244.01775	30.102324	278.84515	62.84255	-4.5836573	2.7896137	31.298737	-18.00846	1014.3824	8.398652	45495.079155921936
104	905.27454	20.848917	944.17084	867.1035	146.39807	121.3749	251.57265	-47.60482	-21.021545	40.143852	33.30618	-110.95507	-144.35326	40.280693	-79.16081	-183.38745	2.044815	135.61273	167.70235	-191.35712	884.25305	37.893597	936.03107	800.4906	1000.0	1000.0	415999	243.27953	29.901194	277.5447	64.769104	243.27948	29.901463	279.08435	62.68972	-4.5245523	2.8249373	38.6991	-18.844095	1011.4445	8.511863	46093.84796309471
105	867.3714	18.44706	904.21423	842.65485	110.51708	25.098593	137.33432	83.48321	59.619026	29.280848	125.75999	20.727034	-136.13066	19.844473	-116.59229	-164.2564	-25.613577	35.528652	15.434854	-80.77319	926.9904	32.459145	982.09894	888.6706	1000.0	1000.0	419999	242.87674	29.565697	278.4717	69.50554	242.87675	29.565037	276.5249	66.42314	-4.6592765	2.7990253	40.80372	-21.37113	1006.6495	8.214496	46562.274590969086
106	938.18164	11.095813	957.43634	922.484	85.56355	44.88112	138.04294	19.384466	-113.219894	14.77093	-89.17411	-133.65282	-130.22083	87.39054	-19.114447	-217.78523	-44.657276	118.0039	118.92848	-198.40077	824.96173	24.56625	857.6634	790.28674	1000.0	1000.0	423999	242.36972	29.73169	279.1844	65.1047	242.36992	29.731277	277.6061	62.92412	-4.5655556	2.8133273	31.825043	-20.037336	995.28735	8.231285	47073.593866586685
107	842.91797	42.604023	911.16656	786.2741	102.00214	7.6048245	111.334526	90.33512	-232.51706	28.927647	-183.46194	-275.59573	-155.81741	19.262428	-129.82938	-182.36275	-53.815266	19.891212	-25.017443	-80.835754	610.401	61.30866	727.70465	545.821	1000.0	1000.0	427999	242.76372	29.79357	275.82562	66.15516	242.76376	29.792532	276.63593	65.19237	-4.5018954	2.8069255	22.194365	-18.303478	991.437	8.183956	47683.77009487152
108	873.11163	15.563032	905.0969	851.00433	135.56915	31.87212	156.60023	80.500854	-74.44686	39.52164	3.4881632	-128.01312	-102.01854	33.849964	-69.98531	-155.79143	33.55062	47.71804	86.61492	-25.299177	798.66473	37.14888	857.9662	734.7824	1000.0	1000.0	431999	243.64372	29.759287	282.644	63.93679	243.64384	29.760073	281.91046	63.722	-4.456219	2.8613744	35.04246	-19.559174	994.85785	8.369558	48219.89253401756
109	917.90576	10.592678	932.2489	900.473	94.58661	50.23077	160.05841	26.151695	-107.08579	13.198586	-81.91776	-129.60437	-183.44	51.94864	-131.41699	-248.38905	-88.8534	90.15509	28.641418	-222.23735	810.81995	19.210032	848.61584	778.3155	1000.0	1000.0	435999	244.67046	29.628193	277.801	64.2045	244.67055	29.626972	278.14334	62.393543	-4.5244093	2.8451612	28.493986	-18.440933	988.17474	8.333467	48846.80300426483
110	883.9357	8.547835	902.4019	867.7987	89.321335	51.74644	154.78256	9.988336	-48.928284	20.728851	-20.398153	-101.00353	-219.86398	71.58682	-157.25056	-332.85208	-130.54265	85.008766	-2.4680116	-240.81787	835.00745	26.277342	882.0038	779.5331	1000.0	1000.0	439999	245.14503	29.676231	279.87762	65.008575	245.14496	29.67636	281.0627	64.25298	-4.3866405	2.9023924	27.963135	-18.979456	985.6343	8.270483	49497.60090661049
111	836.89484	26.006594	876.8838	799.58466	122.16376	33.299355	176.77568	88.816284	-35.954384	22.650482	6.335753	-61.05109	-246.46457	22.439743	-221.68338	-280.10526	-124.30079	52.170837	-44.907696	-191.28897	800.9404	20.29792	838.5606	759.34143	1000.0	1000.0	443999	245.83014	29.541788	280.1113	67.61473	245.83005	29.542072	281.68738	65.62616	-4.52572	2.8236604	29.034975	-18.243412	984.4777	8.324173	49911.11073422432
112	828.90704	28.827623	886.8652	799.68646	130.82765	46.941387	178.50229	67.1703	-217.74918	25.189589	-177.83499	-259.61203	-232.49986	16.427036	-213.5119	-258.76266	-101.672226	41.254116	-49.20885	-162.84346	611.15784	14.800492	627.68854	584.29315	1000.0	1000.0	447999	245.94626	29.143797	279.7205	65.04952	245.94633	29.143908	278.3893	64.20229	-4.4629974	2.8482082	32.912476	-19.434204	985.081	8.235277	50411.6153485775
113	904.6795	19.240234	921.07086	865.13324	96.25199	58.395752	160.04778	2.3388376	-146.83643	8.844792	-127.83628	-161.57617	-226.83997	60.18215	-146.05876	-305.5079	-130.58797	80.4767	-46.937096	-255.31584	757.843	21.877762	779.8414	710.86993	1000.0	1000.0	451999	246.7621	29.26079	279.43665	71.743904	246.76225	29.260693	281.47656	66.80606	-4.331132	2.882639	30.670803	-19.285252	993.9162	8.230689	50986.67400312424
114	882.79456	16.159388	897.4884	839.71356	132.79736	18.239948	152.13893	107.33145	-204.84016	22.849533	-171.7631	-243.83958	-225.08029	17.99731	-211.74341	-255.88759	-92.282936	34.212906	-59.604477	-148.55612	677.95435	23.184202	717.88837	640.9578	1000.0	1000.0	455999	247.33372	29.440044	281.91342	69.55973	247.33366	29.440348	280.89926	68.2082	-4.4159546	2.85682	24.504725	-21.951939	983.1099	8.346119	51469.60860848427
115	891.16	22.969154	924.3033	852.2258	126.86124	72.95207	248.3271	53.557693	-216.87984	19.140093	-186.60751	-255.51173	-312.83545	111.42066	-188.38663	-484.52057	-185.97421	151.3189	1.4142842	-381.08893	674.28015	36.16726	731.2776	627.30334	1000.0	1000.0	459999	248.0649	29.478577	283.5376	67.76628	248.06499	29.479265	282.37027	64.79122	-4.3943806	2.8796105	35.416096	-20.452055	983.01056	8.369958	51885.49804210663
116	860.5006	18.46005	890.2221	825.57104	121.25815	30.491453	149.88441	77.22873	-142.44304	12.189703	-120.75689	-168.6339	-177.49033	18.32748	-148.43785	-198.64816	-56.23218	39.3106	1.4465595	-107.42784	718.0575	28.557617	769.4652	656.93713	1000.0	1000.0	463999	248.30891	29.520779	282.74402	61.557938	248.30896	29.520561	282.877	61.953697	-4.5238657	2.8238854	35.89415	-18.58305	973.96027	8.377168	52456.842505693436
117	836.5433	45.847195	937.10333	765.12103	129.84149	49.50534	215.02464	92.29118	-121.48582	13.992	-103.61711	-143.58278	-163.7665	34.07663	-122.954834	-198.5521	-33.92502	38.997288	18.655565	-91.41487	715.0575	45.88291	830.8346	661.5039	1000.0	1000.0	467999	248.53014	29.406534	281.33902	65.39066	248.53006	29.406477	284.992	63.348003	-4.405687	2.8776774	26.166128	-19.054052	969.17865	8.401504	52946.87623143196
118	870.5119	11.588251	891.03076	853.3344	101.77336	6.5626826	109.177246	93.566574	-131.64653	24.459229	-97.873924	-175.0097	-180.41212	15.745608	-163.7287	-206.30339	-78.638756	20.234056	-54.551445	-109.11776	738.8654	32.14369	778.6391	678.3247	1000.0	1000.0	471999	248.83382	29.690321	286.41217	65.9623	248.83408	29.690216	285.90814	61.710865	-4.348371	2.8749225	46.146202	-19.263819	963.3331	8.389986	53438.81157374382
119	844.4767	19.772375	867.6988	803.10425	127.677956	29.188778	170.54092	88.21354	-124.31676	35.72222	-55.886654	-169.22852	-146.05963	67.1035	-50.453945	-214.92535	-18.38167	46.78105	37.759594	-87.01152	720.1598	47.207146	801.7636	633.87573	1000.0	1000.0	475999	249.48245	29.5947	284.58908	63.061817	249.4825	29.595015	284.40015	61.86917	-4.368954	2.8698018	28.049538	-18.977592	959.95276	8.457158	53996.706570625305
120	858.3856	11.943658	874.6885	836.4096	134.90121	65.35299	226.65887	42.128082	-21.07201	15.709365	-1.6573807	-58.38989	-75.086945	35.694706	-26.304907	-113.09495	59.814274	64.24104	170.82343	15.823176	837.31366	13.149367	854.9797	813.7225	1000.0	1000.0	479999	249.52026	29.405384	282.77853	62.795856	249.52	29.406073	282.47595	65.33502	-4.4419284	2.8305712	41.031914	-18.936901	945.33636	8.275404	54547.80725955963
121	865.01526	39.64342	950.6429	817.0241	110.90105	40.10745	150.91283	46.64112	85.56445	29.670126	122.35923	33.917534	-101.625305	34.98835	-62.166985	-158.12679	9.275759	74.33796	88.74584	-111.48567	950.5797	30.04615	993.60986	896.26025	1000.0	1000.0	483999	249.02342	29.34138	283.275	63.27612	249.02354	29.341623	280.97528	59.15989	-4.467412	2.824256	26.585232	-18.20147	951.0154	8.115364	55026.75865030289
122	841.4948	14.591149	862.1135	818.0627	110.39557	41.320156	162.79521	63.458576	138.49927	25.667677	168.61282	86.4362	-108.91504	15.660773	-87.6219	-131.64644	1.4805355	40.490765	50.58492	-46.961147	979.994	38.885258	1030.7263	904.49884	1000.0	1000.0	487999	248.68655	29.253723	281.2754	58.342644	248.6867	29.253748	284.18127	59.165363	-4.44611	2.8018353	29.02433	-18.983143	950.11957	8.232406	55583.546278715134
123	786.17126	41.554104	850.8134	722.8644	104.42824	35.672695	159.4865	60.64935	39.86843	76.169106	140.50307	-91.02271	1.3013363	64.523926	99.536385	-80.22391	105.72958	61.82183	162.85526	12.297675	826.03973	39.444614	873.1275	759.7907	1000.0	1000.0	491999	249.04997	28.970127	281.0783	60.480522	249.04993	28.971373	282.3295	58.987617	-4.367643	2.840598	29.472	-19.43363	951.97986	8.181707	56014.508875608444
124	839.85693	16.484732	876.03644	814.09485	192.35757	47.09008	256.368	137.21548	-74.374344	14.912016	-57.58645	-106.73717	-136.07936	64.86656	-26.310831	-190.90205	56.2782	45.844654	110.90466	-16.26348	765.48267	23.39174	818.45	729.6201	1000.0	1000.0	495999	249.1956	29.154446	282.46954	60.581974	249.19563	29.15475	283.2588	58.803383	-4.407546	2.812664	32.961212	-19.463062	966.422	8.090812	56429.9459066391
125	827.7461	27.485651	861.5154	768.3877	102.20834	40.291218	160.18826	53.55197	-88.49132	20.79952	-43.858147	-110.55492	-91.18151	2.4963276	-87.851974	-94.15265	11.026831	39.28013	67.25451	-34.300003	739.2548	41.223934	806.74927	665.84625	1000.0	1000.0	499999	249.32544	28.95042	283.83298	62.432686	249.32552	28.951635	283.22345	61.37571	-4.338604	2.8327456	40.72449	-19.486809	950.7476	8.234304	56848.728048563
126	815.14056	25.278341	876.32074	784.87244	88.3401	16.386057	107.23103	62.729176	-40.929832	18.81448	-13.946755	-68.12815	-92.85061	24.119062	-59.58847	-117.07748	-4.5105085	10.885059	7.1521773	-20.981611	774.2107	40.739758	854.0933	716.7443	1000.0	1000.0	503999	249.48596	29.015022	281.76556	60.40309	249.48604	29.015427	282.127	61.657314	-4.3720455	2.8290677	30.900314	-19.74283	954.4199	8.150086	57278.93151164055
127	766.918	44.86253	840.26086	687.41327	45.9578	54.226795	94.61386	-45.688023	2.8678784	17.71446	22.032492	-32.181923	-84.63784	21.3656	-51.971653	-105.92162	-38.680042	65.19469	15.264271	-146.99652	769.7858	38.39712	834.7336	700.0822	1000.0	1000.0	507999	249.63812	28.796732	281.72876	64.662735	249.6379	28.796827	281.4121	63.832092	-4.361322	2.8185194	23.812294	-18.709618	944.102	8.261716	57805.92661070824
128	670.4391	48.588795	741.2612	579.05194	42.18585	29.322115	92.21699	18.875751	17.509472	35.78828	87.62597	-39.61757	-23.854744	32.54859	21.031483	-58.951458	18.331106	27.254877	41.75144	-25.903402	687.94855	61.414536	792.58417	581.29474	1000.0	1000.0	511999	249.87552	28.768473	281.68372	68.34655	249.87584	28.768776	281.86838	67.1925	-4.3263564	2.853995	41.959244	-20.0435	957.03973	8.162398	58332.057775974274
129	744.28876	11.8327465	773.9502	729.1549	112.62611	35.56227	141.561	52.44102	68.07344	18.482655	111.10472	38.3593	-124.483315	57.14016	-26.546015	-167.1506	-11.857201	25.65129	25.895004	-39.073555	812.3621	21.142265	858.49286	780.7813	1000.0	1000.0	515999	250.24677	28.560648	282.82678	62.66692	250.24677	28.561485	283.25275	60.41141	-4.329234	2.8401146	32.75853	-18.107704	954.94086	8.174566	58811.41151690483
130	814.1986	29.353815	853.45306	762.23444	92.40082	26.714918	115.19301	46.838425	-72.65987	32.31237	-19.039932	-121.069305	-99.252495	22.331234	-67.70598	-123.45365	-6.8516736	33.18967	47.48703	-42.17848	741.5387	35.008392	825.4824	695.39685	1000.0	1000.0	519999	250.97794	28.70002	282.71896	68.45793	250.97826	28.699387	283.87347	68.83681	-4.2866926	2.8643954	49.670086	-19.829369	960.0899	8.162602	59336.49412846565
131	808.64496	28.975443	870.51483	764.7745	85.484634	47.497665	164.26756	43.01748	-22.526201	16.55307	0.18143858	-54.62485	-97.7376	27.447435	-59.597336	-126.715965	-12.252962	41.499485	37.551605	-77.70014	786.1188	35.52164	870.6962	741.577	1000.0	1000.0	523999	251.54108	28.785822	284.15814	59.614395	251.54099	28.786516	284.40506	58.235348	-4.291174	2.8729675	40.74604	-20.962751	964.4643	8.153918	59934.50831389427
132	825.94025	56.148827	937.0233	754.9485	87.20692	43.37565	138.01074	31.861902	204.87883	41.63053	265.5463	151.11974	-103.940544	45.249943	-56.61835	-177.30232	-16.733639	49.42872	63.448177	-69.77937	1030.819	69.637535	1151.3868	920.84314	1000.0	1000.0	527999	251.51978	28.76859	282.51794	60.84393	251.51974	28.768793	283.26785	63.36458	-4.3650346	2.8154414	35.436096	-19.408493	950.84674	8.047961	60449.724442243576
133	885.15967	53.83024	936.0907	777.78455	156.21474	9.129402	170.34715	145.3139	0.5783119	31.938543	42.525772	-67.78914	-101.9686	57.309265	-41.59783	-196.3671	54.246147	63.062637	115.19305	-51.053185	885.7379	59.064484	951.19336	796.50793	1000.0	1000.0	531999	251.69888	28.638546	283.62442	63.44913	251.69907	28.638443	284.09314	62.16571	-4.316265	2.8253255	37.91312	-19.523733	961.24164	8.1530905	60921.696778297424
134	609.79626	134.09216	803.2281	408.71814	128.16576	9.931699	140.80696	113.47267	70.78282	29.168447	105.37637	31.34014	-158.13013	46.403316	-103.561165	-225.6236	-29.964386	56.248627	37.245804	-112.15092	680.5792	145.36365	904.4726	463.8206	1000.0	1000.0	535999	251.76105	28.665348	284.5826	65.314835	251.761	28.665627	284.19852	62.813744	-4.3032627	2.8194072	26.940464	-19.554214	966.99335	8.196247	61466.38590192795
135	666.89905	54.412567	735.834	571.42255	142.90086	53.478775	201.50096	61.227192	63.059044	23.952341	107.41937	33.72819	-124.88549	58.943882	-47.12845	-200.42274	18.015364	74.83865	84.29725	-97.502174	729.9581	67.637375	843.25336	623.63763	1000.0	1000.0	539999	252.02444	28.869036	284.78436	64.63299	252.02444	28.869886	284.25778	63.941135	-4.1835823	2.8471794	30.779434	-19.626896	961.74786	8.596885	61914.21452307701
136	627.87726	47.86606	708.3449	577.7863	97.65481	11.58337	112.10805	81.4359	84.069664	17.811134	110.439766	51.300644	-51.426647	43.19868	-7.065835	-111.85736	46.228165	45.741177	105.04221	-18.940647	711.9469	43.660442	764.96594	632.472	1000.0	1000.0	543999	252.15372	28.747753	284.02225	62.548843	252.15376	28.747828	284.7094	60.358524	-4.3635664	2.7870772	29.730871	-21.040007	952.56586	8.288358	62366.345433950424
137	781.7253	37.710827	851.70044	724.08167	93.0022	25.774557	116.19021	51.77718	4.5534725	24.470228	39.547092	-41.053123	-126.02097	47.697212	-79.63476	-204.72359	-33.018772	73.07465	33.731827	-152.94641	786.27875	54.380623	891.2475	690.26434	1000.0	1000.0	547999	251.8969	28.742983	284.42072	61.958717	251.89682	28.744085	284.84222	61.125904	-4.3812137	2.7856908	26.421099	-18.920723	978.574	8.154395	62849.45499205589
138	882.3304	33.240074	942.95197	830.0991	62.40724	97.63292	166.19537	-39.874653	84.563675	33.258213	137.58125	28.918964	-98.097244	41.476414	-40.160183	-149.41629	-35.690006	63.867985	43.94536	-120.43714	966.89404	56.267776	1060.1431	878.9007	1000.0	1000.0	551999	251.61887	28.712778	281.93997	67.038574	251.61888	28.713367	282.5586	65.55385	-4.4446816	2.7768717	24.354002	-19.582031	954.7371	8.049439	63367.90569281578
139	649.3682	40.276047	696.3141	575.3153	84.182686	69.07689	145.08693	-33.20347	8.809778	33.682854	66.554016	-42.058975	-128.23778	70.602165	-62.990993	-242.55823	-44.0551	64.28618	48.30887	-110.36911	658.178	41.056255	757.36633	592.9516	1000.0	1000.0	555999	251.22552	28.299417	281.21536	61.95006	251.22565	28.298681	284.20172	61.225883	-4.498325	2.7587445	29.734243	-20.47115	951.9795	8.087466	63949.68030691147
140	494.10687	40.530014	595.905	448.48007	73.60995	40.090076	126.976746	17.049923	-2.8753884	10.130406	18.867329	-20.85279	-163.03285	18.573553	-132.9449	-182.03813	-89.42291	44.94325	-46.69691	-164.9882	491.23154	42.148476	598.38116	439.86472	1000.0	1000.0	559999	250.35477	28.350826	281.2812	60.151917	250.35468	28.351849	281.22766	61.097176	-4.4041533	2.8084605	37.97518	-19.25952	960.0979	8.260254	64372.228635787964
141	851.99866	21.30764	889.09467	823.3571	68.196236	13.922451	85.00416	48.046856	97.544495	25.388592	137.0264	66.70254	-97.33512	87.35055	-14.124695	-230.79912	-29.13888	74.85278	38.83027	-145.79495	949.5431	33.532196	1005.6951	897.2184	1000.0	1000.0	563999	250.50278	28.251633	282.68753	62.55571	250.50291	28.252546	281.54102	63.357895	-4.274295	2.8273182	25.150839	-19.389624	943.39624	8.211765	64909.02608036995
142	821.00214	37.865875	877.24774	750.2147	127.569824	24.019875	157.9608	95.18869	-9.141366	27.536861	36.53922	-46.078438	-130.89537	63.49919	-25.158617	-183.39067	-3.3255525	74.37854	116.32308	-88.20197	811.86084	38.886868	878.0285	769.031	1000.0	1000.0	567999	250.80966	28.287285	280.85358	63.40087	250.80972	28.287552	281.7893	61.698624	-4.3572726	2.78787	33.766434	-19.45707	948.5494	7.9831734	65510.523861169815
143	868.39795	53.720585	940.01624	770.6486	120.84489	30.051119	160.15512	86.65804	16.952236	54.881676	129.46117	-83.55767	-157.3826	22.28522	-124.060234	-182.28638	-36.537724	40.05898	15.260054	-85.040306	885.3502	88.97853	1063.5189	702.9131	1000.0	1000.0	571999	250.74554	27.866442	281.56204	65.27953	250.74568	27.8666	282.0422	65.35763	-4.3765645	2.785947	28.962677	-18.545635	944.3874	7.867883	66050.10744524002
144	836.1261	12.895158	855.25507	810.5902	164.4119	19.582838	184.81213	143.56021	12.684656	34.605	85.53704	-44.03726	-160.58588	79.18623	-62.272575	-283.37543	3.8260217	94.98337	122.53956	-139.8152	848.81067	41.511154	934.12573	766.5529	1000.0	1000.0	575999	250.46356	28.01493	280.6563	66.09157	250.46349	28.015211	282.33307	62.851677	-4.357663	2.7790387	23.86261	-23.184439	945.0166	7.9028845	66501.88129258156
145	572.99786	29.604574	628.6463	520.4519	123.567444	56.411385	203.03758	44.148247	62.058056	30.902851	119.52678	24.766382	-124.441185	35.33695	-88.916824	-182.65773	-0.873744	59.738445	83.37798	-62.382343	635.0559	34.854248	694.78864	561.7396	1000.0	1000.0	579999	250.505	27.985199	280.27826	63.953423	250.5049	27.985458	282.97873	67.02474	-4.350454	2.797912	50.040443	-19.58384	942.4391	7.855028	66916.38478279114
146	604.4106	112.36957	762.31744	380.5037	105.75368	21.785816	135.22292	80.77099	16.39739	33.948765	65.09813	-52.017952	-76.61724	69.48673	11.781342	-178.93669	29.136438	56.08187	92.55233	-61.35768	620.808	110.00799	775.65295	391.95294	1000.0	1000.0	583999	250.5458	27.828064	280.8081	66.79473	250.54582	27.829622	281.44318	66.71069	-4.3270884	2.8125541	26.350767	-18.818192	944.6135	8.138177	67356.73873996735
147	557.5641	38.023537	622.73724	517.8504	108.384796	20.094427	141.70628	88.82134	-143.56885	20.219622	-103.86078	-170.04471	-5.4270935	92.98111	95.0662	-107.40768	102.957695	81.6882	184.43755	9.207104	413.99527	42.51149	478.84784	353.73962	1000.0	1000.0	587999	250.92809	27.740156	283.58786	68.49871	250.92784	27.741472	282.65387	68.794716	-4.262291	2.822045	34.999626	-16.938862	935.1399	7.96572	67804.22699642181
148	730.08887	27.149296	777.3165	679.3165	52.536873	41.9622	116.28087	12.225172	56.917747	21.189137	95.29288	31.961668	-125.0605	24.229425	-91.42765	-152.59682	-72.523636	60.545227	24.85322	-140.37166	787.0066	26.849985	823.6856	721.84656	1000.0	1000.0	591999	251.38966	27.782581	281.68607	62.227222	251.38972	27.783018	283.50677	64.03926	-4.3218274	2.8083925	23.361713	-18.63045	930.4729	8.221212	68269.97077274323
149	901.4342	32.811188	943.9626	834.2007	89.37072	39.181747	149.9248	53.54941	-57.3326	25.641516	-0.9726017	-99.383385	-190.68732	40.316433	-134.77306	-248.40799	-101.31659	68.29512	-35.2796	-194.85858	844.10156	31.419462	897.38696	789.4931	1000.0	1000.0	595999	250.81258	28.07239	282.39188	64.70533	250.81276	28.073109	281.49713	64.534904	-4.3614926	2.7934349	27.551212	-20.651695	945.865	8.346798	68789.86830997467
150	804.92957	34.153442	860.7923	747.5561	183.11304	9.212453	197.06314	171.30367	-7.5085897	49.729656	72.08345	-77.95073	-120.06086	54.537693	-54.99723	-196.30267	63.052177	51.338818	128.29428	0.7604543	797.4209	62.80371	873.08563	695.17236	1000.0	1000.0	599999	249.98737	28.60708	279.98846	57.003407	249.98732	28.60723	279.68112	58.676895	-4.36164	2.77922	33.775814	-21.372082	950.53326	8.431976	69321.75946640968
151	943.1212	29.341503	987.1753	885.85626	140.89801	28.401117	177.33026	98.220345	14.930867	31.88561	65.118256	-35.06379	-90.903595	53.361763	-19.723522	-160.1409	49.99442	73.582466	118.89817	-61.92055	958.0521	44.82988	1033.2758	882.2009	1000.0	1000.0	603999	249.83278	28.278303	279.97992	61.792107	249.83276	28.28003	280.6509	64.37951	-4.413555	2.7664478	30.736668	-19.804907	953.3571	8.414258	69942.83280062675
152	890.57385	43.35072	939.0385	799.41174	199.94621	20.268442	219.74356	168.27786	53.535877	118.653595	251.00346	-87.41727	-160.85205	66.725105	-86.423256	-237.99545	39.09416	60.98251	112.009384	-41.546642	944.10974	81.3512	1096.5198	851.6212	1000.0	1000.0	607999	248.9822	28.209951	278.80972	59.9356	248.98238	28.209415	282.2029	61.626007	-4.462675	2.7295847	31.207554	-19.747213	947.3806	8.27917	70541.73929643631
153	677.5973	78.789474	822.24866	562.75867	157.50455	70.42118	223.91362	54.693703	160.0443	72.16167	326.20993	52.271908	-136.90822	76.33315	-56.981583	-261.42996	20.596325	99.15348	121.35567	-131.51643	837.6416	82.3599	988.9207	763.21967	1000.0	1000.0	611999	247.67424	28.020485	277.10455	60.40571	247.67426	28.020452	279.89145	61.11731	-4.499653	2.6991763	36.18095	-20.373604	938.3843	8.074964	71141.340685606
154	860.2083	27.245983	911.29474	802.6159	172.8571	21.541233	208.0883	149.5941	-70.79143	39.346718	-11.590675	-128.11783	-144.42119	59.341846	-56.8285	-223.705	28.435892	61.817616	111.06305	-57.85059	789.4169	21.659513	815.81104	747.83813	1000.0	1000.0	615999	246.65668	27.854523	275.95132	57.55086	246.65672	27.855225	278.81616	59.993027	-4.4725046	2.723299	34.35926	-18.708218	927.5663	8.228762	71581.45142674446
155	931.5545	36.241817	974.78394	843.8534	138.5765	51.088272	198.15128	86.501175	66.85266	32.913773	114.59213	3.5598562	-128.07022	74.521095	-34.339806	-233.9931	10.506276	41.971424	52.16137	-53.60904	998.4071	51.130974	1075.097	895.7415	1000.0	1000.0	619999	245.97343	27.787264	276.32083	58.15484	245.97363	27.788624	276.8322	58.90296	-4.508734	2.712528	19.51204	-18.963566	919.9934	8.316901	72040.5261554718
156	797.8579	24.134748	830.25525	760.5347	185.76471	46.018166	232.7627	125.18864	81.60528	28.44869	144.57732	49.101593	-53.15724	43.500343	-10.388733	-125.09443	132.60747	44.758442	197.69276	78.26082	879.4632	29.996824	924.51807	812.6187	1000.0	1000.0	623999	244.97818	27.711721	275.3203	62.08922	244.97849	27.71126	276.63596	64.49842	-4.5359015	2.723822	24.93705	-18.784098	915.00085	8.295377	72565.80772566795
157	881.3167	48.64129	952.5586	813.6773	122.41294	37.817326	184.38643	82.49868	172.39789	32.412525	231.84734	122.74334	-46.166336	63.82655	23.714632	-130.92386	76.246605	86.02977	208.10106	-24.20071	1053.7146	60.81788	1134.9457	936.502	1000.0	1000.0	627999	243.99123	27.642286	274.26987	59.45189	243.99129	27.64354	275.71762	61.520798	-4.5047126	2.7426934	34.703438	-20.531923	915.9821	8.371727	73110.98633861542
158	728.46814	29.96268	769.70026	663.35724	104.053986	9.662493	118.562965	92.23189	112.87639	25.073734	156.34666	81.26222	-41.5879	95.261284	94.38639	-174.60449	62.466084	93.25935	186.61827	-75.02228	841.34454	45.493793	926.0469	744.7238	1000.0	1000.0	631999	244.00836	27.766224	274.5826	60.955963	244.00822	27.76717	276.25024	61.30568	-4.391198	2.728578	23.948639	-19.50177	913.8725	8.666647	73512.0110900402
159	697.35504	59.11635	788.6126	542.3615	74.06581	43.363884	132.72282	25.747955	67.89526	75.80765	204.9463	-50.625755	7.5529737	32.449635	50.351246	-40.728886	81.61879	34.111675	138.8914	54.22255	765.25024	78.94238	941.39453	640.479	1000.0	1000.0	635999	244.58366	27.598606	274.67746	56.91562	244.58394	27.599018	275.96887	56.603127	-4.3910036	2.7265148	28.313572	-20.056042	909.6131	8.43176	73930.7504787445
160	500.065	94.150795	650.1963	359.14685	134.3511	14.743323	154.96877	117.14458	-29.489878	38.12671	29.921968	-96.51402	-71.46158	65.58897	-12.29102	-177.51845	62.889526	72.335884	142.67775	-53.31363	470.5751	121.55129	678.81616	262.63284	1000.0	1000.0	639999	244.46593	27.84799	276.87213	50.9657	244.46597	27.848154	278.1524	53.06733	-4.3380895	2.7567115	27.4274	-19.217678	905.56665	8.756476	74527.47567391396
161	822.44934	60.443523	888.6691	723.3445	102.787	16.124369	121.13672	77.46656	138.85243	23.620987	191.17029	96.44376	-124.621765	71.52775	-55.117535	-244.45338	-21.834751	59.103645	22.349028	-123.316666	961.30176	64.08861	1029.4358	847.06964	1000.0	1000.0	643999	244.90068	27.723425	277.02463	53.032204	244.90062	27.723318	276.7473	57.472656	-4.419162	2.7490542	36.210148	-22.152119	906.0069	8.58336	74938.48645663261
162	859.4504	32.591003	905.0799	798.996	124.68405	12.45014	144.53801	112.08154	94.031425	48.712036	220.93837	28.09692	-80.21355	37.67864	-33.057865	-124.39987	44.470512	46.937187	111.48015	-12.318333	953.4818	45.169636	1045.7855	885.17346	1000.0	1000.0	647999	244.8403	27.69936	276.0106	59.881836	244.84024	27.700989	275.9719	58.091984	-4.4602537	2.7384768	40.46146	-22.310387	914.8872	8.572464	75344.09747958183
163	898.1377	45.251324	965.28625	820.8604	124.50008	12.631033	138.44604	105.15439	63.929436	40.00018	104.792404	-45.244785	-87.43503	15.80091	-62.48442	-103.04805	37.06506	3.3916593	42.669968	33.670307	962.0671	68.12968	1035.5208	775.61566	1000.0	1000.0	651999	244.62672	27.552727	275.5861	56.78861	244.62682	27.55281	277.79282	56.00464	-4.4708753	2.7234786	28.808922	-19.753494	895.6775	8.277914	75942.69107723236
164	662.5978	52.29445	765.2526	593.62286	112.811005	43.86074	169.68533	46.691463	154.27396	29.754557	204.30052	110.79519	-103.59922	74.066284	-14.198286	-204.58485	9.211779	109.32294	114.805885	-157.89339	816.87177	48.624245	903.9205	731.3128	1000.0	1000.0	655999	244.80962	27.509104	276.93784	59.976826	244.80965	27.510595	277.32028	62.05671	-4.3778133	2.7355921	20.892647	-18.817623	894.8408	8.441754	76374.54873776436
165	667.72327	81.5703	793.2856	540.2441	154.14378	55.307575	217.88022	66.892395	178.62956	31.730494	241.7789	118.02961	-22.508707	89.73253	67.38886	-171.98906	131.63507	144.30995	285.26907	-105.09667	846.3527	69.22338	958.4727	721.1057	1000.0	1000.0	659999	244.9668	27.713213	276.93427	55.721626	244.96678	27.714945	277.898	58.177536	-4.332467	2.76231	30.594776	-19.109772	889.4324	8.7111	76891.75820851326
166	483.29727	35.892914	537.6359	426.95233	82.473114	15.737119	105.53447	65.97198	197.2476	27.188505	241.92137	164.06175	-79.52315	71.11639	26.229616	-171.73688	2.949967	58.795055	96.33978	-66.2024	680.5449	42.58554	732.3819	612.46704	1000.0	1000.0	663999	245.47882	27.619219	276.75253	61.04529	245.47884	27.619844	277.84927	61.813515	-4.431269	2.7421637	23.951069	-19.159988	891.3485	8.549115	77486.03960466385
167	243.02975	75.84596	401.54257	159.96866	48.115356	137.82982	156.04251	-186.06181	55.20647	24.206717	92.84662	1.2467936	-107.59452	67.118546	-38.04349	-183.01216	-59.47915	182.5737	95.39537	-369.07397	298.23627	89.47779	478.92688	163.49109	1000.0	1000.0	667999	245.43967	27.828217	277.93033	57.780006	245.43968	27.8282	278.0727	57.01338	-4.338907	2.7970183	32.3711	-17.817717	898.7202	8.706999	78036.8296380043
168	768.893	38.6299	849.1081	737.9216	25.741463	113.13616	165.87494	-107.829285	21.009771	15.874889	52.01915	0.108434506	-191.07327	29.973404	-142.56418	-220.44897	-165.33182	88.97813	-44.626877	-251.08005	789.9028	39.809826	862.9853	739.88495	1000.0	1000.0	671999	244.83527	27.874449	276.87183	58.19864	244.83528	27.875206	277.08316	60.39269	-4.4393477	2.7534547	31.338728	-19.602728	898.18524	8.422039	78551.12330961227
169	776.32574	23.985388	803.4102	738.39465	155.30649	29.119997	192.05107	119.3857	30.730274	36.681084	78.13189	-42.424515	-109.89421	44.24516	-35.945354	-145.9007	45.412277	66.7627	156.10571	-22.629313	807.056	53.00635	872.1448	697.8829	1000.0	1000.0	675999	244.4509	27.620035	277.23892	59.75337	244.45082	27.621798	278.88467	57.979187	-4.436737	2.7320566	30.415854	-18.928286	901.60974	8.310542	78966.28356814384
170	943.42786	18.319595	971.21	906.0048	107.473694	22.361626	128.51157	72.93409	-105.90342	25.868618	-66.567986	-154.16655	-193.39398	60.516956	-117.19866	-255.81512	-85.920296	52.146954	-25.108158	-147.0049	837.5244	25.366411	892.891	802.5716	1000.0	1000.0	679999	244.0654	27.720667	277.0295	59.253456	244.06564	27.721073	277.92288	61.499126	-4.3922896	2.748377	48.385593	-19.047138	909.0322	8.090368	79374.68389844894
171	710.4315	72.63951	825.3041	562.5378	80.32546	120.32415	190.86446	-121.0671	82.04506	51.99792	150.20093	-37.622063	-189.78683	26.410055	-162.52443	-217.92982	-109.461365	136.00601	28.340034	-335.4567	792.47656	66.44946	934.41003	675.7891	1000.0	1000.0	683999	244.22855	27.527664	280.4447	56.853897	244.2285	27.528255	276.31595	58.256042	-4.4025483	2.751219	53.777435	-19.483429	887.7121	8.185412	79829.77186536789
172	951.89905	30.900177	985.60565	894.6797	102.53267	26.269226	131.67607	62.547707	78.47735	13.075675	98.42858	57.167007	-85.152596	53.981735	-44.727814	-176.63548	17.38007	61.074245	85.269264	-79.93778	1030.3765	35.153973	1073.6252	965.81165	1000.0	1000.0	687999	244.37598	27.874403	276.01624	57.640553	244.37592	27.875088	277.2241	58.05406	-4.33852	2.7675936	35.855686	-22.189396	890.70435	8.25124	80366.49809765816
173	712.78015	33.40458	754.3823	659.44495	84.05014	50.880077	137.8118	0.8352232	175.77791	27.900076	236.45526	130.855	-94.11323	42.035774	-53.34756	-163.65376	-10.063084	55.55695	66.92634	-72.168846	888.558	44.164127	942.42957	790.2999	1000.0	1000.0	691999	245.26788	28.050962	277.68246	58.050404	245.26807	28.051346	278.57025	58.450718	-4.299003	2.778832	54.368313	-18.918991	899.62726	8.3572	80916.116699934
174	938.3009	22.949308	979.64325	903.9346	53.419678	139.83107	220.08545	-167.81439	96.90253	37.977127	155.77974	19.046947	-129.51413	32.622772	-104.5202	-184.74307	-76.09445	170.53566	113.593575	-352.55746	1035.2034	42.752853	1097.2236	981.8741	1000.0	1000.0	695999	245.86163	28.620955	278.60632	61.303677	245.86154	28.622671	279.8857	59.260452	-4.334238	2.7811873	15.742293	-19.466457	912.84436	8.653995	81331.80309224129
175	666.369	130.46115	870.8333	515.22906	109.665016	48.774445	155.22198	28.206833	190.34412	43.95028	265.6952	116.21976	-23.662231	48.300674	47.167904	-79.68448	86.00278	69.248436	202.38988	20.235937	856.7132	139.51225	1092.6085	696.22675	1000.0	1000.0	699999	246.13588	28.453518	278.256	61.574966	246.13606	28.452742	278.62592	64.27183	-4.34116	2.7860985	25.96928	-19.667023	903.263	8.635377	81820.18847966194
176	700.71796	88.84895	809.28284	547.5528	72.29575	51.86285	139.35587	2.6770837	123.14231	15.371352	151.3242	91.73666	-77.6696	33.577785	-31.125587	-126.02394	-5.37385	68.05327	108.23028	-72.71901	823.8602	99.94347	928.06696	653.3415	1000.0	1000.0	703999	246.85039	28.245457	279.069	56.07666	246.8507	28.245459	281.58585	56.66104	-4.2877417	2.7987926	39.046925	-18.295185	905.9038	8.6646805	82320.79564547539
177	644.14276	74.184875	817.44855	551.42896	83.9297	39.058414	147.71686	42.515488	69.43432	35.02807	113.56738	16.275854	-125.90326	25.048704	-85.71946	-153.72139	-41.973553	63.65709	61.997395	-111.2059	713.577	98.38691	927.38354	567.70483	1000.0	1000.0	707999	247.55215	28.60877	279.6478	56.213284	247.55212	28.608818	280.84146	57.55317	-4.2330203	2.7998104	38.09101	-17.352371	910.5538	8.436836	82812.40453362465
178	930.9813	103.03228	1036.38	669.85266	114.801544	53.111496	158.9773	24.061918	78.773674	17.570429	113.03668	55.435665	-97.671295	48.654858	-52.780125	-171.26656	17.130249	49.391754	82.65299	-30.74647	1009.75507	104.61803	1103.6482	740.53436	1000.0	1000.0	711999	248.33456	28.744955	280.2983	57.224987	248.33447	28.745811	282.09393	58.088142	-4.270362	2.7953131	26.021915	-19.004345	912.19604	8.581856	83255.2064807415
179	832.56946	16.079197	850.9734	798.66235	78.24489	118.68829	180.94162	-120.40195	157.05713	39.660725	229.6034	83.96919	-143.04951	35.06108	-83.416534	-173.73717	-64.80462	140.76447	72.27581	-294.1391	989.62665	44.362827	1076.206	902.9951	1000.0	1000.0	715999	248.75128	28.471054	281.06522	56.857304	248.75134	28.471218	283.48633	58.003498	-4.2436633	2.7761254	18.947014	-20.070469	900.3299	8.543916	83663.70166397095
180	804.6017	117.509865	1004.02637	668.6135	143.63968	41.887684	205.58244	95.581825	83.92881	29.7773	135.57687	35.733128	-137.82687	69.75831	-68.07565	-254.08438	5.812809	96.575356	89.90713	-158.50256	888.5306	112.042946	1081.6371	771.67773	1000.0	1000.0	719999	248.48836	28.902922	280.75192	60.494793	248.48848	28.903965	281.5406	57.223145	-4.2978663	2.7431915	24.642838	-18.064402	896.94946	8.430779	84142.9516005516
181	731.915	81.7914	836.0885	539.04956	134.67188	24.406902	173.66248	111.92296	107.42564	76.643524	275.09518	4.1923704	-222.41504	40.508144	-159.12473	-266.6538	-87.743164	32.861275	-42.896275	-129.78018	839.3407	58.249302	937.78937	752.0059	1000.0	1000.0	723999	248.2541	28.993849	281.30432	58.025433	248.25418	28.993643	282.0827	55.939426	-4.305494	2.7606459	40.25526	-19.076933	901.11273	8.293246	84594.93850851059
182	611.88416	96.27615	734.6479	457.4374	93.451035	29.263634	139.31973	63.068657	189.38136	54.34608	257.09137	62.17298	-171.92096	50.64417	-101.51837	-240.7725	-78.46991	70.75509	37.801353	-143.26418	801.2656	88.194626	929.69794	661.32886	1000.0	1000.0	727999	248.35094	28.776152	280.7269	54.85431	248.35092	28.776127	281.62054	52.58124	-4.3320217	2.7563477	22.948753	-19.356453	894.8935	8.257225	85007.11016178131
183	840.8099	44.223404	896.23456	770.5302	117.56268	34.176067	151.85312	70.20113	103.8376	29.85966	174.0707	72.937065	-142.76247	76.21329	-39.975735	-249.87204	-25.199793	57.5216	32.020805	-98.01893	944.64734	50.085285	1022.72687	847.16205	1000.0	1000.0	731999	248.394	28.868872	279.76205	50.47544	248.39424	28.868273	280.957	54.06291	-4.3247337	2.772403	24.613157	-19.897404	892.70355	8.533651	85525.92819142342
184	588.9396	70.08878	664.5605	435.02676	176.81213	54.941967	268.06607	131.21085	105.36943	33.039547	156.95776	58.85283	-127.55357	67.9934	-22.729969	-201.50012	49.25855	117.25672	245.3361	-65.201004	694.30896	60.07622	764.2878	591.9845	1000.0	1000.0	735999	248.35223	28.660126	281.05878	53.180984	248.35217	28.661083	281.32736	51.501057	-4.2480917	2.7765791	27.785671	-18.936844	887.5382	8.364431	85931.74697160721
185	804.5072	42.59341	884.1559	729.14386	180.94073	90.269035	305.97412	52.254276	-117.99758	32.24572	-50.103447	-173.5416	-195.20325	51.289894	-115.44525	-253.80298	-14.262512	78.267136	116.05851	-85.06727	686.50964	71.61421	834.0525	577.6926	1000.0	1000.0	739999	248.34988	28.882805	281.01608	47.272224	248.35004	28.882874	282.537	47.10204	-4.285456	2.7841835	37.491158	-20.55749	900.9561	8.599576	86414.81049537659
186	875.98114	30.630224	925.214	826.6608	172.61299	72.56077	242.82893	61.3952	-97.63614	67.55541	-16.290016	-253.71245	-199.05334	76.03484	-102.065704	-315.30966	-26.440357	85.36084	50.459305	-160.40576	778.345	77.49309	872.5476	624.70667	1000.0	1000.0	743999	247.86987	28.649279	279.86038	50.367188	247.8698	28.649408	282.1887	52.770897	-4.326281	2.7487786	38.48815	-18.553822	886.1647	8.488299	86830.80306601524
187	627.68414	43.4188	729.90094	578.7286	175.14993	13.715141	196.4264	158.10658	-242.02039	27.344631	-200.37053	-288.10254	-205.59206	98.11123	-76.112274	-333.15042	-30.442139	100.78849	97.30616	-175.04385	385.6638	48.142723	494.2818	290.62604	1000.0	1000.0	747999	247.74254	28.535711	280.73624	44.465214	247.74277	28.536257	282.7284	41.069595	-4.287131	2.7692573	45.734997	-22.148193	889.16925	8.399871	87238.5218076706
188	685.3771	103.67461	840.61487	512.0225	100.24895	43.929615	147.64796	50.59163	153.9416	42.180298	222.93996	67.67676	-129.01143	62.465904	-66.31429	-231.28575	-28.76249	83.71131	45.639767	-168.66446	839.3187	133.2902	1063.5548	651.7897	1000.0	1000.0	751999	248.01279	28.62065	280.664	44.802105	248.01276	28.620882	282.86304	39.656597	-4.2333274	2.7772892	41.022392	-19.735218	893.32825	8.518157	87731.61095118523
189	680.9762	57.892986	783.9602	603.481	101.30049	30.965282	129.83676	54.38811	89.87917	56.066563	181.56369	8.286386	-151.83556	56.337303	-58.71687	-204.19489	-50.53507	61.083515	33.72364	-132.86566	770.8554	73.29864	892.7331	611.7674	1000.0	1000.0	755999	248.4643	29.222847	281.34085	43.07053	248.46436	29.222555	285.10284	41.062805	-4.145744	2.831072	29.728596	-21.132866	904.027	8.622065	88268.40057063103
190	900.7952	22.142189	925.5733	848.99036	116.90827	25.889189	147.84497	91.230545	96.97611	12.435084	113.78211	74.91238	-38.750187	67.34815	44.135113	-131.60262	78.15808	82.70677	191.98009	-40.372066	997.7713	28.052168	1039.3555	946.5361	1000.0	1000.0	759999	249.26346	29.550968	282.8846	44.30759	249.2636	29.55195	283.80377	43.0819	-4.2575254	2.8087902	22.645002	-19.662598	885.12573	8.5636425	88675.7569360733
191	870.8493	74.51769	980.9227	759.995	133.55344	64.296036	200.0862	57.986687	36.275444	16.827553	71.57438	8.310848	-145.6445	38.097145	-105.72757	-191.77637	-12.091076	82.8172	94.35863	-133.78969	907.1247	68.15232	1003.8935	807.84814	1000.0	1000.0	763999	248.99493	29.949606	281.69516	44.11383	248.99516	29.949305	281.9253	46.652294	-4.324555	2.7660112	29.041397	-18.20595	880.8139	8.921012	89082.89985537529
192	649.18726	29.297064	711.61053	594.6336	103.77788	59.73327	195.3712	32.48218	61.821136	9.534489	75.90439	46.293995	-192.27896	71.105545	-79.32033	-269.5443	-88.50109	70.26086	-2.9226775	-158.68384	711.00836	29.03336	761.05255	649.16815	1000.0	1000.0	767999	247.93704	30.012754	281.39844	50.363537	247.93684	30.013523	282.2086	52.315342	-4.3361773	2.7737453	27.637905	-18.523043	885.5361	8.816577	89492.8004231453
193	811.1906	26.80098	843.31964	760.24146	131.98677	32.57513	167.97493	93.416695	-13.733157	21.538391	29.159578	-43.883175	-219.3301	92.23119	-69.733444	-300.97382	-87.34332	78.466255	23.683249	-183.58902	797.4574	40.818172	853.6472	724.32404	1000.0	1000.0	771999	247.4186	30.185057	279.4973	47.71156	247.41875	30.18382	283.72775	52.18943	-4.2415233	2.8255239	33.8325	-20.075111	877.253	8.582347	89901.85093045235
194	752.2118	58.223984	850.0479	634.50714	172.56627	50.70594	247.66737	104.63914	61.353554	38.06379	148.55913	19.591936	-137.67195	25.144365	-115.45105	-179.52905	34.894302	53.294987	113.09114	-16.492332	813.5653	78.958984	950.91724	654.1439	1000.0	1000.0	775999	247.38174	30.390112	281.76077	50.88283	247.38177	30.391037	283.7622	52.251896	-4.1131372	2.8367267	56.144497	-20.289223	878.97656	8.461035	90309.49138402939
195	784.95105	19.229805	810.5135	742.4751	94.80327	24.12594	123.6016	56.805054	-91.53125	18.888395	-59.91725	-119.36475	-145.0823	32.44526	-110.25227	-189.38075	-50.27904	24.311653	-21.212612	-87.455956	693.4198	32.306847	734.7034	623.11035	1000.0	1000.0	779999	248.08896	30.098764	282.30273	50.801105	248.08904	30.098175	281.4712	47.56873	-4.2292223	2.7848358	36.03122	-21.754227	880.1832	8.558053	90716.80376434326
196	800.73444	16.533703	837.4586	782.39075	117.0619	27.700117	138.55154	69.484055	-2.6112869	17.101286	36.230415	-22.291813	-124.6902	80.320404	11.96173	-194.6854	-7.628311	99.57051	150.51328	-125.20133	798.1231	26.043758	845.83276	760.0989	1000.0	1000.0	783999	248.74274	30.56081	283.25986	52.090202	248.74274	30.562294	282.94196	52.039318	-4.127502	2.8289354	24.536943	-19.622828	883.7661	8.699574	91126.25539302826
197	961.9878	27.157541	1010.394	928.5457	156.20947	42.36493	198.51308	101.98557	170.9846	32.91507	242.15446	133.1513	-30.473717	87.9053	109.34888	-132.60121	125.73576	97.50569	237.03462	-30.615639	1132.9724	47.768833	1215.9254	1081.5409	1000.0	1000.0	787999	248.96967	30.294245	283.5631	52.316742	248.96957	30.294098	284.21478	51.521812	-4.1981688	2.802592	30.620613	-20.62888	876.851	8.711016	91534.73408508301
198	857.5257	67.296165	958.31384	731.7818	134.44008	26.043205	175.54256	107.7984	67.71188	83.84253	184.25531	-81.56771	-90.11349	102.924164	34.269753	-251.02647	44.32659	105.70232	142.06816	-134.04529	925.2375	143.15276	1089.2843	650.2141	1000.0	1000.0	791999	248.38428	30.21908	280.7359	55.040535	248.38441	30.220171	281.5225	53.779198	-4.253572	2.7982004	42.56487	-18.775326	855.2946	8.391658	91942.93308353424
199	790.2188	74.19653	917.382	647.0526	74.21844	71.86376	140.58243	-40.137825	22.960825	68.2921	123.57548	-70.56781	-103.5771	58.36445	-43.87485	-199.64915	-29.358664	128.85808	86.15511	-239.78697	813.1797	127.97407	1000.1658	576.4848	1000.0	1000.0	795999	247.91702	30.358946	281.96082	52.25234	247.91696	30.359251	288.7353	49.937954	-4.226738	2.7962472	59.680523	-19.1339	843.2201	8.538058	92351.13445210457
200	730.6183	53.08561	837.369	657.58325	-137.22552	87.57782	-51.02746	-245.42638	222.16801	37.35452	294.88174	166.63878	-224.78343	47.463535	-145.84982	-270.7027	-362.00897	53.78476	-300.28934	-434.7097	952.78625	83.926476	1132.2507	830.57153	1000.0	1000.0	799999	247.9702	31.295467	281.6282	53.55426	247.9702	31.295044	284.9243	54.699795	-4.087761	2.8503017	40.33337	-21.594269	837.53577	8.598116	92758.2764365673
