Epoch	AverageTestEnv0Ret	StdTestEnv0Ret	MaxTestEnv0Ret	MinTestEnv0Ret	AverageEnv0Ret	StdEnv0Ret	MaxEnv0Ret	MinEnv0Ret	AverageTestEnv1Ret	StdTestEnv1Ret	MaxTestEnv1Ret	MinTestEnv1Ret	AverageEnv1Ret	StdEnv1Ret	MaxEnv1Ret	MinEnv1Ret	AverageEpRet	StdEpRet	MaxEpRet	MinEpRet	AverageTestEpRet	StdTestEpRet	MaxTestEpRet	MinTestEpRet	EpLen	TestEpLen	TotalEnvInteracts	AverageQ1Vals	StdQ1Vals	MaxQ1Vals	MinQ1Vals	AverageQ2Vals	StdQ2Vals	MaxQ2Vals	MinQ2Vals	AverageLogPi	StdLogPi	MaxLogPi	MinLogPi	LossPi	LossQ	Time
1	85.74499	77.71999	281.0537	-28.787285	-347.22675	27.766356	-302.4822	-373.71332	115.88411	37.459904	196.8546	43.18059	-348.52673	23.234879	-308.86896	-368.0512	-695.7535	38.78376	-654.89044	-741.7645	201.62912	101.637596	477.9083	94.078575	1000.0	1000.0	3999	10.436661	6.0899267	45.92138	0.018908694	10.436692	6.093157	47.93514	0.14055312	-9.3468275	2.158074	8.983896	-19.288286	40.064877	1.2441304	112.53735303878784
2	-924.0868	45.655838	-831.81116	-1010.6581	-326.7976	30.671865	-280.95505	-360.18713	-1001.1056	72.61453	-863.0685	-1114.1265	-292.60822	59.421093	-224.55885	-352.50082	-619.4059	53.59908	-560.209	-700.8402	-1925.1921	66.97819	-1810.0436	-2016.0367	1000.0	1000.0	7999	36.991337	11.55176	103.22057	3.525758	36.99158	11.554636	101.99329	3.172861	-4.6887183	4.2005057	20.102242	-20.933695	126.031	4.226363	275.0766348838806
3	162.60129	72.07415	323.97855	37.41886	-382.44693	305.30063	-27.551931	-787.23303	85.423225	53.387585	169.72356	6.553526	-397.20816	326.1403	-74.93189	-922.9303	-779.6551	627.2941	-102.483826	-1710.1633	248.02454	112.22502	443.1588	43.97239	657.2	909.4	11999	77.174164	13.026549	148.08833	16.997866	77.17486	13.035471	147.39682	6.419136	-2.142627	5.3166213	38.913635	-22.703793	252.68938	11.96783	435.8013210296631
4	650.92755	12.080536	672.93835	635.25775	-611.9144	68.35849	-527.6725	-705.03186	427.62897	27.76745	460.11215	369.3514	-668.9586	49.285053	-608.8908	-721.21484	-1280.8729	116.62419	-1136.5632	-1426.2467	1078.5564	36.517258	1123.3352	1004.60913	1000.0	1000.0	15999	84.45755	8.17018	142.61687	3.606174	84.45805	8.18591	143.24474	1.3877656	-8.153984	2.71154	26.158535	-20.688366	269.32028	10.46539	592.6213788986206
5	705.5636	33.22726	741.34204	649.498	-431.64008	51.354282	-344.2794	-470.34396	507.8625	69.74182	629.0683	406.7573	-483.32083	60.90899	-415.91193	-558.3895	-914.96094	94.50251	-775.6506	-1025.2076	1213.4261	87.55594	1337.3147	1058.0355	1000.0	1000.0	19999	77.1477	7.829197	140.68011	0.94651055	77.14809	7.8430204	140.90512	0.91140366	-8.928769	2.1573446	28.06989	-19.62579	244.85068	8.397974	746.5972888469696
6	716.298	30.936295	765.23724	668.893	-352.4503	71.56471	-231.2357	-415.26773	533.0893	26.60618	563.7546	472.29294	-392.80377	10.56803	-376.72192	-406.0797	-745.254	79.94474	-607.95764	-807.48456	1249.3873	47.985897	1310.81	1165.9346	1000.0	1000.0	23999	71.80329	7.4919906	134.58495	0.95300186	71.80372	7.505197	134.97011	1.0036753	-9.163925	1.9457885	19.24101	-20.35873	227.71556	7.545132	905.1706402301788
7	748.3809	45.039917	817.79236	637.58624	-246.90717	32.78665	-203.62401	-284.28314	609.8245	84.13457	777.1485	525.4483	-316.9418	61.590763	-228.37802	-390.10898	-563.849	89.88826	-455.74414	-674.39215	1358.2054	93.556435	1568.7325	1264.784	1000.0	1000.0	27999	68.67223	6.9492664	128.85966	1.0283673	68.67257	6.9635406	128.54889	1.0811082	-9.306741	1.8123649	43.433117	-20.271818	216.82828	6.775538	1060.960448026657
8	758.26416	41.335747	797.5491	647.9742	-194.24057	99.133736	3.4829633	-252.01494	644.34985	68.486885	717.54205	524.8928	-211.07687	104.09455	-11.358553	-288.57205	-405.31747	200.85162	-7.87559	-538.8075	1402.614	72.67924	1485.8312	1277.7375	804.8	1000.0	31999	67.51872	6.700308	123.15656	1.1042713	67.5192	6.712296	119.00499	1.1575024	-9.350025	1.7511656	26.227245	-21.77184	212.72752	6.4804354	1222.7001729011536
9	644.7607	62.855453	759.646	584.1353	-243.26659	19.958063	-212.62868	-268.56003	399.38565	129.16182	623.5874	132.2439	-197.17227	22.025543	-171.4972	-230.71361	-440.43884	14.097928	-416.89938	-453.8831	1044.1465	139.6055	1246.7452	716.3792	1000.0	1000.0	35999	67.918724	6.7277184	117.20421	1.181049	67.91871	6.7394323	114.494995	1.2305373	-9.335051	1.73731	30.511246	-20.575119	214.16821	6.328712	1381.0747737884521
10	775.6457	85.30255	878.78595	558.923	-181.98514	41.64943	-132.96202	-232.37582	793.0431	69.620995	885.8505	671.3251	-178.78955	50.93543	-113.49219	-253.26463	-360.7747	91.2199	-246.45421	-485.64044	1568.6887	87.5816	1712.6819	1404.8939	1000.0	1000.0	39999	69.41959	6.7492323	115.67594	1.2446907	69.41957	6.7566886	113.9167	1.298351	-9.35624	1.7113146	20.943333	-22.655342	218.26793	6.0520024	1541.3138175010681
11	678.80615	112.88322	874.3854	502.46747	-180.50311	27.11011	-161.98044	-227.30124	738.76794	54.883244	825.12286	644.8668	-211.88733	19.88563	-190.84879	-236.34071	-392.3904	23.197565	-355.7998	-418.15002	1417.5741	157.79616	1688.4813	1183.4451	1000.0	1000.0	43999	71.582375	6.931287	114.1892	1.3208961	71.58312	6.9364734	115.83376	1.3741527	-9.369799	1.6789786	35.876995	-18.704788	225.02603	5.8525314	1712.2763619422913
12	748.09924	83.007095	847.7477	599.9	-122.99519	23.10617	-90.204704	-154.67513	768.4825	84.2803	899.08496	581.7453	-152.37695	41.681656	-95.431114	-210.22841	-275.37213	22.170084	-250.10623	-300.4331	1516.5818	127.81301	1734.2103	1241.1956	1000.0	1000.0	47999	74.09248	7.269751	116.458916	1.4419872	74.09287	7.2740016	114.741646	1.4721504	-9.34495	1.6877178	17.482067	-20.97603	233.21236	5.968218	1931.3804152011871
13	657.63025	62.98398	827.77155	592.89	-115.98915	63.481316	-3.2218823	-196.05125	666.6414	80.592766	875.84784	597.83136	-23.600445	38.351852	42.069942	-74.136185	-139.5896	61.780983	-18.861858	-191.76863	1324.2717	137.69888	1703.6194	1239.5043	805.2	1000.0	51999	77.1024	7.551067	110.05107	1.4678335	77.10314	7.550244	109.07657	1.5183486	-9.27388	1.7266756	27.957012	-22.441807	242.21204	5.987451	2141.2157170772552
14	634.4311	84.54229	793.5921	521.9265	-117.27913	62.160175	-26.11764	-208.53134	733.44354	30.229174	788.5035	676.6042	-78.92994	33.757233	-27.44575	-119.11341	-196.20908	84.63789	-53.56339	-287.6616	1367.8746	94.74115	1553.2949	1247.2369	814.6	1000.0	55999	80.185715	7.9333653	110.77703	1.537469	80.186035	7.9365706	113.31215	1.5859449	-9.253392	1.7196394	29.331718	-19.509192	251.7641	6.2860518	2340.8081483840942
15	664.1932	28.891247	724.9809	622.14935	-124.48796	105.0266	-33.406914	-303.18695	601.8245	90.60591	766.7126	432.83112	-80.43763	60.36721	4.437703	-162.06493	-204.9256	160.19986	-28.96921	-465.25186	1266.0177	105.170555	1491.6935	1091.6073	1000.0	1000.0	59999	83.2168	8.468997	116.89735	1.608289	83.21734	8.47035	119.10856	1.6576266	-9.213064	1.7178886	15.062813	-20.24305	261.95078	6.5437064	2534.6114716529846
16	520.83875	26.348377	570.96375	487.1018	-47.03927	73.16531	76.48217	-142.72679	818.51666	10.636817	836.9406	802.0602	-93.61147	55.31072	-23.658197	-153.57072	-140.65074	82.75337	-69.423225	-296.29752	1339.3553	23.838007	1383.4814	1305.5233	818.2	1000.0	63999	86.21617	8.939123	126.78372	1.6697582	86.21666	8.943976	126.285194	1.7169594	-9.150067	1.7747211	30.76079	-19.751059	270.9827	6.834181	2732.1538076400757
17	517.2474	49.280815	613.95276	456.0558	-39.93865	59.856495	61.375305	-101.45587	643.3838	31.80707	686.9148	595.66205	-71.71057	65.050186	15.764608	-177.24843	-111.649216	116.50251	77.139915	-276.4679	1160.6311	26.925083	1210.2457	1118.0779	882.2	1000.0	67999	89.01053	9.502509	139.67819	1.7337664	89.01094	9.507623	142.27156	1.7804317	-9.046086	1.8210282	22.449936	-21.531628	279.9877	7.3682694	2953.1303243637085
18	751.929	52.466213	890.12994	700.41583	-83.14404	19.788824	-51.532623	-102.05093	681.37585	60.807304	823.7506	582.2595	-46.74356	14.567384	-30.237478	-63.59291	-129.8876	32.331474	-86.012726	-161.11841	1433.305	108.444145	1713.8806	1282.6753	1000.0	1000.0	71999	91.77667	10.075739	167.96826	1.7903748	91.77725	10.080626	171.69676	1.836274	-8.987237	1.8817191	23.087288	-20.991814	289.34293	7.800816	3213.4393270015717
19	700.9933	54.173645	803.5846	610.2155	-64.04649	50.118538	-10.349445	-145.11061	543.3954	70.1989	725.50916	469.6637	-42.388336	84.051834	50.32919	-161.37236	-106.43483	131.04674	11.189858	-306.48297	1244.3887	35.974747	1335.7246	1206.6575	1000.0	1000.0	75999	94.37696	11.020988	204.2944	1.8537215	94.37734	11.025331	197.22214	1.8961533	-8.94452	1.9553212	23.621826	-20.932795	297.9131	8.434253	3467.729313850403
20	714.2884	68.1991	797.4348	622.123	-37.58639	41.55869	-3.0875058	-108.1972	468.92667	56.74126	593.25256	408.06998	-69.142075	40.975384	-2.9518404	-104.486565	-106.72847	69.114265	-16.141771	-210.22379	1183.2151	91.64414	1283.2412	1031.1523	1000.0	1000.0	79999	96.6202	12.279774	265.3326	1.5963502	96.62077	12.283808	268.56934	1.9470872	-8.882425	2.1026807	33.4377	-20.123156	303.77234	9.4836	3704.56343460083
21	621.4962	10.791441	641.0046	606.083	-49.78923	18.606909	-18.387754	-67.08672	501.54053	13.25996	521.13544	476.4585	-60.602158	27.47354	-15.86721	-90.58574	-110.39139	32.807705	-72.43335	-157.67245	1123.0369	16.017265	1148.1749	1098.6567	1000.0	1000.0	83999	98.7392	13.751573	302.38745	1.8978252	98.73965	13.751964	304.71695	1.9913069	-8.885334	2.1221375	28.289873	-19.935123	309.1026	10.311387	3942.2283165454865
22	587.15497	42.897667	674.6214	510.2705	-118.517654	64.66121	-45.536205	-222.68828	618.07684	20.116842	646.177	571.2843	-57.469353	56.049232	18.282019	-138.82413	-175.987	92.388725	-27.254185	-267.51984	1205.2318	54.85217	1320.7985	1121.6871	1000.0	1000.0	87999	101.01234	15.980204	329.5895	2.011754	101.01275	15.984252	332.06326	2.043685	-8.83841	2.394764	34.000145	-19.242508	313.64368	12.133504	4174.235390901566
23	596.35016	63.6966	717.6612	468.3407	-180.3872	137.96576	-82.75316	-417.95	570.7121	49.551517	670.7786	506.96194	-235.11792	217.29492	-84.6427	-609.48785	-415.50513	355.25662	-167.39586	-1027.4379	1167.0623	84.4653	1318.8223	1056.1351	1000.0	1000.0	91999	103.34997	18.888386	354.75586	2.0538964	103.35078	18.89065	346.7459	2.1004033	-8.794627	2.468013	39.071304	-20.907234	318.63583	14.098148	4328.985325336456
24	497.3019	205.0166	689.3128	-58.16768	-124.6208	75.72895	-63.330585	-250.53868	553.85065	165.4832	714.7486	148.46075	-106.36128	95.706955	-34.196804	-270.69125	-230.98209	169.21161	-101.610756	-521.23	1051.1525	361.09604	1390.3707	90.293076	1000.0	1000.0	95999	105.41745	19.780767	387.36176	2.1085732	105.41773	19.78333	388.48996	2.1366925	-8.750489	2.6796653	36.16175	-20.308414	324.1523	14.395282	4480.7729461193085
25	155.50333	325.2625	828.6902	-37.40823	-83.4696	60.277172	11.156275	-156.48224	283.71707	276.5411	816.28894	-0.6723262	-98.25572	36.638416	-61.744667	-159.35484	-181.72531	36.2752	-148.19856	-241.72032	439.22037	591.1983	1644.9791	-16.081535	1000.0	1000.0	99999	107.74513	20.425217	429.83582	2.1743248	107.74553	20.428072	432.39746	2.187491	-8.588733	2.9316359	37.174973	-21.26193	330.98648	15.294287	4631.0755026340485
26	474.22787	206.3179	751.38116	226.49733	-149.60132	77.51315	-18.936901	-216.79942	479.7225	243.78627	780.4098	90.7086	-190.61452	136.83063	-54.203632	-413.04977	-340.21582	200.82242	-73.14053	-629.8492	953.9503	406.09543	1513.0752	399.75656	776.5	1000.0	103999	110.09824	22.659246	468.515	2.2258146	110.0989	22.659283	461.91995	2.2499614	-8.599898	3.23632	51.973278	-19.113766	337.3863	18.292221	4783.492102622986
27	283.7655	367.49298	777.9637	-167.5579	-95.105064	59.920284	15.585808	-155.38004	409.82657	372.72195	816.4201	-276.66595	-103.95532	64.57967	0.80908984	-196.38196	-199.06038	113.195694	16.394897	-292.33484	693.59204	720.7376	1512.1139	-426.69473	803.8	1000.0	107999	111.37807	21.874725	429.1304	2.2813735	111.37832	21.875027	443.7252	2.309457	-8.65296	2.907769	31.687012	-19.449112	341.10214	15.876912	4940.877122402191
28	385.88397	236.18956	816.6341	139.49876	-116.59798	18.60485	-90.50805	-142.99585	305.31152	254.95876	613.0953	-185.20992	-162.25883	140.39323	-53.305042	-402.76633	-278.8568	155.71478	-171.61032	-545.7622	691.1955	465.62387	1373.4686	-45.711147	1000.0	1000.0	111999	112.58891	20.504908	405.8156	2.3332043	112.58936	20.503166	409.75598	2.3587239	-8.74276	2.7953048	70.59139	-19.83002	342.98337	14.716763	5099.061611175537
29	328.09125	162.73582	579.52563	68.88405	-108.81481	57.34085	-36.283043	-180.47406	256.79144	228.09686	602.0906	-144.54839	-58.442757	39.732555	-11.96067	-117.83675	-167.25757	82.278885	-71.79085	-298.3108	584.8827	375.58987	1181.6162	-39.61371	1000.0	1000.0	115999	113.51444	18.380186	388.54074	2.4095874	113.51464	18.381899	406.77795	2.4151685	-8.854919	2.5483708	39.63448	-20.464642	344.60205	12.3598795	5250.631906509399
30	438.78046	310.82205	891.442	52.74468	-104.03904	9.211934	-91.866104	-117.82035	429.11523	313.20807	890.09656	34.831417	-92.50426	46.717113	-27.332397	-138.76984	-196.54327	49.665066	-119.1985	-241.86226	867.8958	614.46826	1748.0997	147.36595	1000.0	1000.0	119999	114.75837	16.883545	329.33527	2.466487	114.75878	16.885052	323.5035	2.4839904	-8.930746	2.3769476	29.990646	-21.777065	346.88913	11.23843	5407.910030603409
31	607.387	179.65294	813.50775	307.0043	-87.95507	49.124577	-29.412071	-153.17003	622.3885	179.47035	784.41876	206.08675	-85.714554	44.48601	-21.462648	-141.04752	-173.66962	88.411385	-66.09253	-277.63632	1229.7754	323.11652	1578.1582	692.01587	823.0	1000.0	123999	115.77412	15.436571	287.84442	2.510009	115.77459	15.435027	293.3674	2.5253756	-9.020027	2.1593063	45.155487	-25.668024	347.939	10.0927925	5631.62197470665
32	599.24255	121.973335	763.2597	400.8425	-71.15762	54.295296	-5.2053885	-156.049	468.49176	169.97676	761.2173	124.68916	-29.368954	35.64844	30.178247	-76.19634	-100.52657	54.802383	-19.893074	-186.02548	1067.7343	260.96088	1483.9371	583.72925	808.4	1000.0	127999	116.76028	14.262459	234.63121	2.5659297	116.76072	14.260507	239.70265	2.5751092	-9.072571	1.9609953	39.401905	-20.95197	350.22913	9.366461	5857.225562810898
33	611.84515	43.30725	686.9062	554.02356	-37.673607	59.83578	44.83178	-102.20662	476.74854	35.63127	533.9895	396.06433	-35.01139	37.73143	18.221163	-88.20025	-72.685	88.34977	13.791205	-190.40688	1088.5938	29.07085	1145.9382	1050.6332	1000.0	1000.0	131999	117.89485	13.625771	183.98714	2.6187792	117.89515	13.626117	184.11801	2.6254003	-9.060854	1.8800898	62.308002	-20.315329	356.66705	8.722941	6052.041983127594
34	414.98773	104.247856	579.2529	265.50186	-53.416977	20.96842	-20.068083	-76.614655	549.8592	78.57613	681.1374	454.01907	1.7534118	64.86596	113.16681	-44.808517	-51.663567	59.686996	49.340652	-98.72672	964.84686	154.81166	1196.6384	759.7065	1000.0	1000.0	135999	119.18404	13.657691	169.5852	2.682041	119.18417	13.658939	168.60832	2.68682	-9.035873	1.8575091	56.7554	-20.532648	360.6933	8.253362	6207.332273721695
35	662.9342	37.729874	743.85596	605.97833	-20.301006	30.772776	32.976673	-61.6321	563.14557	58.39566	705.20197	498.14072	22.090765	26.296026	50.845245	-24.428802	1.7897583	48.28022	76.079735	-58.36469	1226.0797	72.914825	1341.8253	1132.1125	804.0	1000.0	139999	120.74596	13.837796	155.04988	2.7071836	120.74648	13.839624	154.0002	2.7110748	-9.010699	1.8321538	44.016666	-19.788616	363.48483	7.9044533	6366.520970106125
36	576.0978	83.355095	689.3621	452.69705	-17.387182	36.317474	16.791723	-75.60899	645.7025	178.2742	895.7271	413.3818	20.168257	18.421299	37.53999	-8.894718	2.7810774	40.306503	54.331715	-58.039066	1221.8	205.87573	1533.066	914.34503	1000.0	1000.0	143999	122.35388	14.172893	155.30173	2.7530742	122.35403	14.172093	155.34059	2.7592566	-8.973409	1.8385993	32.23362	-20.507536	365.37686	8.010015	6527.42450094223
37	605.9335	19.984114	634.0011	575.67126	15.885762	33.729744	66.20676	-14.534442	604.2847	36.91117	653.5938	546.9057	7.5493517	17.442081	32.51966	-10.992324	23.435114	37.073597	70.57521	-24.729452	1210.2181	56.06534	1287.595	1126.2147	840.4	1000.0	147999	123.84455	14.481485	156.16216	2.798013	123.84467	14.483557	156.46083	2.7917385	-8.91359	1.8518001	64.50681	-20.518267	370.08517	8.023109	6722.986862897873
38	701.01416	53.596096	757.8063	604.8886	-29.100353	59.994972	59.882217	-93.2202	747.59924	65.0397	860.4249	645.8423	15.11067	41.56627	48.320282	-55.881012	-13.989681	93.264206	99.10785	-149.10121	1448.6132	112.874245	1616.5405	1257.9353	1000.0	1000.0	151999	124.94519	14.857345	155.44887	2.8346498	124.94503	14.859625	162.5381	2.830614	-8.927155	1.8362966	57.35722	-20.343588	373.72787	7.966703	6880.417143821716
39	699.83	85.41684	870.9162	620.05566	-16.724102	38.82629	29.475965	-74.563354	701.6896	81.903015	887.4827	631.6263	46.462822	37.04516	95.82511	-6.52183	29.73872	35.002872	88.677124	-1.8963253	1401.5194	164.34666	1735.5139	1257.3486	1000.0	1000.0	155999	126.31798	15.11763	159.6856	2.8753703	126.31834	15.118224	171.7307	2.873044	-8.877663	1.8585719	44.7832	-20.186485	380.81958	7.644784	7036.757113933563
40	731.70447	58.56063	790.07605	602.74506	8.793324	15.850169	28.11174	-16.010468	706.41974	81.53342	917.16974	619.0548	30.275892	31.473766	69.40327	-5.6895056	39.069218	35.560646	97.51501	4.9987016	1438.1243	125.39151	1707.2457	1277.4266	1000.0	1000.0	159999	127.52371	15.3907795	163.52713	2.9117577	127.52407	15.390151	168.26675	2.901821	-8.860981	1.8598485	49.69288	-22.201252	385.2612	7.8742485	7188.539994716644
41	681.75037	20.187332	726.4065	653.8854	33.954964	15.018217	59.723877	22.792608	710.1919	121.059364	952.413	601.0634	83.4669	32.89163	130.26935	41.825455	117.42187	33.869164	158.77531	64.618065	1391.9423	114.762825	1615.58	1255.3153	1000.0	1000.0	163999	128.565	15.679271	168.35646	2.9488125	128.5653	15.680473	168.39294	2.9472165	-8.852685	1.870818	64.51863	-23.046751	388.21582	8.043521	7346.147520780563
42	640.9394	109.8224	788.40015	471.20126	31.873825	29.565384	66.92767	-0.4677169	745.4899	79.126366	870.08734	587.5787	29.379509	55.978657	109.18142	-29.87288	61.253334	71.59333	176.10909	-16.32086	1386.4292	136.74144	1631.3368	1191.2036	1000.0	1000.0	167999	129.61536	15.942069	178.76598	2.9761472	129.61528	15.943683	177.18742	2.9682558	-8.847955	1.8514572	35.554188	-20.409811	390.08957	7.796846	7587.697902679443
43	655.194	69.92431	780.5277	586.2859	19.374956	36.181923	57.53239	-32.38427	727.3368	75.024376	936.4245	666.3587	37.630028	34.09265	83.37476	-11.306185	57.004986	66.502686	140.90715	-43.690453	1382.5306	136.134	1699.4294	1252.6445	1000.0	1000.0	171999	130.51067	16.199265	181.19096	3.0137749	130.51083	16.199526	178.15672	3.0005317	-8.820754	1.8819287	50.38289	-21.94207	392.3562	7.8424816	7831.267782688141
44	764.5541	83.4808	892.1294	633.8316	35.620323	6.0199304	41.30021	25.485558	706.51074	172.9888	876.7114	372.99255	-22.269297	69.1604	82.74372	-93.48186	13.351027	69.928	124.04393	-55.808308	1471.0648	249.36305	1708.1042	1006.82416	1000.0	1000.0	175999	131.2356	16.543232	170.46407	3.0432532	131.23586	16.542246	173.96262	3.0350626	-8.817004	1.8460175	37.491047	-21.383343	396.85275	7.6755223	8028.693688631058
45	630.1185	113.6692	753.64624	373.4262	40.761517	33.78374	69.495514	-14.406661	761.8392	97.58614	922.8667	585.52344	61.09637	21.30876	86.02095	30.324263	101.857895	51.58473	153.16792	15.917602	1391.9578	181.04703	1613.0859	958.94965	1000.0	1000.0	179999	132.1791	16.764124	165.95006	3.0749578	132.17892	16.765078	167.81657	3.0641513	-8.809589	1.8540713	37.280624	-21.99532	399.67245	7.5981965	8200.129898786545
46	726.27386	129.48448	902.0215	508.30258	-18.720875	35.79935	28.041523	-68.05644	736.249	103.947334	903.6481	556.7194	-6.8147874	41.481678	29.75971	-74.32002	-25.53566	72.72911	57.801235	-142.37646	1462.523	213.69672	1744.2255	1175.5608	1000.0	1000.0	183999	132.9406	17.104616	163.6398	3.110318	132.94093	17.105232	161.82243	3.0948815	-8.752008	1.8701195	54.129807	-21.318655	400.41977	7.9012537	8377.396771669388
47	490.52628	24.846457	537.2066	444.35263	55.149216	13.026625	74.267265	37.828484	595.0564	58.544964	763.534	550.9599	15.204619	50.366295	64.45494	-63.466106	70.353836	61.55283	138.72221	-25.63762	1085.5828	76.96963	1300.7406	1017.2286	1000.0	1000.0	187999	133.5612	17.570658	160.00218	3.139088	133.56105	17.572979	160.56975	3.1292572	-8.724548	1.8823651	82.23143	-20.55846	400.98233	7.911986	8558.931794643402
48	589.54254	129.97598	885.6648	422.0062	51.171112	32.525467	93.19736	1.9127797	734.2908	91.64266	910.452	586.2884	101.63606	27.197071	129.02205	56.93929	152.80717	54.977886	197.96172	58.85207	1323.8333	196.15393	1734.7262	1008.29456	1000.0	1000.0	191999	134.0979	17.95811	159.50917	3.1648252	134.09787	17.960573	159.40475	3.153271	-8.725004	1.8804524	43.613422	-20.016895	400.19586	7.917227	8777.271486759186
49	770.3037	24.448935	828.53784	742.09424	97.81488	12.673415	108.8802	76.4632	675.8009	91.12479	832.8594	595.0645	149.2097	34.687817	179.6975	92.34131	247.02458	46.67348	288.5777	168.8045	1446.1044	104.93778	1630.5	1357.5814	1000.0	1000.0	195999	134.27112	18.763075	159.88606	3.1913037	134.27094	18.763851	161.3531	3.1813817	-8.845551	1.7141224	60.716248	-22.046741	401.85495	7.9621058	9019.940304040909
50	716.6514	42.935265	776.7345	642.5376	117.206154	20.331455	150.21002	96.43949	684.7945	73.9817	836.3613	587.06415	66.42407	52.00073	147.99739	7.1579666	183.63022	62.436085	264.47418	103.59746	1401.446	47.783447	1536.9071	1363.7987	1000.0	1000.0	199999	133.78828	20.095287	159.39485	3.2079651	133.78825	20.09902	160.35368	3.1997223	-8.789988	1.7518094	73.52793	-20.993275	400.0519	8.571657	9281.728469133377
51	745.1405	45.11859	812.57556	645.42316	80.92824	63.402462	162.6806	-1.8745178	579.797	78.74545	675.168	397.26404	84.79518	52.466534	130.50397	1.7652128	165.72342	114.285866	293.18457	-0.10930508	1324.9375	118.23142	1455.7079	1042.6873	807.8	1000.0	203999	133.63084	20.998487	159.7243	3.224203	133.63087	20.999266	160.56635	3.2150009	-8.771859	1.7564884	72.96394	-24.980623	396.22287	8.376244	9523.525832653046
52	679.7102	55.691605	747.53345	572.4585	87.735756	11.78215	97.02226	67.524254	680.5863	55.67083	793.50055	595.5927	67.30258	18.719862	93.074	40.803814	155.03833	20.159204	185.61862	134.65569	1360.2966	70.92372	1541.0339	1276.7594	1000.0	1000.0	207999	133.7187	21.54093	160.98715	3.2387064	133.71834	21.54418	163.47249	3.2306988	-8.769905	1.7330667	38.55037	-21.752851	396.09583	8.352996	9751.96567106247
53	674.3888	119.102776	921.8244	558.34375	73.01316	56.17579	143.12337	-2.9373958	703.9775	56.681076	776.9311	625.7811	90.69165	50.232265	143.38222	27.024672	163.70482	84.372574	286.50558	53.223072	1378.3663	126.16176	1698.7555	1287.4855	1000.0	1000.0	211999	133.95511	22.004921	163.73933	3.2544706	133.95518	22.006918	160.53905	3.2484264	-8.756615	1.7564838	36.198597	-21.127731	394.84747	8.537666	9946.862030982971
54	656.47815	84.88558	827.9001	500.92288	112.11867	34.5798	152.56155	58.117	754.7746	146.73405	884.72174	456.7872	152.71098	32.65377	204.42297	115.86716	264.82965	48.615997	314.9747	195.55342	1411.2527	164.47885	1579.436	988.12476	1000.0	1000.0	215999	134.08029	22.48883	163.68958	3.2747371	134.0802	22.491129	162.34323	3.2686698	-8.709408	1.765195	40.69349	-21.814476	397.17194	8.581809	10142.522896289825
55	739.9424	67.43673	864.72	654.35156	110.6164	36.63355	173.99133	87.54678	864.8582	55.38787	951.9638	750.1828	151.00645	64.22102	250.30371	71.07243	261.62286	71.04362	342.66733	158.61922	1604.8007	71.50347	1719.9696	1486.3961	1000.0	1000.0	219999	134.46922	22.636303	163.25652	3.2914407	134.46898	22.639185	164.72043	3.287148	-8.712608	1.7763641	30.932068	-21.845287	398.93497	8.434871	10336.447452306747
56	805.3336	36.166145	878.2871	751.6118	93.20048	10.908995	110.65465	82.096886	532.7035	66.32294	676.25494	468.40793	96.02096	31.639803	145.5997	57.493313	189.22144	33.440365	231.88846	139.5902	1338.0371	96.8416	1554.5421	1253.8845	1000.0	1000.0	223999	134.92715	22.890322	165.01443	3.31113	134.92703	22.892538	164.93265	3.3069904	-8.71036	1.7821366	22.272287	-20.721687	397.57608	8.476906	10529.637908220291
57	582.4011	103.82652	718.4241	353.53467	125.16993	31.49827	173.35922	85.66152	485.25787	67.01722	672.1739	425.2047	98.22742	29.362553	136.46289	60.065018	223.39734	16.10013	240.19087	197.84984	1067.6589	145.52374	1390.5979	817.30927	1000.0	1000.0	227999	135.24059	23.247503	170.12233	3.339171	135.24066	23.248798	173.78563	3.335198	-8.721185	1.7723576	53.898293	-20.092216	396.97507	8.484274	10725.609108448029
58	722.7851	51.476902	831.08435	644.68365	153.39096	32.93746	204.91748	121.15037	305.8072	45.092445	373.55414	253.09315	112.10972	32.23156	154.2387	64.36196	265.50067	34.98595	313.31702	223.26074	1028.5923	53.981426	1114.334	958.33264	1000.0	1000.0	231999	135.49393	23.454575	169.691	3.3532326	135.49368	23.456816	168.73615	3.3530605	-8.723311	1.8243005	264.795	-19.619843	397.3998	8.617384	10922.692479610443
59	640.845	117.34786	815.81445	452.74963	117.92166	18.349047	144.93071	95.1157	649.6942	43.69229	710.7407	550.77594	148.12122	87.45815	294.3714	80.31524	266.04288	80.062294	403.54636	203.68587	1290.5392	143.45248	1505.7609	1103.8661	1000.0	1000.0	235999	135.77335	23.545547	169.62405	3.373926	135.77321	23.546843	169.58601	3.3743556	-8.724461	1.7804255	56.143986	-19.812628	397.97348	8.576212	11207.487506628036
60	682.2942	75.648605	805.46423	551.1747	156.97455	45.958336	231.57552	118.91964	624.99384	178.47563	924.9815	354.58755	88.09622	24.504025	121.81924	60.541557	245.07077	53.647446	332.18024	188.339	1307.288	242.71086	1703.22	1013.8317	1000.0	1000.0	239999	136.1624	23.520458	167.6943	3.400488	136.16241	23.521364	167.15195	3.4005618	-8.663675	1.7840015	33.4319	-21.019043	396.22153	8.488276	11500.498714208603
61	810.2878	79.58442	918.3235	654.34717	127.15704	63.034214	215.21092	58.141594	690.9364	68.539215	766.1812	539.76196	126.04828	24.82129	158.44026	91.12542	253.20532	69.17741	332.7181	149.26701	1501.2242	121.019646	1657.6978	1299.3544	1000.0	1000.0	243999	136.62694	23.598236	172.54544	3.4276373	136.6271	23.598928	173.02586	3.4282196	-8.672663	1.7987562	85.80229	-20.878143	395.96533	8.463027	11718.576706886292
62	664.394	56.30958	743.3804	593.39386	104.943054	17.428759	118.95628	75.40754	659.5044	141.10843	915.9008	399.6144	102.92933	39.5064	150.29008	45.74722	207.87239	31.240328	245.26192	162.04715	1323.8984	159.54277	1659.2812	1047.0872	1000.0	1000.0	247999	137.17838	23.505138	171.24146	3.45316	137.17825	23.50623	173.9003	3.4495602	-8.646547	1.7888355	78.827774	-20.367338	395.58804	8.425394	11914.203400373459
63	693.60315	42.22702	773.26105	642.5587	138.33882	30.584894	183.93942	100.200714	642.5077	47.7843	772.6649	598.5883	89.29111	46.454372	151.9215	25.187574	227.62993	66.51848	296.01508	150.30916	1336.1107	71.40625	1545.9259	1288.0227	1000.0	1000.0	251999	137.64343	23.398241	171.7953	3.4805698	137.64351	23.398909	172.52966	3.4807162	-8.67698	1.7912567	48.16726	-20.419577	390.96494	8.517296	12106.603947401047
64	731.2113	57.069107	857.2433	645.87897	89.215996	68.57513	136.91725	-28.776453	678.8495	94.177216	861.8533	549.55457	138.10165	28.587471	172.33757	99.764175	227.31766	91.48084	294.65808	70.987724	1410.0609	132.79945	1629.3066	1225.5331	1000.0	1000.0	255999	138.0249	23.4453	171.04132	3.504751	138.025	23.445591	170.4687	3.5027244	-8.598482	1.8034285	73.52952	-21.271557	393.32416	8.55009	12296.274636745453
65	722.8976	99.45338	869.2829	579.1559	70.99665	92.446884	204.49905	-27.222347	479.10358	139.55399	712.8657	272.7672	92.21887	24.919691	119.821266	51.92814	163.21552	98.73729	324.3203	68.321465	1202.0012	236.24474	1582.1486	851.92303	1000.0	1000.0	259999	138.36232	23.393055	174.16478	3.5349708	138.36223	23.394508	170.54831	3.5261016	-8.619956	1.7928438	58.733665	-20.54789	392.33624	8.70092	12483.560443401337
66	689.9889	117.92448	807.45624	416.07077	82.81204	62.109753	160.52823	-0.40035638	740.1817	129.2895	881.916	487.4047	123.93196	74.90093	179.69794	-4.764454	206.74399	126.019775	313.55768	-5.16481	1430.1705	233.2033	1674.0685	903.47546	1000.0	1000.0	263999	138.4452	23.483528	175.06464	3.558526	138.44531	23.483635	176.19795	3.556151	-8.61816	1.8034916	73.26538	-20.427647	389.30386	8.601646	12667.326572656631
67	773.01105	56.827435	872.59	688.1974	138.59332	19.933626	167.7331	112.00446	688.475	46.845936	742.0809	576.3044	114.59477	43.496025	186.02177	72.18813	253.18811	47.869396	319.4634	184.1926	1461.486	94.06006	1614.447	1283.3566	1000.0	1000.0	267999	138.7762	23.478813	176.69408	3.5873194	138.77641	23.479517	176.14786	3.583898	-8.616729	1.8075958	106.605156	-23.068783	384.40524	8.677867	12849.395238161087
68	865.1326	20.023455	893.6112	832.94867	112.59298	29.567009	135.07802	62.33358	773.39514	84.965416	964.2946	655.63873	119.787224	51.42035	206.73674	76.39428	232.3802	72.271996	341.81476	138.72786	1638.5277	93.061775	1845.3658	1495.4084	1000.0	1000.0	271999	139.26553	23.539865	176.41518	3.6162093	139.26572	23.540659	180.42514	3.6147454	-8.656153	1.7983253	102.464676	-20.642048	386.10934	8.62759	13030.469725370407
69	825.22296	20.11557	877.4466	799.0862	117.36655	52.555885	154.57574	27.32874	715.2669	33.220722	754.29224	657.55365	155.49709	12.482499	167.33525	135.98712	272.86365	56.94287	321.91098	180.6185	1540.4897	43.172512	1631.7388	1479.996	1000.0	1000.0	275999	139.5798	23.6526	173.94327	3.6430583	139.58015	23.653019	179.23868	3.6396365	-8.585603	1.8119658	58.030113	-21.478037	389.19193	8.796664	13211.343729019165
70	737.15466	22.867012	790.655	715.3253	169.3609	48.503864	222.82092	96.432274	711.20154	44.813255	754.7428	589.1621	116.73184	19.580666	146.47021	92.27282	286.09274	41.392426	315.09375	214.82906	1448.3562	44.741585	1510.4707	1338.5839	1000.0	1000.0	279999	139.9678	23.496237	178.01324	3.6655917	139.96793	23.496479	183.98523	3.6609762	-8.600049	1.8153825	64.2695	-19.881958	387.52536	8.684317	13393.363237857819
71	837.3719	65.30277	926.93744	723.79407	72.78563	69.4922	183.5333	-18.579678	705.6064	233.28682	943.2483	122.79678	82.964195	53.979126	146.52058	8.929188	155.74983	116.295074	289.81836	-3.5261471	1542.9783	228.91779	1743.7567	963.0825	683.1667	1000.0	283999	140.15436	23.639153	173.94862	3.6955137	140.15451	23.639166	174.8025	3.6894011	-8.603677	1.8068327	77.73949	-20.389462	383.3258	8.82518	13575.609924316406
72	767.36096	118.67607	921.7056	479.81113	118.11224	22.260204	141.71797	93.12817	642.0273	187.75378	901.4474	323.4295	160.46968	19.118736	179.81041	128.83603	278.5819	34.77311	310.76257	221.9642	1409.3884	252.94186	1680.2167	803.24066	1000.0	1000.0	287999	140.57394	23.68925	174.80621	3.73219	140.57382	23.690805	173.96378	3.716858	-8.613105	1.8081713	43.626358	-25.434011	386.67813	8.733946	13756.890568971634
73	692.60034	64.42857	830.44147	562.7328	67.27895	11.520109	81.47814	49.73283	713.14417	137.21614	933.83856	394.38095	137.99121	20.570322	157.70941	106.22627	205.27016	28.781784	226.3145	155.95909	1405.7445	184.39119	1674.6846	957.1138	1000.0	1000.0	291999	140.61412	23.910797	174.68118	3.7493598	140.61433	23.911537	176.10858	3.742833	-8.594058	1.824767	116.715385	-22.278101	393.0694	9.069967	13973.663187980652
74	767.018	57.414173	871.5272	710.8688	134.14587	40.62666	165.4789	66.21548	799.71246	87.30207	975.6248	722.41766	138.80269	20.098984	163.68811	110.117165	272.94855	45.722866	315.30612	197.79372	1566.7303	141.26134	1801.3822	1438.1543	1000.0	1000.0	295999	140.98083	23.767271	176.16328	3.7810955	140.98088	23.768164	175.8464	3.7738123	-8.564205	1.8111466	53.023182	-21.066925	395.19717	8.8000765	14196.60645198822
75	773.42914	16.624681	810.8339	758.0669	107.31009	87.99637	205.32329	-33.645386	745.682	61.789204	848.2032	676.8484	161.28488	27.542957	201.53156	126.02576	268.59497	91.46783	347.28906	116.2289	1519.1111	62.850456	1606.2701	1441.7435	1000.0	1000.0	299999	141.34825	23.574602	179.55818	3.8129325	141.34845	23.576511	180.68198	3.8048017	-8.56417	1.8135461	70.91773	-20.537977	391.02005	8.839789	14417.064069986343
76	736.68604	56.962814	828.7263	637.2493	106.7894	50.49089	151.29366	21.38563	714.2601	88.23565	889.8367	543.9461	123.12993	57.31177	180.17326	28.30159	229.91933	59.14849	302.75928	148.96419	1450.9462	124.6376	1705.3062	1258.5784	1000.0	1000.0	303999	141.50476	23.621597	175.97867	3.8425014	141.50493	23.623192	173.69102	3.832903	-8.625178	1.7904586	36.882145	-21.498072	386.0687	8.629216	14615.932571411133
77	840.80743	16.584196	874.62286	814.6286	133.21967	43.015095	190.97163	79.98457	770.6359	25.659586	815.94415	710.77515	100.79392	41.197342	146.17314	35.71628	234.0136	47.746647	313.87238	191.39317	1611.4434	28.037123	1663.404	1567.7733	1000.0	1000.0	307999	141.78821	23.697643	175.43137	3.8871303	141.7883	23.698261	174.8324	3.877447	-8.58062	1.8104025	54.95449	-21.46626	383.79895	8.978512	14814.61400437355
78	754.1772	31.88021	794.2497	695.1722	155.83102	16.658554	180.79555	136.47733	789.41864	73.92056	955.988	720.23303	142.56961	28.711916	174.25424	97.08178	298.40063	38.99559	334.22592	233.55911	1543.596	63.070587	1711.4517	1470.1918	1000.0	1000.0	311999	141.96733	23.86498	178.04005	3.9003103	141.96762	23.865807	176.34418	3.889823	-8.584948	1.8100959	67.40901	-19.736866	385.31027	8.768969	15012.364488840103
79	856.83875	42.502247	975.03674	821.55414	124.74655	31.867105	149.3548	70.996475	701.555	32.90336	767.9192	636.6913	151.4351	51.36047	225.34029	98.841995	276.18167	71.16873	356.2082	169.83847	1558.3938	66.387955	1716.6143	1481.9562	1000.0	1000.0	315999	142.36528	23.754087	179.99336	3.9232678	142.3653	23.75675	177.50069	3.9123895	-8.574226	1.8085744	43.54256	-20.475147	385.18997	8.854246	15222.039752960205
80	668.54724	52.245415	754.6058	544.5427	122.70308	29.2161	152.24702	75.43163	760.04474	23.328087	796.5674	719.0712	156.46036	21.050741	179.08344	126.57162	279.16342	49.46572	325.39777	202.00325	1428.592	64.87315	1551.1732	1301.1417	1000.0	1000.0	319999	142.63716	23.790508	177.78845	3.95928	142.63727	23.790718	177.28587	3.9450598	-8.592411	1.8032451	60.832954	-21.128593	386.54144	8.976732	15433.439867258072
81	531.779	49.189117	608.4828	473.64737	150.59117	41.616314	202.91359	87.983215	712.1666	71.89862	778.6501	569.54895	120.90357	41.68825	176.86783	59.27325	271.49475	64.39857	343.02728	204.58171	1243.9457	101.145386	1358.8036	1055.5352	1000.0	1000.0	323999	142.95114	23.646523	180.85289	3.9850209	142.95119	23.647614	177.4976	3.975056	-8.562951	1.7982193	31.308002	-20.91285	387.53864	8.915906	15638.022788524628
82	699.54456	137.7099	915.4089	545.5027	122.87842	43.900055	169.71722	56.36644	754.9118	121.7064	952.8986	526.58545	143.51387	91.24543	279.61325	2.2686105	266.39227	132.35527	449.33047	58.635048	1454.4564	251.19014	1868.3075	1112.2141	829.0	1000.0	327999	143.07715	23.726713	178.21701	4.0172973	143.07713	23.729616	177.41	4.0046625	-8.563642	1.8051345	45.92047	-20.576265	388.51605	9.099896	15811.901678085327
83	739.06226	49.35266	801.5682	612.50745	85.150314	25.422743	113.28757	55.99625	781.4946	96.523125	946.8527	668.6629	186.64505	68.188065	257.20068	77.65717	271.79538	81.7718	341.54822	133.65343	1520.5569	118.855865	1744.0026	1368.5896	1000.0	1000.0	331999	143.38199	23.65993	178.55841	4.040983	143.38184	23.660564	177.39363	4.0305696	-8.595764	1.7772002	73.31293	-19.186035	390.12943	8.831979	15984.934532642365
84	716.6731	117.37714	934.14886	597.22034	138.20544	26.396496	163.00322	98.57588	719.31116	95.71018	922.1006	644.0999	151.23788	53.533085	187.29341	59.003666	289.44333	42.917686	334.38315	222.00688	1435.9843	208.65813	1811.1022	1253.8937	1000.0	1000.0	335999	143.69682	23.592785	178.9563	4.076174	143.69708	23.592897	177.48158	4.0705	-8.592839	1.7848264	67.63533	-20.201157	389.473	8.917207	16139.59799361229
85	777.09985	85.70596	945.3923	657.60516	155.09451	38.0142	210.5942	103.22676	817.7916	16.683992	839.4988	784.7655	154.54913	25.674883	197.95062	132.28278	309.64362	49.39423	358.6971	235.50954	1594.8914	99.16235	1775.1818	1442.3707	1000.0	1000.0	339999	144.01242	23.466639	181.7389	4.1047697	144.0127	23.466618	181.7042	4.092105	-8.579148	1.7686806	31.481224	-20.969194	393.21686	8.894149	16289.235253810883
86	836.6969	55.583805	886.9153	688.22614	171.04016	22.729336	195.34552	143.24751	702.9944	51.93709	841.0119	652.43713	171.42621	45.813255	223.87726	122.65485	342.46637	54.67734	415.3323	265.90237	1539.6912	78.21157	1727.9272	1432.3192	1000.0	1000.0	343999	144.20209	23.43419	184.51454	4.1343813	144.20222	23.435446	188.00807	4.1223607	-8.614962	1.782811	53.970314	-20.9831	392.48148	8.829742	16439.14263701439
87	655.29456	80.39465	883.251	589.31476	119.29362	20.646416	145.12907	92.210175	654.2719	47.064407	794.03894	626.5391	163.77966	15.66552	189.31218	150.46536	283.07327	17.70936	309.03708	259.03537	1309.5664	124.70567	1677.2899	1235.5547	1000.0	1000.0	347999	144.35674	23.46907	179.66995	4.162284	144.35664	23.471588	185.00632	4.150733	-8.558705	1.8013825	32.31447	-24.208935	392.7073	9.011457	16588.95424246788
88	735.5935	142.61424	878.68	449.72934	161.35823	17.708035	188.83633	143.3802	712.4502	159.99728	885.77167	340.75485	172.26624	47.574116	231.17381	106.791534	333.62445	42.30781	395.87262	293.68536	1448.0437	295.0107	1764.4517	790.4842	1000.0	1000.0	351999	144.5995	23.500433	184.47037	4.1937275	144.59985	23.501202	186.26366	4.1912665	-8.545973	1.8065249	52.680683	-22.86265	392.7193	9.047354	16739.00039958954
89	882.23694	19.211601	911.7117	841.49603	126.234436	37.927723	169.31758	85.68431	772.0943	67.59865	919.3826	677.3568	176.32037	40.299473	242.46922	135.05415	302.5548	47.322315	333.89337	220.73846	1654.3313	66.64638	1803.2112	1563.1106	1000.0	1000.0	355999	144.85252	23.550991	178.56497	4.2228694	144.85226	23.552277	175.58452	4.211483	-8.557611	1.8070585	42.12487	-22.190426	392.90482	8.916904	16892.55456352234
90	797.9124	64.60252	968.1412	727.55426	133.52611	54.332077	187.07312	55.17856	493.39218	66.70853	660.8428	414.27835	152.57924	58.23429	222.58453	93.10602	286.10535	110.24426	409.65765	152.1347	1291.3046	129.55202	1628.9839	1173.4423	1000.0	1000.0	359999	145.08292	23.572165	181.64774	4.254322	145.08339	23.574059	182.56805	4.2435102	-8.575368	1.8124044	55.72619	-21.915424	392.92325	8.96267	17049.39814734459
91	782.3655	119.30521	895.5888	543.84076	114.35209	44.101753	158.779	33.613316	779.1845	44.96935	831.9808	684.7199	168.36406	131.94762	360.60583	-1.1660607	282.71613	169.20514	519.3848	32.447258	1561.55	159.0443	1687.245	1228.5607	713.6667	1000.0	363999	145.42706	23.384815	181.0757	4.279382	145.42725	23.386084	176.95328	4.26439	-8.561782	1.795296	97.08311	-21.455637	393.3296	8.774347	17206.2240793705
92	841.3263	78.64054	931.28	639.8305	161.73141	55.538265	218.02483	69.69312	760.64734	93.45517	881.79553	628.41644	124.28141	15.991652	148.31192	107.74432	286.01282	63.76962	333.3542	177.43745	1601.9736	145.25189	1803.9429	1346.2775	1000.0	1000.0	367999	145.59589	23.400288	175.70973	4.301729	145.59596	23.401648	175.69385	4.2904234	-8.584642	1.8132817	62.788143	-22.18908	392.2773	9.076397	17364.73858356476
93	754.384	148.10684	954.65515	526.31213	126.965866	21.403194	158.92761	99.00698	763.04816	112.72946	924.4352	561.6622	165.00476	27.298855	209.78397	139.29678	291.9706	36.215866	337.9982	238.30377	1517.4323	253.79037	1879.0903	1087.9814	1000.0	1000.0	371999	145.7886	23.491106	177.2762	4.358459	145.78876	23.492569	178.3655	4.317315	-8.5496	1.8055912	67.87951	-21.238539	394.20807	9.078045	17548.801265478134
94	835.213	53.69079	899.14325	757.81555	161.6774	20.943876	186.25758	130.37889	742.59216	73.27154	945.12256	684.8732	144.06558	29.352858	178.80518	99.3216	305.74295	43.350426	352.45084	255.74905	1577.8052	114.94939	1838.6307	1444.1945	1000.0	1000.0	375999	146.13904	23.478586	182.26196	4.3600655	146.13898	23.480785	186.8665	4.3480306	-8.541955	1.8241209	51.425926	-20.413452	395.7975	9.040749	17736.878240823746
95	918.8146	44.774307	1004.74005	817.6557	172.1583	26.054552	207.15309	139.30136	760.1733	78.557724	910.1292	636.0968	143.98305	52.092175	186.27031	56.050926	316.14136	72.06935	386.0495	195.35228	1678.9879	112.2582	1914.8693	1453.7524	1000.0	1000.0	379999	146.43118	23.313696	178.38947	4.3979883	146.43138	23.314682	178.87979	4.3816304	-8.565602	1.7685698	71.852234	-20.024397	396.41507	8.962401	17925.631736516953
96	760.81934	106.47259	872.7857	617.3828	169.59201	22.60777	196.45367	137.53229	746.4032	18.516699	779.40204	721.3082	187.05476	19.001333	213.92813	160.19684	356.64676	20.013226	374.2541	323.99774	1507.2225	116.23878	1652.1877	1338.691	1000.0	1000.0	383999	146.83167	23.247059	180.50087	4.431883	146.83177	23.24903	184.1846	4.4144425	-8.531256	1.8210694	168.99994	-20.517748	397.3841	8.930053	18116.483181476593
97	780.64417	64.94917	885.6079	671.72125	156.62543	26.284296	189.61832	126.43793	811.88275	12.997371	826.45276	787.38226	108.23237	86.2832	202.56367	-25.533058	264.8578	78.25615	377.2762	164.08527	1592.527	72.98505	1690.7451	1462.7532	1000.0	1000.0	387999	147.00519	23.291285	175.94232	4.4649415	147.00523	23.29313	177.31595	4.435754	-8.5171995	1.796303	53.560764	-21.78909	400.72763	8.818857	18315.7472178936
98	662.11	129.05672	929.6515	553.85425	166.06543	8.113685	177.42467	154.65913	785.73474	31.217363	871.9277	762.92084	165.75851	30.035196	214.74257	137.99368	331.82394	35.24611	392.16724	305.53015	1447.8446	156.80457	1801.5792	1326.7324	1000.0	1000.0	391999	147.2916	23.188112	178.37543	4.4781656	147.29176	23.190363	178.16216	4.463081	-8.514553	1.800637	63.316498	-21.106922	402.489	8.901727	18512.898551940918
99	839.9162	45.113506	906.08124	756.64764	147.18454	64.77029	231.35724	49.852318	810.3822	31.01678	859.8694	770.5456	152.57881	30.712463	195.20587	111.237465	299.76334	58.74477	394.38422	245.05818	1650.2985	64.386375	1728.7606	1527.1932	1000.0	1000.0	395999	147.47421	23.15177	176.16173	4.5056415	147.4741	23.154179	175.72015	4.493771	-8.508513	1.7998179	52.541557	-20.332376	407.45554	8.981555	18682.18336200714
100	658.5016	104.66088	917.14923	549.0307	139.79132	36.821415	173.96011	78.900986	804.77606	20.816093	831.0422	765.2302	187.9379	48.970345	263.23773	142.07556	327.72922	59.062206	426.16498	278.44196	1463.2776	106.76572	1696.4353	1346.2642	1000.0	1000.0	399999	147.58437	23.157114	178.46156	4.533037	147.58437	23.158728	176.951	4.5235653	-8.512828	1.807228	47.72088	-20.230392	406.4307	8.813206	18837.458285093307
101	870.4793	54.01111	938.30884	749.38934	135.31897	39.495586	187.78065	91.49847	799.0291	54.627323	902.9147	730.13635	191.96538	19.173925	207.3011	159.08885	327.28436	52.378216	389.09418	250.58731	1669.5085	100.05469	1837.5092	1533.9789	1000.0	1000.0	403999	147.84697	23.196121	177.88156	4.562514	147.84723	23.198402	177.85428	3.9375205	-8.476606	1.814789	51.747032	-20.908134	410.97717	8.981858	18991.786190271378
102	847.6665	18.277504	882.0346	816.9154	178.42293	44.25717	242.61612	127.29569	750.8109	33.913475	824.16864	695.5802	178.58023	19.08649	209.03835	157.39908	357.00317	55.629543	420.9057	296.88962	1598.4775	39.147903	1693.2938	1555.0502	1000.0	1000.0	407999	148.03261	23.318483	178.53601	4.5952663	148.03284	23.319927	176.36711	4.031676	-8.542147	1.8021216	64.00376	-19.909006	408.83612	8.822235	19144.713237524033
103	630.3871	87.10237	764.646	520.9464	116.941574	64.30526	187.19493	12.120254	728.4311	36.085304	785.00415	672.10406	184.05838	43.534355	241.46764	123.058266	300.99997	58.313828	378.86737	214.67253	1358.8182	122.55847	1549.6501	1193.0505	1000.0	1000.0	411999	148.32915	23.252956	179.14578	4.620345	148.329	23.253246	177.60889	4.085918	-8.521464	1.7865433	36.01534	-21.335924	403.04718	8.94024	19302.640486478806
104	808.61237	53.54894	891.6888	731.36475	127.779106	90.06512	272.29977	24.523441	736.21515	109.735634	942.21173	473.6829	168.51846	101.053986	289.52762	14.26235	296.29758	170.04042	487.91125	38.785793	1544.8274	152.22383	1833.9005	1205.0476	765.75	1000.0	415999	148.42464	23.259123	178.18367	4.6497803	148.4249	23.261065	178.54807	4.6373014	-8.506495	1.7921922	74.43427	-20.632214	397.8238	8.999351	19469.471212387085
105	879.5752	58.07609	960.49255	767.6726	229.41556	56.205296	287.8345	152.6017	756.4398	86.75816	905.59515	646.5451	208.32434	34.603542	258.5292	171.60242	437.73993	72.0893	546.3637	370.50516	1636.015	116.19643	1817.9773	1454.7192	1000.0	1000.0	419999	148.67323	23.251469	176.4436	4.674121	148.6731	23.25377	178.53563	4.657514	-8.485509	1.8091812	57.04641	-20.551548	400.27136	9.040371	19631.725323677063
106	668.47327	37.154293	754.6264	612.05347	179.09232	43.1308	241.01859	127.82049	842.728	10.884836	861.39154	820.8297	158.02875	31.13598	199.35793	118.73627	337.12106	63.628033	440.37653	267.17126	1511.2012	44.55192	1616.018	1447.9702	1000.0	1000.0	423999	148.79095	23.275875	178.70163	4.6989594	148.79103	23.278349	180.76021	3.397406	-8.505363	1.7974303	43.585564	-20.368423	401.41534	8.836136	19796.014984607697
107	611.5705	43.11092	696.2043	549.945	169.93443	15.616397	191.9976	154.61597	776.3966	50.854225	842.37885	676.7231	244.2375	39.818817	310.3094	210.23138	414.17194	36.004528	466.11734	364.84735	1387.9672	92.140884	1538.5831	1237.5883	1000.0	1000.0	427999	148.94315	23.207973	182.05685	4.736955	148.94337	23.210417	181.12433	0.095368385	-8.509686	1.8107246	103.09249	-21.625633	404.5511	8.940212	19953.135036468506
108	758.36475	32.93579	819.2096	723.3113	169.48969	62.920055	225.01773	62.95146	752.3135	34.377865	852.52997	732.146	215.40454	15.787564	227.97975	188.50839	384.8942	78.45147	452.99747	251.45985	1510.6782	61.980267	1668.4374	1460.7527	1000.0	1000.0	431999	149.12569	23.345097	180.24754	4.7511826	149.12584	23.347414	180.99532	2.8462296	-8.467819	1.8073809	92.129425	-20.001768	408.4725	8.9071	20111.09504175186
109	853.882	25.50163	898.6759	817.42444	164.3943	20.028269	183.36902	132.19774	840.2821	50.634525	894.73773	738.05457	166.11038	61.049206	230.27322	68.30223	330.50467	63.52379	413.64224	247.06822	1694.1643	68.347176	1784.5608	1555.479	1000.0	1000.0	435999	149.2915	23.393332	179.58804	4.778548	149.292	23.39319	181.64354	-2.3976169	-8.503646	1.7914088	50.201355	-20.930332	413.91794	8.911058	20269.43824481964
110	683.56805	145.1969	952.3804	538.0076	183.21693	16.18864	196.95679	156.49138	485.78802	254.45709	888.2149	185.66476	180.4984	56.539246	274.6524	123.96179	363.71533	67.98769	469.88193	280.4532	1169.3562	393.73892	1840.5952	736.3916	1000.0	1000.0	439999	149.6747	23.31201	179.8292	4.8092217	149.67476	23.3115	181.6027	-4.4563227	-8.45701	1.7968751	90.18182	-21.997707	414.9713	8.678031	20434.913784742355
111	701.7511	21.065563	759.5955	682.8165	192.13034	11.5671835	212.01839	183.75832	715.1472	32.05715	784.25726	676.9365	235.12102	111.77419	426.65268	151.89803	427.25137	123.06927	638.6711	339.54785	1416.8983	49.52552	1543.8528	1373.0183	1000.0	1000.0	443999	149.978	23.27641	186.73367	4.8311396	149.97787	23.278921	179.6533	-4.328705	-8.439695	1.792151	42.40049	-22.390585	411.08426	8.996262	20623.35546517372
112	605.454	142.00574	871.9421	466.18802	195.41666	26.000885	219.73851	151.86702	659.0772	64.04151	770.63556	548.68945	164.79202	16.225716	185.02516	141.14041	360.20868	41.134796	404.76367	293.00745	1264.531	203.4805	1642.5776	1014.87744	1000.0	1000.0	447999	150.25778	23.235737	180.96825	4.857243	150.25818	23.236101	178.824	-3.72823	-8.4591875	1.8101058	49.75477	-21.254494	410.87778	8.790367	20812.849313735962
113	816.2418	31.347605	895.7396	779.79785	145.1965	70.20402	258.85794	69.96591	625.7453	143.82156	931.4424	511.2892	219.44528	34.523476	277.2193	192.5669	364.64178	68.513435	452.1333	262.5328	1441.987	165.29607	1827.182	1303.3273	1000.0	1000.0	451999	150.47916	23.163502	185.1511	4.8833566	150.47913	23.165586	188.00876	-5.8411293	-8.444573	1.8191923	50.42743	-20.941538	411.2077	8.771219	21002.99382519722
114	918.2799	38.62713	998.44635	864.9707	191.14641	44.426277	255.73482	141.929	801.66486	76.38488	898.22064	671.7418	196.2885	20.287724	218.35237	164.47874	387.4349	59.31254	463.97443	323.6227	1719.9447	97.736115	1853.4116	1558.617	1000.0	1000.0	455999	150.70258	23.123434	183.9704	4.9154215	150.70268	23.125324	183.1311	-0.76533604	-8.484187	1.8081256	44.92929	-20.64016	411.08795	9.0086775	21181.220123529434
115	916.19073	79.08305	1005.1284	739.31793	143.75467	52.64357	201.63051	65.5284	832.9701	77.67673	952.6927	704.30084	157.99844	87.612366	267.23053	41.61878	301.7531	105.40679	388.5146	107.14718	1749.1609	148.02486	1938.9661	1511.0929	833.4	1000.0	459999	150.71207	23.278252	184.26999	4.9565973	150.7121	23.280556	183.40182	3.7221208	-8.484682	1.8308601	97.09829	-24.970203	411.09338	9.153453	21358.525326013565
116	821.28986	41.47419	876.0404	743.28735	208.79724	23.80995	238.02208	172.0683	814.6485	31.636683	884.184	753.28937	224.58095	57.888565	322.81223	172.89165	433.3782	63.133408	539.62726	373.59924	1635.9384	58.016	1760.2244	1548.7905	1000.0	1000.0	463999	150.79123	23.338003	187.54077	4.965365	150.7916	23.338207	183.34618	-3.3645935	-8.461519	1.827719	91.21251	-19.801687	415.7031	9.083323	21534.450914382935
117	775.9015	133.97568	916.879	596.6242	165.69885	42.626457	222.38446	106.05886	803.42554	79.320915	914.7871	661.22974	180.88072	25.2916	217.33556	151.00162	346.57956	60.972996	412.53363	271.09534	1579.327	208.52109	1787.4027	1257.8539	1000.0	1000.0	467999	150.97366	23.188187	185.1014	4.99592	150.97356	23.189125	183.24516	-13.549852	-8.454642	1.8352222	81.49643	-21.694847	411.967	9.098286	21694.0828166008
118	930.5591	72.61681	1003.1666	779.84064	190.73698	10.617193	207.40521	177.8847	882.5117	21.270231	913.51447	845.7469	234.1731	52.73753	300.7267	163.65524	424.9101	57.698612	508.1319	353.03543	1813.0709	82.61451	1882.5342	1626.653	1000.0	1000.0	471999	151.4043	22.87066	188.97633	5.0271554	151.40434	22.872211	188.21503	-0.6483145	-8.412852	1.8177963	53.808792	-22.725874	412.53937	8.997687	21846.65106868744
119	769.3198	67.63454	883.3401	669.44165	195.29362	13.118184	208.31154	173.52246	800.6551	48.882618	903.8378	697.62897	201.92715	16.785046	220.48491	178.13712	397.2208	25.779638	428.79645	367.99338	1569.9749	89.75201	1787.1779	1459.4231	1000.0	1000.0	475999	151.8908	22.634066	193.00197	5.053519	151.89096	22.635857	189.32335	-4.8223147	-8.397622	1.8491426	70.70745	-21.071922	410.47968	8.896841	21999.18603873253
120	810.4003	141.12282	941.96466	527.0328	181.10234	16.872755	200.91313	154.65224	681.11914	248.08945	897.38434	256.92444	236.94765	10.934347	251.30785	222.97588	418.05	20.494825	452.22098	397.59995	1491.5195	385.32712	1804.6038	783.9572	1000.0	1000.0	479999	152.20686	22.393606	191.99799	5.082619	152.20695	22.39443	190.36176	-4.9182982	-8.49052	1.7981635	42.312096	-19.734917	414.89377	8.675709	22151.93540263176
121	868.90704	74.18652	964.1092	743.1672	147.79599	26.386938	172.67743	106.1806	788.8613	18.26106	827.97943	767.12616	202.84177	47.249218	258.17712	147.81981	350.63776	41.851936	413.0486	309.03458	1657.7683	84.833115	1777.6758	1510.2933	1000.0	1000.0	483999	152.44098	22.269478	191.28467	5.108077	152.4411	22.271479	198.35732	-1.612011	-8.468452	1.7825487	32.96547	-21.258997	411.6425	8.775186	22301.141254663467
122	831.9134	30.153378	900.7425	799.78546	203.9956	77.05781	333.91196	132.19427	830.49786	38.45232	895.0957	773.09326	233.84885	54.85997	302.45306	170.8274	437.84442	66.400826	524.0754	349.5901	1662.4111	57.654808	1795.8381	1594.6385	1000.0	1000.0	487999	152.51576	22.38094	191.98984	5.1452293	152.51593	22.382217	197.72408	-2.7218938	-8.459343	1.7844586	61.800613	-21.366907	414.2043	8.960822	22448.819195747375
123	822.1166	98.85481	926.33624	579.5667	219.7818	57.04207	301.34238	152.06982	728.735	146.30989	843.4634	414.1873	217.0657	18.049967	232.34702	187.50241	436.84747	69.84413	533.6894	369.4314	1550.8514	240.96397	1716.6425	993.75397	1000.0	1000.0	491999	152.67047	22.42598	193.50642	5.170752	152.67061	22.427227	191.22656	-3.0709114	-8.441004	1.8016988	56.31792	-22.838497	414.2176	8.953986	22596.531264781952
124	784.8491	94.82424	928.4976	604.69244	172.02176	31.652954	200.58653	123.80084	828.3258	38.13983	902.65576	776.69385	248.21268	68.2257	348.8393	156.68935	420.23447	85.41029	549.42584	320.19177	1613.1749	128.57669	1831.1534	1402.5348	1000.0	1000.0	495999	152.79204	22.523458	193.29181	5.1947813	152.79208	22.525177	192.12268	0.22551727	-8.402242	1.8215529	41.97799	-22.165157	415.09482	9.118255	22744.41841983795
125	889.3745	60.618607	961.9587	806.28864	168.5893	27.970898	208.533	141.56268	826.2931	28.434372	888.43274	790.79193	240.1553	38.27634	290.25928	183.49583	408.7446	47.66022	444.2809	326.65134	1715.6676	83.709694	1825.8005	1597.0806	1000.0	1000.0	499999	153.06377	22.477379	187.5437	5.220751	153.0639	22.478268	190.55223	4.1282797	-8.415941	1.7875295	48.837433	-21.06576	417.51743	8.907486	22911.0584294796
126	859.97736	25.63283	897.0712	813.594	195.50635	17.357494	216.27512	168.729	815.1947	73.72919	893.6172	715.3962	208.92711	25.253483	251.87236	189.14595	404.43344	31.530315	454.7825	370.9257	1675.1721	81.61271	1778.9657	1549.1951	1000.0	1000.0	503999	153.16135	22.4691	192.99142	5.246342	153.16138	22.470621	190.51909	-10.888747	-8.414654	1.792123	52.62166	-20.750006	418.1328	8.908477	23070.796619176865
127	908.0529	111.83166	1043.4175	600.55145	182.01428	15.305968	196.90932	159.55447	843.9344	71.473785	916.21	642.3839	229.97173	36.708496	260.01212	167.18379	411.986	50.83171	455.35272	326.73828	1751.987	176.31801	1891.2185	1242.9353	1000.0	1000.0	507999	153.32207	22.412886	194.7788	5.2723827	153.32195	22.415356	192.43666	-3.3164835	-8.405045	1.8100426	59.758465	-19.240417	417.17706	8.948617	23221.22410607338
128	913.53625	30.91949	952.9533	863.12317	226.27142	37.354122	261.21155	172.31842	863.8091	47.46039	919.26434	746.05273	182.90154	27.92671	220.3028	142.56099	409.17297	58.536896	481.5143	350.01614	1777.3453	60.594673	1871.9165	1677.1597	1000.0	1000.0	511999	153.4289	22.412062	200.8141	5.304323	153.42924	22.414196	197.67818	-5.068738	-8.436379	1.7783102	51.820145	-19.036983	420.07925	8.995641	23371.68692088127
129	851.974	88.364494	988.4742	760.7072	169.99832	30.8837	202.31735	131.75502	781.10406	93.581055	960.9635	684.0187	205.86176	37.996826	252.7356	147.20125	375.86008	20.575823	404.3148	349.51862	1633.078	180.05634	1949.4377	1446.9188	1000.0	1000.0	515999	153.70882	22.307907	196.91342	5.327554	153.70876	22.308764	198.80301	-11.382329	-8.420301	1.816421	80.767105	-22.169773	420.89902	8.833403	23521.919434309006
130	810.26447	87.26947	930.6292	678.6233	203.7822	54.825527	278.9078	131.41751	883.73	41.00192	979.44086	839.58295	238.0502	33.587685	291.4108	198.47675	441.8324	27.574486	477.38455	408.26627	1693.9944	123.17679	1910.0701	1518.2063	1000.0	1000.0	519999	153.97784	22.207388	201.15321	5.3530974	153.97752	22.210232	198.12654	-12.949089	-8.429423	1.8147587	50.138084	-20.92147	421.89893	8.918858	23672.824399232864
131	647.8134	178.74144	973.85156	458.74683	157.63261	16.212234	176.69453	134.4413	822.6893	128.74757	996.1111	637.141	182.86075	30.803537	214.98788	132.5404	340.49335	46.56596	391.68243	266.9817	1470.5027	298.69394	1969.9626	1099.1373	1000.0	1000.0	523999	154.14677	22.182404	196.93935	5.377769	154.14642	22.185867	200.60425	-14.351505	-8.402673	1.8199562	73.46751	-21.284554	421.28824	9.243082	23826.70759654045
132	824.77246	84.81558	924.8489	660.67035	198.717	25.914656	233.43817	166.32323	832.5046	80.42753	952.25323	694.08514	216.08919	15.664748	232.10736	197.94577	414.80618	23.831537	444.30054	386.0382	1657.2771	156.51584	1877.1022	1421.1545	1000.0	1000.0	527999	154.28134	22.076744	197.29732	5.414162	154.28181	22.076157	198.33064	-8.34573	-8.435855	1.8099433	32.649162	-21.002373	424.48538	9.021822	23980.428561925888
133	937.5265	70.12636	1028.4459	772.76385	200.44588	10.037314	215.49422	191.20085	904.91	46.948753	967.01373	801.79706	246.63371	38.991123	309.0816	206.01718	447.0796	41.52719	512.71796	397.46927	1842.4365	116.17716	1995.4597	1574.5609	1000.0	1000.0	531999	154.58026	21.811907	205.36133	5.434672	154.58023	21.812939	202.3567	-5.162764	-8.324291	1.8486001	61.69855	-21.009089	423.96674	8.96799	24134.844957113266
134	948.48175	31.100426	994.52313	907.4815	213.67682	11.785329	223.56873	194.01138	827.1615	65.14787	903.60724	676.7513	236.32327	31.26632	274.46146	201.14427	450.0001	38.176544	489.61652	395.15567	1775.6433	68.862144	1898.1304	1670.2638	1000.0	1000.0	535999	154.73247	21.803358	197.38586	5.4658976	154.73236	21.804089	197.70192	-4.99097	-8.379246	1.8304944	72.94295	-20.520863	421.17456	9.04648	24286.875155210495
135	908.1935	76.66766	971.8989	703.4202	195.69348	47.784264	268.82608	138.8441	901.9539	41.96942	974.34827	805.5049	272.2775	70.72077	346.13702	199.68954	467.97095	62.5222	548.18964	372.74066	1810.1472	111.9445	1934.9736	1508.925	1000.0	1000.0	539999	154.99284	21.79975	200.27164	5.4940743	154.99297	21.801832	202.39317	-4.4606314	-8.386786	1.8192201	29.01253	-22.305758	419.55426	9.325742	24447.98991751671
136	587.3443	47.452076	708.1035	526.0369	170.26297	36.04654	223.92932	128.77165	678.5955	17.152971	713.0066	651.4909	193.66548	85.51573	319.63773	53.179646	363.92847	101.13899	492.35815	186.27623	1265.9398	54.860874	1404.4951	1220.5895	895.8	1000.0	543999	155.15051	21.826736	197.26305	5.514285	155.15044	21.830158	200.70569	-7.0422325	-8.382116	1.8308251	69.16216	-21.239965	416.856	9.106257	24610.772456407547
137	958.12537	25.61763	991.89746	898.31165	224.25835	58.439327	325.2333	184.11655	885.9557	38.477905	984.28125	839.9812	238.92923	31.011274	289.51236	207.97961	463.18756	45.91018	533.21295	413.44214	1844.0813	55.106525	1976.1787	1773.9475	1000.0	1000.0	547999	155.25737	21.824368	197.68228	5.5412016	155.25739	21.828697	193.74596	-15.330263	-8.401126	1.8170058	47.84489	-21.586445	417.95465	9.219974	24771.480012893677
138	908.432	56.660385	961.1311	744.91516	190.23045	26.049429	218.31451	158.48547	858.0333	32.901096	935.1486	821.3166	283.7164	56.464817	348.70993	226.50583	473.94684	67.745346	567.0245	384.9913	1766.4655	76.931885	1865.822	1568.2046	1000.0	1000.0	551999	155.54933	21.634861	196.6045	5.5665317	155.54903	21.638538	196.54352	-7.1109376	-8.369489	1.8276514	73.548515	-21.584858	415.70938	9.079469	24943.638583421707
139	854.38184	67.61751	960.53937	762.8424	267.86572	33.139347	322.106	232.20769	868.9001	35.769512	921.55945	790.18353	212.64569	36.942383	273.0926	174.18053	480.51138	20.792143	505.30026	455.58228	1723.282	90.78426	1882.0988	1626.4307	1000.0	1000.0	555999	155.70752	21.57941	194.58324	5.607881	155.7077	21.581278	196.18497	-13.976055	-8.326096	1.8587624	71.73001	-18.87614	415.64078	9.060955	25132.764384508133
140	893.9175	76.03157	977.0232	727.316	178.79678	67.99983	270.54535	96.9941	839.3331	35.115963	896.2765	772.11237	283.25778	35.660397	335.80704	235.21309	462.05457	80.38421	549.7079	332.20718	1733.2506	106.26365	1873.2997	1499.4283	1000.0	1000.0	559999	156.01231	21.454855	198.96826	5.6344476	156.01224	21.456285	198.50867	-1.2163448	-8.338095	1.8558351	66.979485	-20.545631	415.64935	9.011385	25320.88280415535
141	873.9484	38.82052	910.9894	778.90717	239.03543	40.43153	296.22275	199.94347	863.96204	42.28003	904.55756	758.60767	220.05266	40.590034	280.5915	166.69476	459.08807	77.10374	576.8143	366.63824	1737.9104	75.41453	1800.5594	1537.5148	1000.0	1000.0	563999	156.21246	21.43096	195.26695	5.653978	156.21236	21.43452	199.29395	-17.543686	-8.321782	1.8276213	62.991528	-19.513166	416.0059	9.124111	25502.95748400688
142	950.4582	21.407948	981.79694	902.5182	175.37068	53.684067	234.35347	88.56773	913.34705	13.532528	942.0605	896.9292	272.77432	62.99494	376.7269	207.64406	448.145	13.986828	465.29462	428.67786	1863.8053	30.15052	1923.8574	1801.8824	1000.0	1000.0	567999	156.4051	21.37852	206.83139	5.6785116	156.4051	21.379482	205.63026	-4.817132	-8.307748	1.8362795	19.621637	-19.94639	416.82156	8.980537	25661.08779144287
143	911.20544	29.389635	968.72754	862.396	144.0127	57.558815	196.88295	34.786774	887.2648	23.997885	914.0739	827.14624	174.50082	98.77364	311.5592	6.647612	318.51352	148.74709	469.7859	41.434387	1798.4703	42.031536	1855.2509	1734.9122	805.8	1000.0	571999	156.61626	21.276596	196.1303	5.709588	156.61624	21.277771	197.94923	-11.607092	-8.3487835	1.8462639	49.88932	-20.726658	422.6841	9.14501	25817.235949516296
144	911.77234	132.37294	990.35913	523.0201	205.73087	15.563533	230.02039	189.18219	928.819	70.91359	989.6303	724.2379	252.25945	73.21057	363.9992	169.7177	457.99033	65.543945	559.73206	377.70572	1840.5912	201.97415	1979.9895	1247.2579	1000.0	1000.0	575999	156.7405	21.181946	198.73357	5.733207	156.74062	21.185452	195.6843	-13.534126	-8.330363	1.8494807	77.18583	-21.078922	418.51624	9.024602	25975.18462729454
145	872.7772	97.11885	1014.69037	757.4458	202.03276	40.001434	267.22623	167.55795	836.97107	72.08191	932.8206	733.3605	234.84537	45.373108	300.39035	172.61792	436.8781	48.299156	494.89142	374.94284	1709.7483	167.3326	1933.705	1490.8063	1000.0	1000.0	579999	156.90865	21.10145	197.07945	5.769264	156.90846	21.103025	199.05116	-10.493778	-8.347858	1.8437296	80.110794	-20.77404	410.9169	9.104379	26137.083106279373
146	850.6714	105.64966	951.31836	590.47626	207.6238	90.90168	294.1655	67.99508	818.9768	36.60124	873.0087	746.9936	203.77654	46.123493	250.65083	138.06477	411.40033	125.70565	544.81635	206.05984	1669.6481	139.83907	1824.3271	1337.4698	833.25	1000.0	583999	157.10934	20.980362	207.00677	5.8017783	157.10954	20.981766	203.91785	-7.6974072	-8.359891	1.8236508	47.720543	-21.962124	410.7654	8.996443	26311.61609196663
147	922.443	20.669819	960.9557	890.2943	229.18802	58.95261	293.39606	140.54143	888.4037	41.89375	939.3762	769.512	248.86856	55.62847	330.88467	187.20349	478.05658	81.69959	600.7711	400.1316	1810.8467	58.32127	1900.3319	1659.8063	1000.0	1000.0	587999	157.35039	20.874107	202.73991	5.819631	157.35036	20.874884	207.28937	-43.678875	-8.350262	1.8483907	59.255875	-20.891369	409.7306	9.1593075	26483.272374153137
148	912.57556	78.587395	970.5525	728.01825	217.25243	37.67399	261.40942	176.35345	844.5109	73.12503	913.1822	649.3522	222.5928	36.596474	278.14835	175.4129	439.8452	51.45997	482.0247	351.76636	1757.0865	134.38972	1873.0471	1443.0898	1000.0	1000.0	591999	157.57877	20.864511	201.73111	5.85044	157.57846	20.86991	198.26248	-17.480309	-8.286525	1.8487812	60.799255	-20.793152	410.41376	9.14273	26654.726523399353
149	940.0804	57.238052	1001.79974	789.532	171.87111	99.438225	288.5079	39.855835	926.4181	48.34506	958.19196	785.58575	199.06792	142.4421	379.21667	0.0021837058	370.939	232.41966	667.72455	50.44542	1866.4987	102.03224	1943.0824	1575.1177	679.8333	1000.0	595999	157.81271	20.780804	207.55559	5.869444	157.81268	20.783186	203.22221	-6.5618854	-8.230408	1.8738964	60.831253	-19.496933	409.26837	9.274852	26867.755128383636
150	878.32635	87.56644	1005.092	751.18665	216.18246	24.985226	259.24237	198.2218	908.79474	46.666542	954.0355	798.585	220.95291	34.099285	264.26642	169.01538	437.13538	46.98608	488.99567	367.23718	1787.1211	129.13412	1958.5377	1549.7716	1000.0	1000.0	599999	157.91318	20.716389	205.8767	5.898617	157.91313	20.719294	201.05615	-37.931046	-8.2963915	1.8726828	104.43244	-21.119713	403.79572	9.433184	27084.471143722534
151	955.81116	47.884674	1019.9489	885.1749	172.44827	63.14562	227.15091	48.890236	783.83435	80.759766	870.6974	662.8873	238.3804	115.165306	396.65833	46.30061	410.82867	174.25446	623.8092	95.19085	1739.6455	116.87471	1856.0367	1557.5023	814.4	1000.0	603999	158.21469	20.571802	202.22366	5.920085	158.21472	20.572302	199.0497	-5.667313	-8.312509	1.8392202	51.212173	-19.399284	399.99808	9.149618	27295.800536870956
152	973.562	40.904236	1022.0013	874.7221	241.40146	53.86132	330.2502	190.34624	944.9344	34.36104	981.6677	882.73193	315.65637	92.34419	463.61035	220.54869	557.05786	65.89163	653.9566	467.9744	1918.4965	71.7217	1994.462	1766.5538	1000.0	1000.0	607999	158.38058	20.579416	208.48407	5.956277	158.3805	20.583828	196.91103	-26.562778	-8.328791	1.8455554	48.1963	-23.107391	392.7419	9.340953	27490.024206399918
153	813.16064	47.626373	900.8677	756.25696	292.2345	47.09239	361.77466	244.50037	728.99164	10.188745	745.83325	711.7591	231.78732	14.058437	251.24393	211.56302	524.0218	34.808964	573.33765	487.10492	1542.1522	55.821644	1637.6398	1468.1981	1000.0	1000.0	611999	158.31744	20.68619	197.80785	5.9724092	158.31755	20.688362	195.67061	-37.73253	-8.292438	1.8283556	63.752792	-20.35942	390.60812	9.56648	27687.146914958954
154	850.81604	100.03842	926.01886	562.1599	298.9482	70.85595	379.3759	227.98013	898.4214	31.3226	932.48535	834.2723	232.62682	36.34878	285.00607	184.1337	531.5751	61.00992	619.6047	450.04083	1749.2373	123.70002	1856.4998	1396.4321	1000.0	1000.0	615999	158.42535	20.639406	203.69492	6.0032063	158.42505	20.641844	197.54819	5.971306	-8.316296	1.832998	83.19274	-24.683308	389.38226	8.926401	27885.190746307373
155	877.2113	105.5054	1046.457	753.71313	207.07419	27.85836	246.62166	167.83212	756.10876	110.74063	867.1397	606.2438	242.58406	30.143055	284.72308	209.7336	449.65823	47.316055	531.3447	416.2283	1633.3202	197.95743	1880.1384	1376.3395	1000.0	1000.0	619999	158.49728	20.685635	202.7893	6.0269003	158.49734	20.686966	204.63217	-4.902351	-8.309939	1.8548905	55.824913	-21.619987	393.3938	9.428881	28109.78265786171
156	991.77014	27.34971	1029.1355	935.38873	216.71309	25.908075	251.12706	186.7503	927.51434	10.286103	939.9631	902.2305	262.06586	76.23951	380.87115	181.23541	478.77893	92.479095	631.9982	399.16486	1919.2845	29.45189	1961.4991	1864.4695	1000.0	1000.0	623999	158.87885	20.371992	197.33292	6.054139	158.87885	20.37481	196.30879	-59.812927	-8.255102	1.8478655	59.053085	-20.380356	389.09235	9.081136	28339.41201233864
157	948.1219	40.63086	1008.987	874.1053	223.15555	31.813852	250.34227	171.4278	762.35126	81.03909	913.1545	666.3965	253.64389	49.928585	329.46127	193.97395	476.79944	66.43068	579.8035	400.68375	1710.4733	115.1215	1881.9363	1557.1553	1000.0	1000.0	627999	159.45058	20.009195	199.1046	6.097779	159.45049	20.010263	193.47327	-5.990065	-8.308834	1.8459363	80.91258	-20.002304	388.89462	8.915259	28566.880964279175
158	853.8412	84.6414	994.676	746.3971	233.5163	48.97364	298.20703	171.71962	828.4421	68.83796	929.49304	729.4438	263.37387	35.664055	323.9397	237.37878	496.89017	54.30841	552.8445	409.0984	1682.2832	147.6829	1911.2816	1492.6055	1000.0	1000.0	631999	159.66252	20.025932	199.75465	6.114949	159.66283	20.029324	196.41087	-6.42741	-8.257925	1.8286508	36.136475	-19.527308	390.15375	9.373308	28797.563467264175
159	866.943	145.77098	977.8115	447.7754	231.4476	32.716427	278.6679	194.30908	764.38306	116.05068	888.1865	577.1079	268.02878	57.689053	331.4458	193.0217	499.47638	65.58824	594.90137	437.05807	1631.3259	177.59567	1828.9231	1322.8672	1000.0	1000.0	635999	159.86234	19.90451	199.5082	6.137882	159.86232	19.90394	194.55263	-34.347248	-8.284854	1.8419319	77.78615	-20.612177	394.47894	9.005504	29028.154157161713
160	722.13745	145.15839	927.19946	536.63403	189.79944	104.723434	307.14676	1.9007541	719.1714	80.18356	882.2334	630.42676	229.6508	84.02476	326.5976	84.37586	419.4503	171.61908	576.2743	86.27662	1441.3088	193.07008	1781.67	1245.9448	840.2	1000.0	639999	159.87148	20.045382	209.34073	6.1616135	159.87157	20.046196	204.17064	6.132945	-8.313574	1.8260243	48.32176	-20.429379	395.5749	8.889426	29223.3289604187
161	970.05096	84.21425	1021.7161	724.8232	203.83989	27.673992	245.31018	178.39594	881.806	68.53326	948.11346	757.4526	255.15878	27.459541	285.24872	219.10435	458.99866	38.416763	497.92474	397.50027	1851.857	131.09727	1954.7544	1510.3402	1000.0	1000.0	643999	160.12946	20.044579	210.12634	6.186867	160.12933	20.047155	207.20024	-2.6391697	-8.286853	1.8323854	117.05983	-20.221935	402.87024	9.175245	29378.10210442543
162	886.6177	50.28234	961.5656	771.0421	248.69965	14.355475	261.404	224.93245	828.321	79.50863	928.89954	718.2801	255.09639	19.73683	274.34766	222.47171	503.79608	32.628983	524.41516	447.40417	1714.9385	124.41922	1890.4652	1489.3223	1000.0	1000.0	647999	160.26366	20.080217	201.58922	6.222412	160.26392	20.08383	201.15105	-10.036317	-8.24988	1.8516448	49.878048	-19.697676	407.13443	9.229917	29526.28112053871
163	870.25635	128.14348	943.8071	488.23926	230.75317	27.327765	253.87286	185.43839	923.3141	47.796577	953.6576	782.86896	264.99374	38.70904	304.82803	208.10509	495.74695	49.97643	558.7009	436.3204	1793.5703	175.42029	1897.4081	1271.1082	1000.0	1000.0	651999	160.42892	19.924866	216.62259	6.241425	160.42894	19.926435	207.86804	-27.610836	-8.23861	1.8726126	55.08737	-22.636122	404.21744	9.429168	29675.63616657257
164	887.7008	101.87873	1009.80096	712.32916	232.00249	16.709593	246.46075	205.16676	823.0768	54.57083	918.0659	746.6684	309.68695	86.79683	448.92673	209.85017	541.68945	99.809494	694.5693	415.01694	1710.7776	148.42712	1927.867	1458.9976	1000.0	1000.0	655999	160.55461	19.892696	209.85997	6.2627945	160.55444	19.895683	204.09454	-59.1708	-8.181674	1.8608478	70.5764	-21.486708	402.18527	9.508897	29823.959892988205
165	951.9385	90.51201	1004.99554	684.1934	235.42703	42.912697	301.18018	181.68733	899.10803	35.70058	941.2339	849.2227	259.98663	37.525547	299.07858	211.12564	495.4137	74.097565	600.2588	417.6676	1851.0465	114.1336	1934.4733	1533.7822	1000.0	1000.0	659999	160.74448	19.764536	209.0373	6.2878013	160.74477	19.766201	204.10675	-59.458107	-8.24153	1.8713522	77.14025	-21.404564	399.31125	9.021957	29977.296278953552
166	858.7003	120.58638	954.19507	552.134	215.0214	88.37003	310.86954	65.05022	824.62585	55.38696	886.3398	682.5697	206.29053	84.32134	271.11185	41.388004	421.31186	161.82007	563.06903	106.438225	1683.3262	164.81068	1821.0519	1327.9425	826.2	1000.0	663999	160.86617	19.743427	207.8381	6.3199215	160.86612	19.745771	205.41284	-19.894836	-8.287997	1.856465	62.978214	-20.801342	397.69418	9.151151	30161.54558992386
167	931.87335	90.47135	989.8169	667.5289	204.79842	96.310844	311.04868	32.331074	808.62085	37.89433	870.86206	734.10815	171.75723	77.79782	242.30554	21.983437	376.55563	165.61063	487.9658	54.31451	1740.4941	99.525	1798.3021	1449.3597	816.4	1000.0	667999	161.17172	19.572582	212.40215	6.3388925	161.1717	19.574604	205.70288	6.2992163	-8.279068	1.8642114	54.65973	-20.486908	397.0845	9.187077	30336.8897254467
168	942.6834	36.040928	1000.6485	870.96155	176.21776	57.53402	216.1174	77.16372	818.02655	65.01048	881.6782	677.1571	316.24835	26.653316	344.651	272.47208	492.46613	57.934597	543.8374	400.68057	1760.71	94.88012	1859.6321	1578.4781	1000.0	1000.0	671999	161.18185	19.594501	202.38387	6.3667116	161.18181	19.59601	201.47205	-47.18435	-8.2332735	1.8614957	96.12984	-20.99523	395.0464	9.377943	30522.64982199669
169	920.3455	59.701946	975.89453	772.6019	269.63824	8.70389	281.44397	257.10202	816.1669	91.04209	933.56885	569.08826	300.32938	39.7224	341.7243	242.94518	569.96765	44.032032	613.49304	500.04718	1736.5125	122.083466	1827.1781	1452.4939	1000.0	1000.0	675999	161.39725	19.512724	201.22897	6.390214	161.39735	19.51357	206.16702	6.3657045	-8.24915	1.8827935	75.12047	-20.077448	394.07257	8.919113	30673.666259765625
170	921.38153	113.70507	1027.1659	645.6336	216.62903	16.418356	244.09492	202.47153	887.4564	40.367325	940.22174	809.92615	307.12933	62.279877	405.67825	248.5302	523.7584	51.5932	608.1498	473.27527	1808.8381	130.95972	1967.3876	1505.0759	1000.0	1000.0	679999	161.64189	19.401222	213.29848	6.4135566	161.64197	19.402283	205.03822	4.2724433	-8.189592	1.8476049	41.87072	-20.299284	392.5833	9.322154	30822.112505674362
171	951.7171	47.34604	1006.3347	840.605	240.50098	29.176634	268.1674	196.75555	846.3087	58.435566	900.22656	687.78986	276.04166	13.188369	297.13568	261.72147	516.54266	33.989582	544.19586	458.47702	1798.0258	91.2125	1860.7794	1528.3948	1000.0	1000.0	683999	162.02888	19.282701	212.50648	6.4384146	162.02898	19.285046	202.4966	-48.684906	-8.199273	1.8505466	78.95402	-20.677914	391.79465	9.30143	30970.719603061676
172	974.84845	29.954044	1002.3496	897.1394	240.0931	33.664413	288.3818	202.3978	879.9761	27.588364	936.0439	835.6988	366.83783	112.23448	557.35876	270.4811	606.93097	99.58219	773.1246	524.30804	1854.8245	33.70072	1920.5203	1781.9828	1000.0	1000.0	687999	162.18643	19.158602	206.07448	6.4657063	162.1862	19.16121	204.52808	-23.126928	-8.217464	1.8458064	83.95093	-20.848627	392.586	9.1193495	31119.745261907578
173	932.9652	30.367857	1019.9053	906.6038	228.38882	27.352322	258.0184	183.6626	926.71515	9.801438	942.9412	913.0226	244.5705	9.6951885	258.56604	234.80339	472.9593	29.85517	516.5844	432.27414	1859.6803	28.78406	1934.9766	1828.3773	1000.0	1000.0	691999	162.47641	19.066376	203.42668	6.497308	162.47646	19.068325	202.54703	-1.6726742	-8.228408	1.8466473	21.729319	-21.509443	390.26245	8.810172	31286.462623119354
174	949.5715	35.735146	1011.29974	899.65216	261.30637	22.991842	300.815	244.49388	898.87805	47.640972	961.7841	832.646	281.11713	81.54182	413.56158	211.21715	542.42346	102.631226	714.3766	463.75903	1848.4495	79.684654	1959.9504	1753.0425	1000.0	1000.0	695999	162.77107	18.833914	207.48836	6.521297	162.77081	18.837223	203.62328	6.4797816	-8.193569	1.8630975	55.704147	-20.680746	387.04028	8.810303	31461.663340568542
175	940.58185	39.178486	986.15515	852.72577	247.54863	15.730608	270.13013	227.31033	905.91034	46.227337	987.35815	811.5965	246.95766	27.706766	283.6171	216.35907	494.5063	25.80142	535.8057	464.8444	1846.4922	78.6471	1973.5133	1692.0753	1000.0	1000.0	699999	162.93896	18.801073	204.74362	-1.3582048	162.9388	18.803349	204.18597	-18.527601	-8.163369	1.8530618	56.626266	-22.704752	388.30554	8.949461	31634.42306613922
176	975.4867	65.67792	1063.8242	842.40704	264.068	41.470715	331.65048	223.54657	872.0363	60.034775	942.30634	766.8073	266.31143	21.777096	293.01752	232.37311	530.3794	21.867786	564.02356	506.43973	1847.5231	109.1611	1945.1559	1632.5448	1000.0	1000.0	703999	163.1094	18.771736	206.69795	6.5762663	163.1094	18.775654	209.3657	-72.422424	-8.189941	1.8373139	52.02457	-22.14088	385.61893	8.820719	31811.8624522686
177	917.47034	169.68619	1037.687	414.6272	268.2092	33.967556	302.10782	223.57329	917.4842	19.478405	959.40265	887.13965	293.3653	58.85449	386.78217	233.79219	561.5745	51.279892	610.35547	480.76123	1834.9545	178.43686	1997.0897	1315.4254	1000.0	1000.0	707999	163.19342	18.95851	211.8947	6.0113873	163.1936	18.962896	206.38774	-20.114326	-8.192129	1.8475642	41.886497	-21.288702	387.16275	9.327859	31995.9899725914
178	946.0159	68.81833	1048.7184	856.8094	225.9711	36.26329	272.2315	184.14711	878.75244	42.931732	971.7827	821.16736	280.7727	13.848671	300.89832	262.929	506.74377	45.674877	573.1298	460.59555	1824.7686	107.78363	1992.3914	1679.3569	1000.0	1000.0	711999	163.30289	18.954716	203.3021	6.6146913	163.30318	18.952744	203.05653	6.5831265	-8.162734	1.8595713	100.45183	-19.574596	383.77783	8.904055	32180.341670274734
179	930.8031	97.383644	1017.4957	733.4318	240.71884	56.808144	302.89563	149.01366	840.4655	96.37235	951.9345	638.596	328.86258	52.199528	372.44647	244.04192	569.5814	71.08614	674.2264	489.6027	1771.2686	189.9538	1967.8892	1372.0278	1000.0	1000.0	715999	163.58543	18.874702	209.70718	6.6456695	163.5855	18.876915	202.7802	-7.5020876	-8.178546	1.8433647	36.582146	-20.02335	381.40134	8.69786	32363.87258863449
180	876.8351	89.153305	997.87604	724.0865	243.0325	19.791925	276.0911	224.29593	841.82214	90.70881	990.0364	687.9015	293.74127	28.486977	325.5362	253.54385	536.77374	43.992428	591.1213	477.83978	1718.6572	177.73538	1987.9125	1411.988	1000.0	1000.0	719999	163.69286	18.900517	210.43939	6.67693	163.69272	18.905273	205.4256	-76.47369	-8.149706	1.8758345	76.33243	-21.333466	384.5987	9.095586	32520.03034234047
181	964.0156	20.451017	999.4991	934.57916	234.93605	45.083996	303.75873	184.77974	914.14453	44.002975	952.34326	808.6617	230.02492	47.506607	309.10828	182.76239	464.96097	27.418186	493.888	425.03854	1878.1602	47.850605	1914.8888	1743.2408	1000.0	1000.0	723999	163.79305	19.02836	210.99463	-10.492617	163.7927	19.03438	207.01733	-88.08327	-8.111261	1.8972697	113.30706	-20.082596	389.9785	9.220334	32676.46225786209
182	893.5067	91.04245	977.25476	659.885	232.54178	32.906406	282.78925	196.4885	795.38153	93.83362	882.46313	571.41516	275.92404	49.107582	354.64154	219.98308	508.46582	66.49776	594.333	416.4716	1688.8883	170.80534	1827.6437	1357.8209	1000.0	1000.0	727999	163.9417	18.931828	210.68771	6.720633	163.9417	18.932629	204.72218	-19.229824	-8.17866	1.8637787	70.07191	-20.039852	390.50058	8.928858	32832.41832327843
183	941.7457	29.056646	1006.41394	881.4408	254.98462	29.323633	282.66858	206.109	861.2137	40.422615	913.33606	757.05817	261.24188	37.782413	300.83908	219.52876	516.2265	58.418983	583.5077	433.76865	1802.9594	57.996593	1887.3083	1690.375	1000.0	1000.0	731999	164.2141	18.794611	209.20494	6.7425756	164.214	18.797422	209.22179	-40.717377	-8.098458	1.8925433	73.7471	-21.047543	392.15933	8.962905	32986.883330106735
184	933.87366	74.56906	981.1616	716.45776	225.48294	107.706154	352.59708	28.01949	828.71875	71.42441	917.2429	667.4736	222.62422	110.0156	331.00314	23.197489	448.10712	211.66144	683.6002	51.216976	1762.5924	137.58617	1884.8385	1383.9313	808.0	1000.0	735999	164.49489	18.733778	212.2575	6.7736697	164.49521	18.734549	208.35876	6.722378	-8.150939	1.8905054	37.800503	-21.064192	390.2964	9.094948	33135.01122188568
185	946.1797	49.116364	1009.2743	836.6465	252.7956	46.832863	321.89645	190.0251	857.66925	52.01346	930.648	787.18134	267.02188	47.53945	319.27737	208.38806	519.81744	30.696674	561.9664	477.71652	1803.849	94.23677	1916.6471	1655.824	1000.0	1000.0	739999	164.71147	18.542318	211.16342	6.803389	164.71114	18.543745	203.88496	-18.575115	-8.121523	1.9026781	84.38575	-21.60339	386.5043	8.869804	33282.99466919899
186	895.2606	278.55774	1016.04126	67.25577	269.09122	9.940377	281.21323	253.55037	733.0144	240.2119	885.3362	29.269236	342.50748	57.913914	413.91727	262.0959	611.5987	55.097755	667.46765	532.21124	1628.275	513.7776	1890.7432	96.52501	1000.0	903.3	743999	164.79486	18.581343	209.78307	6.8197827	164.7949	18.58608	205.47847	-95.38853	-8.122215	1.9003344	65.36718	-21.340336	385.6571	9.203381	33429.019840717316
187	988.534	2.7316763	993.0519	985.3803	258.6754	24.129004	288.13382	223.73375	988.05774	1.8314548	991.3731	985.6543	286.1286	13.680814	307.23132	268.97107	544.8041	24.533295	573.05493	507.12466	1976.5918	3.2587671	1981.1833	1971.8143	1000.0	1000.0	747999	163.80418	19.784224	212.48012	-38.949783	163.80424	19.784904	203.3579	-76.614815	-8.227268	1.659893	72.60543	-21.758879	389.1034	9.620953	33588.52756738663
188	994.1996	1.9789664	997.07916	990.71075	257.54193	94.62194	384.55157	139.48524	993.6019	1.6308881	997.00446	991.663	295.11267	19.803474	324.1614	268.2496	552.6546	100.100235	679.23035	407.73486	1987.8015	1.9442939	1991.223	1984.0276	1000.0	1000.0	751999	161.3267	22.327549	196.81766	-6.802985	161.32677	22.329092	197.1143	-64.82073	-8.18611	1.6268754	-4.1700315	-20.8866	383.0183	10.466672	33785.62530231476
189	999.4746	2.4796815	1002.20935	995.7935	233.35971	59.632835	317.52353	163.49286	999.0506	2.4944396	1001.5516	993.8431	304.92987	44.003914	361.42303	250.2523	538.2896	82.45997	678.9466	469.4396	1998.5254	2.6810198	2003.7609	1995.4509	1000.0	1000.0	755999	158.9609	24.497133	192.86111	-20.931416	158.96107	24.497663	190.57497	-19.21488	-8.179966	1.6295472	-4.327193	-21.593998	382.74927	11.277338	33982.67903852463
190	986.4015	2.2612648	989.5623	982.8171	258.04544	34.181705	290.66525	203.27142	981.02637	1.7631547	983.9146	977.9853	291.06854	41.565918	339.79355	235.89252	549.11395	74.36098	622.4051	439.16394	1967.4277	2.4418488	1971.8014	1962.9131	1000.0	1000.0	759999	156.63026	26.657848	191.25398	-58.169144	156.6302	26.6578	189.27031	-37.30236	-8.139518	1.640482	-1.2772164	-21.43457	377.02005	12.217436	34181.82749891281
191	995.21533	5.1228285	1002.7582	987.75116	300.4972	55.76346	388.26593	233.4309	979.21155	1.816331	982.52673	976.4688	276.09122	52.456062	327.51904	189.72946	576.5884	69.72184	669.71643	476.5051	1974.427	5.425553	1980.8162	1966.7794	1000.0	1000.0	763999	154.81775	28.02071	186.87115	-52.013775	154.81781	28.021694	190.163	-21.091976	-8.082063	1.6525687	-3.9996963	-21.038555	372.70258	12.294236	34371.332406282425
192	989.4878	1.9462775	992.82434	987.0061	261.77106	39.140907	305.74127	202.099	985.83105	1.3154731	987.76984	982.9268	266.59375	24.144674	307.09366	247.18274	528.3648	22.488298	552.924	502.89343	1975.3187	2.9730906	1979.7162	1970.1443	1000.0	1000.0	767999	153.1491	29.35928	189.78087	5.981194	153.14903	29.358437	186.0237	-18.390766	-8.1764	1.6269512	-4.1566544	-19.966923	373.70276	12.520059	34559.566361665726
193	981.134	1.9551107	984.62146	978.0676	274.39502	8.268205	285.21857	262.29758	968.0872	1.9807589	971.89734	964.5829	320.90555	12.528452	332.35205	300.04907	595.30054	8.980455	609.5223	585.26764	1949.2213	1.8741144	1952.6367	1946.0908	1000.0	1000.0	771999	151.8626	30.201162	186.34074	6.7653084	151.86295	30.20075	187.83388	-10.9969	-8.171897	1.626317	-4.1840467	-21.347248	372.58768	12.329942	34745.24989557266
194	982.7289	3.5928707	988.9955	978.4332	247.69008	25.901327	276.41718	212.79778	989.61115	2.0513306	993.0918	985.32043	312.40646	29.652006	344.67618	264.5173	560.0965	20.481897	583.1313	538.5038	1972.3401	3.1629393	1976.7008	1967.3922	1000.0	1000.0	775999	150.64114	30.921755	186.4527	6.1533613	150.64172	30.91918	186.11089	-24.446314	-8.1475115	1.6332642	-4.125285	-21.09068	367.90775	12.477263	34907.27911067009
195	988.92664	2.3014963	992.4646	986.40985	273.85083	49.83578	334.45044	196.13948	975.0715	2.4936743	978.6422	971.68567	289.1925	21.668262	324.15048	267.1788	563.04333	50.226322	612.7478	485.47858	1963.998	1.8205299	1967.978	1961.2625	1000.0	1000.0	779999	149.8597	31.27025	186.32582	6.46152	149.85912	31.27204	185.9558	-18.603456	-8.180739	1.6266205	-4.202946	-22.047836	367.74518	12.75908	35069.8088722229
196	994.96594	2.36362	997.9835	991.2072	271.76364	15.539663	295.24573	257.36273	986.557	1.8561639	989.0394	982.9904	311.6064	27.400253	343.20886	275.5091	583.37006	31.125717	619.5395	533.6246	1981.5231	2.4444644	1984.3712	1976.9973	1000.0	1000.0	783999	149.15742	31.668064	187.9632	3.295382	149.15746	31.670704	189.53912	-62.187473	-8.120166	1.6427301	-4.099943	-24.452932	365.52963	13.009141	35231.482980012894
197	992.34753	2.7878	996.0945	987.2549	267.6476	34.18527	307.5749	233.59183	990.0133	1.2197936	992.53284	988.5044	308.3614	23.536425	331.66742	271.3457	576.00903	48.120045	627.22815	505.20868	1982.3607	2.7926352	1985.9662	1977.0558	1000.0	1000.0	787999	148.5147	32.070827	185.63515	-60.185143	148.51485	32.068108	183.93983	-33.115707	-8.241258	1.607936	-4.333349	-20.944698	363.45688	12.764538	35396.17892384529
198	987.5609	2.1050105	990.6581	984.063	287.83478	47.58802	353.04584	229.74957	990.9834	1.7276499	993.23737	987.1516	235.84338	44.176758	271.81348	160.20583	523.67816	72.22205	610.2561	417.95676	1978.5443	2.4774876	1982.8517	1974.6671	1000.0	1000.0	791999	148.46776	32.193398	188.88786	-4.3438983	148.4682	32.19134	184.24382	-10.221128	-8.2304125	1.617275	-4.1226473	-21.200806	360.0569	12.993367	35560.75927400589
199	985.9852	2.750591	990.99915	981.66876	280.1098	27.285439	309.60764	240.59123	973.1004	1.1333308	975.1772	971.44727	278.74103	38.20454	326.02115	227.77692	558.8508	65.34187	635.6288	468.36813	1959.0857	3.1530814	1964.1615	1953.655	1000.0	1000.0	795999	148.13918	32.38281	183.39285	-11.23731	148.13982	32.38005	191.2834	-35.597885	-8.126294	1.6406128	-4.0608587	-21.253878	356.6388	13.161281	35724.72621631622
200	996.1204	2.34208	999.476	992.183	262.40588	57.485073	325.64392	204.72842	983.97626	1.6669518	987.47516	981.91534	199.82071	70.66543	261.51743	82.81188	462.22656	107.55015	574.8824	288.2298	1980.0967	3.156758	1986.9512	1974.4402	1000.0	1000.0	799999	147.76015	32.45696	189.83658	5.1887484	147.76012	32.456696	196.44498	-22.510603	-8.210264	1.6216117	-4.276119	-24.704475	360.34213	12.836693	35890.0320391655
