Epoch	AverageEpRet	StdEpRet	MaxEpRet	MinEpRet	AverageTestEpRet	StdTestEpRet	MaxTestEpRet	MinTestEpRet	EpLen	TestEpLen	TotalEnvInteracts	AverageQ1Vals	StdQ1Vals	MaxQ1Vals	MinQ1Vals	AverageQ2Vals	StdQ2Vals	MaxQ2Vals	MinQ2Vals	AverageLogPi	StdLogPi	MaxLogPi	MinLogPi	LossPi	LossQ	Time
1	-45.632637	67.06839	20.757914	-364.2766	55.932945	265.45868	375.9676	-502.6267	130.93333	714.4	3999	5.9034495	5.189071	38.84887	-6.376773	5.902728	5.188779	39.11619	-5.757966	-3.4954684	2.2961264	12.001201	-14.144373	-7.2895627	1.7181362	157.51537251472473
2	-29.142015	34.644253	15.640696	-183.59772	-15.896541	17.399614	5.1684885	-53.31248	86.15909	31.6	7999	28.266253	12.095123	75.18491	-8.466729	28.264734	12.096585	78.97682	-8.356517	0.39402136	3.6647406	28.877827	-15.787375	-30.87564	10.174313	342.93263030052185
3	-129.6155	253.10207	16.554174	-891.3046	-119.81124	131.57118	-12.937211	-327.0469	213.6	348.0	11999	68.1406	16.207144	118.499374	-28.1069	68.13897	16.216215	118.33872	-27.228277	2.862491	4.682254	39.569492	-15.171288	-71.62761	24.823637	534.4739129543304
4	-61.239815	130.79402	17.813591	-563.44836	147.0531	95.25072	282.36023	9.14998	190.80952	527.3	15999	77.79166	14.790716	121.01807	-38.936012	77.79211	14.787472	124.11396	-54.281258	-0.34624684	3.195914	27.964836	-16.23357	-79.20324	26.29036	732.7485117912292
5	-128.63759	120.90535	19.366491	-259.1863	325.44586	191.33827	604.88275	28.921766	539.0	624.1	19999	68.29418	14.793374	115.49809	-35.832397	68.29577	14.777568	120.80085	-59.147255	-1.3116125	2.672201	24.536098	-15.469955	-69.260864	18.752514	932.8581519126892
6	-39.303783	95.594795	55.84984	-221.67302	659.8485	47.463165	725.4072	533.18896	405.9	1000.0	23999	57.646584	14.145551	104.57585	-33.754726	57.646416	14.134817	105.98393	-36.055496	-1.85954	2.3989394	23.955524	-16.730675	-58.451313	14.0704565	1136.692185163498
7	21.959866	55.609818	87.92882	-109.392845	547.7795	78.890076	708.499	464.37268	480.8889	1000.0	27999	50.26187	13.250622	95.05859	-38.306934	50.262375	13.242616	96.769485	-36.082203	-2.2395825	2.2216713	22.433462	-14.497074	-50.975376	11.524376	1339.1947779655457
8	59.616028	36.237247	113.28784	-12.376854	755.3755	55.946564	866.0235	679.54645	462.8889	1000.0	31999	45.15124	12.4081745	84.191055	-41.15758	45.15158	12.403352	83.80937	-43.628174	-2.5115223	2.0925562	19.880077	-14.656109	-45.83358	9.53874	1540.419461965561
9	59.982346	45.343506	120.90802	-13.75459	806.5265	54.754322	904.9045	705.2164	635.3333	1000.0	35999	41.905056	11.935625	80.68037	-33.626266	41.905273	11.933364	80.82262	-62.668633	-2.7105923	2.0199122	23.715443	-15.279136	-42.5663	8.175691	1747.9444801807404
10	137.42322	124.7014	417.35815	4.17012	750.819	56.988976	845.80176	655.2539	493.125	1000.0	39999	40.505363	11.696525	82.2623	-35.0912	40.505535	11.694389	84.31542	-35.00928	-2.8480334	1.9746311	18.603722	-15.464375	-41.15866	7.641923	1955.5339703559875
11	139.62814	129.57098	358.30716	-14.114381	769.0892	232.78128	872.9676	73.205696	520.625	906.1	43999	40.217484	11.312934	82.145004	-30.67722	40.218155	11.307931	81.693825	-37.598583	-2.9193323	1.9489659	20.742641	-15.002394	-40.888412	7.0333652	2159.5792319774628
12	138.90543	92.98843	304.06625	3.092042	784.6671	80.38536	918.8198	693.2346	705.5	1000.0	47999	40.958813	10.874384	82.01671	-25.904335	40.95886	10.875585	80.64278	-39.657948	-2.9796	1.9406655	22.654978	-15.562817	-41.62738	6.653519	2366.134392976761
13	130.649	112.97161	367.86093	6.7531343	818.8375	75.95428	922.7825	732.00354	436.44446	1000.0	51999	42.266327	10.558751	79.83839	-28.610003	42.267006	10.562658	81.15425	-33.669525	-2.971885	1.9645157	22.348778	-14.576382	-42.95182	6.2708898	2572.2210500240326
14	220.82993	77.2199	327.4047	126.438385	699.9564	336.40125	939.8627	28.979786	807.75	806.7	55999	44.140854	10.512718	82.69237	-37.428448	44.14186	10.514124	82.50094	-36.504562	-2.9948363	1.9897647	23.553375	-14.71965	-44.826702	6.2195783	2773.8370819091797
15	143.68723	109.42589	321.1528	4.265196	889.859	137.665	996.766	520.92017	394.7	1000.0	59999	46.151516	10.471264	84.458	-45.53024	46.15222	10.469353	84.24069	-33.350574	-2.9851475	2.0102065	21.721468	-16.412247	-46.836952	6.260294	2996.5653414726257
16	135.49393	104.481766	344.60602	19.60731	804.51135	192.35281	1077.3419	358.29315	475.33334	1000.0	63999	48.20517	10.213357	87.14333	-26.449955	48.20559	10.212616	87.56142	-25.794134	-3.0104382	1.9949157	25.700302	-14.338543	-48.892593	6.492542	3212.936339378357
17	173.6086	146.75346	511.77844	32.729774	785.85504	248.65309	986.9245	65.77852	407.3	905.3	67999	50.26902	9.887618	88.49596	-33.975533	50.26947	9.886915	88.134514	-34.98651	-3.059191	2.0105884	24.62067	-15.838174	-50.954296	6.153541	3426.3611121177673
18	459.29028	92.36724	618.4526	393.95508	965.14813	185.54385	1264.8804	737.95856	1000.0	1000.0	71999	52.68875	9.812415	90.44746	-37.069153	52.68909	9.810787	88.817825	-34.841724	-3.0494466	2.048031	28.318474	-15.567988	-53.366634	6.3846397	3632.7295241355896
19	373.92398	195.67218	774.88947	204.41249	701.11365	340.45175	1219.3075	50.815388	604.3333	650.5	75999	55.009365	9.738977	92.15999	-34.34453	55.009785	9.738229	90.27021	-33.813442	-3.0571032	2.046446	31.492239	-15.07443	-55.675526	6.1610184	3838.736610889435
20	256.57272	146.95174	461.77008	15.777939	895.86523	21.728441	929.21173	872.7798	628.1429	1000.0	79999	57.17318	9.675512	97.754234	-28.895662	57.173386	9.6795225	99.80243	-62.33572	-3.0663302	2.0734074	27.423523	-15.203578	-57.840977	6.2308598	4067.8620653152466
21	381.99365	230.46478	755.3119	122.95845	809.4998	38.714355	840.73065	701.78705	598.1667	1000.0	83999	59.415195	9.774676	100.06003	-34.867928	59.415474	9.774625	102.62059	-41.74523	-3.0665326	2.0819814	26.38711	-14.816937	-60.07413	6.460963	4334.004790067673
22	611.20557	341.3484	1028.8483	44.60632	1064.341	403.68912	1680.2705	551.30896	825.5	763.4	87999	61.654755	9.915531	104.86343	-33.906654	61.654964	9.918433	103.64791	-48.32652	-3.0251622	2.0934706	29.218634	-15.032682	-62.300007	6.7729406	4591.674651384354
23	237.47182	126.46682	472.98343	46.998188	944.50214	394.07196	1738.7817	49.872475	506.2857	904.4	91999	63.591465	10.303951	100.74817	-36.76027	63.59144	10.305179	103.457886	-36.10671	-2.9748816	2.1394584	28.793427	-16.884544	-64.25056	6.734958	4821.309051513672
24	400.99985	176.63913	656.091	132.05142	1302.7877	244.29185	1710.6062	998.2683	820.6	990.4	95999	65.44628	10.491065	103.80521	-40.044422	65.44634	10.4906645	103.23125	-54.470936	-2.979442	2.1675408	60.951603	-14.167737	-66.09855	6.7953663	5051.562716245651
25	397.17163	391.18118	1197.689	32.29606	1583.7223	479.62277	1914.0342	349.9478	572.0	922.9	99999	67.33748	10.827585	105.33764	-31.756693	67.33775	10.828978	103.95552	-37.23718	-2.9529276	2.1694448	29.872297	-16.24095	-67.989815	6.783349	5275.819387435913
26	373.8918	338.35385	1217.2091	79.441864	997.0054	615.0198	1961.3223	67.10355	593.25	750.7	103999	69.18913	11.322433	109.98788	-44.204853	69.189026	11.322314	108.10821	-42.114292	-2.9408965	2.2130733	32.491795	-15.244846	-69.84514	7.242809	5492.103650331497
27	655.2491	377.1543	1297.5211	84.01246	1534.6909	403.5185	1952.699	943.45074	700.3333	959.8	107999	71.023	11.697753	109.466125	-43.16868	71.02333	11.698886	110.18104	-33.705925	-2.8781497	2.2329645	34.268234	-16.213745	-71.66402	7.3235617	5711.349212169647
28	562.24365	478.0509	1327.1407	71.51321	1688.4633	552.03467	2142.2656	620.22046	633.6	827.7	111999	72.94177	12.27846	111.38505	-40.62609	72.942	12.279727	115.00052	-37.477287	-2.8581862	2.2591033	35.19875	-14.33923	-73.57745	7.5623693	5920.273452281952
29	297.66553	170.95982	578.27826	176.4531	1317.3918	678.36554	1992.4049	152.65602	635.8571	758.1	115999	74.46312	12.733663	114.879295	-40.487804	74.46337	12.731164	113.28635	-37.041965	-2.812321	2.2744155	57.610855	-15.220867	-75.09785	7.747511	6123.997888803482
30	538.9012	277.78003	920.1226	31.52063	1871.4954	352.93552	2161.4346	1017.0877	588.7143	1000.0	119999	76.03571	13.258539	116.03801	-55.024597	76.0358	13.261084	118.597435	-41.084324	-2.7961228	2.3067465	37.013016	-16.369751	-76.66266	8.229567	6332.943589448929
31	601.605	384.28766	1273.184	164.18396	1415.2592	591.6055	2040.6797	186.6629	664.6	801.6	123999	77.53195	13.9084425	118.33235	-35.834396	77.53223	13.906429	121.84485	-33.823303	-2.747168	2.357668	46.418297	-15.384173	-78.150604	8.343366	6551.255722999573
32	444.10522	189.8726	787.2552	230.19994	1828.7096	350.86496	2058.9246	815.9663	773.8333	927.5	127999	78.84741	14.406804	119.3874	-47.441254	78.84769	14.406216	120.66714	-37.692802	-2.7395914	2.3600233	41.11715	-16.550243	-79.476006	8.250032	6785.537418603897
33	289.27835	117.27542	516.2932	151.44272	1827.3469	755.465	2474.7434	478.4613	710.3333	851.1	131999	80.01894	14.883458	122.64094	-86.83742	80.01932	14.88549	123.89643	-61.580708	-2.7248547	2.383791	48.658623	-14.786258	-80.64641	8.953576	7019.045773029327
34	1032.3579	420.9509	1478.572	484.3403	1684.677	411.7308	2187.4036	1019.2557	1000.0	1000.0	135999	81.02036	15.426916	125.146835	-80.04545	81.020294	15.426913	125.678604	-47.25151	-2.7434587	2.3708792	35.038815	-15.716091	-81.63574	8.738721	7249.22801566124
35	475.33023	313.46484	1129.1959	221.16112	1763.7682	706.54675	2479.637	75.56924	539.8333	848.7	139999	82.17473	16.334291	127.696175	-54.90122	82.17509	16.332872	128.31291	-33.28809	-2.6717012	2.420416	49.111202	-18.95836	-82.782936	9.149062	7473.268392801285
36	1105.5916	398.33655	1730.8915	674.37354	785.99255	577.3084	1898.7296	69.89089	1000.0	633.0	143999	83.52341	17.080738	131.07338	-61.607758	83.523865	17.079458	129.60603	-39.29363	-2.6263263	2.4447668	35.910484	-14.238762	-84.12997	9.260005	7697.458964109421
37	594.6602	341.31952	1162.6709	242.11551	1476.7229	441.5252	2033.9028	850.7881	849.2	884.1	147999	84.51635	17.712606	132.2178	-51.677757	84.51651	17.713093	132.58136	-60.688423	-2.6212435	2.456246	39.623596	-14.24265	-85.11859	9.395679	7922.254387617111
38	933.61884	537.37823	1604.9115	190.27339	1183.236	319.87	1704.2052	678.03906	1000.0	935.5	151999	85.72353	18.56519	133.13281	-59.35854	85.72414	18.565762	132.7111	-51.504627	-2.5838141	2.4836874	42.940716	-14.151825	-86.332726	9.6352	8137.141601800919
39	484.72617	282.64645	1020.5001	244.98367	1595.0128	543.11475	2348.723	750.37476	833.6	888.6	155999	86.7377	19.32171	136.04756	-49.19118	86.73739	19.321602	135.17146	-41.25144	-2.556295	2.526275	43.945503	-15.743843	-87.33412	9.626246	8351.088521957397
40	808.7016	553.1527	1807.0801	167.44542	947.0123	626.49536	1861.7319	10.999301	714.0	651.0	159999	87.72985	20.072407	137.70894	-49.545486	87.73038	20.07194	139.23021	-35.78637	-2.5331743	2.5334318	35.881824	-14.935257	-88.32998	9.978639	8559.669673204422
41	614.2941	550.5097	1698.5693	226.7695	1364.2233	601.65356	2455.9246	130.17047	817.0	723.4	163999	88.75297	20.676285	137.65054	-51.37699	88.75316	20.67278	141.07771	-36.82823	-2.525859	2.5373538	41.577415	-14.24931	-89.34681	10.218957	8770.226589679718
42	827.1234	314.28812	1204.1818	298.90097	1578.5659	675.4987	2307.119	50.950085	765.4	799.8	167999	89.72151	21.313515	141.97717	-59.170605	89.72202	21.313324	141.58495	-53.056637	-2.5239663	2.5511436	42.498993	-14.935976	-90.313614	10.666503	8981.411548137665
43	573.57117	307.6353	962.8433	47.75033	1652.9788	827.21295	2646.9858	90.2291	529.2857	854.9	171999	90.50689	21.910683	142.62024	-50.979538	90.50706	21.911127	143.6578	-45.388905	-2.5128849	2.573564	33.664677	-14.218665	-91.10628	10.774509	9212.172227144241
44	574.7928	233.62337	888.6433	113.631714	1710.7771	627.1654	2424.2485	243.23032	735.3333	841.6	175999	91.28113	22.43946	143.34766	-56.091953	91.28143	22.439613	144.86986	-61.619522	-2.491805	2.581264	47.438484	-16.703865	-91.86903	11.286893	9448.51640510559
45	854.33765	391.5201	1276.2218	312.94534	1133.1218	511.0564	1767.6595	82.58972	1000.0	817.5	179999	92.044	22.993399	145.94563	-39.382626	92.04424	22.994463	146.99036	-41.45847	-2.513629	2.606014	34.84948	-14.423989	-92.63097	11.020558	9676.741311311722
46	600.56067	231.02664	1087.6606	390.03113	2143.8943	542.1771	2794.23	1268.8888	677.5	1000.0	183999	92.93154	23.63647	147.70921	-55.504223	92.93171	23.638294	150.79655	-38.041542	-2.468169	2.6547155	54.690353	-14.568657	-93.51576	11.429	9895.285135269165
47	1072.3105	708.84296	1949.68	69.849976	2173.0608	751.075	2643.3044	101.672966	708.8	905.4	187999	93.89529	24.429874	149.84749	-62.485054	93.8955	24.43136	149.32043	-69.03192	-2.4304938	2.6526203	56.524685	-14.190002	-94.48339	11.573896	10112.737481117249
48	453.33423	262.25842	868.9521	212.34828	2156.3955	1077.5953	2983.8997	24.053667	654.1667	807.5	191999	94.81454	25.190722	151.61989	-47.75291	94.81524	25.192196	152.69904	-55.76856	-2.4128182	2.6574862	40.545605	-15.734408	-95.40228	11.6910095	10332.797889471054
49	781.1839	548.11	2099.072	315.56622	2247.81	771.2211	2819.3792	725.1873	528.25	878.0	195999	95.8597	26.035158	156.68895	-54.639465	95.86034	26.037771	153.98361	-62.333435	-2.4235594	2.6646328	48.445534	-16.004053	-96.44628	12.0462265	10562.01124715805
50	896.834	592.50525	1772.0303	18.433664	2393.1045	485.4751	2719.1765	1230.1771	562.5714	1000.0	199999	97.17078	27.123379	157.24838	-46.823105	97.17077	27.128838	159.06824	-45.274693	-2.3313968	2.7208107	54.544456	-14.677675	-97.75914	13.531217	10794.366243600845
51	1183.2716	788.014	2187.6736	173.52406	2414.743	612.42883	2936.0364	1245.3413	933.25	948.8	203999	98.30462	28.163334	160.61737	-57.044838	98.30498	28.166035	160.76738	-69.103584	-2.3040905	2.7301235	59.05144	-15.466986	-98.89641	13.431971	11022.548658370972
52	1400.5238	704.7985	2400.5173	282.15643	2545.5059	596.739	3067.9275	1248.0817	753.5	1000.0	207999	99.63975	29.074314	163.41083	-45.662086	99.63997	29.073324	165.00905	-55.31304	-2.2910244	2.7457154	41.096333	-16.011774	-100.20781	13.904581	11253.715962171555
53	1273.7426	572.2626	2324.635	722.8726	2602.044	361.53467	2844.1758	1850.287	792.0	1000.0	211999	100.82691	29.994514	164.90906	-64.916985	100.82721	29.993395	167.90451	-46.339485	-2.2310743	2.775065	48.991776	-16.677162	-101.37864	14.451185	11485.82579779625
54	1414.2429	574.6574	2228.1023	828.7398	1829.1758	819.54596	2903.318	286.00427	764.2	911.8	215999	102.08858	30.887041	167.69882	-58.64853	102.08863	30.88607	169.10526	-63.81346	-2.2361238	2.8161697	47.755608	-14.955914	-102.64438	14.548987	11716.761176109314
55	1150.6543	1014.7878	2390.209	205.94188	1708.276	902.74854	2872.915	96.39498	822.8	777.5	219999	103.42573	32.120693	172.06482	-65.35746	103.42606	32.125114	173.4745	-62.76532	-2.1248152	2.8885622	45.98111	-14.13845	-103.99783	15.179534	11942.94747710228
56	1443.1844	821.40265	2432.769	94.78733	2577.0103	916.1844	3532.2659	1187.4465	620.0	788.0	223999	105.03523	33.39283	175.0676	-52.405445	105.03565	33.39254	175.33095	-44.33723	-2.0758076	2.8977008	42.6874	-14.396824	-105.60017	15.863682	12160.659090995789
57	1559.2496	750.2848	2695.8596	604.1499	2807.4658	70.280045	2917.855	2703.0273	732.1667	1000.0	227999	106.62397	34.709026	179.71611	-53.075592	106.62494	34.712788	180.24246	-70.73874	-2.043485	2.926061	53.790936	-13.680251	-107.18165	16.597025	12381.106357097626
58	858.0523	592.54315	1737.6981	24.298525	1258.122	868.57623	3077.2288	208.72855	487.375	504.4	231999	108.12097	35.93884	183.30783	-52.601093	108.12094	35.940403	180.44177	-83.19953	-1.9656107	2.9643223	46.199818	-20.049654	-108.67848	17.215012	12589.7538356781
59	1492.0834	854.5762	2350.3743	95.16496	1433.6649	1048.5707	3287.06	181.2786	602.0	738.9	235999	109.86934	37.4372	186.20084	-87.09716	109.86951	37.4378	188.13968	-63.0301	-1.8703446	3.0104933	52.470642	-14.541546	-110.43185	18.38559	12805.842615365982
60	1653.0872	944.01666	2574.2227	404.38144	3101.6558	89.18843	3271.766	2930.827	1000.0	1000.0	239999	111.3685	38.771446	189.47484	-75.842926	111.3691	38.772224	188.59242	-58.32682	-1.8170222	3.0567195	49.051964	-15.486635	-111.92028	19.5322	13027.190945386887
61	1621.9191	1006.89453	2767.7349	523.6447	3148.692	543.7554	3506.4004	1577.3344	749.1667	1000.0	243999	112.94395	40.307743	192.16437	-73.22113	112.94386	40.308723	192.69208	-66.98062	-1.7784972	3.097124	51.601154	-16.036188	-113.4964	19.13991	13259.95663690567
62	2204.4312	890.69617	2890.7563	677.6064	2924.0066	794.76666	3558.364	952.1217	825.5	950.4	247999	115.09868	41.916874	197.38239	-99.56019	115.09917	41.91687	198.64948	-53.97673	-1.7706125	3.082802	47.885307	-15.320588	-115.642075	19.83894	13519.21229505539
63	2135.0696	914.72235	2696.8918	551.8856	1729.0852	1007.86176	3446.0137	211.87646	994.75	581.8	251999	116.81366	43.37339	200.94618	-45.082397	116.81374	43.37229	201.85027	-58.961636	-1.6584492	3.1400533	46.739227	-13.497791	-117.358734	20.858896	13765.767450809479
64	1602.7892	732.06415	2769.3657	779.0136	2078.4204	1124.6337	3479.1301	406.58533	725.0	730.9	255999	118.48045	44.672684	204.95505	-75.194824	118.48059	44.671547	205.68471	-90.05989	-1.6221486	3.1427317	44.70773	-13.364996	-119.006454	21.160225	13984.010687589645
65	2259.3826	1043.5376	3048.172	463.3826	2804.039	1126.1506	3629.6448	25.376917	1000.0	848.0	259999	120.28187	45.97758	206.95195	-71.11909	120.28189	45.975376	205.25768	-79.92383	-1.5642741	3.1585202	45.90767	-14.179499	-120.801384	21.750322	14198.56918478012
66	1784.2695	329.6342	2129.1262	1210.7323	3321.125	427.53717	3561.736	2059.0574	702.6	1000.0	263999	122.05383	47.461166	213.31116	-59.337692	122.05438	47.460335	211.51944	-87.39704	-1.4813467	3.206122	42.57767	-14.357237	-122.58792	23.57791	14416.601682424545
67	1763.3633	1054.7166	3000.4084	229.61264	2468.405	1123.6729	3811.0803	575.4462	610.8571	849.5	267999	124.15161	48.8932	221.07137	-83.01303	124.15172	48.893036	221.24104	-77.386986	-1.4084547	3.2791138	73.496796	-13.887823	-124.66445	25.837324	14630.135036706924
68	1504.6531	769.63257	2611.1147	425.8856	2529.3828	1236.3505	3755.7385	695.1487	876.2	794.8	271999	125.77307	50.256332	221.76187	-109.976494	125.77312	50.256733	224.53404	-85.15364	-1.3659717	3.3233607	56.160492	-14.461092	-126.28768	26.579805	14842.769553661346
69	2014.8434	835.7035	2968.837	860.7688	2787.763	1279.541	4021.8022	523.62103	794.0	845.5	275999	126.99045	51.34966	226.32713	-70.742424	126.99081	51.35017	227.33171	-70.78877	-1.3565497	3.330733	67.85623	-13.67366	-127.49894	25.4195	15056.653457641602
70	1740.2744	1171.7294	3113.0513	441.50766	3554.2524	495.46536	3861.7957	2120.9478	833.4	1000.0	279999	128.36182	52.571644	228.39607	-94.466125	128.36195	52.571815	226.90172	-73.429886	-1.2288735	3.3554323	48.20884	-14.200739	-128.8672	27.44828	15275.37263059616
71	1133.8375	1070.2333	2948.9119	176.98209	1992.708	1167.1366	3751.2715	694.24164	658.0	920.9	283999	129.4416	53.61306	230.13393	-69.23512	129.44196	53.612427	230.68428	-78.34381	-1.2333419	3.379296	51.47628	-15.410088	-129.93846	28.068394	15494.03156208992
72	1967.1163	1000.96405	3019.3354	676.4688	2584.565	1024.2528	3840.584	491.93036	682.5714	874.0	287999	130.98578	54.558674	231.67278	-86.70834	130.98595	54.560253	235.2943	-41.730858	-1.1964478	3.39906	46.571465	-14.588373	-131.48175	28.780977	15710.773406744003
73	2021.3268	1026.7585	3416.0413	982.30817	2626.056	1537.0201	3948.5251	25.800932	766.4	693.6	291999	133.00223	55.434803	235.31015	-85.31753	133.00221	55.433884	234.30559	-98.93573	-1.2173975	3.3684413	80.32191	-13.681135	-133.49358	28.274368	15938.647720813751
74	2079.7273	1184.8802	3361.8728	684.8715	2705.9937	837.69214	3945.0278	1436.1019	1000.0	866.6	295999	133.98596	56.613922	240.56126	-148.52682	133.98642	56.612274	238.72487	-89.86299	-1.1543926	3.4349155	59.5089	-19.406076	-134.46759	30.257868	16183.01943898201
75	1114.2289	702.83936	2289.017	82.6179	1286.8464	1202.1522	4070.7666	85.05729	569.8333	383.8	299999	135.22163	57.70711	240.36351	-92.29253	135.2217	57.708202	239.59746	-89.38857	-1.0766236	3.441865	71.662895	-14.745085	-135.7203	30.303864	16413.166200876236
76	1597.4008	1003.8708	3030.2239	413.79807	1791.6019	1164.0968	3378.7322	81.44522	723.8333	588.0	303999	136.55193	58.89392	250.56836	-86.809364	136.55202	58.89327	244.47359	-94.165726	-1.0656333	3.4822648	93.56405	-14.350071	-137.05724	32.898643	16677.45409846306
77	2160.4243	1062.1056	3494.009	641.76294	2266.868	1001.3154	4103.4795	1355.1101	731.5	807.9	307999	137.80458	59.869587	246.54987	-74.08501	137.80487	59.866085	246.28978	-69.22263	-1.0638686	3.4690685	48.127945	-14.0038805	-138.28435	32.20102	16945.788205623627
78	2075.85	801.02264	3077.7698	1185.0255	3032.9504	971.9892	3739.6519	568.6549	656.6	915.8	311999	139.50136	60.796036	247.2061	-94.21321	139.50212	60.792282	246.39494	-85.25647	-0.99513924	3.4933615	57.713345	-16.543625	-139.96431	33.192883	17319.484964370728
79	1690.3168	1008.13007	3444.2842	395.06186	3970.0571	96.37902	4199.7573	3830.6484	771.5	1000.0	315999	140.7252	61.609776	256.4133	-96.561676	140.72437	61.60786	254.19612	-77.57942	-1.0120147	3.523909	62.012016	-14.481617	-141.18222	35.63278	17685.406217575073
80	3117.119	667.99084	3683.4292	1984.5858	1692.3304	1127.1559	3643.7983	34.812412	895.75	679.5	319999	141.94844	62.48859	256.08765	-89.61844	141.94926	62.48921	256.32904	-91.76184	-0.96847534	3.54111	62.242126	-14.71789	-142.41127	34.535767	17906.604869365692
81	1884.4219	1353.1705	3332.1755	27.702728	966.1493	1041.0404	3739.6387	202.27591	742.0	411.5	323999	143.74774	63.494984	257.19785	-116.056015	143.74756	63.491825	259.4864	-85.245834	-0.892782	3.5595782	66.51002	-13.478741	-144.2251	35.77182	18113.72120499611
82	1532.467	1050.2096	3447.0012	286.41342	3013.6284	1097.7234	4226.0815	1152.8344	451.7	908.0	327999	145.64508	64.5172	263.42102	-76.51108	145.64548	64.51572	265.7416	-107.90096	-0.81926984	3.57525	56.934525	-16.462029	-146.1065	37.15856	18336.462020397186
83	3453.9053	35.501938	3499.4927	3412.383	4079.9512	389.5558	4481.1714	2992.9326	1000.0	978.0	331999	147.39821	65.54869	265.28317	-81.51342	147.39766	65.55088	263.72275	-87.85962	-0.77301985	3.6005454	62.872543	-15.348004	-147.83614	38.55703	18567.869208335876
84	3222.2126	460.62125	3574.9229	2447.6934	3609.7905	760.16394	4091.397	1431.9257	1000.0	937.4	335999	149.36151	66.62015	268.5592	-120.64895	149.361	66.619865	267.7266	-100.8012	-0.65529716	3.6784203	116.254166	-16.418217	-149.8189	39.532387	18790.493985891342
85	2305.956	1243.4761	3624.022	374.00537	3829.1707	1036.982	4359.608	734.3204	668.0	918.5	339999	151.21579	67.50145	269.79996	-94.237465	151.21648	67.498215	269.91415	-119.2989	-0.64846236	3.6882658	96.108864	-15.204544	-151.65344	40.921246	19031.137571573257
86	2802.7244	1007.9536	3789.8564	1318.5662	1202.6072	802.3798	2259.3577	54.65486	873.2	470.0	343999	152.91028	68.703476	271.04117	-158.92181	152.91063	68.70285	276.23596	-158.63542	-0.616059	3.6925464	66.98457	-13.845283	-153.36188	39.996414	19265.45730996132
87	2273.5024	1093.591	3627.3096	922.3353	3081.423	1364.2722	4253.7344	302.90186	744.2	781.4	347999	154.91382	70.02534	276.204	-118.79449	154.91399	70.02661	274.70966	-102.90983	-0.5705553	3.6985927	63.917274	-14.725676	-155.34431	42.80708	19506.21367764473
88	2882.481	632.87384	3559.8835	1989.0868	4000.5815	1307.7965	4677.6206	93.33111	939.5	903.5	351999	156.4188	71.14463	284.80765	-74.21898	156.41891	71.14137	285.66806	-76.58752	-0.51534766	3.7138748	62.281097	-17.850084	-156.85136	41.49511	19758.07563853264
89	1856.4557	1338.9966	3841.8967	380.818	4326.218	205.41519	4648.493	3994.0078	907.0	1000.0	355999	157.78352	72.2474	278.12494	-89.15822	157.78336	72.24721	281.7169	-87.0857	-0.5172159	3.7062685	83.263504	-14.5568905	-158.22356	41.92182	20014.36979985237
90	2603.4011	1524.4042	3940.8591	666.6193	4631.963	159.82993	4960.445	4360.288	833.6	1000.0	359999	159.19257	73.366806	283.66956	-90.18112	159.1928	73.36565	285.19012	-111.622345	-0.49633825	3.7359607	62.982143	-13.870601	-159.62085	41.890938	20336.88441967964
91	2510.2903	1373.7239	3974.0715	0.86642367	2533.1025	1262.3488	4466.86	838.4948	658.0	768.6	363999	160.80534	74.25122	282.24295	-92.515015	160.8055	74.24942	283.6984	-115.3891	-0.43180758	3.7816498	72.24861	-14.2984495	-161.2663	44.45868	20655.213024139404
92	1894.9602	1589.6105	3842.1016	420.1594	2812.1025	1587.5077	4891.9854	36.607807	826.8	617.0	367999	162.55626	75.23226	288.76956	-95.559296	162.55586	75.23208	291.94836	-108.36621	-0.41584814	3.7938814	97.49872	-16.972782	-162.9643	44.395245	20914.774966716766
93	1393.8804	1025.2289	3106.8323	154.05249	4423.909	217.50728	4717.1597	4015.7961	516.1667	992.0	371999	163.73668	76.34514	296.21747	-150.50279	163.73682	76.344765	291.8451	-128.05063	-0.31370255	3.879061	107.69376	-13.547842	-164.1849	46.87472	21247.437090158463
94	2392.8794	1370.2678	4123.209	126.29234	2652.5269	1799.616	4497.7075	130.18153	695.2857	607.4	375999	166.13997	77.67477	294.1256	-134.79349	166.14037	77.674644	292.16214	-110.22133	-0.26231644	3.850207	70.84167	-13.260885	-166.60097	48.520897	21484.140197515488
95	3302.0352	1099.9023	4489.109	1512.1555	4590.0693	117.45539	4801.5513	4379.675	802.6	1000.0	379999	167.88756	79.079285	298.7054	-189.54234	167.88722	79.0747	295.03592	-162.50786	-0.22368298	3.860267	49.622173	-17.551216	-168.32423	49.806694	21731.94406223297
96	3972.4048	223.22531	4159.6167	3591.21	4242.643	881.353	5353.023	2249.2236	1000.0	923.5	383999	170.59348	80.35636	298.44122	-98.74144	170.59377	80.35298	301.2959	-137.96495	-0.18020734	3.8794925	66.13137	-15.751025	-171.05223	49.997833	21987.91824388504
97	2148.6812	1664.019	4134.136	466.83978	3919.7727	1266.807	4924.7827	1136.9852	705.2	846.8	387999	172.28423	81.687065	304.65408	-119.654785	172.28406	81.686356	302.4374	-109.71292	-0.12298109	3.916388	69.42289	-15.070945	-172.7254	53.15784	22244.01760315895
98	3109.1914	1577.1915	4252.947	362.39133	4355.7705	1401.0908	5112.2095	353.235	747.8333	885.6	391999	174.32059	82.882744	306.16998	-109.666275	174.3204	82.88186	303.87378	-97.56155	-0.0585832	3.9146385	105.91667	-13.419906	-174.7803	56.063194	22494.015501737595
99	3148.4739	1085.0173	4182.9673	1603.9098	4823.9634	154.97905	5099.124	4487.5654	776.0	1000.0	395999	176.3538	84.07519	306.6741	-131.84683	176.35364	84.07177	308.0366	-114.674484	-0.06155009	3.9043827	76.18259	-14.3164425	-176.79132	53.7225	22716.632419347763
100	3341.6125	790.9885	4526.6196	2333.273	5007.4365	145.55164	5193.821	4705.3926	790.2	992.3	399999	179.08517	85.11756	309.88254	-80.79735	179.08554	85.11455	312.6852	-75.29154	-0.016800264	3.9111497	82.85817	-14.770208	-179.52522	52.991974	22939.522265672684
101	3531.5342	1318.2074	4492.5273	1258.8982	4424.001	88.38246	4576.098	4271.7905	1000.0	1000.0	403999	180.82426	86.54282	313.0111	-127.07131	180.82433	86.53379	314.20895	-129.69426	0.034272935	3.97717	79.35652	-13.717728	-181.25931	58.081345	23166.945846557617
102	3702.131	1100.7278	4492.9087	1806.8704	5045.7485	173.7896	5240.8975	4742.1055	854.75	1000.0	407999	183.09404	87.93057	318.70108	-100.8267	183.09392	87.92578	322.43054	-102.37634	0.07945357	3.9668994	76.0972	-13.7892685	-183.55347	56.40208	23399.497319936752
103	3860.1265	677.46796	4562.8823	2799.6768	4363.9263	1395.5281	5020.547	184.96118	889.8	905.4	411999	185.86044	89.47544	320.4972	-152.7847	185.8608	89.4703	321.8297	-141.06725	0.1409278	3.9892883	89.2671	-13.7456	-186.33646	55.986553	23630.33996653557
104	4071.9194	612.6438	4581.227	3025.8767	4640.577	130.16335	4893.018	4381.625	931.5	1000.0	415999	188.13474	90.77068	331.53033	-114.06574	188.1351	90.76389	327.24997	-128.31465	0.20309038	3.9892275	71.223755	-15.829092	-188.57828	61.62806	23896.257260799408
105	3180.6458	1554.8744	4410.5205	139.64885	4551.818	220.40724	4710.4785	3930.0544	731.5	984.2	419999	190.72623	91.853294	331.99152	-154.52094	190.72638	91.85262	330.83194	-115.83582	0.27668127	4.0538483	66.69147	-15.666332	-191.18082	62.63057	24160.32246685028
106	4228.9844	182.61012	4522.1436	4032.0427	4905.433	156.80759	5119.4487	4528.705	986.75	993.0	423999	192.57794	93.06827	335.3374	-108.06049	192.57762	93.06483	333.5651	-153.40363	0.3090441	4.031133	73.26975	-14.149056	-193.01082	60.78173	24454.144653320312
107	3177.9902	1616.6161	4541.469	111.94563	4677.0835	107.17626	4828.858	4481.8975	752.8	1000.0	427999	195.1132	94.21701	336.81738	-105.86558	195.11298	94.21152	334.1817	-113.388885	0.35954165	4.0304446	66.634575	-15.116413	-195.52785	66.17874	24744.895390748978
108	3872.2485	929.02844	4750.988	2203.6907	4325.4297	1137.1962	5046.1733	1714.4032	860.0	950.7	431999	197.1158	95.23835	335.85123	-119.628204	197.11618	95.23191	337.05563	-140.85472	0.35641086	4.0543895	70.9951	-13.061831	-197.54494	62.528774	25027.493661880493
109	2883.8706	1873.1182	4553.5264	578.84625	4003.1138	1523.4279	5195.734	1433.6002	831.0	806.1	435999	199.25038	96.32476	338.11447	-109.97828	199.25085	96.31643	339.21188	-116.51052	0.3847118	4.1021132	64.72765	-13.614835	-199.67184	62.795013	25247.297436475754
110	4139.7646	487.06573	4743.83	3461.4597	5118.3447	66.49805	5230.2114	4991.962	883.0	1000.0	439999	201.49736	97.53494	340.86478	-159.69276	201.49677	97.53414	341.7728	-137.1983	0.45611238	4.1106896	70.98194	-15.914599	-201.956	62.04345	25472.5991563797
111	3837.4429	1409.5901	4783.1245	1047.7196	4348.004	1251.8851	5096.5703	842.9437	848.8	871.6	443999	204.35306	98.712135	347.6883	-171.62376	204.35358	98.70714	345.95068	-222.49794	0.5024155	4.14617	80.66327	-14.22783	-204.78302	65.40477	25710.53703713417
112	3133.868	1629.8973	4432.9053	493.19534	5044.535	112.5542	5299.438	4864.698	705.6	1000.0	447999	206.33908	99.83238	346.74042	-140.5861	206.33923	99.83023	346.24118	-148.6956	0.5332305	4.118464	74.88824	-13.983909	-206.78653	66.61707	25945.461274385452
113	3505.1199	1473.1154	4781.4785	624.4528	5084.5454	89.58635	5252.6416	4939.342	759.0	1000.0	451999	208.4251	100.74539	355.27505	-200.32579	208.42474	100.74321	349.19937	-154.24803	0.5859323	4.118459	75.31233	-12.698129	-208.83485	68.26145	26229.837233781815
114	4608.848	112.685646	4759.154	4443.7524	4825.6865	377.4675	5146.5103	3749.1443	1000.0	974.0	455999	210.08871	101.65506	351.0476	-170.31914	210.08868	101.65172	351.3936	-145.46771	0.6056559	4.1375995	57.715584	-15.482575	-210.50232	69.47509	26562.22175192833
115	3953.8308	1295.4272	4768.8433	1713.4895	4477.5757	1104.1882	5016.137	1187.5304	1000.0	1000.0	459999	212.17085	102.52896	352.4776	-165.34119	212.17075	102.52321	354.07526	-172.4648	0.6509572	4.1282825	100.3993	-16.070396	-212.55757	69.481316	26940.411949396133
116	3718.4636	1791.8575	4759.132	137.90417	4963.9307	112.47316	5206.831	4770.9766	809.8	1000.0	463999	213.95166	103.56277	355.1512	-139.15901	213.95197	103.563324	356.4284	-115.45158	0.69203514	4.1648517	59.31568	-15.124949	-214.34363	70.0034	27315.70802640915
117	3850.9353	1517.6418	4810.425	1227.5647	4972.525	83.20739	5109.804	4857.5605	814.25	1000.0	467999	215.91794	104.59962	363.02048	-124.85154	215.91862	104.59696	359.54617	-124.9261	0.74647874	4.182238	54.8203	-14.66712	-216.30719	72.77962	27573.40293240547
118	4084.3699	1162.7068	4947.4556	1781.9565	4526.6597	471.06738	4831.1494	3133.0938	874.4	1000.0	471999	217.90564	105.580444	360.84955	-133.47115	217.90508	105.57987	361.49155	-124.68954	0.7237713	4.1844287	70.867676	-17.009508	-218.30627	71.7336	27813.215302228928
119	4160.0796	1099.3197	4912.9326	2271.0498	3330.4543	1819.6079	5294.999	933.2527	891.0	746.8	475999	219.652	106.34546	364.9434	-147.7304	219.65227	106.34202	363.5527	-158.52524	0.72724485	4.183048	74.2479	-13.914236	-220.05487	70.87797	28031.067170619965
120	4430.382	534.9281	4876.398	3388.9949	4756.778	865.0307	5318.2104	2189.7651	943.0	947.6	479999	222.17538	106.88268	365.26785	-195.90256	222.1748	106.88338	365.6977	-162.03914	0.78896016	4.2083397	79.51152	-13.195405	-222.58458	71.53204	28252.472231149673
121	3948.6152	1546.9482	4879.3906	865.3705	4776.893	132.00836	4952.775	4464.6113	835.0	1000.0	483999	224.13168	107.666435	375.28696	-150.73558	224.13223	107.65743	371.9593	-119.753426	0.8558374	4.2046065	94.086494	-13.372446	-224.53828	74.25127	28480.698549985886
122	3881.1057	1346.4246	4934.04	1585.8033	5180.624	106.8801	5325.3403	4998.201	1000.0	1000.0	487999	225.67332	108.71377	370.6745	-165.15594	225.67361	108.708786	369.86404	-198.50552	0.8781164	4.2373657	73.86886	-13.974497	-226.0852	73.8853	28709.889226913452
123	3800.6465	1802.2604	4847.36	201.10138	5014.644	117.51619	5204.9907	4756.468	804.6	1000.0	491999	228.17142	109.529884	371.8602	-149.5206	228.17143	109.531425	371.3584	-86.023544	0.92480373	4.2012405	61.81852	-13.263252	-228.56631	76.15598	28960.66355895996
124	4288.8193	1086.2368	5117.784	2420.2415	5023.6177	177.17041	5380.7134	4704.6426	876.25	1000.0	495999	229.70572	110.25044	371.99054	-134.78432	229.70642	110.25015	373.10843	-222.50687	0.8906431	4.223407	73.40816	-14.765897	-230.08365	71.74836	29235.670442581177
125	3276.1462	1487.5061	4778.295	1334.1792	5093.327	87.93613	5255.6924	4968.228	704.1667	1000.0	499999	231.85286	110.913956	378.6374	-164.04669	231.85149	110.910866	375.35892	-141.19098	0.92959607	4.2058334	71.70099	-13.331739	-232.23837	75.39735	29498.937409877777
126	4960.5996	125.13666	5142.921	4790.3926	5347.8164	90.664246	5495.987	5179.683	1000.0	1000.0	503999	233.47902	111.58401	377.51755	-143.60725	233.4791	111.58285	374.30725	-139.97078	0.96774375	4.214582	123.54838	-15.278385	-233.84456	76.52617	29721.1761200428
127	4739.3306	179.59424	4944.1055	4451.0283	4601.298	1459.271	5280.154	232.00493	1000.0	906.6	507999	234.89333	111.965126	377.91208	-131.2432	234.8935	111.958534	375.34225	-160.59888	0.96949	4.2187324	109.74323	-14.384592	-235.25954	77.88905	29943.310448884964
128	4751.4116	78.809074	4881.56	4683.05	5479.5596	144.2143	5785.7393	5276.3335	1000.0	1000.0	511999	236.56715	112.24602	381.55582	-239.7265	236.5676	112.24189	381.5467	-277.11624	1.0237534	4.229646	54.073223	-16.231775	-236.90828	76.31979	30165.144530773163
129	4839.8174	48.871597	4898.9937	4767.677	4932.1826	1034.6705	5416.4004	1844.7537	1000.0	940.2	515999	238.14876	112.86749	382.13406	-125.59913	238.14854	112.86814	382.0874	-195.37238	1.0390972	4.281672	74.47002	-13.475056	-238.50629	74.94784	30383.835233688354
130	4914.8784	52.11087	4985.579	4864.6187	5021.7646	527.27765	5495.817	3544.3928	1000.0	966.7	519999	239.7445	113.638954	386.02087	-237.86235	239.74426	113.633606	383.42044	-245.61395	1.0751469	4.246593	61.48555	-16.43383	-240.10234	76.27684	30603.500385522842
131	3062.597	1796.4236	4941.615	999.3876	3764.013	1938.0367	5258.601	199.49783	643.6667	745.7	523999	241.95668	114.32638	384.83493	-117.403725	241.95753	114.32426	386.68134	-181.49832	1.0862157	4.2561116	76.149086	-15.320593	-242.30531	76.05854	30825.442276239395
132	4836.33	67.50512	4944.9297	4760.5947	5499.3843	122.64815	5682.6694	5288.029	1000.0	1000.0	527999	243.63889	115.20202	388.56537	-111.43072	243.6398	115.19555	386.2967	-126.16467	1.1180123	4.257133	72.54978	-14.828118	-244.00575	76.5958	31055.320956230164
133	4990.2354	169.52487	5245.825	4834.01	5221.936	101.40116	5415.0205	5093.644	1000.0	1000.0	531999	245.94337	115.615585	386.8747	-165.77757	245.94353	115.61192	386.14154	-222.41216	1.2182196	4.27556	79.81891	-13.427573	-246.31137	78.03759	31291.663828611374
134	4091.263	1685.3627	5122.1436	726.2911	4392.8535	1405.7853	5462.003	837.5872	833.4	865.6	535999	247.99512	116.410126	391.72443	-167.0596	247.99524	116.401886	389.5009	-177.85321	1.225901	4.2447724	63.702785	-14.276154	-248.34964	78.606155	31536.990606069565
135	4338.4707	624.69	5058.8735	3553.834	3784.526	2026.8649	5607.159	522.9686	943.75	713.2	539999	249.78098	116.81157	393.30585	-168.21721	249.7808	116.81013	392.64584	-218.60938	1.2211181	4.280925	97.78003	-12.073039	-250.11107	78.75212	31779.84863591194
136	4965.429	161.21338	5145.501	4800.4707	3775.8528	1898.4023	5497.6177	508.2533	1000.0	721.2	543999	250.66692	117.54013	393.625	-181.6365	250.6673	117.539406	392.56766	-125.425316	1.2508471	4.335225	151.2768	-13.510433	-251.03075	78.477715	32009.379354715347
137	4915.1953	80.33095	5049.555	4836.957	4926.8057	1284.2168	5644.673	1098.279	1000.0	923.1	547999	252.72432	117.97708	397.57678	-207.51117	252.7245	117.96988	397.56885	-118.88508	1.2465402	4.2785163	75.005295	-14.011778	-253.04288	81.07329	32236.419501543045
138	4296.437	1427.8706	5246.2197	1451.911	4503.1504	1847.4971	5565.5444	41.88473	859.0	837.4	551999	254.19246	118.75149	401.2238	-376.55737	254.19138	118.7475	396.66534	-136.56154	1.2942845	4.278201	118.215515	-13.611387	-254.53944	81.5562	32470.215843439102
139	5080.205	79.43647	5174.1455	4954.208	4204.924	1627.8407	5542.3877	445.7624	1000.0	813.7	555999	256.43533	119.33158	399.44156	-175.78943	256.43524	119.32858	400.00372	-149.72508	1.3125062	4.2829614	112.16247	-13.547331	-256.76382	76.10891	32738.001143693924
140	4232.174	1495.2458	5173.346	1646.7201	5450.774	75.560265	5591.53	5359.583	845.0	1000.0	559999	257.4125	120.05065	401.92395	-169.78384	257.4125	120.043396	399.27612	-145.09506	1.2807649	4.253203	116.250275	-19.271027	-257.73715	81.730156	33019.0791118145
141	4723.305	648.1866	5219.8555	3452.5608	5160.1704	77.27576	5256.746	5031.6606	930.8	1000.0	563999	258.9135	120.189125	400.96045	-162.13004	258.9143	120.18697	401.8043	-155.47096	1.3231156	4.303788	78.996086	-14.128885	-259.21994	81.1223	33261.51372265816
142	5124.669	158.94936	5263.7812	4856.294	5286.644	546.45844	5630.1255	3683.5159	1000.0	970.8	567999	260.20847	120.55801	402.20285	-114.44177	260.2076	120.55291	402.25632	-163.47694	1.350708	4.3154583	155.47592	-12.821473	-260.49792	79.26877	33502.04502797127
143	4974.2646	167.97025	5131.9536	4705.74	4849.474	959.96466	5286.716	1978.6929	1000.0	939.2	571999	262.42218	120.56448	406.31015	-131.97081	262.4221	120.56308	403.63782	-196.91742	1.3978271	4.318638	121.459946	-13.965944	-262.72357	78.52879	33744.67284631729
144	4353.4473	1253.0459	5228.311	2198.124	4592.238	1318.8059	5333.783	887.5353	878.0	888.8	575999	263.76727	121.48762	404.9935	-138.06436	263.76685	121.48701	405.14218	-105.84899	1.4284608	4.3077292	90.16448	-13.421724	-264.09152	79.98434	33989.644367694855
145	5055.52	177.8006	5352.5015	4892.885	5364.1855	95.38953	5495.8555	5186.302	1000.0	1000.0	579999	265.29813	122.0799	406.28693	-211.48973	265.29788	122.07258	405.44547	-106.58451	1.4063984	4.2981105	120.12599	-14.77396	-265.57718	81.97763	34237.925992012024
146	5047.9175	46.305687	5088.8315	4970.7754	5358.4014	565.73566	5614.3257	3667.7888	1000.0	1000.0	583999	266.5262	122.27992	407.63367	-131.37523	266.52582	122.275826	407.05472	-179.40857	1.4425781	4.284996	71.35115	-13.989005	-266.83508	80.09263	34465.98336267471
147	5068.859	97.89122	5207.434	4931.2754	4955.9395	973.19293	5466.021	2048.357	985.5	943.6	587999	268.68655	122.81917	409.95914	-160.98254	268.68695	122.813934	408.35336	-187.33742	1.4416952	4.318244	117.59473	-14.296461	-268.99033	82.78461	34691.99827194214
148	3870.9214	1541.0664	5125.631	1624.7401	5431.2954	67.145485	5539.6177	5342.007	770.2	1000.0	591999	270.49088	123.223564	412.17307	-113.01523	270.49088	123.221985	412.0419	-127.83683	1.4784937	4.3028054	87.83856	-14.586613	-270.7822	78.10972	34916.93321299553
149	5223.6846	110.61103	5404.6597	5116.4175	5316.372	83.854485	5461.0933	5188.089	1000.0	1000.0	595999	271.90942	123.58495	411.5868	-124.8665	271.9095	123.58085	411.05304	-147.10692	1.4869055	4.2775927	118.39153	-14.037661	-272.2134	81.62977	35140.453176259995
150	4659.622	738.5558	5064.395	3184.017	5426.7666	118.38971	5635.9927	5254.5854	927.4	1000.0	599999	273.2183	123.77105	411.31055	-139.43727	273.21777	123.7676	411.4195	-108.89711	1.514283	4.2761707	80.0587	-14.542347	-273.51294	81.653656	35363.950085401535
151	5211.8945	73.26398	5271.627	5091.806	4764.1846	1484.6486	5644.2993	534.62305	1000.0	885.9	603999	274.59357	124.56311	412.31635	-226.5642	274.59348	124.5579	412.22632	-122.74031	1.5646278	4.2949433	89.444374	-12.811697	-274.9096	82.258606	35586.53486728668
152	3481.011	1559.3479	5103.8506	1318.8752	5277.422	351.85828	5621.63	4365.7363	699.0	982.8	607999	276.01816	125.18501	415.2295	-243.62001	276.01776	125.181755	413.9901	-159.46219	1.5872846	4.261595	86.42529	-13.590761	-276.29276	81.06	35809.45499277115
153	4097.198	1737.0167	5127.8804	1089.173	4346.835	2233.1853	5835.4414	115.05209	804.25	769.2	611999	277.4781	125.51019	417.77258	-148.46765	277.47833	125.50899	417.73993	-151.6026	1.5897653	4.2663136	72.07812	-13.297265	-277.7668	87.1989	36030.005101680756
154	4843.4614	599.7441	5403.8003	3683.5762	4311.1816	2077.5535	5528.08	82.211914	950.8	809.7	615999	278.6801	125.75049	417.1221	-165.45158	278.68005	125.74993	416.9644	-134.59335	1.5571189	4.2941976	77.09963	-13.331474	-278.93716	81.88065	36277.508820295334
155	4681.9365	734.6486	5206.442	3415.0525	5368.828	108.29134	5497.871	5149.7026	926.75	1000.0	619999	280.21133	125.46192	420.18762	-235.70457	280.21136	125.45973	416.92368	-135.88239	1.5794828	4.346777	67.86979	-14.701345	-280.48285	81.0505	36531.767409563065
156	4487.975	1266.6501	5271.859	2294.9424	5100.2017	1004.25977	5576.21	2102.1484	865.0	1000.0	623999	281.5235	125.48853	420.7117	-145.12206	281.5229	125.48486	419.8663	-144.58626	1.6264315	4.3443046	131.078	-12.832883	-281.7721	84.13736	36775.45411372185
157	4133.62	2024.7863	5304.3105	88.86584	5187.443	355.20245	5507.6772	4174.3125	806.2	980.3	627999	282.28778	125.77912	421.39227	-170.20937	282.28635	125.77976	421.38995	-221.14297	1.6296265	4.3247147	78.242035	-13.163096	-282.53247	84.29436	37012.79754781723
158	4827.001	323.96603	5214.1167	4315.056	4645.7046	1439.7748	5610.6406	910.4674	958.6	861.5	631999	283.33035	125.99766	419.58917	-129.80171	283.33102	125.99443	420.36844	-155.69241	1.6681442	4.3129616	77.07958	-17.576452	-283.58865	87.43789	37245.39323377609
159	5145.029	236.21608	5383.522	4786.9863	5293.878	780.38635	5840.342	3002.2512	1000.0	952.4	635999	284.70767	125.791824	421.18198	-205.90514	284.70767	125.78716	425.04306	-138.5206	1.6640624	4.3286505	96.19496	-13.058145	-284.935	85.794846	37522.147228479385
160	2753.4553	2141.9333	5161.176	133.7777	5001.335	767.11255	5389.6646	2708.876	673.1667	952.5	639999	285.22778	126.12785	421.81693	-191.40942	285.22723	126.12137	420.2659	-164.85782	1.6909783	4.308545	88.21224	-14.228315	-285.46152	82.82645	37801.15920257568
161	4823.6504	755.5129	5480.8677	3537.8274	5492.9893	104.79889	5675.3403	5342.1816	917.25	1000.0	643999	286.00366	126.472176	423.34952	-222.3909	286.0039	126.46673	423.596	-228.1182	1.675137	4.304946	103.51283	-16.73212	-286.21338	85.19538	38037.28529500961
162	4971.667	320.25104	5343.372	4459.906	5052.8906	1310.3259	5611.4087	1125.798	967.5	922.9	647999	286.46518	126.57129	426.0493	-172.28162	286.46606	126.56528	424.69965	-213.80316	1.7025642	4.283347	83.94857	-15.191176	-286.6898	86.6069	38265.769319057465
163	5213.121	77.45468	5323.0063	5106.032	5476.4976	142.92746	5729.34	5211.3994	1000.0	1000.0	651999	288.08835	126.892044	423.37186	-155.35342	288.08722	126.88534	424.05878	-147.83923	1.755448	4.283413	159.06123	-14.223548	-288.33435	87.44464	38498.10409069061
164	4304.1187	1251.9742	5221.075	1934.4208	5510.426	111.61299	5668.4688	5334.6855	834.0	1000.0	655999	289.5013	127.27629	425.10687	-201.60085	289.50146	127.27836	423.73102	-248.25041	1.7122252	4.2638955	109.36367	-15.151155	-289.7285	83.80277	38737.480684518814
165	4741.779	638.23206	5332.812	3664.8438	5080.996	1263.2162	5966.554	1710.7445	923.25	900.7	659999	290.2369	127.14172	425.51093	-134.75613	290.23676	127.140305	425.8192	-153.42886	1.7654016	4.325613	102.690506	-14.631371	-290.4335	86.50403	38975.002633571625
166	4751.072	910.4976	5397.717	2944.9722	4810.3174	1614.4667	5649.7354	40.49786	918.0	888.4	663999	290.3586	127.297165	426.72964	-133.82578	290.35904	127.292854	424.1537	-120.74803	1.7449473	4.3470945	117.169525	-13.5616665	-290.56906	88.345695	39218.14768242836
167	4691.4507	780.7087	5312.926	3357.146	5050.7715	624.7877	5530.281	3423.8123	906.5	987.6	667999	291.42743	127.075264	427.0364	-336.3776	291.42746	127.06931	425.53302	-252.7111	1.7457504	4.3224707	96.168076	-13.9070015	-291.59286	87.92741	39463.88218641281
168	4992.142	305.78992	5172.3516	4462.515	3852.5864	2107.252	5591.3906	479.77722	971.0	729.1	671999	292.61432	126.99181	424.92316	-241.58221	292.61374	126.98719	426.81525	-170.48978	1.7665826	4.3535867	103.0163	-14.920027	-292.80557	88.47145	39706.710874795914
169	4490.561	1356.4834	5272.5493	1787.8267	4985.909	953.455	5723.447	2437.575	868.2	917.4	675999	293.51993	127.02709	430.28793	-168.12567	293.51947	127.02168	429.25104	-190.90457	1.7345932	4.3021874	84.23817	-18.286968	-293.68518	85.5181	39953.42270207405
170	2972.0398	2163.5852	5202.4023	113.067635	5348.2925	132.93355	5562.2373	5081.495	598.0	1000.0	679999	294.27597	127.057236	430.36185	-171.67073	294.2762	127.055275	429.644	-232.17316	1.8212177	4.311136	91.31824	-16.501413	-294.46768	91.496284	40201.89203596115
171	5128.867	126.95766	5304.9937	4946.9194	5554.5317	130.61356	5866.462	5367.0244	1000.0	992.7	683999	295.09033	127.07214	426.7203	-266.79276	295.0899	127.06946	426.4356	-139.08443	1.7610533	4.285148	106.796646	-14.845367	-295.26407	93.86346	40442.04372239113
172	5135.447	384.57803	5478.6377	4493.0547	4767.7505	1526.8812	5671.791	1026.9082	966.75	864.3	687999	295.80417	126.7088	427.63513	-148.68123	295.804	126.70659	429.68677	-208.59045	1.7896328	4.322062	122.728546	-13.593783	-295.9506	85.90405	40677.776358127594
173	4873.2334	661.0476	5438.3267	3754.9727	5480.1133	99.40652	5648.166	5352.283	942.75	999.6	691999	296.71204	127.08606	432.24524	-204.34613	296.71173	127.08321	432.0572	-186.11133	1.8182544	4.296957	114.28444	-14.202448	-296.84735	87.61555	40915.02709174156
174	5356.282	80.00983	5491.4077	5284.4194	5390.1143	912.9121	5890.9688	2697.122	1000.0	951.0	695999	297.64954	127.22627	431.54636	-130.59215	297.6495	127.22227	430.21902	-140.55852	1.7801206	4.2737145	118.31097	-14.201185	-297.8143	84.03779	41151.277230262756
175	3345.0173	2185.3757	5418.423	356.45462	5203.921	934.8811	5695.501	2413.9314	644.8571	948.0	699999	299.03867	127.26956	430.51807	-155.07326	299.03827	127.26804	429.96408	-315.98785	1.7973869	4.292972	120.05052	-13.950155	-299.17636	87.8267	41388.58817601204
176	3966.4143	1776.9293	5200.619	907.7606	5527.38	136.47354	5769.5366	5318.409	1000.0	1000.0	703999	299.7627	127.35783	430.5458	-172.85745	299.76233	127.35624	429.4475	-137.11792	1.7625219	4.2628655	83.090935	-14.848147	-299.90692	87.240814	41627.43819022179
177	4643.2915	602.16534	5354.155	4024.3562	5458.778	453.64877	5678.637	4105.8423	893.5	973.9	707999	300.45557	127.754	432.03613	-175.87146	300.45523	127.74668	431.1107	-199.90068	1.7792127	4.273634	193.32489	-12.657808	-300.6158	87.53861	41865.16310739517
178	5315.013	167.95757	5539.088	5068.0586	5466.3154	148.37495	5682.6245	5136.6343	1000.0	1000.0	711999	301.19016	128.04369	431.5268	-134.38127	301.18985	128.03993	432.11203	-176.1785	1.7989041	4.3116493	121.97928	-15.0535555	-301.30157	92.813644	42105.157997608185
179	5346.754	76.955284	5475.135	5272.4595	4735.9644	1315.0742	5538.359	1193.2415	1000.0	875.9	715999	301.71008	127.94691	435.71808	-184.43843	301.7094	127.945305	429.89792	-208.0679	1.8616536	4.308648	110.02242	-14.705797	-301.83676	87.91655	42339.66384959221
180	3722.6182	2184.7173	5423.411	47.785137	5612.6875	118.83228	5786.062	5381.0186	716.3333	1000.0	719999	303.5205	127.479774	432.4038	-176.74115	303.52103	127.47606	434.0691	-172.35239	1.7957892	4.2907505	102.329544	-15.300658	-303.6679	84.66628	42511.9009885788
181	5276.7285	100.718155	5392.809	5118.5117	5067.047	1454.8983	5824.228	727.62054	1000.0	910.9	723999	303.92474	128.09499	434.26828	-169.37524	303.92297	128.09462	435.4967	-139.3049	1.8422669	4.2672563	79.83861	-14.158577	-304.0264	91.717155	42677.29395723343
182	4025.608	1611.2977	5402.104	1175.7002	5167.003	1375.2961	5805.5703	1051.8539	782.0	1000.0	727999	304.369	127.888435	434.49576	-152.92043	304.3685	127.89408	431.48337	-140.95929	1.7851863	4.2624927	128.0196	-17.993225	-304.4663	89.029465	42868.48894262314
183	5316.5625	167.65771	5594.302	5174.7246	5176.856	910.71185	5658.436	2474.3608	1000.0	948.6	731999	305.25037	127.68292	435.17215	-147.0867	305.2505	127.679016	434.94766	-194.79134	1.863751	4.277852	93.77112	-14.878177	-305.34137	92.939	43058.830684900284
184	3895.684	2071.3645	5493.582	8.351091	4944.1514	1240.6455	5867.4995	1536.15	736.4	882.5	735999	305.86575	128.05954	436.37704	-140.98996	305.8654	128.0597	435.14426	-168.87315	1.8957694	4.230384	67.49851	-14.692226	-305.95966	88.79529	43245.58569073677
185	5234.3228	229.40982	5573.492	4952.4165	5343.0933	107.50818	5550.7544	5211.3257	990.0	1000.0	739999	306.93985	128.00217	437.39423	-247.60994	306.9394	127.99662	435.6461	-168.16539	1.9828166	4.1932025	76.07065	-15.655823	-307.0141	94.90083	43457.47791004181
186	3182.5613	2039.7133	5286.573	446.68698	5520.548	89.41178	5681.986	5378.6416	628.5	1000.0	743999	307.5749	128.30408	436.41394	-217.85754	307.5753	128.30724	435.4352	-340.7254	1.8934869	4.185012	85.87027	-14.469069	-307.64578	95.51683	43669.29907631874
187	5354.4985	109.3059	5432.046	5167.9395	4587.0674	1296.988	5644.792	1439.1349	1000.0	826.3	747999	308.12064	128.3684	435.712	-189.45215	308.12036	128.36682	435.1985	-145.11627	1.882306	4.219346	83.971725	-15.13936	-308.1918	91.23013	43868.876776218414
188	4800.416	859.9174	5303.884	3311.046	4989.668	1266.6193	5800.6587	1226.7015	915.5	925.4	751999	309.12988	128.67764	439.48492	-238.19162	309.1288	128.67451	438.16907	-175.08128	1.9590944	4.2160378	145.18771	-15.364875	-309.23276	90.10678	44026.161732673645
189	3915.5527	2201.7188	5277.9424	106.39327	5060.3174	1528.6462	5805.8135	544.55676	1000.0	912.5	755999	309.74084	129.0589	441.42172	-159.76561	309.74075	129.05832	440.54495	-237.98448	1.9367797	4.230122	84.25927	-13.9805975	-309.82758	94.8558	44183.29914712906
190	4389.987	1571.1196	5378.3457	1670.1943	4877.389	1684.6948	5929.21	368.67395	1000.0	865.3	759999	310.56073	129.07503	437.6605	-145.78224	310.5602	129.06963	442.0054	-192.95004	1.9893931	4.252476	134.62474	-14.550478	-310.65152	91.328926	44339.45935845375
191	4816.173	1022.4594	5449.3022	2775.739	5709.4985	119.26983	5910.285	5566.8237	908.6	1000.0	763999	311.42023	129.43466	439.19925	-204.5866	311.41962	129.43059	440.2953	-149.3821	2.0287495	4.3131094	112.550995	-16.530405	-311.5284	94.9037	44497.545289993286
192	4174.976	1875.0704	5461.772	941.84186	4843.979	1263.573	5590.4414	1201.8252	798.75	894.6	767999	312.37027	129.49022	442.70087	-158.92574	312.3683	129.48938	438.25824	-177.31834	1.9734904	4.282951	157.30177	-13.248665	-312.4646	87.11653	44650.95881986618
193	3585.742	2100.2922	5411.436	32.734257	5741.9336	125.97718	5946.869	5542.0894	684.0	995.3	771999	313.78516	129.2034	442.0025	-259.99506	313.7851	129.19832	442.88208	-233.68137	2.008155	4.2949214	145.86525	-12.909996	-313.8238	100.55269	44805.62844848633
194	4263.8584	1758.2218	5362.772	1220.4067	5622.074	106.89815	5787.564	5459.997	813.25	1000.0	775999	314.94705	128.99222	453.3537	-152.3913	314.94595	128.99255	478.13605	-119.4385	2.1950765	4.438981	95.106	-14.686283	-315.14218	102.93304	44960.83110451698
195	2379.1414	2358.0593	5066.559	-903.6361	116.18809	961.68854	2931.7117	-362.2477	1000.0	1000.0	779999	318.86108	130.56372	653.8677	-195.88199	318.85843	130.56151	652.2565	-132.24524	2.344497	4.4360733	101.201485	-14.693375	-319.22232	139.43214	45114.83738851547
196	53.920403	981.04315	1738.5232	-709.0742	399.83713	1537.7189	4990.5454	-554.9858	1000.0	1000.0	783999	321.07977	132.69688	615.46985	-182.93565	321.0767	132.69594	616.9851	-187.32436	2.026206	4.2036324	134.07204	-15.033567	-321.35275	148.21086	45269.13136124611
197	1137.4126	2345.0308	5162.354	-479.7836	1392.4778	2025.3185	5619.727	155.0686	1000.0	1000.0	787999	320.1568	132.70041	566.58636	-161.07698	320.1582	132.69064	588.6441	-150.0582	1.8000238	4.1456194	155.65675	-13.363209	-320.17725	132.39952	45425.61075139046
198	3789.159	2272.9358	5340.708	-134.68974	5569.583	144.76175	5797.596	5301.7456	1000.0	1000.0	791999	316.504	131.62187	484.73984	-218.24567	316.50415	131.62173	477.66388	-222.27422	1.7615919	4.2624574	194.96698	-17.040535	-316.4588	107.50972	45579.62516403198
199	5032.38	82.85475	5134.639	4907.108	5482.668	140.16414	5721.8086	5222.924	1000.0	1000.0	795999	314.97556	131.00906	445.25772	-232.93633	314.9759	131.01135	443.08273	-225.5906	1.8965849	4.236318	109.277374	-14.083527	-315.03607	102.3552	45735.667060136795
200	5091.363	134.99686	5297.1504	4947.5273	5102.28	1589.4814	5859.5874	353.7796	1000.0	908.6	799999	315.83737	130.77419	444.84192	-162.95169	315.83652	130.77379	442.88776	-151.61336	1.9230402	4.1848207	101.442696	-13.101567	-315.90967	97.79624	45890.702572345734
