Epoch	AverageTestEnv0Ret	StdTestEnv0Ret	MaxTestEnv0Ret	MinTestEnv0Ret	AverageEnv0Ret	StdEnv0Ret	MaxEnv0Ret	MinEnv0Ret	AverageEpRet	StdEpRet	MaxEpRet	MinEpRet	AverageTestEpRet	StdTestEpRet	MaxTestEpRet	MinTestEpRet	EpLen	TestEpLen	TotalEnvInteracts	AverageQ1Vals	StdQ1Vals	MaxQ1Vals	MinQ1Vals	AverageQ2Vals	StdQ2Vals	MaxQ2Vals	MinQ2Vals	AverageLogPi	StdLogPi	MaxLogPi	MinLogPi	LossPi	LossQ	Time
1	-154.36926	1.4225852	-151.88066	-155.88626	-296.9983	104.689674	-133.90817	-416.97058	-296.9983	104.689674	-133.90817	-416.97058	-154.36926	1.4225852	-151.88066	-155.88626	1000.0	1000.0	3999	4.041092	3.142024	19.749084	-3.9326525	4.042111	3.1420565	19.611258	-3.2202055	-3.0854397	1.45409	7.5316644	-11.127655	1.904307	0.8774291	135.68751549720764
2	-143.83157	1.3046358	-141.25731	-145.65784	-294.057	20.828972	-263.23044	-321.98898	-294.057	20.828972	-263.23044	-321.98898	-143.83157	1.3046358	-141.25731	-145.65784	1000.0	1000.0	7999	15.025247	5.455695	36.391922	-3.2518632	15.023963	5.463447	36.305492	-2.6900249	-1.4211887	2.192746	11.689898	-13.483257	6.218281	2.7809312	298.30945682525635
3	24.601583	5.464183	31.162008	16.469841	-115.225624	73.455765	-6.613383	-213.80736	-115.225624	73.455765	-6.613383	-213.80736	24.601583	5.464183	31.162008	16.469841	1000.0	1000.0	11999	25.022045	5.371637	50.015873	7.8760567	25.02252	5.3757644	49.08451	7.7119784	-2.0183933	2.2463334	13.929193	-12.265242	9.9744835	3.3868287	463.7674479484558
4	-102.52683	2.599868	-98.29838	-107.55646	-121.11137	55.25101	-48.23654	-178.18129	-121.11137	55.25101	-48.23654	-178.18129	-102.52683	2.599868	-98.29838	-107.55646	1000.0	1000.0	15999	31.241865	5.906938	56.485657	14.965083	31.242077	5.911288	56.00069	15.203425	-2.2568226	2.3341177	14.17214	-14.3863	12.395694	3.4869022	632.7843291759491
5	-43.607727	2.1667898	-40.244644	-46.08508	-106.61262	25.79797	-91.44749	-151.29279	-106.61262	25.79797	-91.44749	-151.29279	-43.607727	2.1667898	-40.244644	-46.08508	1000.0	1000.0	19999	37.154926	6.4469085	65.50402	19.074793	37.15487	6.449639	65.41406	19.330189	-1.9604805	2.5258415	13.91516	-12.10856	14.66033	3.7154408	816.6830351352692
6	-16.407393	3.5531564	-10.404591	-22.118082	-107.00923	40.39356	-55.320297	-156.34885	-107.00923	40.39356	-55.320297	-156.34885	-16.407393	3.5531564	-10.404591	-22.118082	1000.0	1000.0	23999	43.627506	7.0603285	76.06148	22.890602	43.627644	7.0609007	73.24979	23.343653	-1.656081	2.7132013	15.155891	-12.5453205	17.25757	3.926541	1005.0990083217621
7	69.624275	53.16142	114.12987	-82.21566	-170.44586	51.60343	-100.81149	-241.15538	-170.44586	51.60343	-100.81149	-241.15538	69.624275	53.16142	114.12987	-82.21566	1000.0	1000.0	27999	50.649647	8.184978	85.51803	24.797087	50.649513	8.186322	84.945595	25.594677	-1.2767322	2.91585	14.479691	-13.9999075	19.771378	4.343732	1193.5546147823334
8	55.04903	11.780083	76.40781	33.87268	-126.13638	69.11438	-15.006566	-189.26338	-126.13638	69.11438	-15.006566	-189.26338	55.04903	11.780083	76.40781	33.87268	1000.0	1000.0	31999	58.483295	9.885795	149.67682	26.651844	58.48304	9.887784	140.52768	27.918976	-0.83804953	3.1690013	48.651814	-14.526381	22.540926	4.9889026	1376.5240802764893
9	-252.61223	13.692329	-224.89458	-274.68863	-181.16676	15.952721	-159.27046	-204.26993	-181.16676	15.952721	-159.27046	-204.26993	-252.61223	13.692329	-224.89458	-274.68863	1000.0	1000.0	35999	66.604904	12.434518	147.37662	27.23456	66.60461	12.437096	143.62126	28.023075	-0.6719942	3.1205902	29.745447	-13.76216	25.26825	4.811952	1556.1422593593597
10	-184.43625	18.295065	-153.96767	-213.38698	-248.17365	28.025267	-221.72702	-288.48727	-248.17365	28.025267	-221.72702	-288.48727	-184.43625	18.295065	-153.96767	-213.38698	1000.0	1000.0	39999	74.31187	13.137138	132.22353	27.428553	74.31166	13.140067	131.73769	28.567465	-0.46289867	3.0562117	22.44708	-13.057533	27.734737	4.4249363	1736.1934351921082
11	-259.0606	8.843754	-244.67105	-271.78452	-217.75095	34.37109	-166.47	-254.97243	-217.75095	34.37109	-166.47	-254.97243	-259.0606	8.843754	-244.67105	-271.78452	1000.0	1000.0	43999	81.07429	13.78229	122.42076	27.333101	81.07396	13.785346	122.33483	28.080324	-0.67336196	2.8808327	16.38436	-13.553467	29.847738	4.1126847	1919.9316906929016
12	-35.57919	13.715856	-18.613796	-63.447296	-188.86035	17.81563	-170.82533	-218.18114	-188.86035	17.81563	-170.82533	-218.18114	-35.57919	13.715856	-18.613796	-63.447296	1000.0	1000.0	47999	85.85158	14.19914	116.53784	26.458637	85.8513	14.201582	117.440926	27.090647	-0.94851524	2.771673	21.44578	-15.903353	31.74823	3.8259106	2107.8789355754852
13	-203.58658	25.194626	-171.61977	-256.44772	-188.55186	65.849434	-85.6812	-265.90076	-188.55186	65.849434	-85.6812	-265.90076	-203.58658	25.194626	-171.61977	-256.44772	1000.0	1000.0	51999	90.99561	14.977628	118.918686	27.267675	90.99529	14.978957	118.84241	26.786825	-0.8035608	2.7870777	25.046242	-15.44508	33.463802	3.9136727	2297.2498598098755
14	-126.85171	20.674623	-93.80831	-163.17488	-259.71826	86.519005	-167.85129	-399.13654	-259.71826	86.519005	-167.85129	-399.13654	-126.85171	20.674623	-93.80831	-163.17488	1000.0	1000.0	55999	96.30734	15.844115	126.05683	25.7522	96.30711	15.844397	125.567444	27.00457	-0.78455365	2.7457337	17.926353	-13.3824215	35.29994	3.9770489	2488.2316315174103
15	14.699621	13.710187	42.46287	-5.1312895	-200.25021	44.80558	-148.78275	-271.80508	-200.25021	44.80558	-148.78275	-271.80508	14.699621	13.710187	42.46287	-5.1312895	1000.0	1000.0	59999	101.56877	16.606314	131.36006	23.727448	101.56875	16.605894	131.25787	24.260313	-0.80705094	2.7097046	18.013271	-16.04919	37.49408	4.091215	2673.0768225193024
16	2.3910356	30.52923	64.942726	-30.857761	-223.11319	31.870697	-189.79263	-271.4945	-223.11319	31.870697	-189.79263	-271.4945	2.3910356	30.52923	64.942726	-30.857761	1000.0	1000.0	63999	105.73317	16.901064	134.17706	24.473186	105.73305	16.899715	135.54181	22.328474	-0.9644819	2.558382	22.379745	-14.761808	38.865494	3.9645357	2864.4684200286865
17	-168.92632	41.218243	-102.45152	-240.42148	-126.07885	38.4257	-76.37412	-178.98184	-126.07885	38.4257	-76.37412	-178.98184	-168.92632	41.218243	-102.45152	-240.42148	1000.0	1000.0	67999	108.39915	16.949608	139.27423	23.691721	108.39919	16.948353	138.6696	25.050482	-0.9869433	2.6614954	23.238894	-13.400221	40.61484	3.992339	3059.726671218872
18	-26.754597	23.614614	-1.9646143	-89.75554	-182.99698	87.37163	-48.520096	-270.81628	-182.99698	87.37163	-48.520096	-270.81628	-26.754597	23.614614	-1.9646143	-89.75554	1000.0	1000.0	71999	111.04114	17.117083	140.95955	24.765503	111.04082	17.116499	140.3712	27.069775	-0.9410714	2.70924	23.783297	-12.16559	41.91854	4.175478	3300.9398000240326
19	-67.58613	17.302765	-29.153027	-83.86934	-179.26663	47.861305	-115.210365	-245.11978	-179.26663	47.861305	-115.210365	-245.11978	-67.58613	17.302765	-29.153027	-83.86934	1000.0	1000.0	75999	113.41049	17.036858	143.43105	27.240986	113.41064	17.035618	143.58208	26.503618	-0.97460717	2.6631877	23.905243	-13.545869	42.48284	4.1307793	3548.5207664966583
20	-68.1616	22.69211	-22.12356	-103.782585	-202.37744	46.654408	-149.48625	-261.4939	-202.37744	46.654408	-149.48625	-261.4939	-68.1616	22.69211	-22.12356	-103.782585	1000.0	1000.0	79999	115.03332	16.955624	144.6034	25.186691	115.03319	16.954462	144.29498	26.139755	-0.9398473	2.6665602	28.622526	-14.329157	42.9829	4.3295527	3775.3087871074677
21	-68.27996	16.780602	-31.54762	-86.56013	-104.212875	49.951447	-32.02861	-171.75928	-104.212875	49.951447	-32.02861	-171.75928	-68.27996	16.780602	-31.54762	-86.56013	1000.0	1000.0	83999	117.08565	16.886461	146.13997	23.819788	117.08585	16.884829	146.93063	27.7125	-0.774048	2.7385805	25.544071	-13.947424	43.0825	4.4373565	3981.9950914382935
22	-144.41092	49.44586	-84.12712	-234.51788	-137.37556	40.16919	-87.83067	-185.61678	-137.37556	40.16919	-87.83067	-185.61678	-144.41092	49.44586	-84.12712	-234.51788	1000.0	1000.0	87999	119.16036	17.05967	148.80699	26.404364	119.16046	17.05796	148.37279	27.00059	-0.806105	2.7033422	21.232056	-14.221025	43.761494	4.419083	4190.433262348175
23	15.1048	28.989319	71.67966	-14.969129	-137.68396	35.335503	-92.75303	-178.35675	-137.68396	35.335503	-92.75303	-178.35675	15.1048	28.989319	71.67966	-14.969129	1000.0	1000.0	91999	120.99251	17.311916	150.45737	23.88227	120.99274	17.310196	151.03812	25.28004	-0.7044514	2.7172818	21.081688	-13.789643	44.418568	4.359471	4403.538816690445
24	-126.942894	31.894136	-48.785522	-157.9428	-137.92381	35.74701	-103.072556	-197.09201	-137.92381	35.74701	-103.072556	-197.09201	-126.942894	31.894136	-48.785522	-157.9428	1000.0	1000.0	95999	123.49294	17.25478	153.41344	25.09916	123.493	17.253365	152.5369	25.082142	-0.59002095	2.7517314	25.164371	-14.995087	45.12701	4.3542705	4609.089801073074
25	-171.59871	38.16005	-118.2934	-235.96964	-141.2373	34.510925	-94.320114	-191.7675	-141.2373	34.510925	-94.320114	-191.7675	-171.59871	38.16005	-118.2934	-235.96964	1000.0	1000.0	99999	125.72624	17.39139	155.4729	24.858948	125.7265	17.388786	155.29846	24.997425	-0.7896322	2.646705	28.766363	-12.986563	46.50538	4.325961	4815.624828338623
26	-87.05285	45.25832	-25.625977	-166.22334	-179.07584	64.430595	-112.04675	-285.5101	-179.07584	64.430595	-112.04675	-285.5101	-87.05285	45.25832	-25.625977	-166.22334	1000.0	1000.0	103999	127.07637	17.399073	155.79549	23.334852	127.07651	17.397182	157.5021	21.972227	-0.82056	2.6058998	25.034637	-14.615471	47.471313	4.2579813	5032.13861823082
27	-101.67157	18.54251	-77.97515	-137.6954	-187.57733	69.40583	-95.15807	-290.6909	-187.57733	69.40583	-95.15807	-290.6909	-101.67157	18.54251	-77.97515	-137.6954	1000.0	1000.0	107999	128.86365	17.629719	159.7815	25.340368	128.86383	17.627815	159.00836	25.214437	-0.69456506	2.6558867	27.421753	-14.18874	47.640694	4.472758	5324.16530919075
28	-213.03955	25.227297	-179.72986	-266.47818	-138.76547	109.96833	43.839325	-250.48026	-138.76547	109.96833	43.839325	-250.48026	-213.03955	25.227297	-179.72986	-266.47818	1000.0	1000.0	111999	131.10558	17.486105	161.6003	24.231066	131.10573	17.484121	160.68726	20.479317	-0.6286868	2.6676435	28.232384	-15.290806	46.36486	4.3285284	5610.964738607407
29	-13.572078	13.300662	1.8842435	-42.23041	-173.55264	30.305307	-146.68613	-224.8938	-173.55264	30.305307	-146.68613	-224.8938	-13.572078	13.300662	1.8842435	-42.23041	1000.0	1000.0	115999	132.77869	17.340889	161.99309	24.331238	132.77895	17.339428	161.60184	23.254965	-0.7751796	2.543099	17.017479	-14.295616	46.901546	4.14249	5823.294616222382
30	13.0284605	23.772438	52.016743	-32.40599	-122.35163	52.18177	-41.78287	-185.46161	-122.35163	52.18177	-41.78287	-185.46161	13.0284605	23.772438	52.016743	-32.40599	1000.0	1000.0	119999	134.01836	17.50198	164.0499	22.671932	134.01826	17.50036	163.2787	23.828238	-0.6631754	2.5713408	21.636276	-14.185443	45.078945	4.156492	6035.903249263763
31	-54.303997	22.098715	-27.904898	-101.62203	-173.43507	66.35425	-101.01143	-264.78864	-173.43507	66.35425	-101.01143	-264.78864	-54.303997	22.098715	-27.904898	-101.62203	1000.0	1000.0	123999	135.01468	18.112844	166.77065	22.90292	135.01491	18.111216	164.93774	20.946646	-0.7961086	2.4600492	22.369164	-14.332906	47.778828	4.1199055	6247.700208187103
32	-64.798416	35.451202	-26.089842	-130.23808	-147.18759	42.40124	-77.401405	-192.0202	-147.18759	42.40124	-77.401405	-192.0202	-64.798416	35.451202	-26.089842	-130.23808	1000.0	1000.0	127999	135.9416	18.079515	168.60233	25.147007	135.94174	18.078112	167.46283	24.37817	-0.8835568	2.4227543	22.404907	-14.435552	47.437668	3.9880786	6456.5227227211
33	-183.49374	12.142441	-162.88292	-205.6685	-130.66486	17.155382	-107.461105	-149.02654	-130.66486	17.155382	-107.461105	-149.02654	-183.49374	12.142441	-162.88292	-205.6685	1000.0	1000.0	131999	136.73807	18.518555	170.18433	23.189903	136.73824	18.517338	170.09064	23.563444	-0.81168836	2.4483986	19.5973	-14.654157	45.96482	4.159258	6665.631118059158
34	-1.0345246	27.04672	51.98034	-26.958014	-132.27863	70.08095	-48.227	-204.76347	-132.27863	70.08095	-48.227	-204.76347	-1.0345246	27.04672	51.98034	-26.958014	1000.0	1000.0	135999	138.50064	18.618338	171.10258	21.92834	138.50085	18.617064	170.77533	21.69273	-0.7255917	2.440572	19.478815	-13.269718	46.482635	4.372936	6882.423716068268
35	-119.80492	11.722233	-92.9013	-138.56148	-175.02234	37.325447	-132.2048	-227.00705	-175.02234	37.325447	-132.2048	-227.00705	-119.80492	11.722233	-92.9013	-138.56148	1000.0	1000.0	139999	140.07718	18.865803	170.88217	14.996827	140.07738	18.864534	171.58504	17.04246	-0.7518823	2.4059753	17.895573	-13.709049	47.457703	4.3483663	7112.399999856949
36	-107.930176	4.2529907	-100.50964	-114.48265	-214.11104	49.710415	-157.03023	-277.19293	-214.11104	49.710415	-157.03023	-277.19293	-107.930176	4.2529907	-100.50964	-114.48265	1000.0	1000.0	143999	141.41994	18.79832	172.7308	13.678831	141.42004	18.797384	173.40073	15.193599	-0.7753483	2.4480405	25.487448	-12.957244	47.762543	4.4410644	7342.71794462204
37	-100.667595	3.189816	-94.08851	-106.40863	-181.59357	79.781166	-76.48146	-272.80194	-181.59357	79.781166	-76.48146	-272.80194	-100.667595	3.189816	-94.08851	-106.40863	1000.0	1000.0	147999	142.62732	18.921228	172.92227	16.252567	142.6275	18.920153	173.95378	17.675179	-0.80697024	2.3929038	17.034718	-15.845984	46.704514	4.233794	7602.483639240265
38	-95.65478	3.729482	-88.15576	-100.4206	-194.10231	71.58402	-91.27565	-270.3471	-194.10231	71.58402	-91.27565	-270.3471	-95.65478	3.729482	-88.15576	-100.4206	1000.0	1000.0	151999	144.21631	18.780926	174.90642	8.749234	144.21648	18.779434	176.35005	10.375773	-0.6511605	2.4486952	18.507511	-12.978922	47.666767	4.547203	7870.474669933319
39	-114.346985	2.1164713	-110.6167	-117.420334	-174.58386	23.008171	-136.98938	-199.18863	-174.58386	23.008171	-136.98938	-199.18863	-114.346985	2.1164713	-110.6167	-117.420334	1000.0	1000.0	155999	145.14986	18.815796	175.77202	8.855857	145.14983	18.815153	176.61322	8.6270685	-0.6816999	2.4493651	22.96433	-15.000133	48.331425	4.2849855	8138.152796983719
40	-304.36166	17.382122	-283.8742	-351.58298	-152.17087	17.819443	-126.26548	-174.47736	-152.17087	17.819443	-126.26548	-174.47736	-304.36166	17.382122	-283.8742	-351.58298	1000.0	1000.0	159999	146.36256	18.6651	176.35538	14.340759	146.36269	18.664316	178.87051	12.836203	-0.6619606	2.437137	16.87762	-13.996177	48.275658	4.206194	8406.399182796478
41	-173.91956	11.313261	-154.32928	-191.65736	-177.38187	40.89006	-142.10605	-247.0157	-177.38187	40.89006	-142.10605	-247.0157	-173.91956	11.313261	-154.32928	-191.65736	1000.0	1000.0	163999	147.54092	18.675694	177.36476	11.79623	147.54106	18.6744	178.74014	9.720505	-0.71117026	2.4076588	18.34103	-13.913087	48.565056	4.105408	8657.365008354187
42	19.894733	26.88548	72.38423	-12.489371	-215.13168	18.383116	-185.60204	-232.13857	-215.13168	18.383116	-185.60204	-232.13857	19.894733	26.88548	72.38423	-12.489371	1000.0	1000.0	167999	148.0711	18.71401	177.24512	8.346434	148.07127	18.713295	178.46608	5.8351545	-0.7002984	2.435549	24.962748	-14.293862	48.871292	4.0121393	8866.345982313156
43	90.3616	23.172071	134.18776	40.69538	-187.72754	86.75144	-98.8436	-328.39972	-187.72754	86.75144	-98.8436	-328.39972	90.3616	23.172071	134.18776	40.69538	1000.0	1000.0	171999	148.15195	20.521402	178.67589	12.350138	148.15196	20.519955	179.99934	8.720146	-0.7147515	2.430816	34.599796	-13.741655	47.727047	3.9132063	9076.276883602142
44	-189.85695	30.105827	-144.52043	-234.03738	-194.15466	31.743387	-159.35051	-236.40923	-194.15466	31.743387	-159.35051	-236.40923	-189.85695	30.105827	-144.52043	-234.03738	1000.0	1000.0	175999	148.88226	20.55658	179.66074	8.563883	148.88255	20.55543	179.0885	8.177319	-0.75145173	2.41234	26.80231	-13.640852	48.183754	4.0756273	9293.618210315704
45	-151.34216	32.093376	-99.73501	-205.98878	-111.51917	96.115	-1.5077959	-229.97034	-111.51917	96.115	-1.5077959	-229.97034	-151.34216	32.093376	-99.73501	-205.98878	1000.0	1000.0	179999	149.57245	20.538395	181.34802	6.1442623	149.57272	20.536335	182.04001	2.8883753	-0.67227143	2.4548156	24.33831	-15.043818	49.012665	4.467802	9524.637630701065
46	-89.17113	7.3411264	-79.15151	-99.53493	-153.82828	30.212326	-123.679344	-195.23416	-153.82828	30.212326	-123.679344	-195.23416	-89.17113	7.3411264	-79.15151	-99.53493	1000.0	1000.0	183999	150.65063	20.548641	182.40923	5.600003	150.6509	20.54759	183.73872	6.050857	-0.6047458	2.4602723	28.709377	-15.399575	49.163326	4.5403075	9756.118170261383
47	-134.15605	19.958506	-97.86511	-169.39183	-186.3421	46.438602	-110.26822	-234.04922	-186.3421	46.438602	-110.26822	-234.04922	-134.15605	19.958506	-97.86511	-169.39183	1000.0	1000.0	187999	152.20557	20.419956	183.5471	4.909752	152.20575	20.418707	183.95193	4.2890577	-0.5797155	2.447898	27.763212	-15.756959	48.974648	4.3657694	10021.779895305634
48	-31.192875	5.7526855	-18.486282	-40.306305	-133.4522	47.94067	-56.511684	-186.60368	-133.4522	47.94067	-56.511684	-186.60368	-31.192875	5.7526855	-18.486282	-40.306305	1000.0	1000.0	191999	154.03983	20.65898	185.9272	2.7137089	154.04007	20.657076	185.21095	1.4810205	-0.45823047	2.5286396	22.969498	-14.932723	54.112812	4.4158506	10294.035655975342
49	-1.7332646	21.5698	37.51463	-26.913633	-212.77489	25.57349	-169.00244	-231.42345	-212.77489	25.57349	-169.00244	-231.42345	-1.7332646	21.5698	37.51463	-26.913633	1000.0	1000.0	195999	156.3753	20.574532	186.40895	1.7365248	156.3756	20.573254	186.20378	2.9865441	-0.4410094	2.5083015	26.634193	-17.533115	52.50468	4.2578583	10534.153060913086
50	-4.8404837	20.952272	20.340698	-38.93892	-188.308	40.828747	-144.67834	-253.8695	-188.308	40.828747	-144.67834	-253.8695	-4.8404837	20.952272	20.340698	-38.93892	1000.0	1000.0	199999	158.0961	20.660984	189.32	1.844808	158.09619	20.659311	190.19223	2.813949	-0.4220707	2.5503297	40.797443	-13.706476	56.1574	4.545784	10755.947762489319
51	-82.53858	14.474243	-60.511047	-110.598015	-158.66302	96.32487	-66.57641	-297.82352	-158.66302	96.32487	-66.57641	-297.82352	-82.53858	14.474243	-60.511047	-110.598015	1000.0	1000.0	203999	158.3935	21.857315	190.04362	1.7743466	158.39362	21.855032	190.6587	2.3409746	-0.5537138	2.505564	29.988163	-14.161605	56.46858	4.5102787	10977.808647871017
52	-309.84296	24.474335	-280.78668	-365.9516	-176.12552	19.110739	-148.4933	-195.12239	-176.12552	19.110739	-148.4933	-195.12239	-309.84296	24.474335	-280.78668	-365.9516	1000.0	1000.0	207999	158.39005	22.003843	190.15294	5.0128407	158.39024	22.002695	189.46106	4.0747266	-0.51679385	2.4987104	34.44267	-14.042856	56.415024	4.688601	11206.618584632874
53	-98.62538	24.150476	-55.813503	-125.27121	-127.12001	31.01249	-91.19496	-173.4871	-127.12001	31.01249	-91.19496	-173.4871	-98.62538	24.150476	-55.813503	-125.27121	1000.0	1000.0	211999	158.72137	22.03645	189.8239	6.7558794	158.72145	22.03536	191.73796	1.5571537	-0.46783638	2.5145802	25.454256	-14.071348	53.960266	4.569451	11438.15210032463
54	-133.90475	18.051996	-106.87249	-162.34804	-171.20407	90.07753	-22.952055	-243.7073	-171.20407	90.07753	-22.952055	-243.7073	-133.90475	18.051996	-106.87249	-162.34804	1000.0	1000.0	215999	159.93353	22.000065	192.18588	8.18553	159.93372	21.998726	192.88692	8.073329	-0.29898962	2.554425	22.16297	-13.740963	50.610245	4.5185714	11666.149745941162
55	-75.566154	4.1603518	-70.71375	-85.27495	-160.88446	54.880814	-103.89242	-240.12679	-160.88446	54.880814	-103.89242	-240.12679	-75.566154	4.1603518	-70.71375	-85.27495	1000.0	1000.0	219999	161.6357	22.119064	194.79091	10.082411	161.63594	22.11731	193.49336	9.185171	-0.38897598	2.5319846	28.36456	-12.219042	52.73048	4.188389	11898.280583381653
56	24.21847	11.551531	42.66752	7.9250712	-206.53802	85.3853	-96.30462	-334.67923	-206.53802	85.3853	-96.30462	-334.67923	24.21847	11.551531	42.66752	7.9250712	1000.0	1000.0	223999	162.39423	21.910507	195.03668	10.322485	162.39445	21.909117	193.63728	4.096788	-0.3666043	2.525357	32.46221	-13.814945	50.236225	4.2270474	12131.06452870369
57	64.980545	15.296912	93.04132	43.14035	-226.89531	87.036606	-146.62332	-363.60577	-226.89531	87.036606	-146.62332	-363.60577	64.980545	15.296912	93.04132	43.14035	1000.0	1000.0	227999	163.25717	21.850754	192.67111	10.197228	163.25726	21.8493	192.68678	9.153755	-0.3846168	2.4925294	29.923172	-12.866549	45.797337	3.865225	12388.164649248123
58	-30.80305	8.241351	-16.81601	-49.379467	-201.42108	50.37913	-147.30199	-277.41025	-201.42108	50.37913	-147.30199	-277.41025	-30.80305	8.241351	-16.81601	-49.379467	1000.0	1000.0	231999	163.91605	21.90722	196.21991	4.426779	163.9164	21.906061	194.93623	1.6420434	-0.33905995	2.5022612	35.574883	-13.098148	42.587215	3.802539	12649.353048801422
59	-66.17565	13.231878	-48.46979	-88.76905	-180.95586	68.91041	-63.948326	-241.92094	-180.95586	68.91041	-63.948326	-241.92094	-66.17565	13.231878	-48.46979	-88.76905	1000.0	1000.0	235999	164.67317	22.896515	195.53494	11.7844095	164.67352	22.894848	194.4819	10.521525	-0.26597485	2.5555778	33.816505	-14.502783	45.701797	4.0078382	12912.327577352524
60	-112.62711	5.2704563	-100.24353	-119.92308	-181.17493	96.79296	-80.31474	-340.7111	-181.17493	96.79296	-80.31474	-340.7111	-112.62711	5.2704563	-100.24353	-119.92308	1000.0	1000.0	239999	165.11417	23.816694	197.40335	17.038008	165.11432	23.81485	195.99643	15.785602	-0.28929225	2.550477	23.981792	-13.019277	44.67502	3.8201423	13184.129656076431
61	-97.879684	3.8161356	-89.17283	-102.23945	-143.785	86.900665	-74.34806	-292.78967	-143.785	86.900665	-74.34806	-292.78967	-97.879684	3.8161356	-89.17283	-102.23945	1000.0	1000.0	243999	166.20212	23.924885	198.0448	15.406684	166.20253	23.92361	197.47064	15.042927	-0.33366767	2.524636	38.605827	-13.803491	42.944225	3.779619	13444.381517887115
62	-64.30559	8.405953	-47.90275	-73.33582	-198.36156	43.335335	-152.00551	-254.76021	-198.36156	43.335335	-152.00551	-254.76021	-64.30559	8.405953	-47.90275	-73.33582	1000.0	1000.0	247999	166.32904	24.376884	198.41493	8.945288	166.32916	24.375591	198.81892	8.793224	-0.30329338	2.541705	40.956467	-13.330374	44.87139	3.7851553	13666.01357293129
63	32.57792	28.11836	100.32254	-10.05792	-201.9964	53.703793	-145.91403	-259.95447	-201.9964	53.703793	-145.91403	-259.95447	32.57792	28.11836	100.32254	-10.05792	1000.0	1000.0	251999	167.68732	24.502872	200.58952	8.34547	167.6876	24.5012	199.94768	10.611905	-0.29446644	2.5582817	40.4675	-13.2065735	43.766304	4.043251	13888.31020975113
64	114.82172	4.8286405	122.66126	107.894005	-94.65829	69.88998	-17.653015	-208.21751	-94.65829	69.88998	-17.653015	-208.21751	114.82172	4.8286405	122.66126	107.894005	1000.0	1000.0	255999	169.26488	24.5774	203.1014	1.9828835	169.26543	24.574776	201.46994	1.7212895	-0.2048575	2.5356014	27.514961	-13.659046	42.509857	4.241332	14110.204325914383
65	44.880737	41.22265	101.42699	-43.02055	-151.2683	127.94663	31.161762	-309.64066	-151.2683	127.94663	31.161762	-309.64066	44.880737	41.22265	101.42699	-43.02055	1000.0	1000.0	259999	171.03232	25.516201	204.52808	8.89142	171.03249	25.515184	203.13416	6.3866005	-0.26334798	2.4992251	48.766647	-12.420067	41.219593	4.103853	14332.207043409348
66	-108.50328	5.7281256	-100.646034	-120.419846	-163.81544	102.276886	-13.272147	-283.9034	-163.81544	102.276886	-13.272147	-283.9034	-108.50328	5.7281256	-100.646034	-120.419846	1000.0	1000.0	263999	171.97717	25.790848	203.22876	5.2237463	171.97734	25.788986	205.33401	7.4996986	-0.29202783	2.535935	21.17381	-13.334878	45.068394	3.969958	14555.031304836273
67	169.5506	21.098602	207.57835	135.88979	-224.50157	118.65506	-78.63009	-351.412	-224.50157	118.65506	-78.63009	-351.412	169.5506	21.098602	207.57835	135.88979	1000.0	1000.0	267999	172.46532	27.069225	208.4975	-0.14281583	172.46584	27.066715	206.77272	4.959634	-0.26049718	2.5377853	53.693962	-14.088043	43.26732	4.190388	14818.03655052185
68	-109.65477	16.54028	-83.5809	-129.3611	-175.22525	33.79929	-134.92705	-228.54855	-175.22525	33.79929	-134.92705	-228.54855	-109.65477	16.54028	-83.5809	-129.3611	1000.0	1000.0	271999	173.00195	27.761986	206.42505	10.783564	173.00233	27.75981	206.10696	8.31434	-0.26584163	2.541187	30.860172	-14.950999	44.255413	4.070276	15090.194572687149
69	215.88884	21.986292	255.18796	184.05423	-188.26718	87.61639	-63.23187	-308.96475	-188.26718	87.61639	-63.23187	-308.96475	215.88884	21.986292	255.18796	184.05423	1000.0	1000.0	275999	173.139	27.703804	205.50598	6.8706703	173.13916	27.703894	205.82622	9.633821	-0.3250572	2.5065908	25.919071	-16.34113	39.259243	4.1854324	15376.399879455566
70	45.779793	17.511168	82.79183	19.63496	-158.74223	130.84396	-59.5319	-380.0227	-158.74223	130.84396	-59.5319	-380.0227	45.779793	17.511168	82.79183	19.63496	1000.0	1000.0	279999	172.93912	28.45858	208.10095	7.679837	172.93912	28.457296	205.10246	6.966984	-0.2899002	2.5534978	27.177692	-12.928085	36.54696	4.2958536	15670.765953302383
71	-125.98726	22.558607	-97.96604	-168.65257	-159.20409	56.63884	-93.56392	-227.76663	-159.20409	56.63884	-93.56392	-227.76663	-125.98726	22.558607	-97.96604	-168.65257	1000.0	1000.0	283999	172.96371	28.759563	206.1695	3.6144028	172.96416	28.758654	205.27522	7.4001455	-0.31547126	2.5500908	36.763878	-17.492453	36.328983	3.9882612	15923.801669120789
72	-227.87556	17.536354	-202.40099	-257.0479	-99.82274	74.43877	-5.849367	-205.70801	-99.82274	74.43877	-5.849367	-205.70801	-227.87556	17.536354	-202.40099	-257.0479	1000.0	1000.0	287999	173.22112	28.939716	206.15872	-7.099823	173.22124	28.939636	206.26366	6.98956	-0.35958964	2.517244	37.512028	-13.930814	32.18563	3.935539	16145.841943025589
73	15.380086	36.33382	88.63844	-53.947456	-155.21246	17.549675	-129.33716	-173.52095	-155.21246	17.549675	-129.33716	-173.52095	15.380086	36.33382	88.63844	-53.947456	1000.0	1000.0	291999	173.40295	28.70353	205.42555	9.304625	173.40314	28.702118	205.63083	4.755494	-0.3406076	2.5319846	36.13939	-14.383631	34.14971	3.969601	16369.020359277725
74	78.86056	32.624287	124.26208	26.251059	-150.21756	32.808365	-98.84439	-190.19412	-150.21756	32.808365	-98.84439	-190.19412	78.86056	32.624287	124.26208	26.251059	1000.0	1000.0	295999	173.8089	28.40878	206.2254	0.25091076	173.80904	28.407682	206.23756	15.981609	-0.23442838	2.5606115	26.189966	-14.1270685	34.400562	3.7963793	16595.38379216194
75	-213.94302	25.393694	-159.87376	-251.41606	-212.96329	92.41232	-90.684845	-334.88058	-212.96329	92.41232	-90.684845	-334.88058	-213.94302	25.393694	-159.87376	-251.41606	1000.0	1000.0	299999	173.93427	28.826477	208.16208	12.0755825	173.93422	28.82702	210.12129	15.110796	-0.3336501	2.5471942	30.654968	-13.728825	32.661777	3.977042	16812.319864988327
76	-82.60597	13.224706	-52.50362	-99.31024	-127.13107	65.48374	-33.115322	-212.45938	-127.13107	65.48374	-33.115322	-212.45938	-82.60597	13.224706	-52.50362	-99.31024	1000.0	1000.0	303999	173.9042	28.952362	207.0253	12.199791	173.90442	28.951197	206.35132	9.644349	-0.34164363	2.5608761	26.122553	-16.616514	38.8488	3.9573379	17027.433177232742
77	-53.139954	26.05618	-17.498066	-108.61871	-110.376526	29.80883	-80.10523	-140.65155	-110.376526	29.80883	-80.10523	-140.65155	-53.139954	26.05618	-17.498066	-108.61871	1000.0	1000.0	307999	173.91214	28.5544	205.6874	3.0221646	173.91212	28.554577	205.63191	4.1967373	-0.36903325	2.5657952	41.05311	-13.818489	40.95352	3.9273245	17244.976338863373
78	-6.985511	14.011649	10.828243	-36.05619	-123.717575	80.02471	-55.667557	-254.64699	-123.717575	80.02471	-55.667557	-254.64699	-6.985511	14.011649	10.828243	-36.05619	1000.0	1000.0	311999	173.90376	28.373674	207.59052	8.721819	173.90382	28.373236	206.03386	8.666648	-0.31135017	2.5904186	36.414467	-13.246223	40.198196	3.9916222	17482.028270483017
79	1.0563855	9.431833	12.426182	-15.799687	-103.27547	19.426252	-80.9493	-133.98982	-103.27547	19.426252	-80.9493	-133.98982	1.0563855	9.431833	12.426182	-15.799687	1000.0	1000.0	315999	173.64322	27.929401	206.13213	9.544934	173.64316	27.929361	206.35127	13.084091	-0.4397532	2.5592434	38.48808	-14.211221	46.550682	4.036033	17722.879372358322
80	-61.99181	21.409628	-23.219614	-95.64226	-148.6139	94.90308	-42.25377	-292.79095	-148.6139	94.90308	-42.25377	-292.79095	-61.99181	21.409628	-23.219614	-95.64226	1000.0	1000.0	319999	172.83496	27.964577	204.81238	3.418386	172.8353	27.96365	205.06273	9.304943	-0.32342333	2.6264234	49.234104	-13.045103	41.737743	3.927316	17962.84231042862
81	-161.16794	26.347345	-135.09053	-236.31252	-114.15474	38.47715	-76.49475	-175.31783	-114.15474	38.47715	-76.49475	-175.31783	-161.16794	26.347345	-135.09053	-236.31252	1000.0	1000.0	323999	172.57898	28.349747	207.13994	11.094344	172.579	28.348671	205.91978	9.962354	-0.30576637	2.6395004	34.175934	-13.493847	39.965458	4.2415676	18199.42911696434
82	-316.48758	87.55943	-119.81182	-428.30185	-340.6898	40.454548	-280.54752	-390.91306	-340.6898	40.454548	-280.54752	-390.91306	-316.48758	87.55943	-119.81182	-428.30185	1000.0	1000.0	327999	171.03275	29.73745	205.53394	3.135976	171.03256	29.738363	205.70074	2.9482327	-0.4490031	2.6167846	34.88123	-12.958962	35.53761	4.5812464	18436.777776241302
83	-355.91684	21.081202	-325.35056	-391.37167	-455.50525	26.055511	-415.89456	-479.3154	-455.50525	26.055511	-415.89456	-479.3154	-355.91684	21.081202	-325.35056	-391.37167	1000.0	1000.0	331999	168.12141	32.591	203.8461	2.282092	168.12161	32.589905	203.7854	2.0020483	-0.55655426	2.6012204	42.210014	-13.697748	35.094723	4.9593186	18663.835624933243
84	-366.33682	29.130596	-309.76395	-420.92932	-498.56314	54.751854	-428.6376	-581.7619	-498.56314	54.751854	-428.6376	-581.7619	-366.33682	29.130596	-309.76395	-420.92932	1000.0	1000.0	335999	166.35312	35.379677	202.50891	2.2996004	166.3531	35.380943	203.07567	2.0190806	-0.51407874	2.61776	23.232689	-15.374392	32.89737	4.955655	18888.026246786118
85	-399.71985	13.848533	-377.13684	-423.36566	-490.0614	38.209698	-437.62228	-529.51965	-490.0614	38.209698	-437.62228	-529.51965	-399.71985	13.848533	-377.13684	-423.36566	1000.0	1000.0	339999	164.39055	37.670113	202.10808	2.6996787	164.39012	37.67236	202.23514	3.3635683	-0.5489095	2.6223252	20.982578	-17.148813	30.84227	4.3267245	19115.135310411453
86	-370.70438	25.972967	-310.72583	-404.87976	-502.06207	32.35251	-470.40894	-555.1897	-502.06207	32.35251	-470.40894	-555.1897	-370.70438	25.972967	-310.72583	-404.87976	1000.0	1000.0	343999	163.04294	39.830635	201.42767	2.3344524	163.04312	39.830845	202.82964	2.054207	-0.5075232	2.677697	21.239555	-15.525189	29.564787	4.4381514	19390.37636756897
87	-344.54968	19.094034	-309.74445	-381.7468	-514.31104	57.285496	-436.96246	-572.6635	-514.31104	57.285496	-436.96246	-572.6635	-344.54968	19.094034	-309.74445	-381.7468	1000.0	1000.0	347999	161.95103	42.207344	201.48958	2.3520503	161.95073	42.20798	201.82834	2.0715497	-0.39842066	2.7611852	27.635612	-14.395699	29.233149	4.306761	19664.05366706848
88	-420.68497	32.614456	-383.7649	-491.66302	-504.1193	5.9336433	-493.95868	-508.96216	-504.1193	5.9336433	-493.95868	-508.96216	-420.68497	32.614456	-383.7649	-491.66302	1000.0	1000.0	351999	161.35582	43.96924	203.18793	2.3687563	161.3558	43.970486	202.12593	2.0935168	-0.41814125	2.7858596	25.014624	-12.882089	26.60768	4.4747167	19891.177275180817
89	-349.50665	52.92266	-233.46295	-406.3413	-499.50876	44.75028	-455.32227	-557.2024	-499.50876	44.75028	-455.32227	-557.2024	-349.50665	52.92266	-233.46295	-406.3413	1000.0	1000.0	355999	160.34808	45.744225	204.40318	2.3897326	160.34811	45.744953	204.72028	6.0820045	-0.5770176	2.7034006	24.697485	-14.499144	23.99804	4.544175	20111.96013402939
90	-324.74432	20.084831	-284.73828	-351.82202	-500.72906	46.46885	-454.01126	-571.3387	-500.72906	46.46885	-454.01126	-571.3387	-324.74432	20.084831	-284.73828	-351.82202	1000.0	1000.0	359999	159.16946	47.256702	204.46355	6.959007	159.16917	47.256966	203.92444	7.7919254	-0.55476993	2.75492	33.208443	-13.703371	27.656725	4.4490266	20332.43770456314
91	-305.21542	130.1878	-15.122931	-428.0574	-465.22772	46.49504	-386.37985	-506.79822	-465.22772	46.49504	-386.37985	-506.79822	-305.21542	130.1878	-15.122931	-428.0574	1000.0	1000.0	363999	158.0196	48.52494	205.47421	2.4242706	158.01965	48.526043	204.14372	3.789702	-0.6279557	2.7309675	23.274307	-14.061779	21.4802	4.9486456	20551.801333904266
92	-156.3147	131.52739	8.006433	-389.05307	-557.3812	44.851994	-501.03067	-603.3541	-557.3812	44.851994	-501.03067	-603.3541	-156.3147	131.52739	8.006433	-389.05307	1000.0	1000.0	367999	157.5573	49.799603	204.78957	2.4529145	157.55725	49.799484	205.36969	2.1735349	-0.67021734	2.7251563	23.02157	-14.064192	27.03988	5.2679815	20771.0755944252
93	-335.5637	100.75161	-103.81575	-412.99203	-503.1915	24.375122	-479.09778	-541.21814	-503.1915	24.375122	-479.09778	-541.21814	-335.5637	100.75161	-103.81575	-412.99203	1000.0	1000.0	371999	156.63004	51.675507	206.66412	2.467589	156.62975	51.67695	207.19266	2.1900127	-0.66260225	2.7126095	21.707201	-15.8756695	26.44428	5.3749022	20994.87792611122
94	-464.86417	52.69507	-354.55453	-513.2756	-467.92563	52.517952	-395.3962	-529.1634	-467.92563	52.517952	-395.3962	-529.1634	-464.86417	52.69507	-354.55453	-513.2756	1000.0	1000.0	375999	156.59209	53.03963	206.83327	2.4907243	156.5908	53.04414	206.61275	2.2147539	-0.6494654	2.749141	17.898197	-13.6116	25.745888	5.671752	21224.54796385765
95	-372.05508	83.16157	-190.4818	-483.37274	-496.33548	26.40332	-458.6076	-532.71625	-496.33548	26.40332	-458.6076	-532.71625	-372.05508	83.16157	-190.4818	-483.37274	1000.0	1000.0	379999	155.26067	54.039913	207.10709	2.51151	155.2588	54.04463	207.091	2.243612	-0.83132654	2.703158	22.86386	-13.802387	25.220602	5.1804743	21454.43243265152
96	-300.76605	30.827028	-250.70259	-360.5194	-451.4772	74.38888	-352.1253	-558.4393	-451.4772	74.38888	-352.1253	-558.4393	-300.76605	30.827028	-250.70259	-360.5194	1000.0	1000.0	383999	153.65694	54.875298	206.7393	2.5287907	153.65543	54.8793	205.66292	2.2717369	-0.7572252	2.736913	22.778442	-14.073782	28.647272	5.16649	21735.764704942703
97	-375.15778	37.05783	-322.0415	-433.9553	-464.3	29.588375	-431.61145	-505.29315	-464.3	29.588375	-431.61145	-505.29315	-375.15778	37.05783	-322.0415	-433.9553	1000.0	1000.0	387999	152.14871	55.33729	205.17865	2.549663	152.1477	55.34093	204.98624	2.3016083	-0.92097104	2.672032	25.727596	-13.946003	29.01724	5.2701015	22028.767886400223
98	-382.55792	48.937874	-306.0653	-435.19443	-481.77496	64.34083	-376.77243	-551.2472	-481.77496	64.34083	-376.77243	-551.2472	-382.55792	48.937874	-306.0653	-435.19443	1000.0	1000.0	391999	151.24654	55.74139	204.7744	2.5720787	151.24535	55.74491	206.5753	2.3309639	-0.8359911	2.736209	22.631443	-12.951498	25.852543	5.5081563	22311.638747692108
99	-366.9229	41.66915	-274.77832	-413.83536	-407.57935	97.94145	-250.89627	-499.00186	-407.57935	97.94145	-250.89627	-499.00186	-366.9229	41.66915	-274.77832	-413.83536	1000.0	1000.0	395999	150.26048	56.11045	207.38937	2.5941854	150.25906	56.11396	205.70334	2.361504	-0.8588558	2.7382362	23.550213	-14.754858	27.167233	5.3584423	22591.869210243225
100	-387.61496	34.463345	-324.02295	-428.29993	-455.86166	11.815071	-438.97568	-472.17892	-455.86166	11.815071	-438.97568	-472.17892	-387.61496	34.463345	-324.02295	-428.29993	1000.0	1000.0	399999	149.12595	56.75549	207.59702	2.617689	149.12463	56.75881	205.9421	2.3936698	-0.81486094	2.7879221	30.859976	-15.417574	24.280848	5.2553797	22834.24088525772
101	-372.25177	24.347296	-318.6971	-406.2223	-437.94577	38.21946	-403.01443	-502.09122	-437.94577	38.21946	-403.01443	-502.09122	-372.25177	24.347296	-318.6971	-406.2223	1000.0	1000.0	403999	148.42332	57.612053	205.34474	2.6414502	148.42213	57.61482	207.1336	-1.7991421	-0.8195193	2.7923994	24.550255	-13.724514	25.062399	5.0845203	23054.779215335846
102	-375.6688	21.844055	-341.14905	-423.37292	-491.06006	20.46958	-469.0108	-524.57965	-491.06006	20.46958	-469.0108	-524.57965	-375.6688	21.844055	-341.14905	-423.37292	1000.0	1000.0	407999	147.83658	58.51714	206.3205	2.6646607	147.83545	58.52013	207.85175	2.4560037	-0.8036709	2.821241	33.379322	-15.41301	24.7109	5.3754454	23275.4189620018
103	-306.90372	69.88131	-166.87007	-375.2708	-496.3148	26.506283	-452.04123	-519.5974	-496.3148	26.506283	-452.04123	-519.5974	-306.90372	69.88131	-166.87007	-375.2708	1000.0	1000.0	411999	147.99142	59.097637	205.09862	2.6902804	147.99036	59.100082	205.78906	2.4889345	-0.77455646	2.8787417	26.126942	-13.844097	23.229	5.107057	23556.943255662918
104	-396.7116	25.853842	-358.41986	-432.35022	-469.0368	9.116433	-457.17804	-482.74847	-469.0368	9.116433	-457.17804	-482.74847	-396.7116	25.853842	-358.41986	-432.35022	1000.0	1000.0	415999	146.68982	59.7443	206.53557	2.7160976	146.68915	59.746017	210.68236	2.5218787	-0.8930457	2.8162112	31.384487	-14.108785	23.523012	4.954458	23844.951381206512
105	-255.09187	32.877968	-198.72781	-312.0471	-483.31348	20.408798	-463.3069	-517.3351	-483.31348	20.408798	-463.3069	-517.3351	-255.09187	32.877968	-198.72781	-312.0471	1000.0	1000.0	419999	144.80176	60.02338	205.28267	2.739683	144.80072	60.02574	203.7735	2.5507596	-0.9349017	2.7908084	25.71799	-13.129125	23.148825	5.081377	24085.43202829361
106	-330.74008	29.957329	-272.89102	-372.78076	-459.152	22.798952	-424.1483	-487.76434	-459.152	22.798952	-424.1483	-487.76434	-330.74008	29.957329	-272.89102	-372.78076	1000.0	1000.0	423999	144.20697	60.137226	205.88387	2.765159	144.20613	60.138905	204.63474	2.581889	-0.89755726	2.8314078	33.470264	-13.216795	24.950521	4.8989797	24316.142070293427
107	-342.51773	13.90454	-324.769	-362.59106	-430.5595	50.13784	-393.6664	-516.05237	-430.5595	50.13784	-393.6664	-516.05237	-342.51773	13.90454	-324.769	-362.59106	1000.0	1000.0	427999	143.55174	60.30746	204.66779	-1.3338258	143.55054	60.310345	205.45392	2.6112506	-0.99571115	2.7956946	31.235958	-13.180029	27.080162	4.947129	24557.29190158844
108	-399.22647	18.13335	-379.90433	-440.2286	-464.64417	17.543827	-437.9156	-484.71124	-464.64417	17.543827	-437.9156	-484.71124	-399.22647	18.13335	-379.90433	-440.2286	1000.0	1000.0	431999	142.94543	60.77649	205.2611	-6.514799	142.94496	60.77748	206.3452	2.6426685	-0.8822676	2.8748517	28.677326	-12.972582	25.751152	5.231233	24832.253436088562
109	-354.77264	20.486944	-316.49738	-385.59396	-474.6193	35.240776	-422.365	-520.74335	-474.6193	35.240776	-422.365	-520.74335	-354.77264	20.486944	-316.49738	-385.59396	1000.0	1000.0	435999	142.4197	61.389454	207.78575	-3.0925527	142.41974	61.38928	208.21193	2.6705248	-0.9306407	2.856582	32.939583	-13.66413	25.456453	5.022729	25105.55083656311
110	-362.26617	19.32544	-336.69348	-402.31635	-484.27887	60.780834	-413.1549	-581.12445	-484.27887	60.780834	-413.1549	-581.12445	-362.26617	19.32544	-336.69348	-402.31635	1000.0	1000.0	439999	142.21294	62.186268	207.09357	-3.8770845	142.21371	62.184254	207.06013	2.69333	-0.8872378	2.8753543	32.900993	-13.933543	22.583517	5.2050724	25327.421605825424
111	-400.05984	56.87929	-274.54794	-443.99918	-549.4762	49.08225	-466.51395	-586.0535	-549.4762	49.08225	-466.51395	-586.0535	-400.05984	56.87929	-274.54794	-443.99918	1000.0	1000.0	443999	141.85503	62.664516	209.47263	-5.043317	141.85526	62.664116	207.88376	2.7118878	-0.9828754	2.854246	26.618845	-12.901556	23.221542	5.2984366	25549.086658239365
112	-413.05328	31.34535	-331.302	-452.30624	-505.9256	50.382313	-427.48697	-555.9882	-505.9256	50.382313	-427.48697	-555.9882	-413.05328	31.34535	-331.302	-452.30624	1000.0	1000.0	447999	141.2927	62.93655	206.75256	-4.5682907	141.29263	62.93706	207.21616	2.734854	-0.961199	2.8805737	29.908588	-14.7995405	20.802847	5.034643	25791.115086078644
113	-237.96622	132.71823	-5.9468446	-429.3718	-558.814	87.27351	-441.0805	-652.96484	-558.814	87.27351	-441.0805	-652.96484	-237.96622	132.71823	-5.9468446	-429.3718	1000.0	1000.0	451999	140.87006	63.265995	207.514	-2.2926617	140.86897	63.26817	210.89046	2.7601688	-1.0361668	2.8392322	30.45343	-14.760145	20.568985	4.7565455	26073.9070956707
114	-143.27628	61.32461	-74.188774	-256.3938	-484.4037	53.02084	-397.26196	-537.6705	-484.4037	53.02084	-397.26196	-537.6705	-143.27628	61.32461	-74.188774	-256.3938	1000.0	1000.0	455999	140.50899	63.57832	210.2313	-0.28933954	140.50832	63.580048	210.16017	2.789158	-1.0541664	2.8384764	22.934143	-16.436539	23.448866	5.111704	26356.470298290253
115	-175.5954	38.670513	-140.81985	-285.7757	-300.72635	120.45158	-171.16147	-429.5771	-300.72635	120.45158	-171.16147	-429.5771	-175.5954	38.670513	-140.81985	-285.7757	1000.0	1000.0	459999	139.97922	64.27761	208.6177	-0.4883964	139.97787	64.281006	209.95425	2.8200397	-1.1391474	2.8032615	45.25837	-13.547943	25.954443	4.8174973	26627.45842552185
116	-62.137238	26.050476	-17.497173	-105.71383	-236.52905	84.05499	-140.0629	-369.48785	-236.52905	84.05499	-140.0629	-369.48785	-62.137238	26.050476	-17.497173	-105.71383	1000.0	1000.0	463999	140.44215	64.27302	210.75478	-1.6461821	140.44127	64.275566	210.33081	2.8525882	-1.0629544	2.8505676	35.9291	-13.56085	22.766018	5.3045297	26896.373563289642
117	-24.092838	25.717087	22.285114	-56.6099	-254.43094	109.1149	-165.06877	-441.21448	-254.43094	109.1149	-165.06877	-441.21448	-24.092838	25.717087	22.285114	-56.6099	1000.0	1000.0	467999	140.9363	64.30271	210.18164	2.4996192	140.93501	64.30528	211.64421	2.884154	-1.0776494	2.8357754	22.664778	-11.928637	22.282495	5.195302	27141.122072458267
118	-140.8937	13.824712	-114.92726	-168.04515	-331.68277	96.62643	-194.5042	-450.1211	-331.68277	96.62643	-194.5042	-450.1211	-140.8937	13.824712	-114.92726	-168.04515	1000.0	1000.0	471999	140.45566	63.99848	208.73378	-0.60615444	140.45416	64.002174	212.2785	2.918448	-1.0532869	2.8291624	31.7884	-14.85321	19.37669	5.197873	27386.47891664505
119	-116.552246	12.611603	-95.35479	-136.41138	-241.53873	84.28633	-121.77298	-346.72992	-241.53873	84.28633	-121.77298	-346.72992	-116.552246	12.611603	-95.35479	-136.41138	1000.0	1000.0	475999	140.30624	63.86469	209.44806	0.23219228	140.30544	63.867184	210.09909	2.955132	-0.97967494	2.8906949	45.08915	-13.845849	14.088789	5.7676964	27628.68396449089
120	-167.20154	140.7316	-38.478085	-499.97275	-213.849	76.82394	-143.65721	-341.68063	-213.849	76.82394	-143.65721	-341.68063	-167.20154	140.7316	-38.478085	-499.97275	1000.0	1000.0	479999	140.22736	63.803432	208.85654	1.2707751	140.22643	63.805702	208.35272	2.9919388	-1.0641409	2.845634	21.977774	-12.956833	15.058217	4.5577316	27868.74556851387
121	-244.15945	91.05329	-88.33364	-339.94568	-180.47446	79.37011	-96.468254	-310.38632	-180.47446	79.37011	-96.468254	-310.38632	-244.15945	91.05329	-88.33364	-339.94568	1000.0	1000.0	483999	140.11931	63.43926	211.64967	-0.046174288	140.11826	63.441193	207.82455	3.023939	-0.9866509	2.8837225	38.247955	-13.656614	16.078064	4.703375	28109.25057196617
122	-268.68674	94.501976	-86.231674	-364.33646	-461.56625	10.864993	-448.33902	-473.9519	-461.56625	10.864993	-448.33902	-473.9519	-268.68674	94.501976	-86.231674	-364.33646	1000.0	1000.0	487999	140.39166	63.293705	209.71815	-1.0601716	140.39066	63.29582	209.47052	3.0618315	-1.0088898	2.8823094	36.829742	-16.364855	16.744461	4.610714	28356.346823453903
123	-96.25149	76.1807	-15.813436	-306.88354	-236.68951	131.62936	-102.50527	-450.62958	-236.68951	131.62936	-102.50527	-450.62958	-96.25149	76.1807	-15.813436	-306.88354	1000.0	1000.0	491999	139.74287	63.521984	207.84056	-0.25013518	139.74173	63.524143	207.79044	3.093777	-1.0776813	2.8230221	30.201035	-13.191073	16.131016	4.7117205	28603.619871616364
124	10.035306	125.152626	98.77774	-351.99423	-221.54585	164.31396	-42.593582	-481.3037	-221.54585	164.31396	-42.593582	-481.3037	10.035306	125.152626	98.77774	-351.99423	1000.0	1000.0	495999	140.34016	63.733414	209.46716	1.9518322	140.33936	63.734425	210.4441	3.1263592	-1.1010007	2.7995577	22.596283	-12.833374	19.084906	4.831857	28882.810766220093
125	-153.94878	134.08266	53.51638	-366.68857	-159.19617	94.39857	-67.407234	-316.45535	-159.19617	94.39857	-67.407234	-316.45535	-153.94878	134.08266	53.51638	-366.68857	1000.0	1000.0	499999	140.67113	63.78399	210.09958	0.35298657	140.6708	63.785336	209.8858	3.1572573	-1.064454	2.8310206	28.373718	-14.424849	20.68107	4.885419	29181.119230508804
126	-55.283558	146.2034	91.83734	-318.41745	-395.18378	83.66684	-302.13776	-497.69937	-395.18378	83.66684	-302.13776	-497.69937	-55.283558	146.2034	91.83734	-318.41745	1000.0	1000.0	503999	140.69688	64.0147	210.19429	3.275196	140.69585	64.016914	210.02122	3.190402	-0.98847485	2.8709338	30.249338	-13.267927	23.323622	5.3239074	29443.780898094177
127	53.176033	109.8928	133.24571	-266.1715	-189.51225	137.08159	10.590538	-376.65408	-189.51225	137.08159	10.590538	-376.65408	53.176033	109.8928	133.24571	-266.1715	1000.0	1000.0	507999	140.37598	64.01698	211.10103	0.6010802	140.37563	64.01762	212.12962	3.226845	-1.0402683	2.8334985	30.849052	-12.144911	21.915503	5.1274486	29684.582943201065
128	-65.39002	127.53115	34.95981	-370.6154	-165.75513	145.40515	-65.238205	-416.78452	-165.75513	145.40515	-65.238205	-416.78452	-65.39002	127.53115	34.95981	-370.6154	1000.0	1000.0	511999	140.2245	64.18977	211.66942	0.8824377	140.22388	64.19168	209.7527	3.258979	-0.9864797	2.8666608	33.572033	-12.188158	21.228664	5.3379235	29923.636956691742
129	-28.05302	21.142483	4.758454	-57.70414	-111.257065	70.0667	-62.779606	-231.41634	-111.257065	70.0667	-62.779606	-231.41634	-28.05302	21.142483	4.758454	-57.70414	1000.0	1000.0	515999	141.41093	64.57909	213.3377	-4.0095797	141.41052	64.58066	212.0332	3.2924356	-0.9981645	2.8822472	35.562897	-13.219648	23.79074	5.102772	30160.47646999359
130	-81.26722	10.174709	-63.388897	-98.3657	-65.018974	37.87051	-17.431082	-117.85224	-65.018974	37.87051	-17.431082	-117.85224	-81.26722	10.174709	-63.388897	-98.3657	1000.0	1000.0	519999	142.63618	65.265045	213.45483	-0.09341526	142.63548	65.26609	212.52472	3.3252444	-0.93503124	2.9068952	30.651482	-13.143846	25.519281	5.422169	30385.03982424736
131	-231.3516	76.23324	-61.102882	-315.5466	-161.51204	112.24996	-77.66866	-352.94324	-161.51204	112.24996	-77.66866	-352.94324	-231.3516	76.23324	-61.102882	-315.5466	1000.0	1000.0	523999	143.48769	65.14365	215.7425	0.40266895	143.48718	65.14511	213.34749	3.3560562	-1.0132226	2.8319657	27.42661	-15.478048	23.295887	4.866618	30607.22148680687
132	4.195353	49.123665	40.553066	-127.738464	-186.98987	110.56148	-75.06107	-300.26266	-186.98987	110.56148	-75.06107	-300.26266	4.195353	49.123665	40.553066	-127.738464	1000.0	1000.0	527999	143.8801	65.70085	217.3708	0.27629852	143.88013	65.70157	218.2066	3.3856072	-0.9129447	2.9317012	36.483177	-12.9399605	25.18562	5.1257567	30829.781547784805
133	26.084545	20.22458	55.79628	-10.989379	-194.65135	113.08153	-63.156635	-366.46246	-194.65135	113.08153	-63.156635	-366.46246	26.084545	20.22458	55.79628	-10.989379	1000.0	1000.0	531999	143.44347	65.66656	216.99939	-1.0201602	143.443	65.667595	215.4503	3.4129143	-1.0377165	2.8666947	53.40833	-15.259732	27.364576	4.991149	31053.64966082573
134	108.41351	38.3258	163.32492	26.86025	-108.43687	87.54668	-24.73119	-233.77666	-108.43687	87.54668	-24.73119	-233.77666	108.41351	38.3258	163.32492	26.86025	1000.0	1000.0	535999	142.74484	65.34979	224.67995	0.6023066	142.7441	65.35088	213.33685	3.4427497	-1.0540028	2.861015	31.827608	-14.680206	25.6206	5.7096405	31277.277032613754
135	110.96539	16.381374	144.185	89.00635	-31.720444	25.935282	1.8658022	-68.18908	-31.720444	25.935282	1.8658022	-68.18908	110.96539	16.381374	144.185	89.00635	1000.0	1000.0	539999	142.6663	65.09348	214.48643	-0.03147936	142.66583	65.09507	214.07977	3.4749053	-1.0062289	2.8831477	39.739643	-14.775158	19.672419	5.2117586	31509.112614631653
136	-90.91901	12.267995	-69.85477	-110.323364	-137.10046	113.2691	56.20654	-220.40071	-137.10046	113.2691	56.20654	-220.40071	-90.91901	12.267995	-69.85477	-110.323364	1000.0	1000.0	543999	143.2046	64.93701	215.02719	0.97437	143.20462	64.93775	213.55873	3.504206	-0.91988	2.898134	31.89353	-15.429762	20.712418	5.1685214	31750.2848880291
137	-2.714223	13.578063	31.2857	-19.301802	-45.098858	72.678185	48.60114	-154.9161	-45.098858	72.678185	48.60114	-154.9161	-2.714223	13.578063	31.2857	-19.301802	1000.0	1000.0	547999	143.46478	65.317955	214.82431	0.581424	143.46436	65.319336	215.5175	3.5332353	-0.91453385	2.9155421	33.447315	-12.252363	17.7936	5.0522017	31991.46972346306
138	59.498127	12.446741	73.46442	34.183445	-80.029495	42.943516	-22.268957	-132.50723	-80.029495	42.943516	-22.268957	-132.50723	59.498127	12.446741	73.46442	34.183445	1000.0	1000.0	551999	144.84592	65.71233	218.19098	-2.367043	144.84552	65.71338	220.32518	3.5644333	-0.82767415	2.9659607	29.912182	-14.407925	17.351097	5.3419933	32288.11629843712
139	46.25117	12.784163	64.12734	20.163301	-7.772635	33.877598	28.72615	-50.734413	-7.772635	33.877598	28.72615	-50.734413	46.25117	12.784163	64.12734	20.163301	1000.0	1000.0	555999	146.32268	66.227806	219.92856	2.6850698	146.32236	66.22887	217.4219	3.5957258	-0.84435475	2.9498422	34.447548	-13.638554	12.888971	5.14004	32586.9789583683
140	-21.517826	19.100477	-1.966413	-70.26297	-59.20777	16.049011	-33.18533	-77.07678	-59.20777	16.049011	-33.18533	-77.07678	-21.517826	19.100477	-1.966413	-70.26297	1000.0	1000.0	559999	147.25375	66.406906	220.66075	3.6713934	147.2533	66.40762	220.79169	3.627975	-0.90023565	2.8872468	28.464062	-17.291243	19.398582	5.263344	32823.20789074898
141	-65.163605	13.746434	-50.607765	-93.12385	-134.80473	66.655975	-55.296516	-205.09258	-134.80473	66.655975	-55.296516	-205.09258	-65.163605	13.746434	-50.607765	-93.12385	1000.0	1000.0	563999	147.48763	66.42344	218.17104	3.270895	147.48755	66.42335	218.06483	3.6587625	-0.9058069	2.9268909	30.34517	-13.14459	19.196043	5.0367765	33057.440412044525
142	-10.924443	31.572733	30.459759	-60.996685	-113.56427	40.630405	-67.083275	-177.86478	-113.56427	40.630405	-67.083275	-177.86478	-10.924443	31.572733	30.459759	-60.996685	1000.0	1000.0	567999	147.06746	65.94329	219.39397	3.7279823	147.06725	65.9439	218.71516	3.688243	-0.97024447	2.855082	37.715443	-14.927404	19.56375	5.2499375	33319.60905265808
143	-43.918045	9.033348	-28.588207	-61.5955	-81.02901	38.885983	-46.730846	-141.76366	-81.02901	38.885983	-46.730846	-141.76366	-43.918045	9.033348	-28.588207	-61.5955	1000.0	1000.0	571999	146.75311	65.71345	219.48158	3.7548895	146.75255	65.71438	219.29799	3.7167094	-0.92736477	2.8703365	34.327316	-12.688211	18.519262	4.7235804	33620.14952850342
144	34.117992	19.529734	58.080727	-16.490618	-74.85366	34.43246	-33.56008	-124.31645	-74.85366	34.43246	-33.56008	-124.31645	34.117992	19.529734	58.080727	-16.490618	1000.0	1000.0	575999	147.13567	65.19493	220.01479	3.779325	147.1357	65.19573	217.09746	3.7447944	-0.91084826	2.8944676	29.985725	-13.558145	22.407227	5.301911	33889.20433616638
145	-48.512917	12.059245	-30.006985	-64.77356	-92.2531	17.426035	-74.45754	-113.327034	-92.2531	17.426035	-74.45754	-113.327034	-48.512917	12.059245	-30.006985	-64.77356	1000.0	1000.0	579999	147.05211	65.107025	216.788	3.8077302	147.05165	65.10719	217.50499	3.7732756	-0.911072	2.9070115	27.340115	-13.603896	21.172977	5.0388436	34114.39209651947
146	-8.547631	20.380585	21.974695	-32.12322	-72.90053	33.06645	-33.197147	-111.07854	-72.90053	33.06645	-33.197147	-111.07854	-8.547631	20.380585	21.974695	-32.12322	1000.0	1000.0	583999	147.54678	65.05923	217.97797	3.8342812	147.54651	65.060265	217.08401	3.802246	-0.88055533	2.8825762	32.127293	-14.56866	21.153027	5.2849317	34339.56958246231
147	18.29578	12.177345	37.553856	5.222104	-53.66694	55.832684	27.144339	-115.746735	-53.66694	55.832684	27.144339	-115.746735	18.29578	12.177345	37.553856	5.222104	1000.0	1000.0	587999	147.9151	65.205025	218.65434	3.8615735	147.9148	65.205635	217.113	3.831824	-0.87196213	2.893764	32.70574	-12.985893	20.855812	5.0714836	34581.20549440384
148	-35.970966	8.686009	-22.617626	-48.940773	-85.56355	37.4998	-23.479782	-115.36448	-85.56355	37.4998	-23.479782	-115.36448	-35.970966	8.686009	-22.617626	-48.940773	1000.0	1000.0	591999	147.96223	64.88146	219.77412	3.8882272	147.962	64.88251	218.36845	3.8599339	-0.91424435	2.8662276	58.298443	-12.91628	17.425402	4.7785125	34827.30667877197
149	-30.703207	16.598713	-9.748271	-58.29274	-63.826138	77.04988	4.4315453	-193.56502	-63.826138	77.04988	4.4315453	-193.56502	-30.703207	16.598713	-9.748271	-58.29274	1000.0	1000.0	595999	148.90375	65.0	220.05106	3.9135478	148.90372	65.00036	218.47375	3.887212	-0.71929836	2.9771788	32.191856	-13.520455	15.981818	4.9818263	35087.2066719532
150	81.2628	15.903821	117.24821	62.454834	-39.295036	18.572565	-18.955023	-65.623604	-39.295036	18.572565	-18.955023	-65.623604	81.2628	15.903821	117.24821	62.454834	1000.0	1000.0	599999	149.42848	65.11593	219.05751	3.9431689	149.42845	65.11629	219.68483	3.916939	-0.8724328	2.8817625	59.97341	-12.765293	12.447646	4.7994385	35377.21658563614
151	-8.861586	12.199138	17.444035	-24.203995	-72.32363	39.40349	-29.312843	-132.15431	-72.32363	39.40349	-29.312843	-132.15431	-8.861586	12.199138	17.444035	-24.203995	1000.0	1000.0	603999	149.33652	64.81954	219.4764	3.9719684	149.33598	64.82007	232.06018	3.9451265	-0.88995737	2.875632	30.159178	-14.69511	13.708458	4.9792986	35653.096103429794
152	66.17636	25.407396	104.35599	13.336527	-94.889534	29.366535	-65.145775	-143.43687	-94.889534	29.366535	-65.145775	-143.43687	66.17636	25.407396	104.35599	13.336527	1000.0	1000.0	607999	149.92511	64.57746	228.68062	3.998917	149.925	64.57808	226.00266	3.9752047	-0.8577294	2.8717234	40.334217	-13.676373	10.225619	4.693621	35895.92224955559
153	-25.758825	15.132463	-4.532036	-56.35744	-83.43989	18.261133	-68.698524	-114.72406	-83.43989	18.261133	-68.698524	-114.72406	-25.758825	15.132463	-4.532036	-56.35744	1000.0	1000.0	611999	150.69891	64.473854	219.28288	4.0275297	150.69855	64.47433	219.22466	4.0045657	-0.8337078	2.866867	30.90961	-13.068558	10.913398	4.604059	36139.12645101547
154	124.591576	13.443861	148.96217	108.404465	-108.27548	14.531929	-85.142204	-124.85399	-108.27548	14.531929	-85.142204	-124.85399	124.591576	13.443861	148.96217	108.404465	1000.0	1000.0	615999	150.55612	64.51506	219.35867	4.0532722	150.55614	64.51583	219.60017	4.0323663	-0.7844239	2.9000556	34.310898	-12.484689	5.330025	4.7717867	36367.98190665245
155	6.160258	22.766024	41.38317	-31.45471	-94.56634	8.748173	-85.25997	-104.12668	-94.56634	8.748173	-85.25997	-104.12668	6.160258	22.766024	41.38317	-31.45471	1000.0	1000.0	619999	150.75594	64.73951	219.63397	4.0829916	150.75555	64.73973	221.81406	4.0615215	-0.80781937	2.8935025	28.022383	-13.234465	8.685238	4.8986626	36593.005145549774
156	-34.340145	17.67146	-8.329859	-57.942562	-83.54269	53.169	-28.936546	-148.90256	-83.54269	53.169	-28.936546	-148.90256	-34.340145	17.67146	-8.329859	-57.942562	1000.0	1000.0	623999	151.86684	65.13658	222.59572	4.1109304	151.86652	65.13763	222.79028	4.090571	-0.7871288	2.8903253	28.951914	-14.818399	11.472693	4.8774285	36827.422337055206
157	34.34196	25.641327	87.925446	1.2467062	-93.05529	20.536299	-64.51712	-122.584404	-93.05529	20.536299	-64.51712	-122.584404	34.34196	25.641327	87.925446	1.2467062	1000.0	1000.0	627999	152.42868	65.24541	220.91599	4.1372824	152.42894	65.24514	220.69406	4.118415	-0.87634647	2.8321047	26.740566	-12.932842	13.236332	4.7071867	37128.47805762291
158	9.387304	13.677404	30.442928	-10.280739	-32.824677	22.685143	-0.9333435	-57.681114	-32.824677	22.685143	-0.9333435	-57.681114	9.387304	13.677404	30.442928	-10.280739	1000.0	1000.0	631999	152.64517	65.172386	222.9671	4.1652417	152.64484	65.17248	222.51808	4.1450477	-0.80128354	2.87942	31.82052	-15.614781	19.325102	5.0714107	37379.2701690197
159	-0.620299	32.55908	41.56302	-63.248806	-25.809631	35.077236	27.267878	-63.900837	-25.809631	35.077236	27.267878	-63.900837	-0.620299	32.55908	41.56302	-63.248806	1000.0	1000.0	635999	152.82832	65.047165	237.01184	4.191447	152.82826	65.04764	239.12453	4.172348	-0.7853127	2.9170933	34.91958	-14.973246	17.301043	5.273308	37603.81429672241
160	61.787464	11.820422	75.26083	45.46106	-48.279408	17.95907	-21.020008	-67.81677	-48.279408	17.95907	-21.020008	-67.81677	61.787464	11.820422	75.26083	45.46106	1000.0	1000.0	639999	152.42093	64.67765	220.90018	4.2192516	152.42107	64.67819	220.22232	4.2008595	-0.83262336	2.888276	36.28586	-14.113246	17.350492	5.201255	37828.515050411224
161	88.106964	27.722868	118.66869	31.584303	-47.406292	32.362103	-5.4927	-94.5976	-47.406292	32.362103	-5.4927	-94.5976	88.106964	27.722868	118.66869	31.584303	1000.0	1000.0	643999	152.41493	64.298706	220.1309	4.248228	152.41475	64.3001	219.36691	4.228175	-0.8813001	2.8149984	47.549667	-13.314249	17.499226	5.015508	38059.784996032715
162	-12.764872	13.156475	2.8281403	-45.318523	-40.987698	42.8452	-11.608231	-114.76824	-40.987698	42.8452	-11.608231	-114.76824	-12.764872	13.156475	2.8281403	-45.318523	1000.0	1000.0	647999	152.06752	63.704144	219.07826	4.2780747	152.06706	63.7052	219.45389	4.260198	-0.89060014	2.8373792	39.570454	-13.232366	17.625023	4.9430175	38292.57728719711
163	95.51736	14.219132	113.227905	62.86939	-19.13021	35.615303	37.173157	-50.881996	-19.13021	35.615303	37.173157	-50.881996	95.51736	14.219132	113.227905	62.86939	1000.0	1000.0	651999	151.35294	63.3975	219.1571	4.30427	151.3526	63.397427	220.21574	4.2875695	-0.8868679	2.807678	36.260975	-16.628014	16.841759	4.8611293	38523.70456290245
164	91.58615	23.680834	129.11476	52.919117	0.9767432	14.256949	23.36621	-16.259579	0.9767432	14.256949	23.36621	-16.259579	91.58615	23.680834	129.11476	52.919117	1000.0	1000.0	655999	151.18889	62.944893	218.74763	4.333154	151.18887	62.94562	217.24948	4.317195	-0.8902662	2.7737527	30.35487	-11.987436	14.649681	4.312581	38750.083191633224
165	117.68187	18.78801	145.82164	76.73395	-15.420362	42.86236	49.053383	-71.43286	-15.420362	42.86236	49.053383	-71.43286	117.68187	18.78801	145.82164	76.73395	1000.0	1000.0	659999	150.96242	63.024117	218.45607	4.3588557	150.9621	63.024124	218.71976	4.3446293	-0.84306943	2.8189037	35.13134	-12.9760275	15.245881	4.670265	38976.561818122864
166	117.45333	37.678406	160.58632	26.273632	-27.152164	62.680378	40.2391	-121.79416	-27.152164	62.680378	40.2391	-121.79416	117.45333	37.678406	160.58632	26.273632	1000.0	1000.0	663999	151.18974	62.910934	217.46068	4.3861833	151.1892	62.911716	217.04706	4.3724203	-0.7670745	2.871388	52.3527	-13.974714	12.695515	4.8230157	39244.59511113167
167	237.17546	29.0905	293.85782	195.8883	53.33114	15.326018	71.22666	31.765577	53.33114	15.326018	71.22666	31.765577	237.17546	29.0905	293.85782	195.8883	1000.0	1000.0	667999	151.83633	62.943695	220.24234	4.4117007	151.8361	62.943985	220.71904	4.4010468	-0.7927971	2.8472326	36.445812	-12.630689	8.296946	4.559104	39546.46258234978
168	-59.679707	3.1352386	-53.547485	-64.0683	35.160725	52.702084	121.182655	-10.021672	35.160725	52.702084	121.182655	-10.021672	-59.679707	3.1352386	-53.547485	-64.0683	1000.0	1000.0	671999	152.18268	62.89604	221.1444	4.439241	152.18292	62.895634	220.65915	4.4295044	-0.8553159	2.7929995	37.162537	-13.109756	10.360125	4.3645277	39844.67012953758
169	-80.48499	9.774958	-62.105713	-95.20766	-62.294952	38.90112	-8.305001	-115.36897	-62.294952	38.90112	-8.305001	-115.36897	-80.48499	9.774958	-62.105713	-95.20766	1000.0	1000.0	675999	152.49342	62.795002	219.09367	4.4662423	152.49323	62.795742	217.7761	4.454702	-0.87193936	2.7805414	27.631289	-15.427675	11.534167	4.478126	40145.665145397186
170	-49.565826	4.6499047	-43.919636	-60.121674	-42.86755	37.21673	9.697083	-89.841484	-42.86755	37.21673	9.697083	-89.841484	-49.565826	4.6499047	-43.919636	-60.121674	1000.0	1000.0	679999	152.80254	62.531273	218.60626	4.4957004	152.80235	62.531963	218.24525	4.4839854	-0.8166816	2.8231153	47.235317	-12.989775	13.703855	4.488616	40416.62758564949
171	18.73048	10.245384	41.42893	7.712	-96.10338	36.702686	-58.842377	-155.35834	-96.10338	36.702686	-58.842377	-155.35834	18.73048	10.245384	41.42893	7.712	1000.0	1000.0	683999	152.93205	62.526012	218.81908	4.521706	152.93185	62.526295	217.94632	4.511141	-0.9109113	2.731718	41.718086	-13.937743	18.549713	4.6357713	40669.213262081146
172	-31.231228	2.369901	-27.080965	-33.849026	-35.107464	26.209112	7.663498	-59.85778	-35.107464	26.209112	7.663498	-59.85778	-31.231228	2.369901	-27.080965	-33.849026	1000.0	1000.0	687999	153.09248	62.87058	220.56787	4.5479984	153.09251	62.870655	218.82549	4.5384927	-0.7468782	2.8484437	33.447536	-13.18788	16.471415	4.5549674	40928.370834589005
173	21.967562	10.71982	38.836834	5.6209617	-58.20378	12.604612	-45.056965	-77.53949	-58.20378	12.604612	-45.056965	-77.53949	21.967562	10.71982	38.836834	5.6209617	1000.0	1000.0	691999	154.15225	63.0087	220.89647	4.575013	154.15218	63.009136	221.75095	4.564262	-0.70842904	2.8725145	50.17692	-16.344856	22.336298	4.796152	41216.80884099007
174	-87.6779	6.428882	-79.241455	-99.30227	-28.666931	15.320215	-7.992562	-50.027687	-28.666931	15.320215	-7.992562	-50.027687	-87.6779	6.428882	-79.241455	-99.30227	1000.0	1000.0	695999	155.22758	63.356266	222.54439	4.6011004	155.22762	63.35702	222.6422	4.5906925	-0.7183429	2.8583448	39.102795	-17.522678	20.325413	4.4358664	41505.25223875046
175	-71.22554	12.025695	-53.208675	-93.218834	-34.172176	23.419994	3.5323317	-56.622467	-34.172176	23.419994	3.5323317	-56.622467	-71.22554	12.025695	-53.208675	-93.218834	1000.0	1000.0	699999	155.565	63.497932	222.25719	4.62564	155.56503	63.49818	223.31139	4.614996	-0.8389851	2.802934	40.672176	-13.024206	21.5946	4.962567	41794.12510275841
176	-38.370087	10.632097	-14.1340885	-55.48497	-41.269127	48.546013	14.186183	-117.88769	-41.269127	48.546013	14.186183	-117.88769	-38.370087	10.632097	-14.1340885	-55.48497	1000.0	1000.0	703999	155.01736	62.95959	219.251	4.652064	155.01663	62.960506	220.71295	4.641642	-0.8798868	2.779931	31.794506	-16.538202	25.209032	4.4957757	42083.075006484985
177	61.88917	42.176437	143.19191	0.8181952	-40.400757	44.42372	3.8439069	-110.95549	-40.400757	44.42372	3.8439069	-110.95549	61.88917	42.176437	143.19191	0.8181952	1000.0	1000.0	707999	154.7572	62.59846	219.8228	4.6731496	154.75725	62.59848	219.5988	4.666829	-0.70659834	2.8528967	38.71185	-14.552189	20.194515	4.74554	42385.494956731796
178	-11.604523	13.396441	11.474381	-29.485367	-2.0454302	46.529648	67.89581	-63.107513	-2.0454302	46.529648	67.89581	-63.107513	-11.604523	13.396441	11.474381	-29.485367	1000.0	1000.0	711999	154.99622	62.639732	231.14442	4.6977425	154.9962	62.63966	223.72469	4.690375	-0.70644575	2.8385997	27.65618	-14.926747	17.668085	4.8395667	42685.5476462841
179	92.235344	19.128935	117.22058	62.3663	-45.975113	60.068584	18.569212	-136.68584	-45.975113	60.068584	18.569212	-136.68584	92.235344	19.128935	117.22058	62.3663	1000.0	1000.0	715999	155.21729	62.859818	222.7638	4.7241154	155.21729	62.8601	221.83205	4.7161627	-0.7082237	2.8624237	34.85364	-13.278027	20.045006	4.831845	42913.41716170311
180	-98.64085	14.712765	-78.58234	-125.12733	-50.526134	72.47428	22.880774	-128.61954	-50.526134	72.47428	22.880774	-128.61954	-98.64085	14.712765	-78.58234	-125.12733	1000.0	1000.0	719999	155.08212	62.692867	221.76389	4.7501593	155.08199	62.69332	221.22835	4.7418413	-0.88283956	2.7666745	51.951416	-13.286295	22.64429	4.4948363	43141.25221300125
181	17.82931	16.633617	48.018166	-2.2226923	-15.685026	33.576767	28.760303	-65.075874	-15.685026	33.576767	28.760303	-65.075874	17.82931	16.633617	48.018166	-2.2226923	1000.0	1000.0	723999	154.86478	62.271988	219.48303	4.773788	154.86476	62.27213	220.13992	4.7658963	-0.8772521	2.7342684	32.96359	-14.058936	25.172804	4.6548066	43400.24366354942
182	119.954735	13.712882	140.95554	98.78865	-6.80922	50.539783	60.782738	-77.84589	-6.80922	50.539783	60.782738	-77.84589	119.954735	13.712882	140.95554	98.78865	1000.0	1000.0	727999	155.07373	62.16204	220.5865	4.7987533	155.07317	62.161953	220.52118	4.7917695	-0.84245783	2.7495317	28.65584	-13.31242	23.39837	4.6831985	43703.66508150101
183	34.5933	21.309805	77.477516	-5.87602	-22.781796	50.46207	28.976873	-73.96577	-22.781796	50.46207	28.976873	-73.96577	34.5933	21.309805	77.477516	-5.87602	1000.0	1000.0	731999	154.86916	62.168377	220.45068	4.822249	154.86938	62.16896	219.3313	4.817698	-0.8334525	2.7468355	30.630657	-13.775113	22.55281	4.520253	43974.6051671505
184	-17.173443	45.63962	66.900246	-97.74271	-104.75645	32.701202	-62.40579	-141.08334	-104.75645	32.701202	-62.40579	-141.08334	-17.173443	45.63962	66.900246	-97.74271	1000.0	1000.0	735999	154.89938	61.853104	223.61859	4.845744	154.89915	61.85315	224.79958	4.840388	-0.8827671	2.6980271	41.468147	-15.066136	27.681883	4.5609617	44202.59403729439
185	18.526379	26.827717	78.33727	-12.180317	-82.38208	47.80369	-2.9603682	-130.21022	-82.38208	47.80369	-2.9603682	-130.21022	18.526379	26.827717	78.33727	-12.180317	1000.0	1000.0	739999	154.94911	61.58503	222.68411	4.8704414	154.94907	61.585606	219.94164	4.8654127	-0.83050025	2.7598863	30.178015	-14.082071	22.396961	4.3751025	44430.97476696968
186	18.1899	8.212405	33.255886	2.269311	-22.725548	76.88078	34.16891	-155.17674	-22.725548	76.88078	34.16891	-155.17674	18.1899	8.212405	33.255886	2.269311	1000.0	1000.0	743999	154.8087	61.624924	220.52727	4.893344	154.8082	61.62516	220.09634	4.8890142	-0.8925983	2.6776454	47.87473	-13.66472	20.155762	4.396969	44667.972980976105
187	-56.34671	10.9517765	-38.020367	-73.62457	-30.150396	40.268097	23.323147	-87.64811	-30.150396	40.268097	23.323147	-87.64811	-56.34671	10.9517765	-38.020367	-73.62457	1000.0	1000.0	747999	155.24663	61.26132	224.62457	4.9198027	155.24677	61.26181	224.86293	4.916577	-0.82023805	2.736711	35.969177	-13.894744	19.899834	4.287899	44907.83022022247
188	-110.03911	10.54597	-94.79291	-129.6803	-98.49245	82.21109	11.799989	-216.25154	-98.49245	82.21109	11.799989	-216.25154	-110.03911	10.54597	-94.79291	-129.6803	1000.0	1000.0	751999	155.90216	61.30098	221.0886	4.942856	155.90218	61.30016	219.70905	4.938557	-0.83798546	2.7129605	39.48327	-13.515495	17.31598	4.2428927	45170.90201210976
189	-27.913599	40.56867	75.640045	-65.7237	-133.04633	52.9897	-51.634125	-200.12566	-133.04633	52.9897	-51.634125	-200.12566	-27.913599	40.56867	75.640045	-65.7237	1000.0	1000.0	755999	156.52512	61.249355	219.7747	4.9662814	156.52509	61.249355	220.12715	4.9612265	-0.80085623	2.7294664	33.767365	-13.540964	18.119837	4.453633	45491.55166220665
190	-44.57998	5.371379	-32.785847	-52.298573	-65.16892	84.46762	28.343962	-174.85016	-65.16892	84.46762	28.343962	-174.85016	-44.57998	5.371379	-32.785847	-52.298573	1000.0	1000.0	759999	156.51134	61.088734	225.76668	4.990229	156.5113	61.089085	219.72333	4.985218	-0.8112846	2.7602162	35.22037	-14.06352	16.82802	4.727835	45773.09968018532
191	-60.014416	48.345444	1.5963067	-150.98117	-76.34713	143.62506	134.80042	-270.10254	-76.34713	143.62506	134.80042	-270.10254	-60.014416	48.345444	1.5963067	-150.98117	1000.0	1000.0	763999	156.86084	60.98845	224.77544	5.0168557	156.8605	60.98931	222.756	5.011186	-0.80300677	2.7516677	29.062443	-12.358727	8.450619	4.5243616	46002.39086818695
192	176.92957	43.59306	248.72955	115.61351	-20.43631	15.133731	3.82263	-37.800602	-20.43631	15.133731	3.82263	-37.800602	176.92957	43.59306	248.72955	115.61351	1000.0	1000.0	767999	157.54488	61.271347	223.65306	5.0414486	157.54443	61.27147	221.81033	5.0375667	-0.82412213	2.7107115	34.401012	-14.2761	0.2935193	4.0791893	46230.26719212532
193	73.39292	68.32059	245.202	18.58014	-19.41389	26.176973	19.936508	-47.305458	-19.41389	26.176973	19.936508	-47.305458	73.39292	68.32059	245.202	18.58014	1000.0	1000.0	771999	157.69508	60.867718	221.21484	5.065019	157.69511	60.867596	221.17871	5.0640044	-0.81067586	2.7239852	36.753983	-13.087948	3.2461982	4.0530276	46501.282712221146
194	84.40612	29.238056	133.97423	27.450981	-53.86079	114.21806	57.368267	-229.47423	-53.86079	114.21806	57.368267	-229.47423	84.40612	29.238056	133.97423	27.450981	1000.0	1000.0	775999	158.00456	60.921906	221.168	5.0915775	158.00455	60.921806	221.54967	5.089207	-0.8345023	2.6931949	28.107468	-15.150112	7.363191	4.087469	46785.307268857956
195	1.3610163	6.9069986	16.700857	-6.9298735	15.82502	108.32727	158.00465	-146.23997	15.82502	108.32727	158.00465	-146.23997	1.3610163	6.9069986	16.700857	-6.9298735	1000.0	1000.0	779999	158.45612	60.91838	221.09958	5.116932	158.45609	60.918358	220.98851	5.115178	-0.82588416	2.7016788	31.407518	-11.959881	5.3327546	4.001971	47034.91939687729
196	10.87057	8.128912	21.174963	-3.119127	-37.34572	24.26898	0.46968687	-60.358265	-37.34572	24.26898	0.46968687	-60.358265	10.87057	8.128912	21.174963	-3.119127	1000.0	1000.0	783999	158.80878	60.807095	222.26701	5.142304	158.80862	60.80798	221.09862	5.1395044	-0.7322625	2.7506208	34.391506	-13.11556	9.404615	4.315461	47267.443783283234
197	-125.41089	36.146847	-85.71522	-191.62944	55.71404	87.117455	187.95367	-38.660908	55.71404	87.117455	187.95367	-38.660908	-125.41089	36.146847	-85.71522	-191.62944	1000.0	1000.0	787999	159.28139	60.956276	222.62192	5.1684484	159.281	60.956356	222.8581	5.167538	-0.77561665	2.7321398	35.484177	-13.077642	6.087435	4.4971027	47506.252078056335
198	242.9943	49.743885	310.88077	160.11017	-30.582403	105.52125	121.016846	-167.89232	-30.582403	105.52125	121.016846	-167.89232	242.9943	49.743885	310.88077	160.11017	1000.0	1000.0	791999	159.64552	60.92817	223.11516	5.1945276	159.64517	60.928875	224.03835	5.194661	-0.76445854	2.732837	40.228367	-14.648306	2.9793813	4.2759786	47826.158952474594
199	35.83948	7.8408136	56.2105	25.069147	-21.524788	89.5555	85.069115	-139.5582	-21.524788	89.5555	85.069115	-139.5582	35.83948	7.8408136	56.2105	25.069147	1000.0	1000.0	795999	159.6574	61.033283	221.7339	5.217603	159.65742	61.032856	222.94737	5.220355	-0.88071257	2.6906402	32.590393	-14.095082	7.298313	4.214966	48143.28213977814
200	88.15141	49.087555	172.51543	9.227506	-46.02601	48.422325	19.873314	-106.00762	-46.02601	48.422325	19.873314	-106.00762	88.15141	49.087555	172.51543	9.227506	1000.0	1000.0	799999	159.50436	60.6551	225.45973	5.239509	159.5041	60.655277	223.1198	5.243141	-0.8340292	2.7085867	32.265354	-14.111228	10.856309	4.4286237	48446.658318281174
