Epoch	AverageEpRet	StdEpRet	MaxEpRet	MinEpRet	AverageTestEpRet	StdTestEpRet	MaxTestEpRet	MinTestEpRet	EpLen	TestEpLen	TotalEnvInteracts	AverageQ1Vals	StdQ1Vals	MaxQ1Vals	MinQ1Vals	AverageQ2Vals	StdQ2Vals	MaxQ2Vals	MinQ2Vals	AverageLogPi	StdLogPi	MaxLogPi	MinLogPi	LossPi	LossQ	Time
1	-298.65842	52.058308	-225.55905	-361.60144	-40.188255	25.790918	10.989128	-83.01644	1000.0	1000.0	3999	4.2694516	2.9275901	19.033447	-3.3887823	4.270241	2.9266186	18.897303	-3.278954	-3.1468844	1.4790634	10.495388	-11.82699	-5.138127	0.7472377	131.05636024475098
2	-240.4234	34.981014	-191.1235	-277.95883	-18.230898	124.632256	86.93814	-336.4075	1000.0	1000.0	7999	14.797261	6.0048923	42.50491	-4.2155185	14.796884	6.0026565	43.183605	-2.9318397	-1.6664441	2.580777	17.504023	-13.527023	-15.960918	1.833021	302.36239218711853
3	-254.21191	41.889145	-189.92982	-294.1243	-127.02659	72.989525	48.668884	-228.01746	1000.0	1000.0	11999	28.902063	9.881359	61.02728	10.073969	28.902023	9.880221	60.497463	10.007991	-1.288829	2.9277828	18.543282	-13.425704	-30.064556	2.645488	473.30951595306396
4	238.45421	234.26088	475.9963	-13.984883	372.91818	353.29022	1264.998	-92.8982	1000.0	1000.0	15999	34.67433	12.138113	68.56094	8.899961	34.674316	12.136467	68.59512	9.640841	-2.6066406	1.9836705	18.612513	-12.994527	-35.336735	2.6448834	646.2208986282349
5	207.3378	172.96341	485.78915	38.910034	1167.4451	644.15936	2266.3237	63.532593	1000.0	1000.0	19999	38.402645	12.822041	75.60409	13.892012	38.40261	12.820008	77.02604	13.492779	-2.6517568	1.8765663	11.866252	-12.22481	-39.00642	2.5627623	819.674302816391
6	501.2726	409.27588	912.4827	25.737202	1319.4497	965.5722	2725.7944	203.47005	1000.0	1000.0	23999	42.48536	15.148256	93.79692	17.707933	42.48544	15.146625	94.52211	15.409365	-2.3691237	2.1743429	14.338954	-13.523073	-43.126976	2.9943092	991.9973015785217
7	1314.9479	625.06866	2029.6803	401.41425	2491.4695	27.750988	2538.443	2458.3054	1000.0	1000.0	27999	48.7158	19.30848	110.74949	21.604004	48.715874	19.30599	113.225716	20.39231	-2.075474	2.4468133	17.448301	-14.907415	-49.38467	3.575583	1158.9790108203888
8	1671.3245	788.4786	2493.093	669.918	2791.7288	92.13839	2895.529	2598.252	1000.0	1000.0	31999	59.32282	25.82831	135.13173	23.887318	59.32309	25.826542	136.35373	25.450342	-1.6127089	2.7810247	18.600445	-16.15153	-59.99017	4.5729094	1325.952270269394
9	2567.9045	180.50769	2859.4138	2384.808	3361.271	121.80882	3521.355	3213.7434	1000.0	1000.0	35999	73.349525	34.091396	167.48207	26.937958	73.34976	34.08904	167.4477	26.9875	-0.9685747	3.1965132	21.593122	-13.48412	-74.02148	6.8526535	1492.256425857544
10	2873.5715	345.29007	3367.8564	2411.5388	3828.6653	45.813885	3890.9744	3734.2637	1000.0	1000.0	39999	89.36051	42.644188	191.7147	28.645887	89.36069	42.641205	191.16814	29.737846	-0.5008432	3.4334056	26.44757	-13.499038	-90.0102	10.146896	1661.9753410816193
11	3330.8718	113.632706	3487.2795	3166.9192	4101.4	18.733871	4137.2207	4076.2188	1000.0	1000.0	43999	107.24202	51.713234	223.15225	32.25056	107.24192	51.70972	221.33466	32.312496	-0.09139656	3.6407762	24.031435	-15.907111	-107.90778	12.952743	1831.6128115653992
12	3865.6992	77.297104	3986.129	3784.9456	4861.8623	90.07321	4995.814	4720.251	1000.0	1000.0	47999	127.38729	61.02735	246.50627	26.482412	127.38767	61.02478	248.88779	28.865042	0.33220255	3.8385923	27.499668	-13.152479	-128.06737	14.373789	2001.696072101593
13	4027.3381	132.18457	4178.5835	3825.239	4436.872	39.57038	4495.768	4371.8564	1000.0	1000.0	51999	147.9874	70.23674	273.88318	25.564928	147.98724	70.235245	273.12012	26.519056	0.7121452	3.9996605	31.84328	-14.0593195	-148.64131	16.070925	2171.61820435524
14	3911.671	590.4024	4450.371	2952.8735	5046.758	60.50138	5180.5415	4982.35	1000.0	1000.0	55999	167.33408	78.07272	304.2507	19.446743	167.33372	78.07101	308.21738	20.124767	0.9706161	4.063583	27.154444	-16.037046	-167.94386	18.1927	2343.5715668201447
15	4088.7793	846.4939	4696.7544	2632.0845	5269.1045	67.611725	5355.953	5155.0845	1000.0	1000.0	59999	184.85458	85.87662	323.61435	15.410463	184.85403	85.87486	324.23804	14.708899	1.1771817	4.13938	30.362005	-17.538895	-185.44662	19.857344	2515.3150305747986
16	4791.3022	141.06134	4974.2456	4577.6377	5689.808	73.815445	5809.1816	5551.4604	1000.0	1000.0	63999	203.37251	92.667656	345.50513	7.9471326	203.37238	92.66622	341.83087	8.285986	1.394199	4.184537	29.558254	-14.392435	-203.92464	20.209724	2688.947409391403
17	4555.5386	768.62225	5089.9595	3234.4626	5366.444	108.12441	5534.0127	5183.7573	1000.0	1000.0	67999	221.27348	99.136536	364.60822	-2.2387123	221.27318	99.13453	364.76572	4.5212965	1.6787869	4.2747974	29.66404	-13.569271	-221.8219	21.200937	2869.036083459854
18	5082.229	164.40547	5333.3555	4916.8496	5852.8794	108.63586	6010.5034	5683.0933	1000.0	1000.0	71999	238.7841	105.30612	384.6455	-3.2453458	238.78386	105.30457	384.73044	0.73222625	1.8735362	4.3421807	30.507214	-14.833666	-239.31078	23.174744	3061.3057708740234
19	5247.081	176.79948	5438.192	4998.021	4869.9395	44.524014	4935.1504	4767.155	1000.0	1000.0	75999	255.0691	110.344925	406.28552	1.6823279	255.06866	110.34346	407.10367	11.613571	2.016258	4.3500953	31.506638	-13.92241	-255.55544	24.102089	3260.358009338379
20	4625.522	1552.7721	5779.873	1950.5146	4853.0254	1092.7908	5737.9043	2210.2786	1000.0	1000.0	79999	269.1252	115.519844	424.7759	8.674572	269.12506	115.51857	425.124	12.348041	2.1995807	4.372828	32.96029	-13.703688	-269.60358	26.560186	3459.824172258377
21	3497.1482	2002.2432	5567.4883	1343.173	5884.019	73.41987	6007.4663	5807.926	1000.0	1000.0	83999	282.08463	120.96162	443.5799	7.6731653	282.08463	120.95999	440.03052	6.787891	2.3237224	4.4371824	40.689102	-14.561694	-282.54218	29.255508	3649.251097202301
22	4238.136	2070.857	5798.7056	674.13214	5837.1147	186.30312	6020.909	5334.6396	1000.0	1000.0	87999	291.65973	127.207596	456.64636	7.6535563	291.65936	127.205894	457.12457	0.4996636	2.5166395	4.5656447	43.31221	-11.561145	-292.1032	34.026093	3840.7735147476196
23	4552.663	2332.896	6233.41	528.0606	6579.6094	83.512115	6734.0923	6452.2173	1000.0	1000.0	91999	300.80338	132.56499	472.47214	3.8721144	300.80313	132.56302	470.80115	6.0381126	2.4723535	4.5474744	38.944115	-16.512276	-301.21964	38.08634	4045.2708718776703
24	5970.7373	172.3887	6148.636	5797.1895	6698.8096	173.35306	6963.7944	6342.134	1000.0	1000.0	95999	310.5902	136.2345	483.4554	1.889729	310.58972	136.23245	479.8165	9.302673	2.4772768	4.54734	42.18902	-15.932579	-310.95755	38.381763	4289.074487447739
25	6066.9604	51.305256	6121.968	5982.939	5776.753	105.37817	5953.581	5588.925	1000.0	1000.0	99999	322.12177	139.2235	493.92282	-5.107033	322.12177	139.22151	493.64816	9.046904	2.688172	4.57413	38.37593	-13.311989	-322.4973	35.339344	4532.567156076431
26	6040.067	232.17882	6378.775	5738.665	6572.565	123.371666	6844.341	6415.709	1000.0	1000.0	103999	334.16013	141.62468	508.53122	6.6288958	334.1602	141.6236	506.71558	10.055336	2.848331	4.5674624	53.45983	-16.154987	-334.5222	37.93677	4748.944435834885
27	6338.294	184.41293	6657.3027	6220.0903	7155.257	119.31506	7364.4463	6945.8145	1000.0	1000.0	107999	345.70093	144.02692	519.52496	15.310356	345.7013	144.02483	518.87756	21.103456	2.8847563	4.5227833	38.766	-13.859634	-346.0355	35.052517	4956.298353672028
28	6459.082	40.631035	6495.7295	6390.621	7558.918	121.15005	7718.8213	7320.352	1000.0	1000.0	111999	357.27072	146.25342	534.8806	-13.758885	357.2703	146.25267	535.35266	6.097555	3.081942	4.593714	40.686584	-15.131817	-357.58344	37.65069	5165.638534069061
29	6610.7563	131.05214	6771.2915	6456.293	7223.35	107.50674	7402.9155	7083.863	1000.0	1000.0	115999	369.36163	148.36893	547.8695	-3.9068182	369.36148	148.36784	544.5603	2.3674762	3.2311876	4.6183276	41.553806	-12.797568	-369.69995	37.35687	5366.033396244049
30	6691.4277	303.81937	6983.5264	6203.394	7695.3545	105.072136	7917.638	7517.154	1000.0	1000.0	119999	380.3683	150.57912	555.41565	-8.587812	380.36807	150.5773	557.59515	-1.3791482	3.2742624	4.5604024	38.356674	-16.236786	-380.69733	37.499805	5564.86203956604
31	6782.4243	148.43791	6950.7476	6591.1562	7611.9033	72.05422	7740.679	7533.327	1000.0	1000.0	123999	391.3592	152.98103	571.6221	-5.012106	391.35867	152.98056	572.5876	10.878681	3.3977141	4.576459	40.915657	-13.028154	-391.67807	37.1381	5762.758806943893
32	6973.2935	219.67873	7245.2925	6690.387	7602.889	102.117744	7822.7134	7461.557	1000.0	1000.0	127999	402.67325	155.02266	583.3565	8.337452	402.67307	155.02141	584.9108	13.756393	3.5416274	4.581047	42.78983	-13.204894	-402.981	36.90615	5951.644750833511
33	7082.401	109.23875	7197.542	6943.9185	7262.057	209.22513	7582.2993	6958.0825	1000.0	1000.0	131999	413.4614	157.36502	595.8688	5.769527	413.46103	157.36494	598.4977	5.377577	3.656851	4.5847993	44.383644	-11.656597	-413.7812	38.7801	6139.180078983307
34	7325.881	105.74002	7450.6445	7157.8906	7604.0127	94.65584	7765.7056	7435.1636	1000.0	1000.0	135999	424.8084	159.14983	614.02264	9.637339	424.8083	159.1488	610.302	5.9343457	3.7749288	4.585905	43.328766	-13.277138	-425.11127	39.061687	6326.676447868347
35	6957.8955	631.9012	7525.0713	5886.489	7721.702	131.1656	8012.364	7524.378	1000.0	1000.0	139999	434.41193	161.192	618.46436	-18.99616	434.41135	161.19196	618.8793	-3.682565	3.7977288	4.5848017	43.7583	-12.722873	-434.66876	40.220726	6525.3493576049805
36	7275.165	249.9741	7595.8364	6941.616	7418.659	1957.9479	8204.145	1554.5356	1000.0	1000.0	143999	444.09357	162.77632	633.99274	-4.677255	444.09372	162.77585	638.60614	-23.321135	3.9089923	4.599329	44.12065	-14.231748	-444.3463	41.63692	6735.781967878342
37	7579.6484	135.46829	7745.928	7423.466	8144.7373	74.55687	8251.965	7995.1914	1000.0	1000.0	147999	453.2274	164.03642	642.3135	-42.25848	453.22708	164.03552	645.1616	-20.325455	3.939752	4.522983	40.60749	-12.517856	-453.4592	40.06598	6947.94384932518
38	7659.956	122.71146	7789.842	7458.0786	8042.345	114.36479	8328.115	7915.038	1000.0	1000.0	151999	462.10123	165.26587	651.0603	-10.749565	462.1006	165.26602	651.5167	-8.325874	4.094903	4.5750875	41.167084	-13.637576	-462.30487	41.62807	7154.49239563942
39	7512.5176	142.1816	7747.3945	7371.93	8090.583	118.83973	8340.311	7942.228	1000.0	1000.0	155999	470.4494	166.75824	659.9801	-19.775452	470.45007	166.75742	660.4044	-21.601374	4.1947064	4.5931025	44.70786	-12.770187	-470.65274	42.492954	7358.078383207321
40	7503.731	217.57596	7682.8945	7131.452	8243.777	117.18064	8413.107	8039.7275	1000.0	1000.0	159999	477.922	168.03455	664.32355	-6.7566814	477.9214	168.0342	665.17664	-10.2207365	4.2051883	4.5544114	46.71943	-12.653517	-478.10962	43.753094	7561.176190137863
41	7803.8193	61.78535	7877.653	7707.8228	7988.9116	282.01913	8279.514	7382.8027	1000.0	1000.0	163999	486.0972	168.206	672.10736	6.553873	486.09705	168.20407	672.01056	9.609934	4.2269654	4.5143437	41.012867	-12.40697	-486.2584	43.243923	7771.519530296326
42	7761.5557	194.7393	8010.6304	7569.729	8666.378	154.26355	8861.534	8394.632	1000.0	1000.0	167999	494.15677	168.99867	687.88855	4.1471014	494.1559	168.99915	686.53436	3.7043214	4.2635684	4.5183477	51.73395	-11.52653	-494.30185	45.11333	7969.218070030212
43	7947.964	127.53979	8115.253	7768.353	8588.395	77.84756	8701.796	8407.211	1000.0	1000.0	171999	501.25983	169.7558	690.197	-33.9329	501.2604	169.7549	689.81396	-4.2513294	4.4108357	4.5605903	56.11336	-11.7395735	-501.39264	46.388363	8161.894286870956
44	8092.222	97.44513	8227.071	7961.2935	8783.798	135.43985	8955.41	8457.98	1000.0	1000.0	175999	507.54935	170.83638	693.9012	-3.3610303	507.54916	170.83524	695.666	-2.5399218	4.374576	4.5455036	45.27986	-11.690918	-507.63876	45.178772	8354.755245923996
45	8089.9062	153.88968	8191.5024	7823.7837	8242.279	204.8642	8729.363	7946.4814	1000.0	1000.0	179999	514.8436	171.42729	707.94946	-8.580423	514.8434	171.42664	708.05383	-13.429398	4.432006	4.5591183	51.026398	-13.580922	-514.9494	44.776688	8547.795588254929
46	8023.0156	73.3683	8101.939	7909.986	8631.455	100.53071	8743.287	8398.776	1000.0	1000.0	183999	522.2906	171.60556	716.8078	-1.7769301	522.2906	171.6048	717.55444	-13.200531	4.5021772	4.593952	51.4224	-12.831253	-522.3692	47.577457	8741.924404382706
47	8103.291	133.81693	8246.613	7913.3223	8680.764	186.02635	8957.741	8467.798	1000.0	1000.0	187999	528.56055	172.67174	727.04675	8.426739	528.5602	172.67107	725.8669	7.740785	4.6336946	4.5971255	64.09622	-13.909865	-528.68054	46.945244	8935.272983551025
48	8271.975	178.74995	8566.864	8105.156	8955.434	124.54851	9132.632	8712.848	1000.0	1000.0	191999	535.6009	173.03467	734.96	-1.7253373	535.6011	173.03328	733.80255	3.7109137	4.5722556	4.513664	38.77579	-13.443697	-535.6426	47.991608	9142.580230474472
49	8393.05	58.020218	8464.276	8330.223	8647.237	153.75891	8803.012	8230.887	1000.0	1000.0	195999	542.2733	173.67691	740.00977	12.102573	542.2727	173.67659	740.9796	5.4853086	4.653233	4.537197	57.553833	-13.07252	-542.33765	48.47937	9357.28191447258
50	8505.474	159.59868	8764.848	8329.922	8803.697	106.480225	8973.725	8634.185	1000.0	1000.0	199999	549.33514	174.49088	744.7536	23.03014	549.33514	174.48866	744.6157	23.32378	4.715916	4.569073	56.694466	-12.076139	-549.395	49.135227	9573.003644704819
51	8412.744	240.32687	8720.263	8074.054	8898.161	76.738945	9066.274	8777.241	1000.0	1000.0	203999	555.6674	175.40344	749.97955	8.649456	555.66675	175.40262	747.766	17.669668	4.7754235	4.534825	48.76077	-12.885505	-555.71783	49.667	9774.132959604263
52	8541.22	115.881195	8673.309	8389.349	8827.164	125.565956	9075.878	8694.107	1000.0	1000.0	207999	562.5278	175.63509	759.5588	-1.9057071	562.5276	175.63367	758.73334	3.6458387	4.798106	4.545749	42.891838	-12.621194	-562.55536	52.12618	9970.003764629364
53	8646.996	94.06932	8784.074	8524.674	9163.454	116.016785	9314.302	8967.091	1000.0	1000.0	211999	568.8194	176.53722	770.23114	-6.1103086	568.8192	176.53726	769.5421	-19.174889	4.9010077	4.60083	63.038498	-12.198698	-568.8724	50.89429	10166.631548643112
54	8874.549	184.21127	9105.186	8617.766	8977.08	143.68457	9252.217	8738.455	1000.0	1000.0	215999	575.3356	177.43628	772.86395	-11.739513	575.3355	177.43541	770.2779	-4.2208414	4.893633	4.582215	53.371475	-13.345808	-575.40314	51.454453	10372.91082572937
55	8829.191	178.58992	9103.633	8621.284	9109.092	147.97188	9342.375	8862.972	1000.0	1000.0	219999	582.23914	178.12392	781.12006	0.3785391	582.23895	178.1235	778.65137	-2.2352998	4.97243	4.5869684	55.78947	-13.270104	-582.3131	52.0456	10583.929477930069
56	8520.014	660.0976	9201.748	7430.3936	9443.652	191.73135	9704.026	9114.192	1000.0	1000.0	223999	588.72906	179.55423	791.6194	-0.43457556	588.72894	179.55438	787.3169	13.51123	4.976849	4.56095	54.177856	-12.309048	-588.7803	54.313774	10793.732981681824
57	8876.934	236.06245	9145.89	8498.197	9535.189	166.16612	9786.311	9174.704	1000.0	1000.0	227999	594.1241	181.2894	794.08655	-20.252068	594.1237	181.28833	796.95166	-34.077007	5.0886574	4.616458	69.919	-11.599301	-594.164	58.60489	11005.129073381424
58	8938.59	160.22606	9120.1045	8727.885	8571.608	2498.091	9673.789	1100.0693	1000.0	1000.0	231999	600.0689	182.48865	803.8644	-13.610622	600.0694	182.4887	799.96954	-16.746174	5.109751	4.594284	62.504253	-12.8425865	-600.10626	58.294884	11215.762819051743
59	8964.247	141.6622	9163.62	8765.078	9337.115	152.06357	9525.771	9066.9795	1000.0	1000.0	235999	606.39874	182.81056	808.10956	-22.303263	606.3985	182.80966	812.3658	-27.596407	5.193456	4.6451325	62.902153	-11.307142	-606.458	59.39928	11423.972997188568
60	9017.297	83.21835	9159.05	8953.297	9492.302	110.087616	9754.336	9337.895	1000.0	1000.0	239999	612.9046	182.61398	813.6352	-25.790802	612.9044	182.61333	813.44403	-38.07769	5.243067	4.6415935	52.403694	-12.083431	-612.96234	60.24252	11634.297332763672
61	9255.122	132.23477	9470.651	9112.596	9703.299	131.67285	9856.329	9343.541	1000.0	1000.0	243999	618.8465	183.47165	820.7277	4.708424	618.8465	183.46977	820.1206	-12.106245	5.367252	4.703108	53.456253	-11.825972	-618.947	61.213547	11844.957979679108
62	9191.735	209.48392	9447.964	8949.73	9424.364	118.216545	9674.172	9254.436	1000.0	1000.0	247999	625.5799	183.71085	828.4633	-14.141163	625.5801	183.70944	824.2392	-0.81526613	5.364885	4.638723	52.03827	-13.179762	-625.624	61.910126	12052.688690423965
63	9238.141	248.19278	9405.804	8811.507	9445.347	174.40273	9686.112	9142.867	1000.0	1000.0	251999	630.77875	184.84837	841.6905	-24.83538	630.7786	184.84814	842.08655	-15.6595	5.3785057	4.623743	62.657368	-10.201496	-630.8032	62.247635	12251.948407173157
64	9199.991	241.71484	9460.85	8804.326	10098.937	132.88678	10317.365	9817.641	1000.0	1000.0	255999	636.29596	185.0152	843.10077	-16.053192	636.2964	185.01338	837.9179	-36.312588	5.3857193	4.625287	65.247986	-15.0074005	-636.3244	62.794327	12450.23598742485
65	9166.086	238.92104	9396.349	8781.947	9393.856	671.729	9840.526	7420.1626	1000.0	1000.0	259999	640.84955	186.21786	849.6309	-71.37834	640.8497	186.2171	847.26263	-69.25469	5.406547	4.6488833	77.45797	-13.39027	-640.84283	65.081726	12648.05997633934
66	9298.761	143.49925	9426.041	9056.872	9810.611	94.73417	9949.348	9654.437	1000.0	1000.0	263999	645.5458	185.96521	849.27374	0.290725	645.5457	185.96445	850.2661	-17.176783	5.4425364	4.625122	59.15891	-12.581396	-645.50134	66.60594	12847.191799879074
67	9154.549	120.37804	9299.067	8976.859	9953.458	93.797356	10097.061	9833.549	1000.0	1000.0	267999	650.3636	185.79558	853.2909	-28.471525	650.36346	185.79346	852.9517	-11.644947	5.468355	4.6478124	61.511024	-11.95372	-650.28595	69.34741	13044.729271650314
68	9422.553	105.16386	9551.555	9258.635	9823.681	102.20982	10009.278	9658.491	1000.0	1000.0	271999	654.6817	186.29169	859.2853	-3.4022377	654.6824	186.29051	854.3247	-5.020163	5.524566	4.6379733	56.73697	-12.604371	-654.6493	68.971725	13248.430727005005
69	9426.613	105.14621	9552.908	9260.849	9470.029	118.157326	9620.725	9203.906	1000.0	1000.0	275999	658.5152	186.5295	857.8458	-21.422647	658.51514	186.53018	857.7339	-8.213158	5.584173	4.640483	57.731567	-12.634748	-658.4614	68.332535	13492.941586732864
70	9334.376	128.49225	9436.744	9113.941	9811.065	140.5964	9994.925	9612.813	1000.0	1000.0	279999	663.08	186.3735	874.9294	-42.013268	663.0804	186.3705	870.67896	-52.154343	5.6288705	4.6403317	48.12872	-14.283815	-663.0234	65.536156	13738.206401586533
71	9568.324	52.49066	9649.085	9502.823	9457.795	166.17596	9711.926	9198.13	1000.0	1000.0	283999	667.0934	187.00624	877.0262	-29.738361	667.0937	187.00468	875.84204	-47.962433	5.6465325	4.6621227	55.374714	-13.760969	-666.9688	67.27484	13945.58973288536
72	9460.964	184.09248	9593.823	9144.874	9882.872	177.26012	10290.912	9675.882	1000.0	1000.0	287999	670.5132	186.76923	876.8896	-18.30157	670.5132	186.76807	874.2365	-1.0406339	5.66144	4.6506286	60.572132	-11.808465	-670.3898	67.87909	14141.098316431046
73	9563.958	108.72308	9708.407	9416.6	10283.866	100.29888	10490.605	10165.187	1000.0	1000.0	291999	674.8377	185.53993	880.75836	-43.7107	674.83777	185.53821	875.265	-54.512524	5.6751494	4.672721	62.389713	-14.362686	-674.7203	68.899796	14337.461614131927
74	9687.463	95.54015	9802.044	9538.6	9146.072	1697.9895	10319.103	4828.864	1000.0	1000.0	295999	677.5353	186.56339	877.0671	2.0511937	677.5353	186.56204	875.8329	-13.381598	5.7783475	4.68378	69.27971	-12.769268	-677.4057	67.51426	14532.984379053116
75	9602.019	197.32297	9778.807	9275.457	10231.801	98.003	10364.3955	10041.369	1000.0	1000.0	299999	681.0392	186.87614	879.60236	-21.409927	681.0396	186.87369	876.4845	-39.233303	5.7804956	4.710224	53.142025	-12.461642	-680.8939	67.74287	14728.300921440125
76	9706.379	195.22673	10037.619	9533.233	10123.867	106.10396	10346.667	9959.473	1000.0	1000.0	303999	684.9484	186.20634	880.024	-9.989421	684.9484	186.2036	885.0423	-25.55134	5.7566137	4.6511292	60.38693	-14.777544	-684.78754	69.02622	14923.291731834412
77	9444.065	152.202	9607.282	9204.467	10098.182	156.08784	10308.1875	9800.487	1000.0	1000.0	307999	688.051	186.34961	886.6681	-3.27433	688.05115	186.34879	882.5816	-11.717714	5.72132	4.6587825	63.236916	-12.713924	-687.87427	68.135506	15116.080420017242
78	9711.939	156.70961	9875.868	9496.331	10008.719	156.02113	10259.172	9750.43	1000.0	1000.0	311999	691.0285	186.32109	881.22485	-10.337137	691.0293	186.31752	887.3528	-14.937401	5.761354	4.6775513	59.903847	-12.012034	-690.85114	66.87364	15313.524270057678
79	9516.308	151.92955	9673.458	9265.188	10504.514	127.57327	10658.156	10208.246	1000.0	1000.0	315999	695.2127	185.33092	884.1912	9.429987	695.2124	185.32959	885.5603	-7.3494987	5.817347	4.6540217	69.845436	-12.880409	-695.0347	66.76127	15510.940969944
80	9699.859	267.39114	9970.012	9279.617	9873.271	164.23624	10117.2	9628.344	1000.0	1000.0	319999	697.27826	186.29976	884.17615	-16.143871	697.2779	186.2973	885.62714	-21.65997	5.7854037	4.6977906	53.952793	-12.50921	-697.06665	68.119	15706.916318178177
81	9829.405	167.85042	10032.354	9570.614	10105.011	150.24298	10447.17	9954.432	1000.0	1000.0	323999	700.7456	185.09383	889.5529	-44.598347	700.74646	185.09273	892.6903	-28.17176	5.8330646	4.682362	71.015144	-12.902608	-700.53534	66.72456	15915.699613332748
82	9852.402	71.76067	9933.197	9761.079	9902.643	118.77063	10046.228	9705.198	1000.0	1000.0	327999	703.9841	185.1047	889.4964	6.8951235	703.98346	185.10472	888.1281	-24.183372	5.8295617	4.6418037	60.4837	-11.27084	-703.74835	66.62325	16136.6355073452
83	9823.1875	230.40218	10094.92	9468.744	9979.219	1186.6993	10530.726	6434.423	1000.0	1000.0	331999	706.2656	186.07716	893.6949	-45.551117	706.2659	186.07524	893.4803	-49.73549	5.8426886	4.674451	56.66941	-16.010511	-706.0287	67.97398	16352.544692993164
84	9653.755	143.07747	9853.907	9449.32	10364.864	149.98402	10585.85	10101.344	1000.0	1000.0	335999	709.8326	185.2005	893.58514	-35.93945	709.83307	185.19847	894.42285	-17.391928	5.8161287	4.6676774	57.305458	-12.3041115	-709.6095	67.73464	16592.61781668663
85	10009.041	178.20753	10298.409	9818.19	9222.6	143.4384	9522.225	9045.899	1000.0	1000.0	339999	712.31335	185.24254	899.1436	-4.279825	712.3131	185.24142	901.24286	-6.4854555	5.9241037	4.6877527	57.65469	-11.864693	-712.0476	68.900566	16837.40664625168
86	10190.577	131.41968	10383.156	10022.268	10034.541	129.49323	10228.858	9816.655	1000.0	1000.0	343999	715.0204	185.29776	898.91284	-9.31598	715.0201	185.29623	902.519	-33.11193	5.9327435	4.6797886	50.966362	-11.058461	-714.7661	67.6645	17119.163714647293
87	9891.527	128.73843	10043.633	9696.371	10108.579	215.82033	10359.286	9684.061	1000.0	1000.0	347999	718.11505	184.93713	902.78253	-58.235474	718.11456	184.9364	904.2826	-47.95187	5.87983	4.646532	77.02207	-11.783075	-717.834	68.31829	17477.351866960526
88	9921.862	194.14153	10205.647	9658.444	10589.252	150.05824	10858.624	10429.825	1000.0	1000.0	351999	720.33246	185.14552	905.067	-25.050491	720.33264	185.14362	902.7578	-7.831126	5.9664254	4.6455984	57.032764	-11.922506	-720.054	67.43201	17750.494682073593
89	9809.424	119.37537	9994.164	9664.254	10269.875	173.57787	10456.3125	9920.31	1000.0	1000.0	355999	723.66266	184.1926	907.10443	-50.167156	723.66296	184.19014	902.90753	-20.973772	5.932317	4.638577	65.37271	-11.1387205	-723.3555	66.773346	17948.68290901184
90	10187.785	61.593983	10257.494	10091.869	10600.018	67.78368	10755.739	10510.653	1000.0	1000.0	359999	726.5955	184.48318	905.5216	-12.976978	726.59576	184.48138	908.85846	-26.526825	5.93766	4.6290793	59.517445	-13.247314	-726.2865	67.19649	18143.69058394432
91	10080.6875	138.48991	10231.901	9870.345	10231.331	224.1007	10634.734	9908.07	1000.0	1000.0	363999	728.4462	185.27663	913.275	-18.168016	728.44617	185.27368	914.62006	-35.560852	5.945486	4.6614885	63.469353	-14.44512	-728.137	65.30179	18345.572837352753
92	10083.479	223.15546	10446.901	9844.39	10524.615	144.20064	10739.871	10277.562	1000.0	1000.0	367999	731.3197	184.3324	913.3054	-7.830201	731.3192	184.33034	911.1195	3.338087	5.9858737	4.6547904	60.84459	-12.054935	-730.9939	67.42056	18552.570841789246
93	9982.708	43.666763	10024.616	9914.543	10419.748	72.71447	10575.517	10302.708	1000.0	1000.0	371999	733.4351	184.87074	915.5433	-18.123955	733.4356	184.86862	917.4835	-21.220795	5.9883175	4.690698	57.863495	-15.07808	-733.07837	68.25422	18754.18188548088
94	10245.773	244.6926	10506.979	9859.441	10533.977	112.89889	10750.692	10402.366	1000.0	1000.0	375999	736.6051	183.83461	919.3578	8.628419	736.6051	183.83243	922.04486	-9.92091	6.037002	4.679811	63.610268	-12.103584	-736.2784	66.52819	18965.80247402191
95	10253.786	49.53525	10338.125	10210.894	10649.632	127.735825	10815.946	10389.563	1000.0	1000.0	379999	738.2945	184.62418	921.5606	-29.011566	738.29456	184.62155	920.27203	-62.207096	6.0140796	4.6707883	86.65167	-14.644188	-737.93396	66.4449	19186.029942512512
96	10197.204	92.124435	10348.424	10114.126	10816.838	105.2261	11091.742	10719.8125	1000.0	1000.0	383999	740.9531	183.74936	921.0313	-41.03888	740.95306	183.74869	925.7444	-65.4678	6.058193	4.6571345	51.557465	-13.189286	-740.5734	69.59065	19404.331163167953
97	10092.171	116.254295	10198.891	9895.752	10871.956	97.86603	11032.2	10719.278	1000.0	1000.0	387999	743.2359	183.83595	923.4179	-9.007416	743.23535	183.83238	926.1557	-9.913609	6.0524964	4.6231084	67.452774	-14.965199	-742.87787	67.08227	19630.160725593567
98	8061.335	3629.6907	10345.319	1779.1475	10821.217	98.14559	11034.953	10701.656	1000.0	1000.0	391999	744.4028	185.38434	925.89996	-104.14632	744.40314	185.38226	925.9629	-122.11005	6.067705	4.6828036	61.286385	-11.518343	-744.0447	68.464775	19855.54812979698
99	10219.429	105.38787	10375.874	10082.159	10829.008	177.6152	11065.895	10498.938	1000.0	1000.0	395999	746.5167	186.37038	928.15216	-22.764017	746.5169	186.3685	932.38916	-36.854477	6.0839486	4.6788874	66.61728	-11.798914	-746.1708	69.73038	20093.43544602394
100	10186.725	141.10497	10349.82	9981.575	10827.377	142.41028	11095.862	10604.194	1000.0	1000.0	399999	749.68915	185.0068	932.301	-111.80618	749.6892	185.00488	936.0675	-123.52269	6.0772295	4.6568813	95.57518	-11.8702965	-749.293	68.92708	20385.978835105896
101	10287.244	106.689865	10466.053	10184.919	10871.607	161.93535	11058.241	10556.0625	1000.0	1000.0	403999	751.73615	185.00304	939.89655	-13.569432	751.73566	185.00209	938.3262	-21.44602	6.0119624	4.6355596	60.9286	-12.681939	-751.3194	69.33383	20671.975466012955
102	10358.735	112.96522	10517.409	10198.009	10711.518	78.81006	10812.559	10572.9	1000.0	1000.0	407999	752.9514	185.73622	933.5952	-8.541128	752.95135	185.73366	933.6367	5.2069187	6.1099215	4.6673255	60.583466	-13.710718	-752.536	69.030914	20910.515995264053
103	10201.48	204.30934	10543.884	10022.345	10574.231	146.01212	10853.397	10306.473	1000.0	1000.0	411999	755.1816	185.69923	942.4814	-64.32301	755.18176	185.69777	940.8839	-42.653236	6.0149913	4.66344	58.21043	-12.536331	-754.7536	68.28669	21209.63783812523
104	10300.547	164.92662	10557.641	10104.197	10690.892	166.24928	10976.281	10424.946	1000.0	1000.0	415999	756.99915	185.48451	941.34155	-141.17458	756.9988	185.48233	944.1791	-107.77552	6.022174	4.689876	94.66257	-13.380394	-756.5676	68.77054	21438.673216104507
105	10276.651	114.369316	10461.4	10179.19	10790.32	144.01529	11062.989	10539.301	1000.0	1000.0	419999	759.37823	185.79349	938.1512	-30.498608	759.379	185.79022	944.1033	-57.39534	6.1263704	4.690579	61.362663	-13.40327	-758.9516	71.81177	21659.06595134735
106	10424.782	102.08871	10591.426	10336.976	10728.881	263.77258	11063.566	10112.639	1000.0	1000.0	423999	761.3545	185.85167	942.0532	-30.927351	761.35474	185.84822	941.2187	-42.87669	6.123264	4.6894917	87.08717	-14.972581	-760.91345	70.09014	21886.747247219086
107	10449.232	166.2148	10700.542	10277.293	11020.298	146.58855	11261.821	10807.056	1000.0	1000.0	427999	763.925	185.24153	944.5534	-33.0201	763.925	185.23944	947.36255	-94.30101	6.0939617	4.679435	79.68683	-13.825806	-763.4976	68.0846	22114.899316310883
108	10442.769	33.02665	10497.816	10412.845	10849.834	149.81084	11096.604	10561.689	1000.0	1000.0	431999	765.8174	184.9897	944.18756	-35.571236	765.81714	184.98679	947.2234	-34.835396	6.098463	4.659333	64.56074	-14.154228	-765.3709	67.86956	22339.10897374153
109	10313.086	83.70006	10447.023	10237.719	8827.862	122.50522	9024.957	8691.861	1000.0	1000.0	435999	768.3748	185.32617	947.87897	-92.93475	768.37494	185.32524	947.0516	-88.08904	6.119997	4.6455765	70.315	-11.908461	-767.93915	70.20717	22551.598009586334
110	10356.527	176.25555	10571.213	10081.798	10689.785	86.89453	10826.997	10543.884	1000.0	1000.0	439999	770.61896	185.35475	951.27203	-76.087944	770.61896	185.35278	951.412	-68.829765	6.1509814	4.6609273	69.40112	-12.74851	-770.16254	70.29028	22749.372093200684
111	10388.324	187.22906	10663.659	10136.356	10731.132	141.55264	10867.812	10474.487	1000.0	1000.0	443999	772.90173	184.48181	947.9732	-79.523834	772.902	184.4774	948.91205	-116.48157	6.1506405	4.643727	78.91295	-12.960789	-772.4316	71.077934	22946.4011425972
112	10405.264	135.96638	10552.807	10223.324	10938.275	128.77455	11097.903	10638.4375	1000.0	1000.0	447999	774.6287	184.14174	954.5029	-71.431015	774.62915	184.1393	953.4746	-90.82623	6.1821036	4.64965	70.94221	-12.165185	-774.1577	70.09158	23147.863791704178
113	10470.388	169.68071	10651.208	10203.778	11088.918	119.191185	11303.135	10958.197	1000.0	1000.0	451999	776.06903	183.97357	953.6411	-111.844666	776.06805	183.97186	950.8256	-102.17894	6.18155	4.6668587	82.53112	-12.65991	-775.58496	69.312096	23352.211435079575
114	10355.8125	208.27014	10528.636	10000.064	10636.071	202.34479	10924.888	10360.672	1000.0	1000.0	455999	778.17535	183.9406	957.5504	-21.268934	778.1753	183.9384	957.24097	-27.840534	6.160961	4.656904	68.752235	-11.313428	-777.7099	68.03303	23557.351647615433
115	10411.798	146.4004	10637.042	10262.57	10828.447	55.70774	10917.16	10709.51	1000.0	1000.0	459999	779.84015	185.3452	954.7091	-27.711432	779.84094	185.3411	958.4536	-59.112495	6.1604214	4.657784	68.0712	-14.255164	-779.35236	68.80351	23774.84319114685
116	10510.6045	78.961845	10644.763	10442.937	10927.704	99.76103	11089.137	10803.469	1000.0	1000.0	463999	782.19806	183.86693	957.07355	-88.34765	782.1977	183.86499	958.6866	-81.40884	6.173204	4.652769	79.391975	-13.13048	-781.69794	71.05466	24014.64107465744
117	10449.791	67.2829	10530.951	10351.981	11080.779	86.449455	11219.43	10929.446	1000.0	1000.0	467999	784.1422	183.01248	960.17896	-59.322	784.1424	183.00954	957.86285	-42.944695	6.2705917	4.6767106	65.155396	-10.816532	-783.6362	71.24331	24250.733836889267
118	10515.422	176.86111	10777.183	10283.806	11002.795	97.60455	11164.401	10806.075	1000.0	1000.0	471999	785.8391	183.29596	960.9119	-58.535965	785.83887	183.29259	961.3459	-50.696167	6.253458	4.6922235	75.12192	-13.762983	-785.3356	71.05815	24524.742017269135
119	10631.828	128.0749	10833.135	10506.752	10960.998	116.886955	11092.351	10743.206	1000.0	1000.0	475999	788.19336	182.60481	961.2013	-31.662281	788.1939	182.60039	963.7794	-32.43373	6.258367	4.677926	71.2144	-12.024092	-787.68713	70.79684	24788.805486679077
120	10534.663	279.94913	10885.933	10253.913	10538.508	166.50073	10846.841	10191.115	1000.0	1000.0	479999	789.8726	182.86887	964.8926	-42.78586	789.87225	182.86673	961.8079	-7.41514	6.250165	4.675396	64.455185	-12.334974	-789.34564	71.20765	25030.54172039032
121	10490.551	81.66544	10616.968	10392.01	10928.643	81.18586	11024.15	10756.712	1000.0	1000.0	483999	790.907	183.22548	965.9149	-23.65567	790.90656	183.22388	963.1642	-24.329626	6.215512	4.642155	66.06574	-11.722449	-790.3764	70.42647	25228.613725423813
122	10612.521	94.53353	10707.027	10463.927	10885.968	98.63822	11043.23	10703.256	1000.0	1000.0	487999	793.03375	182.525	966.9474	-25.237011	793.03394	182.52179	964.3623	-28.676022	6.2405176	4.623699	68.022736	-11.213585	-792.5188	70.81605	25427.387377023697
123	10570.774	254.3366	10812.624	10187.168	11085.932	99.70119	11301.815	10958.107	1000.0	1000.0	491999	794.82025	183.33289	963.6877	-21.45999	794.8205	183.3306	965.03644	-14.687072	6.1871533	4.6565294	78.254875	-12.947077	-794.26215	69.72824	25635.33389687538
124	10529.034	213.09541	10672.646	10160.793	11268.588	125.873795	11530.811	11096.341	1000.0	1000.0	495999	796.5667	182.744	970.1526	-13.253098	796.56665	182.74062	971.3379	-45.187477	6.2281413	4.6618643	76.79645	-11.6819725	-796.0104	72.3418	25845.147185087204
125	10621.91	213.27672	10921.764	10399.702	11214.666	160.21857	11382.393	10819.089	1000.0	1000.0	499999	798.19086	183.22551	974.177	-22.56553	798.19086	183.22374	973.55426	-11.898479	6.2814317	4.6673613	74.59821	-14.851729	-797.6435	71.79163	26049.943085193634
126	10755.725	125.31754	10934.914	10593.697	11088.365	121.55783	11262.145	10821.13	1000.0	1000.0	503999	800.24426	182.45935	971.4968	-92.862335	800.24457	182.4532	976.0793	-83.6611	6.214583	4.615449	95.435844	-12.548445	-799.68036	71.42015	26341.25310111046
127	9827.186	1448.0193	10804.308	7323.71	10847.901	87.83407	10952.191	10650.753	1000.0	1000.0	507999	801.3059	183.3214	973.7805	-651.801	801.3058	183.316	974.663	-571.1678	6.2398133	4.6617956	184.62749	-12.705235	-800.7178	73.6565	26637.6631398201
128	10680.042	205.92195	11000.108	10486.052	10844.186	104.98107	11010.493	10603.294	1000.0	1000.0	511999	802.9294	183.89217	974.33417	-608.8636	802.9294	183.88861	974.29083	-658.9556	6.265511	4.610879	171.62517	-12.322997	-802.36914	73.301956	26981.912572860718
129	10746.502	70.675354	10819.292	10636.972	11123.446	102.69653	11212.125	10858.328	1000.0	1000.0	515999	804.93787	183.56949	977.8248	-650.8137	804.938	183.56639	976.18	-637.77075	6.304937	4.633238	174.11736	-12.470084	-804.33624	79.42659	27308.86165046692
130	10718.635	146.22151	10940.793	10538.513	10622.717	148.28348	10815.001	10395.481	1000.0	1000.0	519999	806.5146	183.10155	979.673	-670.06903	806.5148	183.09386	981.0808	-717.8723	6.37521	4.695472	164.29083	-12.775238	-805.94464	78.070694	27535.664322137833
131	10649.033	35.539146	10695.638	10596.57	11319.676	107.0816	11466.899	11088.414	1000.0	1000.0	523999	807.22754	183.92955	982.1236	-725.5932	807.2281	183.9244	983.9824	-705.96747	6.419653	4.6650844	111.42435	-10.6155815	-806.6223	81.65512	27750.152374744415
132	10606.779	148.23622	10781.747	10414.221	10716.717	155.01186	10876.595	10326.67	1000.0	1000.0	527999	809.26447	183.10403	983.4474	-531.5934	809.2639	183.10226	982.96576	-456.9609	6.3741837	4.632105	112.720184	-11.875452	-808.6365	75.25253	27947.11607527733
133	10666.262	60.87727	10735.663	10598.875	11379.402	129.8005	11558.757	11171.421	1000.0	1000.0	531999	810.4062	182.55957	983.3895	-624.8157	810.4066	182.55437	983.41003	-621.7887	6.345162	4.651459	140.17836	-11.807843	-809.79565	74.257744	28143.775713682175
134	10561.333	246.70798	10796.137	10146.579	11057.787	122.61861	11256.431	10847.519	1000.0	1000.0	535999	812.13544	183.02257	988.2923	-661.76855	812.1359	183.0192	987.13763	-634.84546	6.35885	4.675163	147.00793	-10.8177185	-811.48083	77.47616	28344.187502622604
135	10537.848	350.38193	10982.12	10017.813	11074.837	163.44167	11295.952	10763.931	1000.0	1000.0	539999	813.3578	182.67274	991.3848	-508.93576	813.3582	182.66808	998.63715	-556.4141	6.438327	4.6442585	124.91451	-12.327143	-812.6899	79.90468	28548.163518428802
136	10566.087	137.46231	10776.325	10412.85	10463.346	50.416943	10548.106	10350.329	1000.0	1000.0	543999	814.579	182.23003	986.64636	-453.53717	814.57935	182.22554	988.33636	-452.33902	6.413473	4.6613626	97.05479	-13.12065	-813.91437	76.50679	28750.827734947205
137	10700.33	129.09813	10853.354	10556.229	11132.777	154.08449	11324.213	10885.549	1000.0	1000.0	547999	816.232	181.71355	991.1369	-466.81854	816.23175	181.71165	986.2485	-558.97894	6.4231157	4.6528945	141.83914	-14.600159	-815.5669	77.22476	28980.50493979454
138	10767.59	82.78608	10867.193	10637.149	11376.754	167.29222	11745.747	11117.831	1000.0	1000.0	551999	816.9305	182.20692	993.5433	-386.81213	816.9302	182.2034	990.12933	-431.51816	6.4058094	4.6473775	87.826164	-12.60903	-816.28613	77.47202	29229.68894314766
139	10543.24	175.71683	10751.759	10288.793	11352.208	183.87335	11655.628	10942.544	1000.0	1000.0	555999	818.6908	181.50708	997.0326	-492.7422	818.69055	181.50421	996.27954	-443.10077	6.424145	4.6368504	107.06706	-11.260389	-818.02045	78.33792	29467.202545166016
140	10805.62	67.53044	10907.417	10740.3955	11131.714	125.80949	11288.896	10885.901	1000.0	1000.0	559999	819.46234	182.1168	991.7877	-830.94104	819.4605	182.11977	991.16547	-849.80286	6.485485	4.6649365	135.57886	-16.836594	-818.8097	76.48958	29663.466344356537
141	10749.845	113.25831	10853.329	10558.246	11128.975	159.7448	11503.151	10926.816	1000.0	1000.0	563999	821.2707	181.40712	994.6143	-865.4142	821.27094	181.39925	991.5697	-802.72345	6.410695	4.651913	215.51933	-14.824867	-820.55426	81.45253	29859.938860177994
142	10909.924	105.49598	11084.709	10818.182	11302.838	137.23433	11559.6	11099.674	1000.0	1000.0	567999	821.8116	181.9353	993.64594	-728.87256	821.81134	181.93182	993.32623	-739.8214	6.4061007	4.6580205	95.71221	-13.701044	-821.124	78.48281	30056.66127705574
143	10625.059	153.52583	10863.259	10468.742	11205.807	93.90852	11346.278	11052.944	1000.0	1000.0	571999	823.4592	181.22394	996.81445	-648.2462	823.46014	181.22108	995.7375	-667.91235	6.502687	4.6646695	126.27981	-13.140909	-822.7439	79.47403	30253.053807497025
144	10865.612	150.59106	11003.562	10617.706	11084.247	116.199684	11237.897	10798.041	1000.0	1000.0	575999	824.3942	180.79977	997.6315	-682.0401	824.3937	180.7995	994.88086	-615.5652	6.445165	4.6309614	102.87981	-12.262451	-823.7212	76.26259	30447.423143863678
145	10744.036	90.081696	10835.573	10622.083	11373.977	82.34293	11536.621	11221.683	1000.0	1000.0	579999	826.0399	180.39877	998.88556	-490.34222	826.0404	180.39194	996.02325	-383.14734	6.443707	4.619604	130.7038	-11.58707	-825.3318	73.89605	30642.418545007706
146	10774.755	117.58216	10956.044	10635.023	11078.604	122.96013	11301.504	10849.408	1000.0	1000.0	583999	826.79706	180.94566	997.742	-518.65857	826.7972	180.9424	1001.0908	-455.9586	6.4806504	4.633445	121.23666	-13.837738	-826.1005	77.57763	30843.537410497665
147	10917.898	192.83327	11192.848	10666.752	10911.492	99.45399	11104.7295	10715.294	1000.0	1000.0	587999	828.5955	180.47444	996.62994	-642.9782	828.5958	180.46754	998.60284	-581.4824	6.550555	4.6529016	117.78326	-13.399186	-827.8784	78.9921	31044.728815078735
148	10841.91	139.3859	10999.598	10668.823	10209.041	119.96912	10464.553	10062.928	1000.0	1000.0	591999	830.852	179.4017	1005.8949	-643.84326	830.85254	179.39526	1009.4275	-732.82056	6.531075	4.61855	76.26036	-12.781721	-830.1754	77.329346	31250.934118270874
149	10939.355	97.7672	11070.942	10796.173	11510.924	222.95604	11781.062	11000.773	1000.0	1000.0	595999	831.94653	180.0738	1008.047	-520.1787	831.94586	180.07103	1003.0912	-479.14105	6.517053	4.6435447	86.36396	-16.862337	-831.25464	76.73992	31472.382955551147
150	10901.154	136.88304	11078.408	10754.052	10958.168	88.706024	11068.174	10824.37	1000.0	1000.0	599999	833.4939	179.60551	999.4446	-635.32477	833.4941	179.60443	998.873	-653.96674	6.5984907	4.655617	113.193375	-11.779053	-832.793	79.93947	31694.90171265602
151	10946.515	155.65712	11131.336	10729.411	11301.152	111.539764	11436.017	11101.437	1000.0	1000.0	603999	835.0885	178.82278	1002.4962	-593.7131	835.088	178.81761	1002.5353	-531.10364	6.578127	4.630807	94.887024	-15.015056	-834.382	78.284096	31910.50042462349
152	10975.562	222.53008	11341.633	10749.651	11433.293	157.68977	11678.457	11123.403	1000.0	1000.0	607999	836.3125	178.53253	1002.0841	-642.962	836.3128	178.52948	999.15784	-571.2072	6.5754	4.645141	86.460304	-11.800774	-835.618	79.30667	32114.83795785904
153	10941.31	31.741444	10993.269	10907.059	11166.279	118.47734	11344.099	10903.238	1000.0	1000.0	611999	837.5299	178.40825	1001.9171	-597.4824	837.53033	178.40366	1002.82446	-590.6033	6.57873	4.6451178	115.131424	-11.989265	-836.828	79.79022	32318.223949193954
154	10807.693	288.5359	11079.299	10367.161	10792.669	86.64239	10964.116	10649.313	1000.0	1000.0	615999	838.6437	178.598	1005.56226	-679.18774	838.6445	178.59415	1004.121	-720.37933	6.5435543	4.6742835	101.45132	-12.003201	-837.88336	77.31047	32538.383265018463
155	10722.282	196.22948	10913.97	10423.483	11395.256	113.29245	11576.139	11218.836	1000.0	1000.0	619999	839.1656	178.53966	1004.3619	-513.5871	839.16583	178.53586	1002.52606	-479.17126	6.6159096	4.6670947	84.372116	-13.346613	-838.4357	74.99267	32784.4222176075
156	10834.393	201.91212	11003.176	10501.332	11419.521	108.38634	11623.452	11238.24	1000.0	1000.0	623999	840.35187	178.60205	1011.22833	-659.199	840.3522	178.59967	1010.9199	-656.0067	6.6096168	4.672898	105.63404	-12.848793	-839.61444	77.20872	33021.866723775864
157	10962.684	115.67116	11125.365	10798.59	11493.1045	125.11035	11735.906	11304.885	1000.0	1000.0	627999	841.5393	177.88731	1010.1644	-558.1354	841.53827	177.88646	1006.5167	-417.20074	6.580165	4.627206	157.97995	-13.720418	-840.8038	76.69947	33235.044558763504
158	10925.271	118.51967	11101.814	10779.196	11612.759	82.88145	11727.243	11434.454	1000.0	1000.0	631999	842.73413	178.72823	1008.7627	-432.3755	842.7333	178.7265	1008.8058	-497.02164	6.601387	4.648071	100.56981	-13.006158	-841.9929	75.368385	33448.65250968933
159	10764.027	175.3241	11021.47	10540.112	11232.733	167.68347	11509.168	10835.0625	1000.0	1000.0	635999	845.0236	177.7458	1011.2423	-444.62473	845.02344	177.74254	1011.34784	-471.28775	6.6518235	4.6568403	106.30847	-13.002162	-844.2879	74.8991	33663.03564763069
160	10658.963	241.17326	10981.329	10301.201	11390.213	108.689415	11637.494	11173.856	1000.0	1000.0	639999	845.73987	177.65381	1012.17664	-516.7335	845.73975	177.65125	1012.2323	-503.0894	6.5964656	4.6314564	114.30115	-12.092903	-844.9661	79.55058	33885.8844397068
161	11056.941	140.9619	11211.448	10840.113	11033.259	90.8897	11177.504	10919.118	1000.0	1000.0	643999	846.5652	177.09178	1009.08405	-827.62885	846.5656	177.08469	1008.1968	-645.7638	6.6525865	4.6562552	130.9077	-12.65711	-845.8156	80.44186	34106.88379907608
162	11144.857	159.03168	11364.772	10921.066	11236.316	131.82524	11517.54	11047.963	1000.0	1000.0	647999	846.9349	177.16177	1018.3768	-502.5439	846.9347	177.15903	1020.91656	-564.2384	6.579889	4.625877	105.08756	-11.770974	-846.1689	79.22175	34318.76211190224
163	11066.367	157.91905	11279.854	10889.016	11464.487	91.05365	11663.657	11372.955	1000.0	1000.0	651999	849.2417	176.93486	1019.92285	-440.8788	849.24194	176.9323	1020.5716	-623.7707	6.6739793	4.6309795	101.64521	-10.794679	-848.4993	78.88797	34519.52034163475
164	10845.27	237.85748	11055.118	10444.68	11649.023	107.807755	11813.432	11477.081	1000.0	1000.0	655999	850.20886	177.15228	1024.1868	-448.97073	850.20886	177.15211	1018.17773	-428.242	6.614983	4.6514974	74.04685	-13.941011	-849.47186	78.31231	34720.54847455025
165	11059.242	148.52545	11235.692	10847.569	11759.541	116.63939	11961.02	11536.634	1000.0	1000.0	659999	852.02905	176.24954	1018.809	-600.9257	852.02856	176.2461	1022.5683	-514.82184	6.597081	4.6555276	88.22296	-11.3196125	-851.25275	74.92705	34920.536343574524
166	10916.426	89.902054	11029.295	10819.178	11653.008	186.49445	11949.86	11302.562	1000.0	1000.0	663999	852.5873	176.899	1017.15393	-450.42578	852.5862	176.8989	1017.1271	-507.25162	6.6356916	4.645216	126.58165	-14.180442	-851.8009	80.00719	35118.34341907501
167	11069.184	97.47688	11216.41	10968.053	11429.545	56.918636	11513.148	11320.161	1000.0	1000.0	667999	853.55786	176.17807	1021.9792	-461.49893	853.55865	176.17368	1023.4113	-497.73682	6.6724086	4.6285977	126.17121	-12.9825325	-852.7344	79.57743	35315.97917795181
168	10813.04	74.8947	10886.822	10695.6	11297.404	209.22287	11709.263	11022.8125	1000.0	1000.0	671999	854.3761	176.92427	1022.4007	-426.4055	854.3752	176.92366	1017.8763	-404.44763	6.6689105	4.6370645	80.820435	-12.459741	-853.6304	78.908295	35514.98652482033
169	11131.9795	187.93425	11414.964	10886.06	11548.7	67.07147	11658.025	11435.163	1000.0	1000.0	675999	855.82495	176.52266	1019.8083	-441.61728	855.8257	176.5184	1019.0771	-397.6025	6.759982	4.626311	100.65937	-14.944616	-855.05255	76.682785	35712.81867146492
170	11072.426	129.98907	11285.17	10962.25	11236.296	73.99069	11334.994	11104.542	1000.0	1000.0	679999	857.17413	176.88725	1021.29504	-431.09296	857.174	176.88365	1024.489	-350.4752	6.7561026	4.7040377	110.41058	-15.603839	-856.40686	80.13291	35910.51513290405
171	11006.708	151.74881	11226.647	10818.766	11659.868	146.63774	11886.311	11361.681	1000.0	1000.0	683999	858.87555	175.35191	1022.83655	-322.92126	858.87537	175.35246	1027.6454	-472.31494	6.7990065	4.6800246	106.86859	-12.885804	-858.0505	81.82586	36121.832292079926
172	11061.731	144.51996	11278.589	10926.026	11274.736	139.30147	11467.47	11030.073	1000.0	1000.0	687999	859.11584	175.70389	1019.8198	-325.5052	859.11633	175.70015	1022.6543	-298.60922	6.7116437	4.6383634	104.83301	-11.839836	-858.3055	78.79536	36346.72602581978
173	11129.492	64.19064	11198.893	11027.374	11610.097	78.56002	11764.805	11490.365	1000.0	1000.0	691999	860.5087	175.35965	1028.098	-393.59036	860.5092	175.35556	1029.0437	-345.46814	6.682646	4.587652	96.64744	-12.0063305	-859.747	76.00963	36572.32621216774
174	11113.773	175.28781	11415.773	10983.835	11523.615	112.85144	11740.768	11329.853	1000.0	1000.0	695999	860.9867	175.93944	1022.99567	-298.91046	860.9866	175.93483	1024.5184	-263.16028	6.6198792	4.658625	120.582275	-12.398081	-860.1725	77.97712	36788.68864560127
175	11060.659	130.26149	11218.927	10858.739	11219.888	95.83072	11386.877	11097.431	1000.0	1000.0	699999	862.11816	176.03383	1027.9423	-367.97433	862.1176	176.03084	1026.2031	-336.9222	6.6577168	4.6388736	108.35477	-13.927346	-861.32086	73.76736	36999.3458712101
176	11058.891	216.02826	11257.687	10714.399	11838.361	173.25804	12167.57	11613.282	1000.0	1000.0	703999	863.7417	174.435	1022.9863	-331.28076	863.7413	174.43094	1025.1307	-344.0597	6.6860237	4.620755	91.63781	-12.031859	-862.9294	79.28118	37205.398236989975
177	11260.365	104.87055	11415.336	11147.659	11052.304	2102.65	12148.363	4767.1597	1000.0	1000.0	707999	864.33966	175.11183	1028.1155	-300.852	864.33954	175.10886	1032.8469	-383.46896	6.7410426	4.678806	100.528625	-11.19016	-863.5477	77.58751	37450.91219353676
178	10975.973	136.43169	11120.297	10761.012	10203.522	2131.0754	11086.72	3817.76	1000.0	1000.0	711999	865.5415	174.78787	1025.9425	-406.26395	865.5422	174.7858	1024.2485	-541.5227	6.6720715	4.6150208	81.28631	-14.341332	-864.7147	78.43179	37697.502568006516
179	11178.363	126.82	11317.923	10975.843	11533.788	62.775208	11638.698	11429.447	1000.0	1000.0	715999	866.4268	174.24225	1028.677	-337.02283	866.4264	174.23686	1031.0156	-378.34164	6.682743	4.6155386	87.586784	-12.1561	-865.58527	79.23206	37924.45795369148
180	11168.067	140.46272	11394.114	11035.128	11417.091	129.08374	11610.499	11117.535	1000.0	1000.0	719999	867.709	173.08641	1025.4208	-496.27322	867.7092	173.08382	1027.9268	-537.6581	6.7369967	4.6138563	140.7515	-10.246989	-866.87177	78.66531	38128.30399084091
181	11274.008	62.917873	11341.807	11171.353	11695.451	142.32065	12010.493	11559.514	1000.0	1000.0	723999	868.15393	174.0952	1028.52	-503.29395	868.1544	174.08968	1028.7656	-459.91632	6.6679835	4.663034	78.624626	-12.003589	-867.3382	76.428185	38330.46216630936
182	11193.836	178.12537	11353.581	10893.727	11442.756	175.34756	11627.736	11073.439	1000.0	1000.0	727999	869.40497	173.31262	1030.7408	-490.29205	869.40454	173.31169	1035.0938	-501.08728	6.685392	4.650815	128.56398	-13.5010805	-868.55853	80.3045	38536.254281282425
183	11123.767	171.71893	11388.603	10908.831	11634.074	177.18175	11824.181	11167.989	1000.0	1000.0	731999	870.72894	172.62292	1030.3832	-340.1547	870.7291	172.62276	1032.4462	-400.68716	6.725965	4.642149	87.79062	-12.834688	-869.9095	79.76673	38745.125524282455
184	11340.829	159.70491	11472.763	11072.051	11212.295	32.01418	11261.78	11149.417	1000.0	1000.0	735999	871.53534	173.62706	1035.5004	-610.25433	871.5344	173.6302	1035.5234	-730.7284	6.7476974	4.668633	80.1279	-13.711224	-870.6981	77.86925	38953.861676454544
185	11057.6045	119.93392	11189.798	10920.124	11525.701	121.2179	11688.651	11301.616	1000.0	1000.0	739999	872.511	173.22612	1034.2073	-500.50235	872.511	173.22478	1035.2916	-501.01202	6.65762	4.6305676	122.67074	-10.372494	-871.6727	77.96167	39168.99677658081
186	11390.272	120.28065	11581.802	11251.855	11587.686	136.69685	11778.631	11342.404	1000.0	1000.0	743999	873.10504	173.34273	1033.74	-445.20767	873.10504	173.33742	1036.8761	-491.11484	6.7798424	4.6175547	92.38224	-11.415911	-872.25604	77.86978	39390.33107995987
187	11274.078	145.81387	11512.345	11139.558	11719.766	127.74457	11957.545	11499.891	1000.0	1000.0	747999	873.9554	172.73691	1035.5822	-383.61597	873.9556	172.73473	1036.7025	-443.6101	6.7717056	4.612176	95.41915	-12.649654	-873.06757	79.16487	39610.899433135986
188	11275.65	91.39503	11393.673	11139.845	11909.333	97.148	12053.711	11721.729	1000.0	1000.0	751999	874.8983	173.65912	1038.3002	-275.71902	874.8988	173.65196	1039.191	-338.08105	6.829658	4.637644	102.12592	-12.9076	-874.07263	77.004875	39833.90790438652
189	11281.066	97.18602	11421.044	11156.203	11584.112	94.00928	11764.684	11418.497	1000.0	1000.0	755999	875.906	173.49161	1040.5095	-302.3289	875.90607	173.4869	1041.307	-306.0507	6.8123155	4.568752	69.37399	-12.37656	-875.0738	76.573425	40056.01069974899
190	11395.095	307.3189	11726.42	10946.98	11643.154	135.68813	11955.242	11444.658	1000.0	1000.0	759999	877.3017	173.09549	1038.682	-456.9621	877.3024	173.09067	1039.1675	-494.30457	6.781691	4.6297007	112.435715	-13.317757	-876.4808	75.98635	40275.305606365204
191	11134.568	157.14626	11266.751	10880.811	11693.657	107.37951	11848.413	11436.121	1000.0	1000.0	763999	878.1145	172.08821	1034.9464	-482.7083	878.11475	172.08278	1036.225	-627.0828	6.7701545	4.648128	74.34086	-12.221804	-877.2025	79.135414	40484.57844924927
192	11501.1455	150.72804	11661.253	11342.071	11474.846	99.06939	11587.295	11278.242	1000.0	1000.0	767999	878.94366	171.65929	1039.8599	-396.80518	878.9434	171.6602	1037.9691	-431.3805	6.6685643	4.563895	116.24051	-10.934736	-878.0645	75.9549	40693.288290023804
193	11440.629	124.25457	11604.55	11254.585	11707.992	90.376144	11843.014	11542.294	1000.0	1000.0	771999	880.0038	171.75449	1039.4397	-525.55304	880.0046	171.75006	1041.2122	-510.4311	6.742873	4.5751004	118.7737	-13.160816	-879.1522	76.74809	40902.34471273422
194	11322.272	114.95455	11493.6875	11186.211	11916.889	198.39594	12271.879	11537.472	1000.0	1000.0	775999	880.3574	172.22119	1043.2197	-467.82333	880.3573	172.21913	1045.1985	-451.61148	6.7427745	4.59372	80.37317	-11.629593	-879.4794	77.91012	41111.23535346985
195	11370.093	80.99835	11489.792	11268.736	11506.576	158.69598	11781.525	11268.557	1000.0	1000.0	779999	881.4953	171.50388	1044.0227	-442.93488	881.4951	171.50148	1043.0626	-437.5491	6.764269	4.6040497	146.0304	-12.657981	-880.653	79.10737	41321.51977753639
196	11284.747	235.75319	11571.717	10988.833	11570.904	148.98152	11763.83	11346.603	1000.0	1000.0	783999	882.3949	171.84323	1046.3003	-511.5352	882.3949	171.841	1046.8986	-497.63754	6.754684	4.581944	85.59797	-13.532637	-881.5313	76.751945	41531.17334961891
197	11515.156	106.51442	11697.278	11437.575	11878.586	171.82475	12223.295	11652.394	1000.0	1000.0	787999	883.4402	171.95813	1045.6448	-409.02463	883.43976	171.95746	1043.3184	-414.31128	6.799824	4.605597	72.86062	-12.4671	-882.601	76.44709	41742.141664266586
198	11321.515	261.64484	11658.856	11031.151	12017.827	170.71707	12247.799	11721.2705	1000.0	1000.0	791999	884.8875	171.95686	1044.4368	-515.69415	884.8876	171.95427	1049.0748	-542.0032	6.850595	4.6129937	136.46399	-10.883719	-884.06305	78.53784	41953.31094288826
199	11359.623	200.98318	11632.821	11065.936	11490.134	161.54097	11826.244	11266.826	1000.0	1000.0	795999	886.175	171.86632	1049.9052	-547.5475	886.17487	171.86374	1047.0972	-475.65347	6.8014545	4.6050453	134.30444	-13.031028	-885.3143	76.96048	42165.41067934036
200	9572.008	3207.415	11768.068	4029.256	12033.867	110.0731	12243.281	11914.762	1000.0	1000.0	799999	887.55536	171.60237	1046.3977	-362.27426	887.5554	171.59735	1050.6173	-438.7609	6.8710327	4.6276245	93.076614	-11.812011	-886.6943	75.48582	42375.28239417076
