Epoch	AverageTestEnv0Ret	StdTestEnv0Ret	MaxTestEnv0Ret	MinTestEnv0Ret	AverageEnv0Ret	StdEnv0Ret	MaxEnv0Ret	MinEnv0Ret	AverageTestEnv1Ret	StdTestEnv1Ret	MaxTestEnv1Ret	MinTestEnv1Ret	AverageEnv1Ret	StdEnv1Ret	MaxEnv1Ret	MinEnv1Ret	AverageEpRet	StdEpRet	MaxEpRet	MinEpRet	AverageTestEpRet	StdTestEpRet	MaxTestEpRet	MinTestEpRet	EpLen	TestEpLen	TotalEnvInteracts	AverageQ1Vals	StdQ1Vals	MaxQ1Vals	MinQ1Vals	AverageQ2Vals	StdQ2Vals	MaxQ2Vals	MinQ2Vals	AverageLogPi	StdLogPi	MaxLogPi	MinLogPi	LossPi	LossQ	Time
1	331.13718	106.09164	493.2409	152.12471	-312.81122	25.993923	-279.3728	-351.67276	-37.995007	49.472317	53.298462	-130.23093	-317.4455	130.11479	-190.65794	-518.64777	-2670.4363	146.5317	-2437.9731	-2832.785	-287.78687	93.25867	-149.10014	-416.2556	1000.0	1000.0	3999	131.3656	104.73035	228.14229	-37.846027	131.36409	104.73504	233.94731	-15.782188	-2.6777685	5.107929	67.44014	-15.745819	0.6544763	11.716012	93.45890927314758
2	197.88246	136.33937	546.6002	83.46055	-376.16956	61.11467	-315.06976	-474.4873	-186.80197	28.11262	-141.24353	-248.88368	-313.80902	81.3483	-238.43704	-450.96527	-2977.051	382.95685	-2663.313	-3631.9587	-756.7029	169.73033	-435.60855	-954.77405	1000.0	1000.0	7999	101.48575	92.50903	268.80106	-84.46557	101.63654	92.49161	266.77713	-81.76737	-1.3862469	5.787622	69.254456	-15.412996	1.7251365	19.84566	205.61527562141418
3	878.7384	146.36533	1153.7567	691.4624	-172.54684	247.64923	189.56088	-407.7092	81.9018	101.59634	258.63504	-56.580452	-281.48407	101.863785	-140.25146	-388.36447	-2203.2188	805.9716	-1065.8025	-3021.593	7.083516	118.361626	261.42313	-139.75226	1000.0	1000.0	11999	78.28369	90.0909	294.32828	-173.9149	78.384254	90.070724	292.28763	-172.83621	-0.94806445	6.348359	77.69139	-15.442511	3.122052	30.374578	320.5901973247528
4	674.7693	117.65213	845.85565	472.2061	361.5066	37.015064	394.8046	298.91858	-58.615673	33.767048	-14.437022	-112.59235	-252.4635	88.33171	-118.06679	-348.91647	-839.62646	291.5951	-445.00443	-1267.9023	-251.40105	107.932076	-74.86607	-464.7147	1000.0	1000.0	15999	45.61388	74.0061	275.3652	-184.84503	45.65832	73.99913	259.7452	-191.01663	-2.375198	5.4921875	73.63034	-15.375937	4.404676	23.766516	441.99692463874817
5	602.6006	10.906197	623.23553	581.2788	339.74124	36.57826	392.69067	301.0597	7.222345	18.116333	47.8952	-10.556651	-267.3348	51.93309	-202.99605	-324.44995	-704.3517	118.23115	-570.46857	-837.375	10.325367	34.381668	87.208496	-23.240515	1000.0	1000.0	19999	11.756754	53.998028	184.07469	-167.88956	11.745559	53.99254	180.56226	-171.70836	-2.79937	4.941746	75.16223	-15.570224	5.579849	17.254	559.5205919742584
6	694.77515	38.71234	799.46783	637.6309	359.33313	116.56596	507.44144	233.81328	-14.944998	42.812298	71.317604	-64.76203	-128.02199	65.16366	-20.484865	-185.0316	-563.6853	89.51496	-431.12302	-648.521	-30.813244	83.82056	135.3205	-129.52406	1000.0	1000.0	23999	-15.107709	43.537178	122.9428	-176.28294	-15.122098	43.535854	119.1898	-175.25713	-3.0235453	4.5513735	94.03959	-17.472023	6.935215	14.220996	674.9333748817444
7	669.8786	7.3986673	677.1782	654.6873	435.32556	66.51273	526.35895	347.29874	-69.895615	6.38074	-60.68391	-79.01802	-150.55692	54.38719	-73.3379	-222.44456	-551.78534	73.37951	-426.87424	-608.94476	-139.79123	12.76148	-121.36782	-158.03604	1000.0	1000.0	27999	-36.798496	45.398487	84.410774	-191.56024	-36.80706	45.398777	84.048	-193.43262	-3.0586498	4.2383766	57.214344	-16.649092	8.525726	13.006702	791.8723893165588
8	699.2743	15.57126	744.5464	685.71246	461.79578	47.75847	518.0633	393.75912	-66.710625	3.822916	-58.201244	-72.547966	-153.46373	20.145811	-122.70391	-177.34146	-486.50482	20.517647	-453.81256	-510.17117	-133.66359	7.585484	-116.956436	-145.09593	1000.0	1000.0	31999	-53.968037	51.478775	53.51416	-233.16501	-53.97052	51.479378	53.113396	-228.73177	-3.08652	4.0980635	65.10756	-13.61977	9.469477	11.545654	911.1480634212494
9	706.3926	18.007822	730.864	674.3698	482.15927	34.732307	520.79114	430.05542	-104.01986	2.9376895	-98.28227	-109.28911	-158.78394	26.840965	-123.78505	-191.7091	-491.9311	22.483465	-466.13327	-523.7611	-208.03972	5.875379	-196.56454	-218.57822	1000.0	1000.0	35999	-66.853386	57.972576	33.574303	-234.00072	-66.85531	57.97341	36.10412	-230.59059	-3.2271972	4.0738134	70.46876	-15.778046	11.163181	10.5061245	1035.5824959278107
10	704.43115	23.83546	733.90497	657.50525	369.2674	62.603546	442.35938	294.39868	-59.34516	2.1254926	-56.376564	-63.43331	-166.59323	37.728306	-103.22696	-200.37276	-562.5678	71.28474	-467.6142	-657.111	-118.69032	4.250985	-112.75313	-126.86662	1000.0	1000.0	39999	-77.52067	63.90167	21.560726	-234.72507	-77.52194	63.90172	21.149746	-230.58847	-3.236138	4.06339	78.54155	-15.561367	12.676294	10.25407	1161.9164385795593
11	668.8216	16.89157	697.87476	646.6386	389.97888	51.974182	475.6753	341.9494	-30.836746	4.4514494	-23.230066	-37.420044	-149.27591	18.751038	-130.2204	-174.02805	-479.13876	55.81757	-407.8522	-545.04456	-62.187023	9.546234	-46.460133	-75.866	1000.0	1000.0	43999	-85.97545	68.794	13.287135	-219.45944	-85.97517	68.79378	13.608474	-224.61464	-3.2420514	4.0208774	85.3439	-14.451954	13.514898	10.296832	1286.2569103240967
12	656.4498	18.627623	692.64624	633.97455	489.2768	52.548683	577.2109	440.68674	-54.685413	6.458279	-46.00094	-65.51257	-152.7635	17.787706	-126.803154	-175.01941	-433.30032	28.24444	-405.44427	-477.49002	-109.93654	13.501016	-92.00188	-133.2391	1000.0	1000.0	47999	-91.96543	72.3895	7.6950674	-219.0597	-91.96522	72.388565	6.961744	-212.85223	-3.1707222	4.014982	120.478165	-15.182509	14.411209	9.90948	1404.210239648819
13	654.672	31.128967	686.85016	570.0124	451.81897	45.566833	515.7193	396.226	-22.358913	9.096536	-3.9846928	-35.81063	-169.81154	26.91609	-136.42134	-202.6228	-487.8267	62.55297	-424.5702	-559.3739	-46.08058	16.910864	-11.831142	-71.66277	1000.0	1000.0	51999	-94.82813	74.006195	2.6491714	-209.72252	-94.82718	74.004776	3.217339	-199.71481	-3.202411	3.998635	69.04561	-15.313276	14.029506	9.618076	1523.5259141921997
14	646.48364	6.125196	656.4721	639.33185	392.87433	44.234844	467.64276	356.99295	26.034058	28.642765	88.1415	-10.075998	-131.03816	76.75857	-24.666838	-230.31737	-480.31335	76.79929	-375.60138	-570.6232	50.993366	57.337265	175.18982	-20.862692	1000.0	1000.0	55999	-96.48807	74.78841	3.8800154	-215.16519	-96.48755	74.78714	5.954196	-212.34494	-3.1597307	3.9737303	64.0675	-15.458498	13.369415	9.505043	1641.2860760688782
15	549.1295	19.345228	590.69904	531.89026	442.49918	119.89674	638.4905	343.92084	-28.78194	8.6615	-17.908394	-43.100693	-178.60556	50.374428	-136.49371	-263.4384	-552.9292	48.103706	-490.23303	-625.27545	-57.830025	17.190502	-35.816788	-86.201385	1000.0	1000.0	59999	-97.24126	74.93138	-1.0418019	-206.7901	-97.24045	74.92982	0.9279488	-211.14003	-3.1124938	3.939257	55.355133	-16.412903	13.287531	9.342323	1759.2883126735687
16	608.3438	10.576439	621.8056	590.24365	373.85754	27.950104	417.4234	341.22055	-17.326822	24.034739	1.0204289	-68.18215	-136.94897	17.458918	-106.87821	-148.865	-459.4613	32.416607	-410.39908	-501.2151	-34.848743	47.976295	2.0408578	-136.3643	1000.0	1000.0	63999	-97.04475	74.47311	-1.6647868	-204.89255	-97.04473	74.47165	-1.1860971	-204.39662	-3.1099873	3.937003	59.31451	-14.564582	13.55219	9.10966	1879.6999809741974
17	601.9196	15.687293	634.2002	581.27716	340.67206	79.586876	427.07507	210.75182	1.0888312	11.071687	14.869167	-18.800028	-139.19687	25.181625	-103.97618	-171.72643	-498.29584	62.41672	-403.06073	-569.2441	1.5346445	22.009975	29.738335	-37.600056	1000.0	1000.0	67999	-95.56117	73.16859	1.5055461	-206.88644	-95.561	73.16697	6.1790934	-204.94995	-3.0676496	3.9766996	47.921234	-16.077679	13.695373	8.837848	1999.2629017829895
18	601.4759	20.470575	618.904	567.14026	353.1874	40.81844	418.5913	313.90097	98.68025	168.52745	559.01764	-21.812561	-157.4876	37.926712	-116.8155	-219.46194	-578.2704	44.27926	-514.37646	-639.21387	181.87419	316.52228	1050.6465	-43.625122	1000.0	1000.0	71999	-93.46174	71.525925	1.0188055	-205.77301	-93.46152	71.524376	3.0407581	-205.9431	-3.1179366	3.9987755	48.414986	-15.665842	13.600807	8.768552	2117.418187379837
19	511.60443	61.285786	648.1873	436.47537	323.08926	18.608831	351.64542	302.08508	1199.2303	381.8213	1375.409	60.034187	-155.23898	13.222885	-135.62024	-171.73148	-524.15704	32.577507	-489.50284	-571.94214	2040.457	649.19977	2432.3972	111.78476	1000.0	1000.0	75999	-91.0829	69.71202	0.3680687	-219.71416	-91.08296	69.70976	4.5389295	-215.05682	-3.1050644	3.9911454	47.06726	-16.223858	13.462881	8.63988	2236.278923511505
20	590.5041	37.354534	667.5366	543.9282	346.84857	36.244057	396.98474	299.3743	1002.32404	547.4791	1467.408	-8.853725	-101.79423	21.67563	-82.17313	-135.82146	-429.99664	20.382366	-402.3101	-458.36594	1871.5531	1016.2966	2710.2544	-17.70745	1000.0	1000.0	79999	-88.58907	67.956985	1.6141248	-219.32072	-88.58902	67.955475	5.4738307	-215.12418	-3.1842535	3.9931335	49.338898	-16.529804	13.7154	8.595607	2359.3968324661255
21	600.80334	8.53423	611.14435	583.502	321.58365	28.894161	355.72205	275.71982	602.78973	439.66824	1366.157	1.4179447	-120.26402	39.673046	-57.49445	-157.96466	-473.49976	67.191315	-361.14407	-538.2363	1037.6593	754.81946	2371.2417	2.8358893	1000.0	1000.0	83999	-85.94087	66.06383	-0.41791868	-209.93652	-85.9413	66.06237	1.8814917	-215.36151	-3.2612903	4.01839	48.281662	-14.595541	13.332193	8.11525	2480.879519224167
22	640.0841	10.479206	652.8222	620.7754	380.83743	54.257008	444.8679	295.58804	1229.7665	465.7205	1559.721	20.644068	-104.942986	23.20945	-80.27382	-139.0596	-417.4129	4.3418674	-412.11426	-424.2097	2262.6726	849.4369	2803.6853	41.288136	1000.0	1000.0	87999	-83.02674	63.93502	0.20783186	-209.81952	-83.0273	63.9335	1.5359206	-203.91222	-3.2558672	3.9929085	49.93896	-14.28167	12.67238	8.0145855	2598.588445186615
23	632.03455	18.901445	657.1724	590.63135	358.45633	53.261105	448.4792	309.89398	226.7615	262.5733	809.28156	-2.99555	-149.48808	37.603626	-111.35603	-195.60774	-513.9191	60.95267	-462.18863	-616.7923	446.56772	519.3641	1604.6575	-6.95749	1000.0	1000.0	91999	-79.99178	61.805893	-0.6672015	-218.099	-79.99227	61.804317	3.9702735	-222.57138	-3.2895048	3.9775193	52.240566	-16.519873	12.53116	7.8558884	2716.973642349243
24	651.6665	6.9903474	660.04767	639.0854	355.636	58.790886	450.18805	288.48248	23.851048	75.01767	246.92435	-16.710249	-128.89265	32.12974	-92.801186	-162.23584	-449.02325	69.25864	-353.39603	-526.11176	46.72049	148.04398	486.8258	-33.420498	1000.0	1000.0	95999	-77.72243	60.24502	0.45784903	-204.28102	-77.7232	60.243046	2.9006958	-217.49998	-3.2617733	3.9812174	51.34977	-19.514643	12.197685	7.855082	2836.7241637706757
25	612.3119	16.147152	656.8188	598.91455	388.13345	44.916626	461.70926	341.73123	1060.9668	525.1718	1414.8008	12.413516	-106.18935	68.28077	-47.476562	-221.68468	-381.8382	126.44619	-260.85007	-582.8983	1966.1575	969.7192	2548.0452	21.774084	1000.0	1000.0	99999	-75.95425	59.005352	3.1705737	-210.50076	-75.95461	59.00359	2.5379694	-213.63719	-3.2788563	3.970143	45.747086	-14.755169	11.659857	7.968416	2960.4728693962097
26	623.6209	27.550507	675.04083	588.8435	359.22162	29.176826	391.607	318.63275	463.70157	411.08344	883.4254	-146.9235	-50.834805	67.93214	62.469925	-112.79435	-325.02985	91.65204	-182.1473	-432.05933	926.6844	821.6449	1765.7527	-293.847	1000.0	1000.0	103999	-74.10827	57.779686	3.243737	-203.94849	-74.1087	57.777794	2.5885086	-212.24991	-3.340565	3.9714656	47.030365	-17.485796	12.165209	7.845868	3081.9552874565125
27	652.24225	11.410527	669.388	632.3855	339.50998	47.52213	412.07193	279.72223	1112.9897	110.84178	1255.103	896.0034	-55.69162	17.579111	-30.775568	-73.364105	-364.56503	80.48756	-252.9256	-480.40356	2146.0327	175.1889	2334.0813	1789.8452	1000.0	1000.0	107999	-72.37599	56.67177	1.3794665	-204.34952	-72.37614	56.669685	1.7806966	-201.40594	-3.3231254	3.9688358	58.087635	-15.115588	12.248634	7.8885593	3202.9106872081757
28	574.17834	25.359056	613.03754	541.9598	331.99744	20.002628	357.09512	306.5019	590.37317	226.10051	888.08875	299.848	-160.41368	53.111164	-88.71887	-236.7461	-584.3097	167.20465	-381.00427	-820.27246	1172.8518	449.2623	1760.7756	593.7545	1000.0	1000.0	111999	-70.86375	55.70599	0.22906923	-197.37129	-70.86392	55.70463	0.4562459	-200.2529	-3.3745944	3.9569016	44.153713	-16.277882	12.212179	7.901626	3323.620102405548
29	538.06433	2.5055552	542.1134	533.7556	391.3356	39.432667	454.2151	346.69437	647.95276	54.833427	742.8853	566.3163	-40.954716	33.69476	-6.616246	-89.1064	-290.6527	22.079102	-264.1424	-325.41736	1294.4119	108.230804	1479.4329	1132.3761	1000.0	1000.0	115999	-69.97319	55.32611	1.5782223	-194.2142	-69.97393	55.32374	1.8094616	-197.59752	-3.4589763	3.9621718	43.69096	-14.400507	12.294866	8.092276	3446.0825695991516
30	584.55975	25.464104	640.0126	554.8884	328.31128	57.170967	418.9465	262.12723	967.1865	484.46667	1320.4341	-0.8783792	13.050218	103.56852	184.56712	-82.47923	-287.9861	92.44576	-132.88223	-375.68408	1808.4792	902.9195	2351.5366	-1.9408915	1000.0	1000.0	119999	-68.79633	54.739418	1.889041	-200.40756	-68.79736	54.737545	1.4144914	-201.82529	-3.3627405	3.897423	54.66746	-15.64254	12.071047	8.335313	3566.1058583259583
31	581.17755	6.0923395	593.03644	574.16907	374.1305	33.201828	405.49243	319.02036	1129.1622	59.354584	1218.1506	1029.6661	-30.619247	66.167656	54.486298	-106.58129	-261.4995	103.207405	-95.70513	-349.56168	2193.9402	107.97384	2356.9507	2009.7163	1000.0	1000.0	123999	-67.69222	54.23206	2.591337	-221.0824	-67.69327	54.229534	1.6062135	-222.62135	-3.392222	3.9185874	66.73393	-15.24167	11.653733	8.469549	3689.75333070755
32	541.2072	2.686264	545.3194	536.8623	367.06253	50.44925	445.70438	308.60287	865.0511	39.6667	917.8852	782.8725	-41.30458	45.21794	27.017649	-99.19589	-329.03192	36.2368	-294.11572	-389.80142	1718.4889	79.99405	1821.9352	1553.753	1000.0	1000.0	127999	-66.40646	53.504284	5.520739	-213.42032	-66.4074	53.503033	3.5402327	-208.92555	-3.332124	3.909559	56.36016	-15.750583	11.560004	8.56163	3815.4336791038513
33	570.46436	12.390715	585.6854	548.3881	333.84555	35.30453	380.14642	289.16806	1018.59766	101.39289	1176.4633	869.3971	-21.712276	79.65054	98.908066	-93.68658	-314.66037	104.67294	-156.80371	-428.73892	1982.8142	158.95624	2207.2222	1737.1442	1000.0	1000.0	131999	-64.76616	52.561523	4.513336	-217.3017	-64.76638	52.55852	4.288727	-215.93806	-3.2867153	3.898695	47.214733	-14.583921	11.309045	8.599248	3938.614510536194
34	534.6176	4.769415	542.4469	527.3201	346.19598	56.90444	431.99274	273.22433	1089.292	15.544248	1123.3058	1070.1163	65.444466	145.26286	303.89444	-63.798435	-161.36383	202.99776	159.739	-398.41483	2119.5552	26.902369	2185.3809	2089.0125	1000.0	1000.0	135999	-62.982906	51.42677	2.9681072	-219.1879	-62.983276	51.424065	4.8387384	-229.08757	-3.3835635	3.917599	53.714172	-15.790533	10.730384	8.574176	4062.63884305954
35	626.137	24.613008	663.815	598.96356	395.78342	28.516434	443.59616	371.89688	645.0155	452.80112	1038.3981	-2.4534516	218.33623	192.61986	532.61725	57.96843	108.525475	339.7833	657.71344	-190.79495	1273.6444	894.3384	2046.9122	-4.9069033	1000.0	1000.0	139999	-60.56215	49.703922	4.915019	-216.07452	-60.56322	49.701717	4.849121	-222.82755	-3.3341925	3.9284427	45.324814	-15.409503	10.289232	8.425732	4220.919811010361
36	533.2318	6.440477	538.45013	516.2011	386.60852	14.258601	405.78317	367.15347	896.4596	30.802996	965.6188	854.0493	82.02843	80.433495	221.31058	33.76198	-140.67775	111.30954	47.759678	-241.3975	1788.1162	57.773643	1913.3297	1705.2828	1000.0	1000.0	143999	-57.918495	47.97304	5.927858	-220.53783	-57.91849	47.97031	5.7847686	-227.16151	-3.3229337	3.9623857	50.839123	-14.853713	10.0660925	8.346876	4372.065956115723
37	530.28577	4.3582125	540.07733	525.09	428.67505	58.65615	506.36386	351.68533	1184.8156	23.54941	1218.5024	1135.6006	58.181824	85.58274	154.4989	-67.81689	-176.75185	73.06913	-84.155556	-286.52078	2221.1816	26.401579	2260.5974	2162.4226	1000.0	1000.0	147999	-55.75493	46.66606	7.481591	-219.48608	-55.75469	46.66323	7.4282064	-229.3069	-3.3347344	3.9272943	47.69209	-17.799112	9.401005	8.249189	4533.255449056625
38	567.55994	10.373675	586.4931	556.681	343.14572	53.409973	406.07578	272.93832	1104.5364	12.965825	1125.711	1075.2979	433.6432	179.35104	603.45386	141.98099	286.26508	218.11362	445.58057	-88.69812	2186.5356	20.119694	2210.6948	2136.6858	1000.0	1000.0	151999	-53.457485	45.32849	7.5550704	-213.0517	-53.457935	45.325287	9.245523	-214.23521	-3.209749	3.9215472	57.10098	-15.189227	9.394961	8.364647	4703.87450003624
39	518.2957	6.3632836	531.3552	509.2364	332.8877	49.505604	415.8635	285.42194	1140.9537	50.968674	1217.1342	1045.9181	170.96039	164.96414	378.42947	-5.5231137	-73.80509	226.77707	164.20938	-318.4974	2213.8376	74.5023	2320.8801	2065.3936	1000.0	1000.0	155999	-51.2192	44.0334	10.474161	-215.9974	-51.218636	44.03054	10.151366	-215.52766	-3.2623115	3.9093096	43.542736	-14.42572	9.087657	8.358558	4894.986726522446
40	577.2981	3.2853444	585.61066	572.6158	408.2672	62.097202	515.2889	362.6498	1276.4078	39.767326	1367.3358	1237.6632	57.167053	43.11497	92.58956	-16.572422	-166.53502	38.45562	-109.31935	-213.34087	2434.8184	53.028187	2553.883	2376.9392	1000.0	1000.0	159999	-48.95572	42.73949	12.245625	-206.41757	-48.95536	42.736614	13.096318	-201.91496	-3.21827	3.9084501	46.110497	-15.611507	8.989411	8.293723	5093.5525052547455
41	574.1032	4.1496634	580.79083	567.9072	389.75342	24.749317	409.1035	347.25757	1158.9746	16.73044	1192.0115	1122.6962	126.413536	116.1144	304.3931	4.3090577	-67.91843	149.33685	142.29726	-221.12411	2266.8696	31.881422	2329.941	2199.974	1000.0	1000.0	163999	-46.509	41.339325	14.709347	-198.0683	-46.50871	41.336975	15.432982	-198.47815	-3.256535	3.9124718	52.372196	-15.177622	8.7355175	8.016986	5291.512311458588
42	552.6122	2.1924102	555.78815	548.5779	400.09714	35.982517	457.95422	361.1232	1334.3254	25.562132	1371.7466	1292.7461	145.77797	102.05548	290.02435	30.996708	-33.08998	120.89887	137.22774	-187.96335	2451.022	32.264675	2500.866	2397.9126	1000.0	1000.0	167999	-43.89054	39.90867	17.070988	-204.49606	-43.89041	39.90629	17.274027	-206.46509	-3.1946118	3.9263356	48.03535	-16.019917	8.352185	8.033369	5432.681341171265
43	543.15173	4.2436647	549.31616	537.1059	394.5584	52.536793	482.88528	344.60364	1255.3853	38.568565	1303.5549	1203.8284	269.80945	143.24275	379.92804	24.465366	104.3389	167.27618	263.41977	-172.78305	2357.2212	50.54916	2420.9448	2288.3716	1000.0	1000.0	171999	-41.5395	38.782944	20.308834	-210.36798	-41.53958	38.78075	21.056444	-209.72163	-3.1714625	3.8840263	34.85627	-15.969645	8.085496	8.042003	5555.116674423218
44	517.45105	4.3515086	525.89606	511.95706	379.75418	33.215733	421.94867	333.79324	1348.2067	11.6858225	1367.5697	1331.5344	351.737	378.3827	992.47797	18.875586	210.91364	446.3573	969.2855	-171.41263	2387.0098	13.644057	2410.0186	2371.769	1000.0	1000.0	175999	-39.15372	37.731544	22.609753	-206.17444	-39.15334	37.729504	23.373632	-211.45087	-3.0581803	3.8741481	42.725807	-14.694972	7.1696486	8.214676	5677.586756706238
45	557.16907	3.5317082	564.4481	552.3445	415.83026	50.619938	480.19302	343.0339	1587.5042	44.195797	1655.5189	1520.5691	310.60733	100.155106	476.13837	217.07437	215.96945	151.28922	380.77817	-14.867065	2723.9753	35.195465	2771.8667	2662.8384	1000.0	1000.0	179999	-36.701744	36.58578	29.42313	-212.5764	-36.70151	36.58438	28.33015	-204.02199	-3.0777893	3.8899288	52.54739	-15.242406	6.4650216	8.284928	5795.896903514862
46	539.0885	43.064293	666.72754	516.21924	351.83426	44.328304	420.00925	309.86124	1359.562	450.96997	1568.7462	10.844546	832.9624	457.02405	1373.3337	150.95097	725.06903	501.39838	1205.068	-88.81569	2316.063	765.9503	2639.4993	21.689093	1000.0	1000.0	183999	-34.235947	35.71038	33.704525	-217.67328	-34.235706	35.70796	35.50302	-214.14279	-3.0018404	3.872558	58.58036	-14.887355	6.1900682	8.4156475	5916.033517837524
47	579.9556	37.299156	690.85406	561.6776	432.48233	17.96723	461.4905	414.42874	1303.1521	440.17953	1521.1715	-11.883693	517.0996	139.12387	756.12744	408.7023	460.58887	181.37656	771.68933	328.3973	2367.7485	798.9973	2726.6003	-23.767385	1000.0	1000.0	187999	-31.059877	34.69571	37.74944	-216.97237	-31.058847	34.69314	37.98858	-214.63922	-2.8770175	3.8522437	52.79985	-13.445959	5.893372	8.542565	6042.085151672363
48	461.04068	15.620583	490.7553	436.09375	433.50076	47.828346	484.8722	359.97946	1582.9221	14.896529	1607.3219	1557.5109	423.22968	337.50308	950.5881	117.37711	347.12744	399.224	1003.9857	11.553784	2314.869	78.44973	2465.1182	2185.9868	1000.0	1000.0	191999	-27.86244	33.856537	47.09788	-203.19145	-27.862144	33.8541	47.360832	-205.09079	-2.6104898	3.8279707	48.917953	-16.772354	5.4691663	8.845982	6183.167390584946
49	584.97864	22.518076	629.4449	566.38184	450.80017	60.21362	522.6815	369.7639	1536.963	497.03268	1828.705	543.4733	595.5056	251.90778	898.7226	202.37904	530.9762	251.27905	750.9101	137.26024	2450.1863	682.3767	2834.3796	1084.8862	1000.0	1000.0	195999	-24.02511	33.034393	50.79319	-211.89745	-24.02534	33.03283	51.171593	-211.59076	-2.5987813	3.8449414	48.058685	-16.648481	4.8170753	8.956697	6330.5978989601135
50	593.8891	12.333835	622.7836	579.5636	415.9854	43.868107	452.92828	341.64984	1713.0134	186.53613	1827.5713	1159.0255	412.3481	321.5991	784.9905	-5.5762835	300.3523	432.62366	786.2632	-319.8022	2763.9731	270.90158	2920.4058	1956.6151	1000.0	1000.0	199999	-20.760792	32.649105	57.133854	-217.3661	-20.760056	32.645977	57.473225	-212.14412	-2.6074727	3.8316185	36.92523	-15.1332	4.2982383	9.127459	6477.607497692108
51	558.2666	11.252313	577.0371	544.17206	418.45264	46.70939	489.1002	359.83292	1743.7686	29.842484	1790.6383	1701.0042	814.80804	509.61755	1436.4541	233.35411	795.1475	587.6141	1404.2495	81.754654	2749.8623	50.991188	2847.6313	2690.7942	1000.0	1000.0	203999	-17.547579	32.587475	64.77547	-222.04524	-17.547234	32.58529	63.007755	-222.93938	-2.4936352	3.7865694	56.35006	-14.921034	3.6298344	9.295716	6618.608950376511
52	575.8458	9.281622	589.7437	554.8702	424.35626	64.99811	516.30585	336.91214	1690.693	19.067684	1717.4177	1660.8208	705.8891	307.0656	1227.6514	436.90536	626.36536	194.6212	959.5424	486.13287	2819.8054	38.500256	2878.153	2721.664	1000.0	1000.0	207999	-13.896641	32.781525	68.59347	-239.08151	-13.895731	32.778137	69.41477	-232.53763	-2.3400767	3.7637982	33.424328	-14.254135	2.8709092	9.710298	6768.017217874527
53	589.789	28.90182	638.72504	547.39685	453.94324	24.160662	477.3158	416.57944	2007.0742	55.78515	2088.2117	1912.6235	1027.335	287.99496	1399.5815	602.63184	1116.0117	333.28967	1525.253	595.96136	3008.2312	125.07221	3216.1697	2813.7727	1000.0	1000.0	211999	-9.819726	33.456604	76.15081	-222.8354	-9.819231	33.453255	73.58379	-216.27853	-2.116035	3.7379804	58.783524	-15.645981	1.9835845	10.075945	6920.842606782913
54	695.35266	20.492056	728.67126	664.4667	488.68042	63.79118	587.66205	423.69077	1803.0199	28.225431	1835.4275	1763.6023	1154.1879	270.9932	1392.1084	701.68744	1353.9788	416.65256	1863.4758	703.3404	3185.2246	57.536663	3264.2715	3077.3674	1000.0	1000.0	215999	-5.175831	34.736504	82.08042	-215.85167	-5.174775	34.734707	84.14008	-222.2946	-2.1044097	3.796375	49.342224	-15.038675	1.124368	10.645065	7066.5544402599335
55	680.65247	25.672798	739.7404	658.83417	547.07745	117.90375	676.435	361.2813	1633.4391	15.191987	1652.2544	1611.2736	1309.2957	318.11453	1581.4052	782.0388	1610.9343	544.7832	2258.7415	911.8396	3017.7507	35.38584	3094.142	2974.8235	1000.0	1000.0	219999	-0.5760673	36.66955	90.8856	-219.18698	-0.57431704	36.667404	94.80196	-215.6093	-1.8776399	3.830383	43.86946	-14.21097	0.27678984	11.227194	7212.104962587357
56	644.87134	31.573278	667.279	578.12787	523.3313	81.91977	628.60614	441.1659	1689.679	36.82308	1754.8353	1637.4856	1251.8673	238.11656	1566.362	986.8452	1528.9794	445.92328	2006.2811	1055.2861	2963.44	105.2879	3103.715	2752.6187	1000.0	1000.0	223999	4.4660397	39.323093	99.48843	-187.32375	4.4668756	39.320454	103.20322	-188.01724	-1.7517937	3.834595	53.040447	-15.009083	-0.69447935	11.738657	7348.033817768097
57	601.1227	14.967321	635.62494	579.25244	617.9649	49.78335	693.7216	561.326	1960.2761	26.823555	2010.5237	1922.115	1558.8147	61.87547	1621.3285	1457.187	2100.9724	108.63355	2214.2874	1984.917	2973.7856	34.90682	3022.8086	2907.119	1000.0	1000.0	227999	9.793074	43.237778	114.1762	-223.22089	9.794155	43.234943	112.54151	-222.35875	-1.5349324	3.8617036	52.721207	-17.27931	-1.672736	12.72473	7481.735811710358
58	450.97504	17.42555	480.79196	422.54324	549.42865	80.448166	653.5277	447.71716	2177.2234	23.357296	2208.6711	2132.8643	1313.8613	383.76114	1699.3752	804.0807	1679.7166	573.1759	2252.4326	943.3647	2352.8481	68.54889	2446.364	2223.492	1000.0	1000.0	231999	15.204207	47.516983	122.504944	-209.89363	15.205652	47.51215	121.259285	-210.30197	-1.3887733	3.972885	41.08047	-16.09678	-2.821712	13.799059	7612.816361188889
59	650.5511	24.08019	673.8135	610.91956	547.24054	37.09774	590.9595	494.9007	1989.781	54.513042	2055.3618	1866.3607	1022.9015	281.25278	1486.9369	728.4955	1265.8453	424.2122	1963.7948	823.1516	3192.5442	79.99735	3310.957	3059.414	1000.0	1000.0	235999	20.340172	51.651096	131.02428	-212.14256	20.341637	51.649364	129.58357	-216.05173	-1.2730525	4.01286	63.691025	-14.261235	-3.865369	14.23042	7739.910849094391
60	548.3055	10.375286	564.6693	528.3384	554.5302	86.16567	652.8819	419.7227	1925.6217	60.02762	2019.6902	1823.5662	1464.936	334.73685	1791.5245	960.1644	1841.5537	508.9956	2484.0383	1293.0491	2820.0356	62.016354	2906.8652	2693.7112	1000.0	1000.0	239999	25.18659	56.1374	138.63425	-204.0724	25.189157	56.134888	138.91083	-208.23898	-1.2003319	4.0625925	52.70035	-17.123835	-4.866202	15.475068	7871.653797626495
61	534.0337	17.396528	557.50433	505.32263	590.6564	150.49275	712.8838	333.093	1992.4066	62.80491	2085.9705	1859.6084	1591.7339	378.89926	1870.9822	938.744	2193.2664	698.6264	2758.3413	996.7121	2719.899	102.05151	2850.812	2562.0718	1000.0	1000.0	243999	30.74675	61.471478	150.41002	-218.56355	30.746374	61.467175	152.6395	-208.25186	-0.87159115	4.164217	52.330765	-14.808234	-6.134254	16.232239	8009.630136489868
62	617.6445	5.2896085	626.97723	609.0167	761.44946	47.876778	837.3554	706.5015	2354.991	62.75044	2463.5107	2245.7952	1692.7174	187.88832	1916.0714	1418.4688	2667.666	368.71677	3201.2192	2211.7505	3218.9385	27.816448	3259.128	3161.7979	1000.0	1000.0	247999	36.39694	67.11494	160.77393	-221.42567	36.397617	67.11197	160.60637	-222.06863	-0.7204087	4.254559	73.64911	-18.087666	-7.4307384	16.94829	8152.26428771019
63	533.5764	10.614836	547.66595	513.5892	693.17236	89.14994	764.4476	543.2458	2242.7856	28.411366	2299.298	2198.2869	1755.8903	424.02402	2030.8596	1022.2262	2595.14	666.7296	3083.3438	1446.0759	2764.3008	37.26308	2812.743	2696.0527	1000.0	1000.0	251999	42.58208	73.44616	168.2133	-215.94826	42.58293	73.44156	168.25452	-216.82164	-0.5473186	4.34438	66.31861	-13.206467	-9.005334	17.80544	8301.365080595016
64	583.8042	7.4114895	596.4787	572.9037	749.49915	103.34392	832.65265	572.92175	2470.7888	48.938488	2524.2573	2343.7395	1717.6923	511.78558	2017.8322	831.27313	2665.731	864.08685	3242.143	1174.2515	3078.0356	36.991535	3151.8503	3013.4395	1000.0	1000.0	255999	50.113113	80.68079	184.85907	-223.31593	50.11459	80.67762	190.32214	-215.53633	-0.35799098	4.4868784	51.632072	-15.632113	-10.77316	18.587902	8445.298547267914
65	670.1625	99.26158	886.77515	511.45938	800.6802	97.16209	892.57056	641.3597	1927.5105	785.8782	2470.8206	272.47467	1867.6353	465.525	2244.0078	1074.7819	2923.347	915.6037	3580.4868	1343.869	2816.4194	1068.8003	4075.2678	355.82434	1000.0	1000.0	259999	57.478737	87.78448	194.52026	-220.24232	57.480396	87.78193	197.53192	-225.3655	-0.2036516	4.68848	69.95375	-15.672487	-12.581748	19.322933	8588.404088258743
66	675.6986	159.38805	966.59094	535.9531	774.9931	54.180717	854.11096	701.11743	2517.4995	55.799267	2627.2903	2411.3862	1762.0022	470.0788	2296.8123	1172.7323	2719.0022	715.3818	3438.768	1727.1562	3367.916	589.6633	4425.319	2834.9363	1000.0	1000.0	263999	65.23135	95.625786	205.3629	-233.63458	65.23158	95.62101	206.26314	-229.78928	-0.20878074	4.7053876	59.905426	-15.94749	-14.364065	20.744745	8732.601559638977
67	1000.3623	291.1214	1168.7042	417.22845	810.8784	58.86667	887.98474	722.3679	2294.6985	206.29826	2455.5623	1835.5233	2173.7334	212.84506	2322.63	1806.5347	3300.4854	320.21405	3666.8047	2862.4644	4125.044	976.4615	4722.2603	2150.5898	1000.0	1000.0	267999	72.46309	103.20973	219.91379	-233.42989	72.46468	103.20601	215.39412	-219.31976	-0.009503104	4.866789	90.2074	-13.522844	-16.571024	21.852098	8878.329947471619
68	948.047	160.43651	1040.9968	474.62784	795.3532	46.466724	851.42975	733.7376	2561.8152	58.479103	2616.257	2407.319	2277.8726	24.170837	2313.0127	2253.9658	3438.569	187.13107	3663.463	3246.372	4389.0327	637.11945	4746.267	2503.6309	1000.0	1000.0	271999	80.05107	111.19773	229.25932	-255.8754	80.05085	111.19416	227.75252	-254.36331	0.19748694	5.1158724	80.49662	-15.112337	-18.10035	23.819023	9017.795218229294
69	781.2472	248.4469	1126.0917	561.63934	900.56146	31.944403	946.47955	858.8338	2615.4146	177.98389	2728.039	2092.7988	2433.7358	63.11947	2495.6465	2328.3552	3893.3203	103.61496	4026.9321	3787.586	3705.6355	890.34924	5053.6577	2960.2998	1000.0	1000.0	275999	87.7187	119.341484	236.45813	-239.22917	87.71987	119.33689	241.81274	-247.99539	0.41439703	5.255997	93.69761	-14.031947	-20.615515	24.376257	9146.324568986893
70	812.2123	379.2055	1106.9054	165.81194	830.90894	50.95911	918.33167	790.37946	2186.9106	660.3122	2651.7158	932.42395	2371.6274	94.3316	2513.7134	2262.1287	3600.369	158.60751	3799.2117	3356.3267	3700.359	1654.5397	4890.5176	840.3563	1000.0	1000.0	279999	96.66943	128.08139	247.47218	-242.76405	96.67051	128.07729	248.39487	-238.44211	0.52607423	5.404677	116.8313	-14.571806	-22.845366	25.510496	9271.804744958878
71	1157.9259	27.49435	1189.3986	1088.6984	889.8915	30.032187	925.0265	845.9742	2753.5903	26.771368	2786.6096	2694.2546	2355.4402	73.86362	2465.4949	2276.0532	3723.3933	150.62318	3852.1335	3467.0515	5124.5703	103.41051	5245.3325	4899.0376	1000.0	1000.0	283999	105.82678	136.98335	254.2103	-246.26045	105.82741	136.98058	256.68198	-229.24084	0.76619744	5.5504384	83.38786	-13.6475935	-24.859581	25.835602	9392.290712356567
72	1097.0315	18.465244	1131.1349	1075.3776	902.8772	22.521967	940.50134	882.1527	2869.4497	40.669502	2951.136	2809.7603	2241.5117	453.726	2587.5764	1460.9313	3586.3643	607.8361	3989.02	2537.7432	5143.481	65.79762	5272.6543	5038.711	1000.0	1000.0	287999	114.25886	145.04475	267.41272	-254.61664	114.25905	145.04138	270.7961	-244.34583	0.8285084	5.609849	108.58838	-14.13948	-27.09188	26.67275	9519.420890569687
73	1133.5806	72.90206	1205.903	925.3716	825.4855	120.47968	988.35736	691.7592	2636.4116	24.73607	2662.979	2580.8005	1767.4298	730.0816	2534.7405	846.59125	2825.3076	1180.2162	4123.571	1355.986	4962.946	239.08652	5148.5146	4265.9897	1000.0	1000.0	291999	121.80899	152.50159	274.33145	-252.33185	121.80798	152.49748	274.51477	-248.45164	0.8156422	5.6530795	85.04218	-15.385343	-29.124212	28.182835	9642.958884477615
74	1130.4508	16.804169	1160.2256	1105.4642	1010.6122	25.84546	1050.8606	986.7745	2907.2827	35.901123	2958.443	2848.6306	2505.8916	68.820786	2609.369	2417.5974	4294.875	94.07778	4372.164	4139.828	5249.093	54.74378	5374.894	5153.5728	1000.0	1000.0	295999	128.15591	158.84929	281.6012	-224.88936	128.15503	158.84433	284.64703	-229.26102	1.0651606	5.681624	90.31926	-13.633421	-30.316238	29.223202	9764.574659824371
75	1075.943	17.233885	1103.1117	1058.6501	971.94403	59.295177	1042.9738	887.1088	2742.8042	22.406013	2785.8381	2712.097	2456.7683	60.885933	2554.847	2394.242	4105.4336	188.82735	4388.8345	3869.2056	5005.3564	56.270226	5089.421	4910.303	1000.0	1000.0	299999	136.7724	166.69879	286.96484	-241.50638	136.77274	166.69606	286.86108	-233.69736	1.2012097	5.8549433	112.34183	-14.954674	-32.776947	30.32723	9884.948212385178
76	1155.2572	20.914938	1178.9761	1109.5981	974.3202	31.016165	1020.71765	935.57227	2884.7454	27.028765	2932.3474	2851.791	2499.0955	55.884216	2566.991	2416.152	4234.2026	97.85313	4397.492	4155.508	5302.45	78.79004	5396.0737	5126.2935	1000.0	1000.0	303999	146.35226	174.7784	292.81604	-229.0965	146.35214	174.77551	293.15775	-229.95897	1.2857553	6.005587	119.798134	-18.959455	-34.20985	30.318243	10006.692949056625
77	1149.533	9.2136135	1167.0765	1135.0485	1006.7256	43.055027	1044.6732	933.6651	2795.2002	34.254795	2828.9417	2730.782	2476.13	227.14006	2621.6377	2083.2458	4189.424	378.59186	4512.6787	3547.7537	5210.7314	49.517036	5264.325	5126.925	1000.0	1000.0	307999	155.10304	182.63371	303.59586	-228.43492	155.10362	182.63042	303.27518	-224.65953	1.4479576	6.213182	130.04288	-14.507391	-34.883793	30.599258	10130.827605247498
78	1185.4875	17.55301	1220.9888	1150.5155	1060.0149	33.086063	1110.8904	1021.49115	2952.4385	20.645195	2982.4595	2910.7	2620.0024	15.819858	2641.92	2598.0278	4549.392	86.44079	4657.4756	4416.36	5424.3447	41.107544	5462.2803	5351.1646	1000.0	1000.0	311999	163.74477	190.17523	310.6537	-246.70157	163.7447	190.17244	309.8745	-244.47656	1.5834461	6.3418055	132.4109	-15.408794	-36.26689	31.693266	10255.070860147476
79	1140.2172	22.4395	1174.3909	1095.4332	990.0248	67.752304	1051.7072	878.25507	3110.2024	28.462118	3156.656	3070.623	2485.5703	269.256	2735.0374	2030.9584	4179.195	508.47787	4633.6396	3323.806	5495.9033	92.23052	5636.684	5331.94	1000.0	1000.0	315999	174.0143	198.7692	314.99838	-233.81152	174.0156	198.7663	317.39093	-228.5622	1.7506292	6.435111	124.33836	-16.6482	-38.654686	31.155333	10393.316173553467
80	1182.995	32.32011	1210.6152	1099.0052	1029.02	8.419954	1041.6586	1018.57056	3264.8923	59.405945	3330.0034	3160.049	2707.7546	19.88501	2732.3547	2677.0234	4536.783	71.81997	4646.617	4455.2334	5740.37	145.03316	5879.838	5363.4365	1000.0	1000.0	319999	183.14568	207.05327	322.39746	-208.4259	183.14482	207.0508	327.5675	-204.59305	1.9922087	6.7035418	161.3724	-16.075445	-41.451115	32.429455	10517.934441566467
81	1160.7424	19.395357	1189.8606	1120.7671	660.49854	331.52252	995.9254	303.10898	2813.6719	33.742626	2888.908	2777.4326	1478.3616	1203.0826	2714.169	264.49915	2281.548	2166.241	4501.4487	79.50541	5231.614	81.96734	5398.656	5082.0894	1000.0	1000.0	323999	191.70387	214.4965	338.4968	-223.18358	191.70557	214.49329	333.39993	-220.99144	2.0349457	6.7984047	107.09793	-13.6328335	-43.046654	33.485962	10642.017305612564
82	938.0244	373.3524	1152.6292	170.58003	1030.3234	72.68632	1092.5188	908.6339	3054.2778	332.16464	3270.1338	2369.563	2600.2397	238.71017	2791.0234	2193.5515	4383.3994	527.7723	4757.857	3474.833	4609.8154	1803.606	5610.5728	885.53613	1000.0	1000.0	327999	198.38377	221.01566	341.0832	-221.22327	198.3859	221.01282	343.41064	-207.25005	1.9744986	6.784523	121.509125	-14.841782	-45.396053	35.066765	10765.685206890106
83	1254.2131	15.169415	1282.8325	1235.3809	1068.4688	23.149998	1094.6123	1042.1357	3350.0144	27.799938	3397.357	3305.8948	2808.9077	56.632736	2875.7478	2721.8984	4771.428	84.96687	4892.74	4670.025	5973.4756	41.298817	6041.464	5895.8105	1000.0	1000.0	331999	207.18169	228.38297	343.31952	-236.21208	207.1826	228.38	345.97122	-224.51663	2.2328093	6.860791	153.61716	-16.114658	-48.2331	34.681797	10888.114027738571
84	1224.5555	16.488873	1258.9833	1205.5707	1024.1227	58.46579	1083.0359	927.3807	3135.2075	34.547764	3200.9514	3090.6526	2586.3599	371.78876	2843.6362	1944.289	4342.942	633.8513	4758.931	3248.29	5696.483	52.318874	5791.2617	5627.3467	1000.0	1000.0	335999	216.37874	235.53569	353.08398	-220.82567	216.37912	235.53343	352.05676	-230.08142	2.2356017	6.837923	113.23382	-14.992522	-50.934208	35.175056	11012.393600463867
85	1281.0852	19.775934	1318.9021	1246.7393	1101.5308	36.94475	1160.6187	1059.2781	3192.8806	27.530981	3236.9668	3139.3928	2878.037	88.759575	2985.9255	2772.535	4939.497	155.75708	5207.8516	4833.503	5860.4297	68.10568	5995.8916	5716.74	1000.0	1000.0	339999	224.6107	242.46953	354.1556	-228.88748	224.6106	242.46738	356.9635	-225.89693	2.3053565	6.7384334	92.10918	-15.106226	-53.72175	35.00982	11132.135523796082
86	1290.6116	23.775803	1334.861	1262.7764	1069.6975	78.42163	1143.4707	944.14014	3207.3362	27.847347	3241.0203	3154.6863	2751.532	148.59273	2878.9539	2509.86	4687.0234	393.83395	4999.5376	4018.4744	5851.8223	74.20879	5971.972	5725.198	1000.0	1000.0	343999	233.31573	249.50656	362.2551	-236.60431	233.31616	249.50467	363.5622	-224.39902	2.3595839	6.9038663	91.49359	-14.676022	-56.227154	35.93949	11252.417479515076
87	1157.1373	18.282833	1174.9933	1113.7306	914.84033	347.15417	1122.7242	313.69482	3243.8813	48.756397	3308.7917	3173.8962	2241.4497	1320.264	3088.0146	-43.44544	3750.9072	2324.3027	5095.781	-274.90005	5625.5366	84.76602	5728.0884	5430.9453	1000.0	1000.0	347999	240.36716	256.14957	366.18137	-232.53061	240.36691	256.14746	369.87766	-229.60185	2.6021817	7.083645	99.87628	-12.869074	-57.8648	35.526012	11371.763018608093
88	1174.7745	24.261446	1221.3763	1136.0897	1095.1036	48.738506	1173.7251	1041.0708	3241.4465	134.24301	3382.564	2875.2449	2953.5132	78.16227	3071.427	2856.829	4930.3525	151.56308	5109.3594	4750.3564	5669.8145	245.74767	5956.4688	4987.2026	1000.0	1000.0	351999	247.57788	262.25858	371.72217	-239.42065	247.57674	262.25565	376.3271	-220.273	2.5701604	7.160444	126.550095	-15.238899	-59.930023	37.350063	11492.732820987701
89	1194.2404	21.752337	1221.5879	1153.2571	1097.579	51.256058	1136.2476	1009.55176	3336.3333	100.12688	3450.3484	3063.3772	2935.976	88.48888	3083.1057	2846.5132	4933.9	206.03593	5228.613	4694.0024	5811.546	170.50635	6004.3267	5365.2236	1000.0	1000.0	355999	255.97502	268.65265	378.85995	-244.48338	255.9731	268.64984	376.96103	-224.0797	2.6251006	7.1050544	142.47293	-15.091925	-62.561928	37.37796	11611.975669622421
90	1257.7245	12.04455	1269.5063	1233.8058	932.33936	285.19882	1136.8978	440.54578	3564.6953	45.28465	3659.2083	3520.3494	2515.4646	959.30334	3099.1555	854.8594	4106.569	1711.4742	5280.7754	1152.6079	6202.8896	42.23497	6293.946	6121.5537	1000.0	1000.0	359999	263.0795	274.2784	381.79074	-220.5861	263.08203	274.27667	382.02505	-213.99753	2.8768837	7.3728175	148.93828	-15.118186	-64.37823	36.64365	11733.818350553513
91	1242.9087	18.656034	1266.3711	1216.1748	1010.01215	100.88781	1095.0848	837.8483	3327.9863	29.063799	3374.6565	3275.15	2736.9287	438.61597	3015.4268	1978.1227	4504.5874	730.8371	5042.5977	3245.0427	5984.288	59.523838	6088.8784	5886.4385	1000.0	1000.0	363999	268.82343	279.32333	391.20032	-238.86516	268.8233	279.3213	392.09045	-241.83574	2.8858366	7.4595466	115.0527	-16.012157	-64.34772	37.48508	11855.15050649643
92	1220.7262	17.402067	1242.6394	1174.8193	1153.0082	24.795273	1179.5685	1113.3344	3426.6587	51.327965	3495.8242	3352.6248	2946.9834	154.34738	3133.3284	2705.6836	5067.0127	195.08871	5318.9688	4797.305	6011.3525	68.2883	6109.5835	5874.851	1000.0	1000.0	367999	275.18887	284.7638	391.8974	-250.2956	275.19006	284.76215	394.22	-258.9859	2.9569345	7.4680877	99.33721	-15.690317	-66.39985	40.000687	11981.182499170303
93	1330.8757	22.572325	1374.1304	1289.5366	1102.4961	43.399464	1159.0023	1044.8676	3383.698	36.522415	3441.093	3322.1497	2971.106	52.52264	3022.6382	2889.7056	5001.519	70.08899	5072.4395	4885.722	6115.904	83.14219	6283.47	5953.9043	1000.0	1000.0	371999	283.39145	290.93918	398.1354	-219.92638	283.39343	290.93567	397.6694	-215.77472	3.0174568	7.382551	122.238464	-14.56671	-69.198654	41.015556	12102.365798950195
94	1269.4519	16.839174	1287.5295	1240.4503	1129.8253	29.364729	1160.348	1084.9601	3402.4993	25.389343	3437.9812	3353.4177	3001.7324	82.7156	3075.9243	2872.13	5077.528	156.4839	5190.566	4808.4146	6111.9673	63.405754	6190.985	6002.2334	1000.0	1000.0	375999	290.61713	296.09216	402.3548	-227.75821	290.61887	296.08954	403.0538	-236.63153	3.136591	7.523561	119.24351	-13.424526	-69.7729	41.08819	12221.855020523071
95	1251.7166	21.669664	1282.1606	1209.7438	992.4523	211.04474	1161.2662	630.5476	3641.5613	242.19875	3799.563	2924.2246	2692.0562	550.9188	3078.6577	1746.4957	4398.1777	1090.8009	5249.0176	2529.395	6117.077	372.1719	6367.013	5034.1147	1000.0	1000.0	379999	298.15393	301.7206	404.9876	-209.97296	298.15515	301.71823	408.75894	-233.6586	3.2879968	7.503089	109.57147	-13.627982	-70.73802	42.428093	12339.826097488403
96	1201.3217	15.460925	1226.3389	1180.1105	877.15625	333.94443	1125.9489	310.71823	3404.773	27.219425	3456.1577	3370.9106	2366.4817	1031.7466	3114.0308	604.64026	3696.4429	1939.4408	5139.283	404.2444	5963.8	63.317493	6069.7896	5856.231	1000.0	1000.0	383999	305.15137	307.4587	416.02975	-213.5625	305.15308	307.4572	413.38608	-234.97536	3.3746932	7.7544875	118.20361	-16.271296	-70.7952	42.084763	12458.483124732971
97	1145.1241	15.587364	1179.6582	1124.6736	1063.7819	210.89513	1262.08	708.6775	3459.0735	24.11528	3505.5713	3424.9973	2576.597	838.2878	3136.7305	1128.3317	4400.3267	1531.2134	5486.518	1760.4016	5837.525	61.522472	5979.661	5745.343	1000.0	1000.0	387999	308.45724	310.72714	412.63876	-203.53029	308.45615	310.7242	413.8561	-228.96803	3.344379	7.672633	145.6242	-14.609589	-70.22514	45.33325	12582.172874212265
98	1293.401	26.005568	1330.8021	1244.5117	1155.9829	47.755367	1202.5148	1091.3712	3320.9753	26.575363	3381.0527	3287.8757	2911.0679	223.36292	3147.769	2543.681	5026.4873	375.56873	5436.7373	4427.066	6061.296	73.29762	6139.02	5917.356	1000.0	1000.0	391999	313.75458	314.9746	413.3547	-208.00102	313.75455	314.974	414.95352	-192.82211	3.3914866	7.755136	131.9212	-13.51317	-71.77723	43.56532	12701.422612667084
99	1369.8707	18.412077	1410.2833	1346.4463	1178.1858	50.53452	1259.2012	1121.4758	3558.2593	27.322231	3598.4502	3505.2957	3093.6406	50.658955	3162.8438	3019.9026	5284.472	102.8619	5415.763	5130.482	6400.423	56.574562	6528.0454	6345.621	1000.0	1000.0	395999	318.5282	319.09146	418.21844	-191.60481	318.52905	319.08978	425.35895	-187.35362	3.4337456	7.693426	132.33617	-14.9412565	-75.549675	45.555202	12819.735138177872
100	1205.803	12.515007	1227.9476	1186.9086	1164.7013	70.7048	1247.4716	1057.8376	3651.7896	23.287289	3687.444	3606.6973	3070.1245	105.82449	3174.6545	2900.5474	5200.5415	241.90709	5459.776	4939.6445	6147.3774	48.272526	6233.7065	6047.1406	1000.0	1000.0	399999	326.4412	324.5975	422.5191	-204.39131	326.43942	324.59393	422.66064	-226.53836	3.4475887	7.6350036	129.63298	-14.313224	-78.66644	47.54143	12940.05059838295
101	1301.7701	22.912544	1339.6915	1270.5388	1145.1854	45.65939	1218.826	1106.4777	3301.855	36.29679	3357.388	3236.5315	3120.0771	33.505157	3166.3135	3072.724	5195.367	65.0139	5306.6074	5144.8037	6100.249	68.12517	6210.843	6006.654	1000.0	1000.0	403999	331.92123	328.73782	424.66098	-213.8476	331.9214	328.7342	427.9514	-226.64735	3.8717628	7.7988334	197.93236	-15.293901	-82.03887	48.629215	13061.504036188126
102	1129.7214	14.941952	1155.8104	1106.9037	1209.6061	33.147522	1245.4612	1155.9681	3509.638	36.7966	3582.1365	3465.5222	3099.2422	29.486286	3145.325	3072.9224	5346.9224	105.08114	5429.8486	5167.272	5790.388	58.724617	5883.853	5663.7563	1000.0	1000.0	407999	336.92773	332.5342	426.82108	-182.10236	336.92816	332.53012	429.34546	-223.38663	3.9340708	7.9080224	161.423	-13.711533	-83.19366	48.20475	13184.075121879578
103	1268.7291	30.325045	1344.9941	1233.9982	1207.1758	20.457369	1242.4639	1192.4508	3562.2793	41.41899	3630.809	3498.5378	3153.6064	33.265938	3197.551	3107.2483	5423.173	112.94866	5615.9414	5328.423	6291.7607	108.69101	6537.6157	6158.7983	1000.0	1000.0	411999	342.25803	336.4641	433.32642	-213.79486	342.25793	336.4625	431.42758	-212.02998	4.0758376	8.111413	162.20413	-14.6256075	-86.43591	47.845505	13305.858304023743
104	1321.6324	24.36019	1342.1528	1265.7799	1032.8867	455.66458	1334.5984	247.53421	3546.1204	32.2582	3601.7278	3487.7786	2557.6846	967.19885	3214.5532	888.29254	4226.5503	2288.2058	5773.3257	281.65698	6394.3584	56.239418	6469.44	6281.078	1000.0	1000.0	415999	347.69205	340.76678	436.819	-218.0873	347.69177	340.76492	437.20856	-214.5	3.9184043	8.021741	124.31749	-14.1221895	-85.96225	47.083874	13428.349687814713
105	1328.5876	16.363531	1347.1355	1286.3394	1224.063	24.088549	1239.5209	1182.3752	3461.3254	13.953262	3490.5605	3440.1907	3234.752	33.38593	3277.3975	3191.861	5537.415	101.53187	5661.225	5384.927	6240.234	34.481297	6314.4004	6169.7705	1000.0	1000.0	419999	352.50992	344.6231	437.74	-280.27792	352.5102	344.6202	438.98758	-313.6942	4.1153526	8.112029	153.01703	-14.820431	-87.889534	51.065727	13550.553446769714
106	1285.3772	15.5711775	1308.2694	1251.3712	1262.9022	17.594612	1285.3784	1236.5791	3661.724	19.586521	3692.1255	3626.4207	3186.261	39.605907	3229.1995	3133.2485	5568.79	122.52443	5718.9736	5436.4844	6380.2705	60.40304	6474.458	6264.0356	1000.0	1000.0	423999	357.7056	348.43466	441.08768	-314.8985	357.70648	348.43253	440.465	-299.0397	4.048613	8.102152	166.1074	-16.525341	-88.91841	48.49157	13677.04570055008
107	1406.5906	19.185478	1437.7515	1372.0695	1278.8888	4.0212564	1281.7378	1271.9564	3675.0027	37.46385	3732.994	3600.648	3165.39	82.69269	3288.1375	3056.7864	5560.563	131.89845	5767.09	5424.1304	6665.888	81.23195	6820.3296	6490.7905	1000.0	1000.0	427999	362.71503	352.14462	442.44962	-287.45868	362.71323	352.14243	443.2561	-285.28775	4.1084642	8.223338	203.41878	-15.52674	-90.56857	48.033348	13797.587279319763
108	1364.1157	30.384098	1427.8083	1312.6111	1184.2662	122.59276	1300.0687	978.0291	3593.517	22.67071	3633.6907	3557.8826	2975.0227	283.4678	3201.5203	2494.2747	5089.1914	615.1241	5676.053	4058.8354	6506.645	73.650986	6664.62	6391.073	1000.0	1000.0	431999	368.79675	356.56424	448.5862	-314.13745	368.79684	356.56265	449.03964	-296.0882	4.1889505	8.18158	155.79549	-16.5423	-91.56639	48.774265	13918.099084854126
109	1297.5737	196.966	1427.6405	715.252	1307.4578	65.488304	1405.5554	1226.6412	3329.157	904.50757	3705.8906	617.81946	3187.7917	45.024868	3230.0466	3114.21	5654.628	169.6326	5895.3706	5433.2637	5952.9023	1621.9976	6662.3325	1094.8126	1000.0	1000.0	435999	375.10947	361.38434	450.39374	-302.82242	375.10736	361.3819	449.69876	-291.6377	4.43378	8.291941	117.47316	-13.707843	-93.0623	49.12475	14039.332309961319
110	1346.6486	494.1715	1681.2238	34.486156	1293.811	61.10403	1357.39	1198.5306	2892.0571	894.8114	3506.011	817.0354	3150.2625	73.752945	3233.998	3040.3257	5531.9697	174.41553	5769.731	5331.317	5334.4727	2257.711	6802.9385	-474.87344	1000.0	1000.0	439999	381.84317	365.85413	453.47443	-269.98288	381.8434	365.8523	452.30777	-264.38544	4.524419	8.403637	141.54913	-14.086406	-95.99317	50.570477	14164.346723079681
111	1250.057	324.233	1573.284	618.04865	1117.3508	227.4765	1325.3514	734.97314	2955.106	825.16125	3608.0386	1072.2812	2456.3408	1002.332	3157.9905	725.60297	4231.5713	1808.8691	5637.94	1126.5748	5240.789	1782.0883	6877.8228	1867.1644	1000.0	1000.0	443999	387.76025	369.67328	455.58823	-332.39584	387.7609	369.67075	456.40106	-248.45613	4.5479307	8.267145	119.01706	-14.256224	-98.11769	50.91825	14285.372313976288
112	1507.9995	27.290272	1551.176	1445.18	1318.5739	38.247868	1373.6328	1267.3778	3745.808	30.923681	3785.6135	3686.2744	3295.1912	38.4309	3349.0383	3240.6794	5754.8135	107.74675	5932.1064	5640.8096	6940.275	122.495316	7077.6357	6635.509	1000.0	1000.0	447999	390.16748	372.2395	457.04266	-275.19107	390.16608	372.23828	458.47186	-236.01855	4.6909256	8.4335575	179.20418	-14.700845	-98.91532	53.66322	14405.126338005066
113	1310.7487	31.877419	1356.8453	1257.7937	1366.1458	35.355637	1420.4587	1326.6858	3595.5898	34.619503	3664.3457	3538.7585	3290.8533	33.17587	3333.295	3246.221	5857.018	57.988758	5944.2847	5799.537	6352.0654	101.693535	6503.5894	6198.4224	1000.0	1000.0	451999	396.47345	376.33038	463.259	-243.80095	396.47253	376.3285	464.95847	-257.88943	4.675933	8.425202	148.5392	-14.876427	-101.28287	53.395126	14528.886543035507
114	1416.8372	42.52753	1470.6166	1314.4779	1296.6642	155.34306	1391.2454	1027.6565	3668.608	68.816864	3795.2192	3556.6772	3085.5764	313.87433	3278.1963	2542.2288	5487.7676	789.8298	5973.672	4120.164	6628.3853	155.02399	6800.7485	6320.394	1000.0	1000.0	455999	401.53772	380.15915	463.40335	-286.70328	401.5373	380.1567	464.21362	-247.45013	4.6782303	8.418546	153.05461	-15.200162	-104.96108	51.937828	14653.367724657059
115	1595.7312	223.93074	1725.4075	930.1166	1062.3348	501.80673	1406.954	195.79897	3500.8457	631.1528	3757.6123	1608.5443	2724.3828	1017.2552	3335.7258	962.6949	4559.28	2280.365	5986.3145	611.82666	6662.7197	1253.1182	7259.0073	2913.185	1000.0	1000.0	459999	407.13824	384.3448	468.43634	-236.51048	407.1374	384.3434	468.2467	-251.22609	4.9051585	8.536008	242.93292	-15.082832	-106.38621	54.334454	14798.261739492416
116	1623.7155	27.809937	1659.1128	1565.1962	1330.3286	46.53637	1400.821	1270.1733	3683.795	20.812136	3724.9233	3653.197	3229.445	76.08224	3330.4873	3120.7485	5771.2783	123.33809	5955.973	5617.9673	7024.84	52.685402	7096.936	6912.5425	1000.0	1000.0	463999	410.65616	387.13254	468.91	-250.64331	410.655	387.13113	469.14127	-260.00153	4.738632	8.488423	237.54456	-14.666152	-108.8263	53.49421	14923.13913154602
117	1350.8042	16.488031	1388.6688	1325.0336	1144.4458	325.8677	1421.9764	594.62714	3535.3035	26.856821	3573.2573	3479.6487	2909.2773	690.3308	3353.8862	1716.5046	4939.874	1510.5612	6064.8447	2340.7205	6464.0117	56.58399	6536.092	6340.4775	1000.0	1000.0	467999	413.52103	389.66574	473.76056	-248.96027	413.5201	389.66333	471.0504	-262.29898	4.8362694	8.597586	202.42639	-13.374343	-109.09112	53.00963	15044.456452131271
118	1472.2136	24.556349	1528.8894	1441.4612	1348.0938	84.18227	1472.2551	1257.3136	3838.8125	30.770119	3878.5408	3790.2397	3279.25	95.213005	3434.1785	3174.4468	5822.2314	257.96463	6074.2764	5465.1987	6925.241	71.195206	7061.1626	6846.374	1000.0	1000.0	471999	417.04324	392.39365	475.34152	-229.0805	417.0431	392.39078	476.11456	-246.0927	4.8099723	8.460552	177.81728	-17.971462	-109.39767	57.160023	15171.271892309189
119	1329.6199	22.452194	1366.3002	1292.1902	1329.2415	52.500927	1416.263	1280.7036	3619.5698	28.878923	3684.0923	3582.1575	3333.9487	40.149586	3398.8733	3289.7598	5834.85	111.72933	5997.871	5683.025	6495.1826	81.71786	6652.6704	6366.722	1000.0	1000.0	475999	422.6895	395.90924	474.32178	-238.58975	422.69012	395.90662	479.368	-245.04059	4.8647323	8.567394	173.91124	-14.292469	-112.87363	57.08742	15299.347297906876
120	1380.3049	27.46761	1429.4923	1334.6322	1279.4562	148.20407	1432.9346	1047.0706	3436.6458	27.082996	3492.1072	3383.5413	3121.6597	225.37082	3319.403	2764.4902	5446.449	647.7976	6088.153	4364.9873	6341.1353	84.04933	6504.8247	6244.6436	1000.0	1000.0	479999	427.39252	398.99884	478.60986	-225.23656	427.3946	398.99658	481.1599	-252.12457	4.8786917	8.536765	189.6934	-14.192328	-112.914986	56.585953	15420.169795036316
121	1693.6549	98.264	1799.0237	1434.3867	1254.825	219.04376	1396.4445	875.78265	3690.8738	304.0275	3967.6611	3033.4922	2937.904	564.0282	3300.741	1962.0632	5195.3027	1173.2147	5929.224	3165.1226	7112.051	597.5425	7718.8755	5821.6235	1000.0	1000.0	483999	430.51108	401.39105	479.0712	-264.41254	430.5081	401.39056	480.8829	-261.41595	4.9943457	8.737766	152.15271	-14.894382	-111.13553	55.060642	15538.000116348267
122	1675.8396	57.389606	1750.5886	1567.9503	1302.6675	92.75444	1375.5961	1144.0798	3768.8503	80.29799	3849.5898	3575.063	3274.2834	233.49463	3417.923	2869.9724	5647.9395	547.54553	6047.471	4712.6094	7178.333	246.06044	7417.252	6599.9297	1000.0	1000.0	487999	435.0342	404.89407	481.2262	-331.67926	435.0331	404.89224	485.2613	-267.8338	5.0901895	8.796601	218.71475	-15.179846	-111.25974	57.112328	15657.618789434433
123	1416.5774	159.08379	1557.918	1091.7074	1160.4419	288.267	1421.7891	677.7711	3155.147	842.7285	3899.0784	1480.9581	2875.3823	895.7108	3429.6748	1324.4823	4907.0474	1641.4856	6027.2607	2076.9932	5887.2183	1563.0988	7234.1343	2817.1333	1000.0	1000.0	491999	441.41647	408.89252	482.429	-254.02437	441.41403	408.89203	485.97556	-265.20068	5.3106375	9.005906	216.9214	-16.635647	-111.59518	59.50362	15776.225456953049
124	1520.548	24.066805	1555.3434	1475.3785	942.1639	310.34055	1297.1891	542.3	3644.1157	32.617447	3713.4507	3606.2002	2140.6992	970.8779	3177.584	910.1416	3633.417	1789.9823	5404.873	1320.8081	6919.493	76.39277	7080.0166	6801.081	1000.0	1000.0	495999	443.29697	410.5435	483.73032	-249.87836	443.2992	410.544	487.55457	-251.3823	5.1326036	8.71149	187.43391	-15.228767	-114.69867	63.693237	15897.228753089905
125	1649.1791	37.192936	1689.6351	1561.7155	1376.0817	44.904884	1412.1321	1299.1222	3820.3062	49.96468	3902.4258	3744.2734	3296.1848	68.003716	3369.7043	3214.2375	5868.859	181.1976	6104.2847	5606.926	7248.699	128.16452	7404.9194	6967.188	1000.0	1000.0	499999	444.5764	411.6536	487.37637	-236.18727	444.5758	411.6522	491.08444	-229.24716	5.1382303	8.921088	208.57552	-13.885269	-114.267624	63.618713	16019.109726428986
126	1437.13	28.795677	1497.961	1399.0012	1323.304	33.990646	1366.212	1270.9993	3728.267	15.922685	3757.57	3701.5679	3242.0073	76.04815	3332.985	3122.336	5706.9116	123.89401	5906.4424	5590.415	6782.704	75.326515	6928.944	6645.351	1000.0	1000.0	503999	448.40396	413.96692	486.25537	-212.10117	448.40305	413.9653	489.25217	-252.31453	5.093815	8.666189	195.22023	-15.510304	-115.37697	62.317234	16148.270276069641
127	1353.5841	27.851645	1395.7322	1313.3195	1328.5107	74.42246	1400.0325	1203.5725	3654.5015	25.407162	3700.07	3607.9736	3204.6987	200.3589	3373.9775	2878.7388	5704.7583	430.11426	6037.308	4982.8794	6573.185	88.45565	6690.6245	6461.3228	1000.0	1000.0	507999	451.31412	415.66135	486.8522	-224.02579	451.31412	415.6592	488.40906	-228.67593	5.1289167	8.72476	200.48419	-15.836082	-115.97312	61.96149	16341.034727096558
128	1535.3425	33.04419	1573.0907	1474.9637	1210.1804	245.19987	1443.5444	809.0486	3953.4543	24.312351	3988.5356	3910.7441	2969.9053	742.64386	3427.2366	1683.9968	5137.6494	1351.4495	6170.3823	2831.4048	7186.7607	104.35804	7299.74	6981.4644	1000.0	1000.0	511999	455.23688	418.51624	487.3692	-250.8655	455.23505	418.51666	490.81946	-259.7844	5.2976537	8.675596	162.81984	-17.421427	-119.26153	60.393322	16541.086196660995
129	1604.7104	43.46428	1651.6946	1513.7604	1377.8657	186.43932	1566.7225	1078.2511	3793.6047	38.170612	3875.776	3717.8538	3239.5483	188.17676	3351.5957	2913.6414	5791.668	673.0295	6355.795	4654.5215	7169.982	139.94672	7347.849	6835.3726	1000.0	1000.0	515999	460.92004	422.28766	491.4267	-223.30403	460.91864	422.28494	490.07596	-242.76562	5.431514	8.9693575	162.12993	-16.227997	-122.70223	62.838028	16738.558256864548
130	1441.4371	44.666065	1524.5063	1375.3707	1310.7695	102.95851	1417.2117	1153.4814	3855.3813	35.801125	3919.7048	3793.6765	3300.4297	142.36716	3422.5046	3058.08	5730.1963	436.65958	6083.5225	4989.868	6870.2275	126.29109	7072.3516	6604.88	1000.0	1000.0	519999	463.2224	424.21277	491.04752	-234.16878	463.2222	424.21112	494.02124	-243.05437	5.393163	8.81802	157.26695	-13.754543	-124.133545	64.90324	16921.265520572662
131	1709.8416	42.03429	1759.0477	1611.6654	1390.422	90.324745	1468.8589	1237.1888	3885.2332	42.38573	3938.6426	3814.7458	3357.6902	54.87234	3413.1982	3267.1777	5933.1475	232.79922	6133.5986	5541.2275	7393.0615	126.30039	7560.3975	7183.7036	1000.0	1000.0	523999	467.3253	426.91873	493.39108	-280.90814	467.32736	426.91727	494.298	-278.46744	5.485024	8.8775	204.2787	-14.932874	-124.39421	65.90404	17064.533803224564
132	1391.2029	26.64689	1423.136	1345.6895	1338.5654	42.447536	1399.8309	1284.4891	3667.0125	18.15253	3697.78	3639.3909	3254.4465	46.255875	3320.0261	3189.1963	5788.3667	151.07603	5979.9604	5567.4756	6604.361	71.4582	6690.4766	6489.404	1000.0	1000.0	527999	470.39124	428.81174	492.1617	-276.60983	470.39288	428.80743	502.48297	-273.82666	5.4540887	9.080238	176.30615	-13.463953	-126.86036	71.299515	17185.680493354797
133	1413.6855	27.386837	1456.0455	1367.1481	1335.4493	71.357346	1454.4895	1265.1527	3220.8184	40.892334	3263.0994	3120.2683	3421.968	68.06436	3489.6265	3311.1074	5880.108	246.42513	6303.835	5706.3535	6096.579	57.227985	6174.8623	5987.6865	1000.0	1000.0	531999	474.75873	431.73398	498.1423	-287.3024	474.7558	431.73254	495.91434	-329.55176	5.684435	9.29912	165.90437	-14.111372	-128.74757	65.67906	17311.069266557693
134	1374.217	26.998276	1413.2911	1328.1316	1194.6697	211.34915	1336.078	830.87396	3755.028	41.81086	3847.241	3678.1077	2961.18	613.8168	3377.7874	1900.599	5049.2583	1214.3939	5782.099	2946.186	6683.654	94.95993	6804.1895	6482.9463	1000.0	1000.0	535999	477.43655	433.54868	501.71747	-272.6148	477.43533	433.54678	497.05557	-310.78357	5.39738	9.104333	155.86034	-15.549067	-125.57321	68.362595	17439.93457698822
135	1402.0898	317.78934	1579.7512	457.5412	1125.9641	462.75168	1444.1488	326.32834	3410.1348	1169.4781	3844.581	-96.8506	2706.2368	1119.0804	3435.5828	774.7433	4719.8057	2218.1626	6182.1772	886.9164	6260.663	2155.3843	7187.7446	-195.74437	1000.0	1000.0	539999	479.88843	435.4129	500.98676	-296.41666	479.88803	435.41248	503.42212	-340.921	5.6760483	9.1880245	163.30038	-14.303685	-123.05998	67.48944	17563.415484905243
136	1649.6989	23.818985	1692.5571	1614.6119	1404.6714	65.02846	1495.2294	1313.0251	3820.4849	31.10011	3851.9177	3768.9058	3256.829	64.70864	3326.5188	3187.774	5862.6494	196.60567	6172.1875	5639.6533	7284.2095	60.819294	7381.431	7187.246	1000.0	1000.0	543999	482.15045	436.99075	503.21317	-313.66748	482.15228	436.9895	505.2459	-282.94888	5.443505	8.919987	147.98679	-14.552553	-124.147835	68.90875	17685.93642807007
137	1713.1035	19.328632	1738.2523	1681.589	1372.0403	70.827095	1457.4056	1296.114	3979.496	24.567266	4026.5688	3946.2158	3416.2253	52.263897	3500.7869	3358.2551	6062.3105	172.60954	6236.134	5833.5815	7649.632	68.138756	7739.119	7544.9995	1000.0	1000.0	547999	485.832	439.30518	503.8603	-242.2186	485.8308	439.30396	501.87787	-236.28758	5.731734	9.278311	174.54182	-13.969692	-126.27389	72.363	17809.39499425888
138	1862.2545	56.70292	1942.0876	1733.8922	1435.3318	24.561243	1475.3263	1409.7814	3868.817	41.90862	3950.9595	3815.3865	3492.2656	12.460786	3512.2407	3477.911	6211.3994	35.11647	6258.711	6165.1133	7489.84	117.21657	7689.5347	7278.937	1000.0	1000.0	551999	489.09665	441.88098	513.0006	-240.53995	489.09564	441.87872	510.67606	-285.24167	5.8175488	9.326392	145.89151	-14.97418	-126.87914	70.424225	17933.2305059433
139	1682.9951	32.980408	1725.671	1621.7289	1405.4667	63.65656	1476.7474	1302.4042	4008.0469	31.61283	4054.6443	3956.2227	3427.329	30.87729	3465.1917	3391.0469	6086.907	245.2851	6359.6787	5694.4014	7528.407	90.00977	7658.1304	7318.729	1000.0	1000.0	555999	495.82077	446.10535	510.814	-239.83015	495.82172	446.10553	508.2253	-279.31143	6.0245314	9.5445795	249.14514	-18.303202	-127.602844	67.12695	18053.97622346878
140	1732.6389	336.19736	1969.1859	737.00336	1495.0107	30.046883	1530.2394	1447.9543	3700.0806	991.8971	4073.485	725.86755	3488.947	100.70434	3595.7493	3325.8982	6291.129	173.24063	6494.014	6055.9585	7108.6357	1954.5157	7907.8535	1252.7598	1000.0	1000.0	559999	501.52832	450.2632	514.15356	-213.26225	501.52692	450.26492	510.9141	-244.81207	6.181045	9.67239	248.25327	-13.881813	-132.64745	64.130135	18180.611979484558
141	1598.3298	21.728441	1635.5138	1562.9524	1418.8682	70.714325	1508.5216	1329.5505	3922.0598	59.383736	4025.3127	3836.1392	3422.5247	104.923004	3511.5115	3246.2444	6123.4233	309.26028	6439.5293	5629.133	7336.796	111.28384	7499.8003	7184.988	1000.0	1000.0	563999	507.27933	453.85168	518.48645	-209.38902	507.27615	453.85117	523.6152	-213.43459	6.1771317	9.670901	199.03854	-14.73801	-137.61023	66.574234	18322.098994255066
142	1632.9406	20.453423	1667.7039	1598.3989	940.53296	441.40634	1398.5176	473.3141	3854.0925	43.73468	3888.3296	3756.6082	2439.7815	1087.7811	3593.076	1307.106	3973.4463	2198.1548	6285.653	1670.5897	7336.9736	73.702255	7414.631	7170.746	1000.0	1000.0	567999	510.3823	456.6664	521.1695	-188.83438	510.38336	456.66492	524.67584	-200.56285	6.2776957	9.638781	185.60803	-13.566219	-139.77237	65.40501	18470.108587503433
143	1652.0557	35.70759	1715.2123	1605.6459	1362.864	83.945816	1445.2578	1240.7755	3982.082	47.34391	4059.444	3916.2727	3467.3047	102.7709	3629.2122	3351.2317	6006.3037	329.4674	6403.105	5603.1665	7463.2007	103.07936	7591.196	7273.1177	1000.0	1000.0	571999	515.3633	459.86374	518.22144	-224.60234	515.3614	459.85974	517.74274	-236.2003	6.3113937	9.513734	145.05482	-15.402487	-141.46484	68.34332	18622.091290473938
144	1756.9993	46.66683	1824.09	1689.2096	1383.998	71.55159	1494.7026	1316.9652	3916.5913	27.491184	3948.2297	3847.519	3518.5737	71.42583	3589.6753	3413.9094	6173.7676	219.0698	6483.538	5902.6978	7478.9546	141.42995	7634.4614	7153.7676	1000.0	1000.0	575999	518.56067	461.74088	521.8442	-228.57321	518.56006	461.738	524.587	-281.90085	6.428507	9.630582	143.36612	-14.260103	-143.2068	68.502075	18771.357068538666
145	1751.2076	42.783447	1826.7382	1698.0884	1463.7804	34.901974	1493.1285	1404.291	4118.5684	35.54936	4152.9497	4038.4707	3457.1877	64.95947	3566.0608	3395.4126	6215.756	187.36752	6477.8223	5978.1562	7891.587	119.75063	8038.88	7704.6475	1000.0	1000.0	579999	523.42334	464.78006	527.9092	-287.02832	523.421	464.779	528.009	-328.20514	6.5256863	9.596061	171.51532	-16.260696	-144.57193	69.37812	18947.888130426407
146	1588.865	35.063282	1630.298	1529.286	1462.1455	64.37194	1554.8365	1380.3303	3802.31	48.088627	3887.753	3741.987	3533.1729	30.505848	3564.8958	3487.0415	6329.9707	172.83823	6532.445	6054.742	7064.784	96.88419	7269.7393	6899.8247	1000.0	1000.0	583999	527.315	467.7935	526.9369	-243.89705	527.3102	467.79282	529.0041	-223.9401	6.6300793	9.713406	197.36356	-14.970066	-145.15169	67.268616	19125.945281028748
147	1869.805	32.881634	1912.0159	1816.6344	1130.0022	483.46945	1494.4463	300.38574	4155.1284	48.09457	4212.3784	4047.4546	2852.1665	929.37787	3491.212	1252.7264	4768.05	2145.4756	6291.5854	1083.2583	8006.8916	111.90526	8150.1426	7800.9614	1000.0	1000.0	587999	529.9949	470.40903	528.79205	-252.18343	529.9906	470.40753	533.82104	-258.81207	6.2912164	9.577694	184.88782	-13.728514	-145.19179	69.275345	19304.332590818405
148	1731.6263	282.906	1947.091	1066.4305	1300.2975	414.2715	1621.701	594.56805	3463.6567	935.02295	3980.2397	1318.6157	3079.8433	844.0363	3615.649	1618.8605	5390.483	1762.6573	6481.908	2341.4805	6671.3843	1851.0948	7704.245	2321.6394	1000.0	1000.0	591999	533.1544	473.4344	532.9958	-241.96315	533.1495	473.4334	532.77637	-257.27655	6.5922346	9.642336	212.80408	-15.711424	-145.62503	66.5297	19464.302104234695
149	1645.4457	36.72855	1705.8531	1597.1742	1344.53	207.57495	1486.8556	986.91614	3936.4897	39.49862	3988.3406	3858.7185	3141.891	542.3167	3487.7864	2204.1616	5637.742	1048.3901	6308.198	3823.6013	7368.671	101.67023	7499.9814	7195.651	1000.0	1000.0	595999	534.21124	475.10156	534.9561	-234.27098	534.2114	475.1029	533.91766	-279.51355	5.9240317	9.337046	262.9031	-14.955423	-146.01437	69.22534	19586.839962005615
150	1888.9587	48.307213	1974.2432	1785.9443	1488.3448	71.62058	1600.5331	1408.9417	4042.0532	51.819542	4112.5166	3948.1868	3473.9219	93.09512	3624.3015	3369.2678	6271.436	212.27023	6633.709	6111.7876	7783.2837	142.3053	7956.1523	7438.201	1000.0	1000.0	599999	536.51764	477.04965	535.1415	-238.34732	536.51306	477.04947	537.73157	-244.76047	6.2459617	9.561836	185.311	-14.84713	-149.60753	67.68716	19707.698586940765
151	1778.5414	326.04562	1942.7645	804.7702	1505.4148	53.186535	1591.256	1453.1274	3766.2886	964.4122	4146.893	874.70593	3510.0337	103.7495	3669.8523	3416.384	6335.0264	238.72453	6724.328	6130.09	7315.2666	1893.6931	8048.4634	1636.845	1000.0	1000.0	603999	542.185	480.55807	537.84	-224.58066	542.18463	480.55746	537.5051	-252.0516	6.3402333	9.637257	144.9066	-15.521968	-151.10078	68.413	19829.39590716362
152	1686.8591	412.11288	2036.5063	717.32715	1523.8394	39.434837	1584.4242	1474.2906	3453.643	1175.0028	4057.6877	637.3194	3483.9263	68.5846	3541.892	3368.88	6360.991	121.831345	6554.0767	6231.7915	6532.81	2334.1167	7881.2686	1118.8588	1000.0	1000.0	607999	546.29895	483.20908	541.31537	-251.30289	546.29724	483.2105	541.9256	-261.65802	6.3626013	9.666374	162.57675	-15.233585	-151.06685	66.10717	19954.496056079865
153	1749.3031	27.968517	1792.515	1690.861	1402.5659	167.92749	1555.3696	1121.8982	4065.0247	33.698368	4103.669	3999.399	3135.2878	470.0781	3564.9783	2375.6257	5684.1733	911.9682	6548.34	4159.899	7723.518	85.981186	7822.914	7532.8926	1000.0	1000.0	611999	549.646	485.2574	540.7003	-272.24954	549.6412	485.25476	540.9849	-263.55142	6.3591175	9.650987	160.31116	-15.067507	-152.90585	67.62653	20079.69858264923
154	1762.3547	32.70147	1808.6392	1709.7456	1423.7245	147.31175	1510.7556	1168.5892	3942.8262	30.860453	4015.5671	3901.5908	3403.2222	300.33038	3615.8464	2886.005	6061.43	718.6135	6514.389	4817.4473	7590.331	100.24695	7800.601	7445.387	1000.0	1000.0	615999	554.86426	488.23453	542.60236	-257.4464	554.86523	488.23294	541.74384	-275.4481	6.650258	9.915785	158.04369	-12.419454	-154.81546	71.022255	20258.286033391953
155	1544.9543	41.981308	1600.7622	1492.1376	1415.0874	51.70328	1489.9835	1361.4608	3992.5288	29.737251	4029.5537	3927.8284	3487.3647	113.68996	3655.0796	3372.5034	6174.2476	261.22968	6493.989	5856.854	7212.7783	114.25387	7370.1104	7021.585	1000.0	1000.0	619999	558.053	490.4595	543.38025	-246.55869	558.053	490.45953	544.0095	-243.4494	6.5703807	9.803782	233.62485	-14.013199	-159.24911	68.55459	20459.011674165726
156	1899.682	35.091736	1947.3379	1828.5548	1453.0376	86.50802	1563.873	1337.3654	3931.677	68.62827	4007.075	3758.7651	3581.8281	42.239677	3653.2688	3545.8357	6337.955	206.87173	6627.327	6126.29	7637.922	150.46648	7770.482	7227.88	1000.0	1000.0	623999	560.16113	491.952	545.7093	-235.25642	560.15967	491.9502	543.63165	-253.2156	6.61802	9.996046	216.41748	-16.235651	-161.113	66.33364	20651.35533976555
157	1723.8483	53.260483	1821.0454	1668.2189	1571.714	40.06526	1632.7631	1531.5103	4144.501	35.56116	4200.104	4082.5742	3605.7268	47.31658	3652.0566	3532.971	6605.855	112.93432	6716.184	6433.4365	7754.694	144.88924	7988.5386	7577.547	1000.0	1000.0	627999	563.8841	494.43927	543.35126	-266.3863	563.8842	494.4398	551.74524	-260.76013	6.7375374	9.883852	133.54956	-14.405761	-161.2163	73.232506	20775.937026500702
158	1891.3053	41.237675	1978.3572	1825.0529	1564.9689	42.05988	1613.983	1498.1006	4049.278	33.336678	4114.3423	3985.2263	3592.0142	61.435497	3691.1873	3526.5938	6541.9087	119.602715	6664.1104	6396.0864	7841.0674	88.64648	7993.891	7701.956	1000.0	1000.0	631999	570.20886	498.38025	546.6464	-276.54675	570.2082	498.37973	550.42804	-295.16357	6.763289	9.82554	142.54732	-12.956325	-162.22096	68.33965	20896.226560354233
159	1736.1129	25.711618	1786.1705	1701.664	1499.5637	74.54406	1584.3752	1388.2216	4027.3003	23.58355	4077.4944	4000.3586	3566.5688	30.944721	3608.0261	3522.2844	6411.171	228.64647	6669.5405	6095.624	7633.6523	68.57064	7791.188	7555.4424	1000.0	1000.0	635999	574.9	501.32538	551.3301	-267.3507	574.89606	501.3235	551.58264	-290.24756	6.726728	9.831804	137.07176	-14.074391	-162.78963	71.13568	21021.25707435608
160	1807.3035	142.84392	1888.7706	1385.3767	1533.224	13.587291	1554.0259	1518.3381	4132.4976	348.77185	4293.712	3090.435	3583.2297	51.827328	3657.7773	3515.138	6507.788	45.391357	6552.419	6432.7183	7853.7446	808.7157	8205.579	5432.5312	1000.0	1000.0	639999	578.31134	503.54733	550.0898	-260.08206	578.311	503.54663	550.9988	-273.89658	6.757085	9.95849	173.1062	-15.019987	-164.58733	66.93777	21145.738302707672
161	1904.4778	80.356514	1998.5975	1687.7991	1484.7787	38.36431	1529.425	1424.256	4143.0254	216.44809	4259.3877	3499.6726	3631.5928	35.95407	3667.423	3585.0493	6373.83	149.37523	6579.068	6176.435	7961.04	455.54703	8245.404	6614.466	1000.0	1000.0	643999	583.69495	506.95166	552.97797	-286.28714	583.69226	506.95233	556.77655	-265.48804	6.880027	10.02736	206.02174	-15.047952	-170.24016	68.55525	21266.938345193863
162	1801.0593	33.358448	1834.4161	1736.9739	1516.0891	97.04749	1649.3234	1375.2051	4146.3643	52.070347	4216.038	4038.356	3644.3523	46.67748	3692.9941	3583.5708	6458.516	269.47418	6781.7314	6052.33	7847.0063	104.972275	8031.96	7659.455	1000.0	1000.0	647999	585.5037	508.7457	556.71387	-259.5896	585.5006	508.7446	555.42017	-262.22455	6.8502727	9.919239	157.445	-14.914903	-171.30907	69.102715	21389.468758821487
163	1808.2532	41.83524	1856.209	1734.2257	1586.6259	67.12662	1662.5862	1496.7234	3973.0657	32.9294	4043.8345	3931.7573	3672.8772	38.94404	3736.8088	3634.4595	6674.7563	155.24887	6877.2534	6489.148	7724.698	106.7135	7924.4585	7559.4336	1000.0	1000.0	651999	591.40045	512.03406	557.60333	-261.6604	591.39484	512.03345	560.12976	-303.28293	6.9542494	10.06233	226.0563	-13.516098	-173.19325	70.20483	21511.949126958847
164	1775.2594	37.394	1816.9816	1697.5454	1400.5508	296.2579	1585.1658	887.72375	4085.5317	33.994564	4131.61	4027.7356	3346.5027	538.4113	3710.8416	2419.7148	5853.47	1307.673	6696.3374	3591.3062	7907.5015	79.33561	8013.9717	7773.6865	1000.0	1000.0	655999	593.8971	514.0924	561.5247	-250.58931	593.89496	514.09186	561.0053	-247.1146	7.0359364	10.205411	194.52568	-16.084091	-173.50467	67.764305	21635.433263778687
165	1800.3994	37.657394	1861.4978	1728.9934	1481.9822	30.64962	1518.157	1443.6172	4061.702	25.597221	4090.1462	4003.2192	3643.4053	115.784065	3715.507	3442.9597	6485.553	191.59962	6644.504	6172.065	7906.2593	79.643974	7980.0	7692.865	1000.0	1000.0	659999	599.1753	517.41986	570.772	-231.10938	599.1752	517.4197	564.8559	-230.75412	6.818909	10.120588	187.25252	-15.459509	-175.92822	72.57783	21758.1396753788
166	1747.8141	441.44928	2001.791	435.31955	1500.039	56.949223	1598.609	1464.1749	3799.7864	1123.5356	4249.3574	430.50815	3651.7583	125.371155	3760.3816	3444.2097	6506.6494	241.83992	6805.108	6130.9663	7320.457	2240.667	8276.687	606.2846	1000.0	1000.0	663999	600.46765	517.8813	567.4452	-226.18372	600.4669	517.87976	567.4103	-226.84752	7.011174	9.940444	148.70169	-14.3557205	-177.50024	75.375015	21886.733364343643
167	1867.6592	49.972572	1937.5836	1778.9548	1222.2037	482.79108	1566.1313	389.2804	4193.4595	63.423485	4245.2524	4039.3955	2888.3604	1198.9261	3674.4082	816.1527	5014.7593	2396.6008	6628.3027	874.97284	8049.638	166.62604	8230.519	7689.3687	1000.0	1000.0	667999	604.63666	520.10016	567.3418	-250.37325	604.63385	520.09735	567.6489	-238.34811	7.2085676	10.11547	125.21672	-14.744148	-180.60057	75.031136	22019.9435274601
168	1749.1091	169.09248	1863.7338	1253.7526	1524.5044	70.33431	1609.1831	1443.4326	4082.6792	446.88245	4261.272	2744.933	3715.003	49.317	3779.8499	3640.9673	6640.6094	222.59497	6879.1235	6297.9956	7661.6025	984.2366	8126.7188	4720.7905	1000.0	1000.0	671999	606.8525	521.59204	567.77386	-258.3746	606.85205	521.5926	564.8569	-254.99794	7.2654867	10.270024	225.27051	-14.068855	-178.33525	73.210526	22156.924594402313
169	1877.3728	28.442114	1920.8319	1833.0963	1565.5686	58.99596	1630.8763	1471.1259	4167.1846	33.465084	4220.6177	4118.337	3700.191	114.36468	3852.941	3530.527	6670.3506	260.20615	6858.5186	6224.7456	7961.1533	61.507324	8067.7354	7855.006	1000.0	1000.0	675999	609.69293	523.59	573.65967	-255.23141	609.69403	523.5886	573.25543	-261.21283	7.0219026	10.038529	143.10475	-14.832413	-179.29909	69.232346	22295.587052106857
170	1840.6145	30.977844	1872.5868	1775.1721	1573.8066	57.937183	1637.3844	1496.2709	4149.462	34.71812	4197.2017	4079.724	3604.0002	185.63448	3801.477	3312.0046	6576.3613	310.68817	6963.748	6095.2983	7939.022	114.90432	8080.0854	7678.7773	1000.0	1000.0	679999	611.9469	525.65625	570.5703	-277.74756	611.9451	525.6535	572.85297	-273.2752	7.0933867	10.243543	196.7493	-15.883698	-179.83487	70.39265	22434.547127008438
171	1660.7844	246.82317	1897.4719	1079.5122	1393.225	343.57028	1606.4102	798.3715	3436.1062	917.30865	4235.3286	1628.4753	3122.9077	953.9202	3765.9426	1478.3047	5602.5356	1839.9047	6815.289	2426.6506	6504.7256	1740.144	8094.8657	3172.565	1000.0	1000.0	683999	616.3083	528.5257	575.012	-267.14374	616.30835	528.52466	579.20764	-271.91656	7.56273	10.688017	232.83717	-15.581434	-177.15721	73.07651	22588.142416715622
172	1926.3264	39.76458	2023.5386	1880.9022	1338.4082	473.6025	1613.1125	518.10767	4192.8823	39.13295	4242.0186	4122.8687	2960.9934	1264.5171	3714.5435	771.18634	5318.297	2531.3193	6853.842	934.91284	8091.3975	117.22361	8293.375	7858.162	1000.0	1000.0	687999	618.0169	530.33624	581.983	-262.51804	618.01807	530.33575	582.1825	-270.05106	7.406879	10.495049	264.03622	-16.312866	-176.98666	71.85953	22742.46911907196
173	1764.818	26.94943	1797.2787	1714.6008	1092.5308	469.05707	1579.4211	579.3728	4130.163	34.258343	4212.5547	4084.5137	2446.2654	1258.545	3772.761	1026.9686	4253.468	2403.8853	6678.138	1593.3301	7773.108	36.14203	7833.204	7717.664	1000.0	1000.0	691999	618.4636	531.77277	578.6361	-280.4864	618.4652	531.7729	576.7856	-260.76083	7.274285	10.290296	144.99107	-14.103982	-178.29799	78.73166	22890.995508909225
174	1922.0033	41.889004	1993.1251	1852.6415	1437.2379	304.92325	1649.9497	910.5933	4130.9536	76.83429	4200.888	3919.552	3285.3022	812.55444	3793.9976	1879.7705	5969.695	1626.1449	7015.6675	3156.8147	7994.1953	153.89378	8168.6816	7624.6177	1000.0	1000.0	695999	619.9727	532.79706	583.18274	-273.2112	619.9707	532.7929	582.1026	-334.57355	7.3506737	10.519916	213.0882	-14.103349	-179.84406	79.60839	23042.933740139008
175	1763.5873	39.085907	1822.6227	1711.9674	1348.2542	340.60968	1670.9205	787.2856	4117.116	32.31319	4159.455	4043.1174	3152.7815	855.17	3720.1106	1675.4235	5573.315	1738.6691	6883.237	2607.7278	7798.064	104.07374	7936.2607	7601.8374	1000.0	1000.0	699999	623.47314	534.7233	577.8925	-286.40015	623.4729	534.72125	577.28503	-269.38763	7.548818	10.381101	179.71886	-14.585727	-184.98198	80.00258	23195.776950359344
176	1829.5238	40.15335	1876.8761	1751.7848	1462.2542	151.29039	1569.6042	1201.3457	4100.9463	100.71872	4221.038	3915.8914	3381.0984	581.64746	3738.3237	2374.0305	6016.7954	1078.7988	6676.353	4148.7583	7858.004	207.38751	8124.855	7496.1655	1000.0	1000.0	703999	625.8008	535.8739	577.7577	-283.69962	625.7987	535.8714	578.28265	-283.39835	7.420664	10.131782	129.29814	-16.364235	-184.98094	74.67478	23338.812482357025
177	1981.2756	33.92067	2031.3922	1920.3069	1291.0378	405.56613	1631.8485	605.0669	4221.162	46.392178	4282.437	4137.476	3010.1392	1116.2253	3777.3364	1088.539	5314.025	2143.585	6924.9976	1647.0382	8236.6045	110.08015	8364.639	8046.631	1000.0	1000.0	707999	625.95404	536.7245	582.98004	-294.26843	625.953	536.7214	583.6216	-298.71866	7.1050177	10.168375	156.33447	-15.219361	-181.74075	80.128334	23482.947584867477
178	1849.1859	58.73717	1938.0428	1728.4084	1306.3788	438.33603	1641.483	553.9647	4403.0312	49.816963	4493.731	4325.989	2976.4663	1272.2753	3769.0046	773.8462	5279.7954	2395.613	6870.365	1144.6616	8318.496	156.49196	8614.896	8141.8896	1000.0	1000.0	711999	626.053	537.6946	582.3886	-302.5649	626.0513	537.6916	582.56195	-288.66687	6.9894624	9.968681	168.5837	-15.328035	-182.98349	84.54877	23619.224100589752
179	1927.258	57.075172	2027.1482	1834.8732	1539.5884	21.798769	1569.8861	1510.1283	4211.0166	40.7542	4277.915	4149.9395	3742.5908	75.144226	3867.0032	3666.0337	6678.551	96.51175	6833.8354	6584.663	8127.3306	108.5603	8307.475	7967.034	1000.0	1000.0	715999	627.0438	538.6082	579.13983	-281.48203	627.0391	538.60596	580.7009	-295.05838	7.2840576	10.280455	149.58319	-13.694662	-185.17322	83.08549	23741.11801958084
180	1930.6562	60.20661	2008.6978	1812.1053	1558.2838	61.145725	1636.1489	1479.3973	4241.212	37.84028	4293.9883	4148.3247	3708.8447	59.902454	3803.811	3641.5083	6710.0913	176.48335	7008.0796	6546.5825	8152.7695	132.5995	8367.474	7943.801	1000.0	1000.0	719999	630.9616	541.2322	584.83734	-284.86484	630.9624	541.2304	584.80505	-288.2881	7.1718225	10.094045	149.29082	-14.047494	-186.32005	75.14261	23865.6509475708
181	1919.6885	49.45838	1964.4141	1805.9235	1425.026	180.35558	1592.2451	1121.31	4210.376	127.5833	4360.3613	3922.5142	3333.4607	448.92593	3786.3914	2586.9788	5949.893	971.89825	6906.6416	4326.265	8108.5713	267.60785	8411.068	7464.3916	1000.0	1000.0	723999	634.1188	543.1633	581.8033	-277.38788	634.11816	543.1604	584.00604	-289.7921	7.319594	10.445412	184.3273	-14.85956	-188.86176	74.524414	23991.870629310608
182	1962.2867	57.839138	2013.9674	1807.2284	1432.9679	307.92474	1660.2345	902.41583	4238.2744	24.61829	4291.251	4200.828	3268.6335	915.63446	3895.661	1688.7922	5862.713	1801.3411	7135.349	2753.2214	8218.106	126.65383	8350.103	7899.4097	1000.0	1000.0	727999	634.4581	543.50256	587.91785	-294.25873	634.4605	543.5008	584.9385	-296.67978	7.64165	10.429925	178.3356	-15.842873	-191.34633	84.08616	24118.48345041275
183	1812.7604	40.62001	1867.2079	1739.4158	1500.259	58.231407	1571.9829	1419.7982	3827.438	73.12535	3929.1929	3703.1904	3434.2693	327.68332	3791.5496	2996.1775	6111.797	628.6758	6818.091	5215.2153	7307.085	153.596	7500.2925	7011.2563	1000.0	1000.0	731999	633.48004	542.95435	585.5851	-278.28488	633.4829	542.95245	587.0918	-288.7733	7.32391	10.33697	190.633	-14.631136	-189.70894	86.332	24247.540633678436
184	1572.6724	461.5588	1960.6565	529.528	1603.5197	57.022182	1670.6282	1536.8365	3353.7	1343.3103	4278.267	-20.365551	3746.937	113.56685	3904.376	3606.1968	6743.8384	172.4179	6922.9375	6461.03	6260.0576	2584.817	8163.65	-124.922935	1000.0	1000.0	735999	634.1672	543.4697	587.34424	-272.16055	634.1688	543.46716	586.6803	-286.35883	7.7396736	10.604913	165.69351	-14.657194	-193.56615	82.25819	24415.087503671646
185	1924.8318	45.5424	2023.7372	1870.1371	1615.3516	57.478405	1704.5549	1543.9462	4242.3726	31.722208	4301.339	4174.759	3708.4546	53.704624	3775.9717	3641.5505	6788.812	146.00798	7008.081	6613.5747	8104.7656	110.28932	8305.888	7997.763	1000.0	1000.0	739999	637.14075	545.48206	589.53436	-274.50256	637.13745	545.4816	589.4987	-281.67303	7.6667037	10.452892	178.591	-14.659399	-193.5925	81.968	24574.665088415146
186	1827.0647	40.233456	1892.5537	1761.8922	1600.0692	50.48756	1672.2836	1536.5765	4096.266	104.54936	4204.8975	3864.4363	3652.357	85.9186	3742.7986	3555.4214	6659.0947	148.72559	6906.237	6516.033	7829.332	186.72212	8087.409	7419.93	1000.0	1000.0	743999	640.2175	547.02826	583.8211	-273.2484	640.2162	547.0274	586.33154	-264.59772	7.3363686	10.348506	170.75737	-13.184775	-192.85779	81.259544	24699.0704331398
187	1863.8464	209.5222	2012.2417	1274.0739	1579.8583	124.571846	1685.4623	1377.376	3945.36	617.87054	4280.102	2123.1367	3665.7466	166.45549	3788.5557	3380.895	6641.54	509.69574	7046.1914	5788.3867	7670.2344	1205.3806	8356.952	4153.131	1000.0	1000.0	747999	641.3014	547.7499	587.96515	-280.59738	641.3036	547.7473	592.388	-264.99725	7.560465	10.552129	202.84647	-13.81155	-194.34824	88.72489	24821.49237394333
188	1945.8828	39.396873	2011.5914	1886.897	1580.6307	37.004414	1628.1395	1541.2719	4231.2573	38.916977	4319.7153	4175.311	3842.4692	44.634186	3917.6604	3804.5051	6874.763	149.16908	7130.434	6768.952	8176.532	107.64609	8377.971	7990.6133	1000.0	1000.0	751999	645.3874	550.07074	588.69867	-252.21321	645.3877	550.0693	590.8841	-252.67252	8.014181	10.609801	186.59668	-13.668289	-194.32263	90.328316	24943.821593523026
189	1782.781	226.33977	1920.8674	1112.3943	1193.32	610.56683	1648.4019	142.01149	4018.882	723.1144	4309.5234	1850.5253	2773.0122	1588.5061	3763.4531	25.264193	4780.2646	3278.8406	6980.0444	-882.78424	7617.1396	1376.3135	8190.187	3496.9514	1000.0	1000.0	755999	648.1621	552.175	593.21234	-264.42395	648.1602	552.1718	593.953	-266.0809	7.961241	10.74276	197.97708	-13.898377	-195.0886	87.91511	25070.743723630905
190	1971.0293	53.627605	2047.6549	1873.3212	1590.1226	36.251095	1628.8468	1541.8223	4508.615	53.51181	4631.3643	4415.2817	3786.1736	68.78964	3887.323	3719.2014	6788.379	173.59372	7040.82	6563.8164	8618.793	173.07231	8933.643	8316.851	1000.0	1000.0	759999	651.6067	554.59485	593.17773	-266.64108	651.60077	554.5909	597.4542	-288.28403	8.029123	10.861361	191.04147	-14.19586	-196.4142	83.33175	25197.286680221558
191	2145.2664	60.9547	2221.8367	2075.0117	1056.4524	595.1471	1634.1691	237.72276	4145.8564	51.64265	4222.771	4064.4973	2377.4067	1444.9434	3909.0093	623.6005	4047.257	2870.7764	6970.648	364.54956	8153.005	120.44314	8344.403	7986.4946	1000.0	1000.0	763999	653.5552	556.7375	598.18365	-285.80292	653.553	556.7373	598.6297	-296.30475	7.8068256	10.628084	201.71434	-15.455093	-195.20679	89.670906	25321.768769979477
192	2026.165	46.95163	2081.6414	1904.9993	1592.2572	77.68937	1722.2251	1520.3561	4240.286	26.181284	4277.4834	4199.957	3743.096	108.925095	3863.016	3595.6692	6783.7754	238.89581	7146.251	6542.9375	8299.299	72.88704	8377.187	8099.8584	1000.0	1000.0	767999	653.88226	557.2877	593.12427	-290.8628	653.8796	557.2852	596.2505	-331.9628	7.9112625	10.610511	216.68362	-17.055452	-197.6791	95.3574	25446.4223985672
193	1920.9984	44.21167	1997.6769	1850.5643	1334.2993	539.3798	1706.9952	402.74326	4109.4287	26.074156	4152.9966	4075.4724	3040.2705	1202.3855	3803.03	958.99414	5459.8457	2529.03	7105.141	1083.92	7888.251	111.68646	8025.606	7679.38	1000.0	1000.0	771999	655.47394	558.5041	599.8744	-338.38416	655.46967	558.49835	602.36	-320.85947	7.4556217	10.425048	131.83133	-16.152617	-199.0618	85.03638	25573.50444126129
194	1959.976	41.78793	2007.1069	1883.4518	1423.4265	280.3825	1627.255	939.90204	4467.529	45.175983	4557.202	4384.1	3334.6335	612.15204	3804.0286	2281.9812	5948.489	1297.2216	6967.482	3721.6956	8566.389	109.41546	8779.277	8373.144	1000.0	1000.0	775999	656.92847	559.8579	596.6027	-345.70016	656.9273	559.8567	601.559	-327.53815	7.7345514	10.63068	139.72282	-14.961478	-197.7775	96.06623	25698.651211977005
195	2012.9355	56.97743	2118.7466	1912.1075	1396.5391	515.388	1757.8379	509.63016	4218.1016	43.59772	4278.445	4114.4077	3006.3672	1240.7783	3775.467	858.01294	5420.413	2571.7017	7020.9595	968.0069	8183.036	145.74545	8368.626	7864.787	1000.0	1000.0	779999	659.18805	560.9932	599.1214	-307.10928	659.18604	560.99146	599.5952	-298.96527	7.6012564	10.453062	149.37386	-17.480608	-198.17108	88.700966	25822.10447525978
196	2055.0142	35.20298	2097.256	1968.3793	1690.0673	66.10263	1789.2631	1603.9401	4452.001	32.64321	4515.205	4403.4478	3786.9604	68.13088	3899.2349	3716.3384	6990.444	111.26763	7171.2935	6889.431	8564.053	79.072105	8688.641	8443.441	1000.0	1000.0	783999	660.106	561.6202	599.16034	-345.60214	660.1017	561.6183	599.78864	-321.12854	8.076543	10.769141	192.29005	-13.256898	-197.65292	88.23259	25985.2689204216
197	1634.4207	41.32862	1721.6486	1573.4564	1694.43	66.14057	1788.4138	1621.2898	4338.1123	24.172064	4376.6494	4294.0547	3845.0864	42.343147	3900.6772	3781.4863	7078.3076	105.84516	7230.3423	6935.4375	7780.5547	139.39159	8069.044	7542.9443	1000.0	1000.0	787999	662.78265	562.8945	601.8959	-291.278	662.77844	562.89496	603.3193	-302.77808	8.066137	10.800943	153.72363	-13.657331	-202.7035	86.21656	26191.95520710945
198	1927.6539	44.242393	1989.2572	1850.1458	1667.6632	43.480118	1726.7333	1604.6898	4315.394	55.90983	4397.854	4226.902	3754.3945	43.423626	3803.6582	3688.25	6891.471	108.22747	7062.4873	6770.1973	8212.262	153.46904	8409.8545	7901.976	1000.0	1000.0	791999	664.968	564.23474	601.3292	-310.40982	664.96643	564.2354	607.68	-327.22046	7.9059925	10.705842	200.36499	-13.777151	-204.25854	89.23569	26394.366123199463
199	2077.7893	50.80645	2165.9602	1981.5946	1645.2386	57.538597	1704.722	1550.5643	4296.7593	33.894592	4366.1167	4252.846	3746.3904	116.794174	3894.9941	3601.7878	6853.9023	194.41776	7042.6016	6557.577	8361.099	83.21961	8491.325	8159.117	1000.0	1000.0	795999	667.02814	565.4413	597.78296	-293.31226	667.02545	565.4398	597.587	-294.6046	7.860976	10.69618	172.55727	-16.681648	-206.6493	83.88231	26573.799461126328
200	2009.1885	37.013344	2059.831	1926.594	1629.0447	65.74565	1733.8374	1553.4563	4231.2207	41.766785	4273.718	4143.2393	3820.14	56.82503	3899.2097	3745.7988	6918.1406	184.93968	7226.5596	6767.5513	8149.678	76.86039	8273.622	8031.4106	1000.0	1000.0	799999	671.06274	567.7881	601.4542	-286.9493	671.06165	567.7881	602.73663	-323.59338	8.106932	10.954069	163.24228	-14.526502	-207.86287	88.3077	26699.07871198654
