Epoch	AverageTestEnv0Ret	StdTestEnv0Ret	MaxTestEnv0Ret	MinTestEnv0Ret	AverageEnv0Ret	StdEnv0Ret	MaxEnv0Ret	MinEnv0Ret	AverageTestEnv1Ret	StdTestEnv1Ret	MaxTestEnv1Ret	MinTestEnv1Ret	AverageEnv1Ret	StdEnv1Ret	MaxEnv1Ret	MinEnv1Ret	AverageEpRet	StdEpRet	MaxEpRet	MinEpRet	AverageTestEpRet	StdTestEpRet	MaxTestEpRet	MinTestEpRet	EpLen	TestEpLen	TotalEnvInteracts	AverageQ1Vals	StdQ1Vals	MaxQ1Vals	MinQ1Vals	AverageQ2Vals	StdQ2Vals	MaxQ2Vals	MinQ2Vals	AverageLogPi	StdLogPi	MaxLogPi	MinLogPi	LossPi	LossQ	Time
1	14.964678	12.44432	36.063103	-0.45903346	-306.14417	46.130028	-234.0242	-362.58606	-135.24997	6.484374	-122.33194	-144.90225	-371.3844	81.389984	-264.29547	-478.80856	-677.52856	74.17154	-577.2687	-775.5717	-120.2853	15.571448	-86.358604	-142.92923	1000.0	1000.0	3999	9.402007	6.0519533	35.57574	-3.8385787	9.39946	6.0554247	36.071854	-4.189976	-7.2325573	2.5840552	19.928535	-17.945467	-11.575474	1.7179062	277.9242227077484
2	-425.50702	57.95269	-340.89835	-508.12042	-401.07162	60.620174	-316.70303	-460.8309	-68.22896	22.569315	-32.24505	-102.67762	-304.16943	59.2145	-221.21976	-388.62158	-705.2411	32.057533	-676.1376	-757.4515	-493.73602	66.55135	-405.19882	-581.9694	1000.0	1000.0	7999	35.954403	11.280924	83.80844	1.4752022	35.954678	11.277401	81.44526	1.1105807	-2.4703026	4.2794595	23.301216	-18.796995	-38.89569	6.353254	622.3043141365051
3	9.680674	148.07767	144.32248	-392.51642	-551.01746	279.91788	-215.38582	-861.36237	-276.33496	95.19313	-57.1206	-355.7022	-267.86383	48.14531	-202.4596	-331.1921	-818.88135	293.0514	-417.84543	-1152.4176	-266.65433	191.14886	87.20187	-677.0792	1000.0	1000.0	11999	70.44051	10.839214	136.36217	27.454071	70.43975	10.834237	136.73523	26.565145	-1.1045812	4.793688	28.85794	-20.848087	-73.41522	11.1524315	976.8632552623749
4	208.41531	79.36078	382.18814	87.6024	-710.5926	37.835606	-666.05	-764.8889	-179.87943	41.607773	-92.58953	-232.93245	-321.82397	33.22215	-270.3554	-362.42007	-1032.4165	65.33802	-936.4054	-1097.5658	28.535889	111.109604	289.5986	-117.48684	1000.0	1000.0	15999	89.98748	7.8236604	158.15196	58.55201	89.98804	7.8122187	156.5257	58.79874	-2.9575348	4.5346055	35.05854	-24.12259	-92.42886	13.2818985	1348.0031282901764
5	324.6885	47.11743	418.34	265.66983	-545.20154	46.167164	-496.2664	-610.0873	-142.59378	68.55372	-36.08065	-229.50795	-334.504	50.800613	-250.35048	-381.55707	-879.70557	19.4483	-860.43774	-907.21204	182.09471	92.89294	382.25934	58.42625	1000.0	1000.0	19999	100.35696	9.144323	166.39725	73.45612	100.3574	9.142658	166.27469	74.998116	-3.591735	4.3220572	29.093204	-20.16029	-102.6624	13.394766	1705.1974847316742
6	391.25873	63.20622	517.45856	306.72314	-503.49133	82.87173	-388.39853	-584.9933	-82.11644	50.068443	-8.982352	-139.98718	-299.11752	36.51245	-235.92441	-321.62265	-802.6088	69.30035	-710.0212	-902.86926	309.14227	98.02315	497.85922	181.04417	1000.0	1000.0	23999	105.86453	11.058969	172.09425	78.64916	105.86545	11.056871	171.70139	78.77852	-4.6537967	3.782029	20.972681	-19.742058	-107.9477	12.661375	2062.8785042762756
7	481.0145	123.657	612.146	223.20163	-394.31696	80.033905	-261.1737	-459.90085	-34.73798	59.396687	32.278736	-152.53096	-206.29285	32.5065	-159.33351	-251.14442	-600.60974	85.59251	-466.56775	-704.84576	446.27652	175.19675	605.94354	101.3046	1000.0	1000.0	27999	107.10911	12.463129	176.89235	77.70123	107.11032	12.460232	173.8803	78.69798	-5.5363135	3.333788	16.211714	-19.598436	-109.03426	11.828477	2412.6557157039642
8	441.20856	166.1549	575.11096	-40.423027	-315.16174	15.5560665	-299.15903	-334.30582	-24.318989	139.72766	164.58655	-350.54636	-215.80893	137.35353	-39.988422	-360.41992	-530.97064	138.0665	-340.5325	-665.643	416.8896	281.60394	646.1053	-390.9694	1000.0	1000.0	31999	107.81299	13.517897	176.0685	75.93479	107.81363	13.514892	174.69618	77.82992	-5.9605618	3.0748024	15.502138	-20.349865	-109.712204	11.592881	2783.2639486789703
9	615.29877	60.22005	722.4923	501.54562	-265.2231	50.345215	-215.88443	-329.62225	7.918444	61.668232	118.80381	-115.628784	-229.7598	46.223854	-153.81715	-278.01416	-494.98285	34.331764	-453.67926	-548.60046	623.2172	91.459015	794.60297	479.12186	1000.0	1000.0	35999	107.95198	14.575705	177.83548	77.89946	107.9532	14.574035	175.56712	77.69114	-6.1476736	3.0044854	13.118324	-19.156397	-109.84784	11.063616	3175.7861602306366
10	770.7726	37.577713	823.8711	695.862	-370.4287	217.0895	-216.56973	-744.8487	42.360058	80.69822	201.95128	-57.862125	-295.70435	73.06897	-237.38347	-419.624	-666.13306	289.47772	-464.51987	-1164.4727	813.1327	75.811676	921.9723	682.63196	1000.0	1000.0	39999	110.33489	19.31698	221.93974	76.05161	110.33581	19.321445	223.26424	77.522575	-6.348352	3.1411786	54.378445	-19.863169	-112.27389	13.074129	3610.225277662277
11	728.4639	43.834034	774.9124	621.81116	-169.93481	106.36107	-51.943474	-342.57877	-33.898582	42.32467	64.28459	-77.80073	-197.53235	76.41696	-96.19603	-308.76514	-367.46716	100.040565	-234.97311	-516.89465	694.5653	69.96431	839.19696	556.50665	1000.0	1000.0	43999	112.72729	24.797966	240.45763	76.1134	112.72782	24.797733	241.32314	76.255684	-6.7788196	2.776426	26.10468	-18.58527	-114.61277	10.881006	4010.542580604553
12	717.64014	43.561253	826.84265	661.4188	-112.89751	72.427536	-28.277641	-211.41936	-50.363575	19.390472	-21.059973	-83.35832	-244.9996	94.86017	-104.21016	-367.6761	-357.8971	135.30107	-132.4878	-487.36816	667.2766	43.56968	762.2881	624.22076	1000.0	1000.0	47999	113.43333	24.464777	234.01646	77.99276	113.43381	24.462719	234.94572	77.63086	-6.9531846	2.4939113	10.663593	-19.8811	-115.28724	10.256958	4371.4422955513
13	774.33417	28.239433	830.3686	732.0559	-23.719326	55.9056	69.75259	-78.20642	56.44991	40.424828	148.51506	-6.975575	-148.96667	15.746561	-132.32576	-174.8852	-172.686	57.374935	-74.36246	-213.85454	830.78406	38.242573	880.571	738.5458	1000.0	1000.0	51999	114.24294	22.072601	223.1372	78.05209	114.24308	22.071354	223.0638	78.78904	-7.0138	2.4038491	12.477631	-20.82271	-116.100876	9.792461	4802.669274568558
14	686.3144	45.62748	758.2581	608.8624	-38.545586	18.607023	-10.104911	-62.158344	63.063667	85.816376	189.86723	-72.36984	-162.61224	52.05657	-102.941475	-222.70674	-201.15782	65.82748	-113.04639	-267.38107	749.378	112.44022	865.1265	548.18427	1000.0	1000.0	55999	115.5764	20.526482	202.25078	79.061325	115.57646	20.525461	204.4461	78.530685	-7.030857	2.4279919	14.650045	-19.664433	-117.43908	9.844151	5208.917729854584
15	677.4951	87.15926	836.19635	560.81396	-35.889427	30.677198	-8.240958	-85.32849	23.914747	82.985695	207.26361	-89.241425	-258.13974	20.548937	-229.50848	-286.9605	-294.02917	40.279095	-237.74944	-338.97852	701.4099	165.51593	1002.27106	515.705	1000.0	1000.0	59999	116.81919	20.108269	193.09268	80.14199	116.81911	20.107311	192.43298	79.966736	-7.0706725	2.4302773	13.970749	-20.681427	-118.67696	9.495635	5563.974005222321
16	790.19037	35.752552	832.43787	706.4404	-33.205524	41.49896	22.66916	-81.402916	41.053223	20.452034	74.54825	6.9944406	-242.01495	30.277721	-193.1135	-276.17505	-275.2205	31.174242	-226.86058	-312.87726	831.2435	43.250698	906.98615	770.74506	1000.0	1000.0	63999	118.00691	19.884937	198.81642	81.76324	118.00705	19.88406	197.53445	81.25503	-7.0867977	2.433513	14.04074	-19.449135	-119.87305	9.406139	5919.358141183853
17	682.2914	26.97523	738.1822	627.26056	6.8445315	42.468063	49.610626	-40.428955	-29.039394	45.653027	26.842514	-136.06876	-208.86633	77.68497	-96.05344	-297.9869	-202.02179	100.47252	-47.33031	-328.51355	653.2521	52.60455	704.4629	518.5031	1000.0	1000.0	67999	119.84388	19.721872	200.96976	84.06199	119.84365	19.723429	199.61673	82.51419	-7.073301	2.5119944	13.911842	-21.327244	-121.69847	9.060683	6276.695307970047
18	578.3539	60.709335	683.7449	510.92554	-26.738047	36.5329	7.6905046	-82.80097	-13.769316	54.07456	85.29884	-81.34892	-238.97803	57.2782	-170.8859	-308.00198	-265.71606	73.951035	-167.10634	-364.45172	564.5846	94.28834	758.58777	447.1381	1000.0	1000.0	71999	121.52957	19.638458	205.03046	83.751656	121.52937	19.639807	204.2827	85.66773	-7.106792	2.4800484	13.651752	-21.057564	-123.366714	9.190955	6665.916944503784
19	696.1076	73.19751	794.3817	584.5234	-32.106937	36.83525	14.252755	-85.25327	23.931437	72.66137	215.34633	-70.65854	-256.7518	51.536396	-171.5302	-305.11066	-288.85873	27.512829	-256.78348	-331.67014	720.03906	97.21052	893.851	573.4813	1000.0	1000.0	75999	122.86273	19.403822	206.07156	86.607216	122.86272	19.404026	206.77179	87.4942	-7.1244655	2.4633934	9.851586	-18.923534	-124.70346	9.315454	7038.261317014694
20	617.5548	62.249855	717.6813	525.8716	3.2652802	18.760244	24.879007	-20.48581	117.15835	57.13588	222.54475	13.844124	-253.47491	19.978386	-227.19072	-276.12247	-250.20963	25.608728	-209.17766	-278.5337	734.71313	76.6502	864.53375	655.0841	1000.0	1000.0	79999	124.31569	19.13987	209.43362	87.803764	124.31564	19.14007	208.55943	87.983604	-7.1571054	2.461852	13.464985	-18.77412	-126.15019	9.044353	7404.574104547501
21	617.5442	60.326954	706.5183	536.6981	12.464448	65.265144	120.51773	-50.664177	46.348366	41.535736	113.90309	-16.414682	-257.5332	15.849705	-231.93361	-274.34738	-245.06874	61.29596	-153.82964	-316.34543	663.89246	39.28712	712.547	603.9234	1000.0	1000.0	83999	125.45543	18.918486	213.20096	90.132614	125.45522	18.918507	213.67229	88.2344	-7.179961	2.4499035	12.526253	-19.234463	-127.28359	9.005153	7847.766495704651
22	533.2636	93.42649	658.35406	357.9307	57.064426	55.74922	114.69817	-20.720587	-114.4208	77.881	-3.617109	-235.89262	-169.83197	87.9603	-56.17319	-289.11908	-112.76753	114.01056	58.524982	-259.77258	418.84277	160.8238	627.98236	205.50426	1000.0	1000.0	87999	127.10013	18.556452	211.75284	93.46197	127.09985	18.556696	212.3608	90.9994	-7.170605	2.416662	19.723518	-18.120235	-128.93362	9.224152	8255.383384466171
23	708.3776	110.98159	860.6493	497.1086	-74.23552	41.328762	-17.290693	-133.68495	110.29547	153.12521	325.76266	-149.4698	-335.81372	21.881752	-306.11832	-367.7351	-410.04922	56.0793	-323.409	-470.83258	818.67316	257.2477	1171.289	347.6388	1000.0	1000.0	91999	128.82024	18.59302	214.43591	93.565674	128.8203	18.59415	213.15941	94.35987	-7.070809	2.5029328	9.390324	-18.774689	-130.67102	9.492367	8637.648444890976
24	480.84082	76.78152	603.98376	369.193	-64.346176	68.33982	38.341488	-145.52446	-122.21578	47.613514	-64.30174	-210.2126	-262.927	22.440855	-227.94318	-289.19363	-327.27316	64.93657	-250.85216	-407.21677	358.62506	100.63446	539.682	234.25885	1000.0	1000.0	95999	130.23436	18.982323	216.98041	94.7042	130.23453	18.981667	217.52188	93.3731	-7.0587144	2.5444279	14.881563	-19.682732	-132.09422	9.710222	8978.20041179657
25	657.00684	52.841972	722.32336	557.2988	-5.4038734	70.3077	68.98312	-121.079315	-82.68457	45.06752	-25.962505	-172.35777	-262.07306	50.0735	-186.38016	-327.21512	-267.47696	78.01394	-169.39478	-387.7722	574.32227	84.01958	659.2698	384.941	1000.0	1000.0	99999	131.82059	19.391592	218.53152	90.30838	131.8205	19.392202	216.80888	89.464195	-7.003936	2.5704362	13.873373	-19.855808	-133.6914	9.645776	9323.18117260933
26	741.8751	56.667595	824.901	595.8371	-129.78964	230.7749	84.02771	-519.44604	32.008423	53.56157	137.2805	-25.484404	-318.31598	68.97703	-251.32484	-433.73035	-448.10565	295.53754	-205.04523	-953.1764	773.88354	92.018745	894.8774	570.35266	1000.0	1000.0	103999	133.01709	19.61625	219.79301	88.22753	133.01733	19.616215	219.5415	87.983345	-7.0763187	2.5307665	10.709398	-20.422653	-134.87775	9.440295	9680.213384389877
27	705.6812	100.77678	768.14923	419.3764	-43.12143	271.24365	151.693	-509.1031	84.61538	84.31778	173.80675	-127.40738	-244.14027	86.3158	-182.76152	-391.41025	-287.2617	263.06384	-55.405823	-728.4253	790.2966	180.7786	940.7675	291.96902	1000.0	1000.0	107999	134.16328	19.699377	219.67859	87.503456	134.16336	19.699703	221.77	85.03333	-7.083915	2.4783442	11.266369	-18.22783	-136.0079	9.407624	10045.37139081955
28	667.62	39.529358	719.3893	611.09467	-35.501995	28.54939	-3.576329	-81.414345	-57.041332	83.22378	92.87155	-164.24625	-342.3981	24.574802	-311.33795	-379.28757	-377.90012	31.552725	-344.04575	-426.94458	610.57874	89.93663	764.4565	493.77972	1000.0	1000.0	111999	134.96967	19.565918	219.54858	85.70997	134.96944	19.567339	222.40422	82.885895	-7.091265	2.4613647	10.800982	-19.827463	-136.82816	9.329092	10415.443665027618
29	564.6675	55.002804	657.5214	498.94583	-77.51353	163.8566	48.357677	-357.92767	68.37228	90.272575	220.27943	-61.583447	-278.25934	77.79936	-144.31516	-336.2824	-355.7729	201.8132	-122.43807	-677.4056	633.0397	88.72681	774.6709	486.50446	1000.0	1000.0	115999	135.74747	19.747078	224.51	82.480286	135.74733	19.748283	224.19516	80.2296	-7.0843143	2.4672408	12.198463	-19.969711	-137.59741	9.442457	10783.952263355255
30	707.7578	51.68788	786.6561	619.16327	-70.95366	137.47668	61.536934	-264.53973	148.51016	77.907425	257.00333	11.243357	-284.01892	89.762634	-129.76105	-352.9297	-354.9726	198.99367	-73.462	-586.59155	856.26794	94.35965	994.2904	630.4066	1000.0	1000.0	119999	136.65446	19.877	228.53238	75.33983	136.65457	19.878288	229.16853	69.90122	-7.0419774	2.501368	9.817986	-22.76799	-138.52968	9.558603	11150.031561374664
31	607.77515	118.038605	727.6186	267.81717	65.77693	49.216618	135.9403	1.9997941	-69.18706	53.065784	-0.8076097	-175.63312	-319.37463	24.1445	-284.1955	-351.7079	-253.59769	63.65859	-189.5884	-349.7081	538.5881	147.85805	726.811	152.93701	1000.0	1000.0	123999	137.78285	20.212824	221.4515	71.70667	137.78287	20.212326	223.74796	67.99515	-7.0359263	2.4964905	10.439619	-19.097773	-139.64543	9.671918	11502.422298192978
32	600.4437	98.728615	701.9339	410.4691	-2.2203865	67.43095	78.277145	-71.94185	-71.00809	51.109863	11.079216	-161.56236	-323.8954	127.1708	-197.93112	-535.99506	-326.11575	112.53817	-147.27835	-457.7179	529.4357	141.26599	713.0131	256.09158	1000.0	1000.0	127999	138.84697	20.251339	220.38237	70.681984	138.84686	20.25256	221.12582	67.586464	-7.020577	2.4774272	12.813893	-19.435696	-140.70763	9.59014	11852.343085050583
33	680.8604	44.02703	730.6969	611.5893	-96.8996	75.58713	23.230362	-185.80762	42.09998	58.08827	105.40781	-72.48172	-278.22894	90.80401	-128.18726	-372.33902	-375.1285	157.69588	-104.956894	-487.09888	722.9603	75.88298	828.3254	579.6451	1000.0	1000.0	131999	139.74748	20.211561	224.94144	69.4184	139.74738	20.212965	226.72255	66.72501	-6.9983745	2.4989688	9.98782	-19.16588	-141.6318	9.622327	12206.495440006256
34	586.0804	126.25025	677.0643	251.45993	-52.589394	66.19789	28.334251	-151.4347	-37.36874	57.04115	34.43696	-150.38698	-287.92514	41.91821	-231.69058	-347.19144	-340.5145	82.60795	-203.35632	-424.63162	548.7116	170.01169	697.7099	101.07295	1000.0	1000.0	135999	140.70892	20.525272	224.30284	70.685905	140.70901	20.526752	225.87045	66.80669	-6.914908	2.6087563	15.890323	-19.056164	-142.60826	9.677995	12594.822387933731
35	722.6837	30.65452	763.0651	648.6526	-42.55175	103.77209	72.76864	-210.67879	7.3961782	38.594307	77.937035	-69.534454	-307.44653	23.606943	-291.11966	-348.2268	-349.9983	126.57939	-218.35103	-558.9056	730.07996	58.11623	798.3525	613.8205	1000.0	1000.0	139999	142.04063	21.055744	225.38795	71.77012	142.04063	21.05713	228.07796	70.68942	-6.830523	2.6752937	12.104099	-18.49298	-143.95856	9.7824745	12987.869475126266
36	717.33215	193.09132	842.88556	190.31416	-47.97265	95.90061	102.76986	-160.82079	2.6963294	108.91654	173.12411	-263.95392	-256.42886	48.619965	-208.56566	-337.35162	-304.4015	66.47178	-234.58174	-406.62564	720.02844	291.00537	958.49207	-73.639755	1000.0	1000.0	143999	143.40802	21.587883	229.6778	73.88089	143.40788	21.589436	233.45662	70.76267	-6.75756	2.7096364	9.808088	-19.903234	-145.34247	9.9133005	13378.318235874176
37	679.9813	48.690357	777.8959	621.29346	-63.747246	32.195984	-21.529997	-111.372025	-28.799585	38.920486	74.58479	-75.81412	-291.56482	24.767519	-249.55643	-313.5212	-355.31207	52.169216	-271.08643	-411.24655	651.18176	56.147686	757.83905	591.32806	1000.0	1000.0	147999	145.03967	22.494614	232.29655	72.936516	145.03976	22.496283	232.37708	71.62418	-6.6558013	2.836131	13.7407875	-18.848515	-147.00714	9.786203	13741.400114774704
38	795.9585	35.089268	844.34094	731.10736	19.400265	72.65628	86.05444	-101.75134	-23.290737	40.846497	51.027863	-79.00212	-253.49542	109.38261	-161.96945	-438.6106	-234.09517	181.95761	-75.915016	-540.36194	772.66785	65.96878	880.9266	682.0667	1000.0	1000.0	151999	146.92632	23.741783	234.73347	71.88514	146.92606	23.743153	238.19252	71.44141	-6.623212	2.8586674	20.75512	-19.446049	-148.90929	9.907858	14104.854523181915
39	777.9459	67.63545	859.26544	647.52386	5.3885155	97.36613	126.742546	-144.1589	-73.9619	41.643036	-5.4195805	-166.05374	-243.98563	111.64416	-92.92129	-391.7521	-238.5971	132.58296	-88.13268	-440.7683	703.984	82.87385	819.3652	525.9728	1000.0	1000.0	155999	148.57768	24.980328	238.14386	73.70047	148.57788	24.980854	239.46165	67.385506	-6.607534	2.8458357	12.091922	-18.583338	-150.5489	9.991859	14478.446696996689
40	722.48114	51.59658	801.6199	635.42566	-58.41617	105.86501	43.736095	-236.02626	2.504352	48.09122	63.037632	-115.732704	-296.7851	26.273178	-260.5008	-332.91745	-355.20126	114.15503	-244.788	-541.2243	724.9855	75.174965	812.3077	599.9885	1000.0	1000.0	159999	149.65929	25.465452	237.31776	70.33193	149.65948	25.465393	238.12509	68.4031	-6.6336737	2.8288536	15.648454	-19.20354	-151.62569	10.07042	14850.322355508804
41	693.86633	104.512924	784.9655	402.65833	48.670677	57.68825	106.57184	-25.989023	-67.2688	98.8315	149.91144	-270.65286	-286.01508	40.096657	-242.26205	-340.3283	-237.34442	26.66593	-205.10207	-279.2381	626.5976	177.80145	814.75714	132.00546	1000.0	1000.0	163999	150.74345	26.151867	241.88927	70.78427	150.74329	26.153303	240.96315	64.132706	-6.549596	2.9293709	17.760986	-19.115128	-152.73747	10.107639	15226.665174245834
42	787.8891	39.98968	835.9593	688.5391	-32.67048	85.80761	47.86788	-163.83423	-123.14042	44.871136	-47.31247	-199.18199	-296.538	27.531553	-270.9999	-342.12866	-329.20847	68.70715	-245.72156	-434.8341	664.74866	46.23256	733.7368	579.1219	1000.0	1000.0	167999	152.79778	27.776169	241.71542	71.30491	152.7976	27.776432	241.39465	66.29782	-6.289937	3.1507046	17.338354	-19.209332	-154.87282	10.575426	15585.07356953621
43	668.19244	63.491894	752.89844	569.51385	20.31045	52.404243	81.066284	-63.47869	-7.025355	33.635544	34.77153	-55.769775	-290.66864	57.82872	-197.23735	-349.60474	-270.3582	99.82852	-116.17107	-388.40692	661.1671	93.3239	787.67	513.7441	1000.0	1000.0	171999	154.96071	29.732588	246.9871	69.86693	154.96085	29.732424	247.64592	65.723465	-6.267317	3.1986308	22.854698	-18.909603	-157.02812	10.569405	15944.713971614838
44	664.14056	169.07822	773.3832	172.5926	59.473698	56.718147	122.16763	-30.2476	-79.577	81.48822	34.704338	-279.77542	-294.97855	13.872016	-279.95926	-315.14957	-235.50488	49.551834	-178.10951	-314.77594	584.5635	238.87074	776.26666	-107.18282	1000.0	1000.0	175999	157.11127	31.59258	250.952	67.44429	157.11098	31.591955	250.13889	66.627655	-6.188381	3.2034361	25.138916	-25.290785	-159.20337	11.030527	16306.605970621109
45	712.8203	58.83172	797.80817	592.4924	36.893764	118.0548	123.492256	-163.80846	-95.053635	56.581177	-12.485221	-198.41916	-264.74158	62.238247	-162.44905	-327.99915	-227.84781	166.26917	-41.510574	-491.80762	617.7667	80.503296	740.44025	498.87842	1000.0	1000.0	179999	158.7578	33.1752	252.73927	62.2854	158.75768	33.174305	251.0749	62.7091	-6.1656494	3.3043764	31.500103	-19.280888	-160.86934	11.142967	16686.852989673615
46	848.6737	90.48283	918.00867	593.8683	62.922573	43.996983	119.418045	-3.9767013	-138.19153	44.749207	-42.01347	-186.7683	-224.87418	45.85593	-171.53265	-296.86093	-161.95158	72.72822	-52.1146	-229.77107	710.4822	106.782135	810.0663	407.40564	1000.0	1000.0	183999	160.989	35.32123	257.11517	67.196106	160.98901	35.320305	254.2812	59.729015	-5.996776	3.458246	31.228653	-18.210674	-163.14832	11.452051	17087.03769636154
47	754.81036	49.915886	820.2028	634.53564	86.52353	54.265907	166.70674	34.256336	21.988316	40.79207	99.79366	-23.366995	-269.7066	79.78352	-155.84244	-380.47348	-183.18306	76.85047	-94.001076	-274.5291	776.79865	75.44343	891.44824	614.9957	1000.0	1000.0	187999	163.77914	38.10095	267.7922	66.69126	163.77954	38.09877	264.89343	62.685932	-5.822851	3.6279805	29.252811	-20.442179	-165.99898	12.041852	17552.027065753937
48	734.64307	44.525738	786.7189	674.8751	54.39856	44.94466	99.54151	8.956093	70.4424	79.154434	205.06258	-17.142527	-280.20563	49.60476	-210.52599	-350.71884	-225.80707	66.54188	-111.38427	-272.55573	805.08545	106.36496	976.6832	672.1598	1000.0	1000.0	191999	166.4261	40.469563	270.1025	64.3892	166.42587	40.46805	267.99185	61.29372	-5.8870935	3.5425398	24.002872	-18.224007	-168.62456	12.135023	17930.722710609436
49	735.9827	47.321255	813.40674	651.68555	41.243553	84.35094	107.681206	-100.52212	31.679993	55.161232	118.34832	-68.37601	-332.51456	24.981228	-296.79327	-367.4109	-291.27103	64.413246	-224.21083	-397.3154	767.6628	75.49963	859.5813	624.5741	1000.0	1000.0	195999	168.1079	41.915592	271.06497	64.395226	168.10834	41.914005	265.03693	60.94617	-5.996435	3.4778485	21.21545	-19.28777	-170.27516	11.996046	18281.718804836273
50	671.51166	63.95266	743.65045	494.39688	107.8507	38.842133	168.52856	60.258266	-9.623892	70.1127	78.267555	-124.734695	-277.23682	63.05225	-211.8962	-368.4507	-169.38611	95.592674	-57.182358	-308.19244	661.88776	125.683876	819.2145	369.66217	1000.0	1000.0	199999	169.17207	42.746216	281.99948	63.28608	169.17194	42.744503	276.64078	61.550163	-5.948112	3.5169888	21.23602	-21.13514	-171.37021	12.258569	18633.342130422592
51	844.15735	47.348152	910.8894	754.87695	77.979935	52.137367	138.70918	1.1902449	61.738636	90.71773	151.61362	-153.52664	-268.81378	41.134792	-199.80542	-308.52408	-190.83386	57.685776	-137.87383	-282.14017	905.8959	106.81434	1007.3753	661.9574	1000.0	1000.0	203999	170.55682	43.793766	277.19177	64.976944	170.55672	43.792202	273.60794	63.904877	-5.946596	3.5044706	24.004261	-19.076172	-172.75015	12.447392	18986.12821674347
52	616.02075	55.921974	704.72217	523.0164	92.455444	125.67079	224.07112	-114.33281	-46.410065	84.50711	84.148094	-210.04224	-217.31015	80.14362	-115.39433	-336.61792	-124.854706	193.78722	36.89969	-450.95074	569.61066	121.88746	755.6238	312.97415	1000.0	1000.0	207999	171.76215	44.477844	277.6037	57.71902	171.76215	44.476437	271.88513	60.90818	-5.9680314	3.5151114	24.662872	-20.166977	-173.94086	12.311506	19337.076508522034
53	880.1439	23.525654	917.44684	850.54395	136.35114	28.232803	182.74129	108.61582	17.52395	58.53121	119.01392	-55.986786	-243.48915	39.611187	-175.68575	-275.0763	-107.13803	42.675747	-55.483658	-156.53998	897.66785	56.301834	986.05005	810.75586	1000.0	1000.0	211999	172.12518	44.66242	277.07422	57.500095	172.12485	44.66172	270.7052	58.0857	-6.0882707	3.3875222	25.764723	-18.746323	-174.27516	12.117572	19692.966678619385
54	818.2949	34.870724	872.92017	739.2145	182.8652	26.690462	225.25774	151.43507	-69.51232	39.074734	-28.380497	-159.92122	-178.2684	27.963142	-141.24773	-214.83846	4.596795	21.737448	37.6289	-17.089407	748.78265	54.955143	828.5271	629.80884	1000.0	1000.0	215999	173.1545	44.692158	279.4009	60.555702	173.15456	44.690804	274.9773	58.99294	-5.953554	3.453967	23.743223	-18.925488	-175.33391	12.214562	20053.34746813774
55	632.05475	78.03795	721.4723	462.81186	127.039734	52.829384	181.26279	66.00739	-75.021736	72.415146	55.409695	-209.5752	-239.70581	20.587759	-219.9344	-270.28687	-112.66606	59.901443	-40.570454	-187.14735	557.033	109.04021	718.6937	346.5226	1000.0	1000.0	219999	174.36662	45.03559	278.8121	58.268654	174.3666	45.033356	274.07516	63.496025	-5.9082713	3.501247	30.979473	-20.8816	-176.56302	12.105174	20438.77016019821
56	826.7706	70.43668	921.5674	693.7751	76.3278	96.76904	171.79892	-82.50968	-25.72851	56.9857	78.246414	-121.98982	-301.70703	33.63735	-248.58739	-336.68146	-225.37924	112.04339	-151.55756	-419.19113	801.0421	107.69843	914.1398	571.7852	1000.0	1000.0	223999	175.60004	45.62902	281.67987	61.306202	175.59978	45.627823	276.69232	62.679207	-5.837589	3.5429235	30.144836	-19.195473	-177.80824	11.965137	20871.486505270004
57	784.27234	37.744938	839.79474	725.9525	138.37431	24.944798	169.58788	100.33924	-8.916232	43.25404	79.20973	-83.5741	-314.7158	77.6786	-226.21153	-439.40915	-176.34146	102.162476	-56.623653	-339.06992	775.3561	71.04021	880.5441	642.3784	1000.0	1000.0	227999	176.29124	46.047398	280.16345	56.841995	176.29102	46.046288	277.62396	58.04503	-5.8886704	3.5019557	39.236916	-19.434334	-178.48407	12.197416	21321.935104370117
58	838.945	75.26304	921.945	656.8975	132.67247	36.02404	167.06287	73.05699	-0.16640702	81.92824	126.537155	-163.40213	-213.04208	31.391058	-165.03783	-252.87141	-80.36961	48.02315	-11.504524	-147.02171	838.7787	131.09186	987.292	493.4954	1000.0	1000.0	231999	177.51106	46.367146	286.50253	58.099106	177.51108	46.36477	283.80237	59.11784	-5.8065414	3.5440793	35.784676	-20.928799	-179.72397	12.482197	21694.897131681442
59	836.6751	16.52885	865.4257	813.8867	114.54477	47.126392	193.5761	68.96984	77.681625	16.77443	97.91557	52.343792	-181.98193	132.30037	-29.592894	-348.47922	-67.437164	101.62348	68.89404	-175.17325	914.35675	31.628433	962.89246	872.6919	1000.0	1000.0	235999	178.39488	46.99169	283.97745	61.27569	178.39491	46.990406	280.7072	62.66982	-5.782217	3.5668633	41.465134	-19.22687	-180.61931	12.254094	22071.9296169281
60	772.57434	9.049997	791.9952	756.732	137.90703	18.15506	159.66718	118.384735	106.680786	23.584833	142.75414	60.83344	-271.9572	26.568474	-253.88783	-317.61526	-134.05019	40.02199	-94.22065	-199.23051	879.2552	21.792957	919.4957	852.8286	1000.0	1000.0	239999	179.7759	47.848255	289.29172	59.487705	179.77586	47.847366	283.94083	59.84183	-5.7261963	3.605501	32.720314	-20.727703	-182.00989	12.319333	22446.048911333084
61	839.2166	26.750292	875.4418	790.0739	145.37453	35.10409	179.74959	87.579056	-132.3406	41.981796	-81.590225	-218.99763	-254.78229	49.70468	-189.16689	-328.49615	-109.407745	56.617977	-23.928312	-170.58072	706.876	58.031185	780.117	600.3765	1000.0	1000.0	243999	180.50916	48.01039	286.352	62.080246	180.50945	48.00875	284.40787	63.480183	-5.804784	3.5056214	62.022522	-19.164371	-182.72235	12.278715	22859.522228956223
62	843.7454	40.56218	889.5299	764.604	139.65045	14.008214	156.66583	121.590744	75.866	43.64509	163.53853	25.237524	-273.774	25.290092	-242.20764	-305.28864	-134.12352	28.805857	-92.85084	-174.3002	919.61145	68.58907	1041.8978	821.38916	1000.0	1000.0	247999	181.25598	48.390427	289.44943	61.820026	181.25552	48.38823	283.87787	66.57848	-5.7132144	3.5819016	38.112648	-18.34253	-183.49176	12.575919	23242.516741752625
63	805.2497	38.212418	870.663	732.30634	138.44653	48.747902	180.81152	55.699867	65.21963	82.09977	160.49837	-136.41719	-245.00198	52.56972	-188.83408	-328.19522	-106.555466	99.566795	-25.283037	-272.49536	870.46936	111.649765	1026.9167	595.88916	1000.0	1000.0	251999	181.64407	48.46807	290.01923	60.024826	181.6441	48.4661	283.46448	64.28043	-5.807156	3.5262752	31.069878	-18.934967	-183.86104	12.435937	23604.990687847137
64	866.21747	31.330154	916.02435	805.42676	176.19228	21.256544	195.2531	143.75174	-40.6796	82.04389	69.736496	-146.35709	-198.38864	71.99651	-106.127426	-292.7546	-22.196348	75.66457	89.12566	-122.1637	825.5379	97.66281	985.76086	667.235	1000.0	1000.0	255999	181.92792	48.494358	287.25986	69.298096	181.92778	48.49254	284.26404	70.812996	-5.827634	3.450671	40.015293	-21.468874	-184.12753	12.433143	23956.658111572266
65	754.2108	34.182373	798.21735	703.9826	125.41292	42.83345	188.4753	67.91438	-142.99045	58.2553	3.4118276	-219.09981	-252.27286	59.50959	-185.81558	-312.5886	-126.85994	94.689545	2.6597013	-244.67421	611.22046	62.930847	707.3944	487.48093	1000.0	1000.0	259999	182.29222	48.446316	285.01984	64.01715	182.2919	48.44463	282.2982	66.08327	-5.7215433	3.5310042	34.85827	-18.319994	-184.51884	12.821194	24309.64410662651
66	812.9305	35.32964	856.9057	760.88904	200.99115	20.446678	233.12566	180.14609	-182.34073	69.77148	-21.054667	-259.76944	-189.14893	33.55993	-133.69252	-220.29593	11.842226	29.513092	53.245647	-30.214407	630.58966	74.53149	763.81616	521.5526	1000.0	1000.0	263999	183.64127	48.91529	289.3651	67.799805	183.64156	48.914047	283.86505	68.96284	-5.7211175	3.5398512	31.636414	-19.05204	-185.87358	12.881037	24680.8235039711
67	854.9583	27.13032	903.102	803.51465	192.53195	79.04213	325.20596	117.37176	-60.852257	48.11703	45.35679	-131.4149	-232.41281	48.184994	-149.38632	-268.06128	-39.88087	81.110825	57.14467	-138.17195	794.10596	70.37214	948.4588	672.09973	1000.0	1000.0	267999	183.88762	49.060013	287.04083	67.57906	183.88756	49.057796	286.0063	68.69997	-5.7875686	3.5066772	43.059845	-19.25705	-186.096	12.499088	25042.736281633377
68	816.3675	41.664486	908.7826	764.1675	225.64267	84.1529	310.6543	98.03311	96.24426	88.86997	234.99434	-63.807148	-234.2875	55.68337	-157.77959	-308.84692	-8.644826	63.410698	44.95589	-115.0016	912.6117	104.65183	1028.4701	713.37415	1000.0	1000.0	271999	184.37675	48.66739	285.52655	68.08469	184.3768	48.665245	282.82977	70.22718	-5.792504	3.452365	49.722946	-18.988546	-186.56679	12.672949	25408.766191482544
69	723.60864	41.941853	777.4701	622.65076	183.0061	44.239933	224.98721	120.52209	39.5572	63.89869	127.21702	-119.71815	-225.32472	42.824863	-177.95486	-286.2356	-42.318626	56.914093	31.831402	-124.21774	763.16583	96.063576	883.08997	502.93262	1000.0	1000.0	275999	183.80246	48.000416	285.78778	63.146896	183.80228	47.999146	284.45096	66.65202	-5.844241	3.4125373	46.542915	-19.953	-185.96771	12.467142	25773.33923792839
70	820.5487	43.702644	892.94446	745.87256	144.419	26.587948	187.62564	121.716576	-28.882206	41.007717	43.41761	-87.303986	-287.63104	48.362976	-245.99406	-364.2194	-143.212	65.431946	-58.368416	-240.89801	791.6665	69.70123	907.1306	683.2506	1000.0	1000.0	279999	183.2422	47.405724	278.28973	63.922886	183.24196	47.40421	276.37747	68.863815	-5.8011794	3.4533205	33.96114	-18.649452	-185.43254	12.365101	26137.819714546204
71	672.204	69.867226	749.79724	515.4149	-16.575623	35.352104	26.257158	-68.37825	-42.558952	82.243484	43.789257	-221.38261	-288.89908	35.771183	-229.00113	-320.16312	-305.4747	48.800476	-255.93596	-380.0547	629.64496	146.55547	793.5865	294.03232	1000.0	1000.0	283999	183.73119	47.736187	281.84528	70.69483	183.73128	47.734653	278.43875	68.618706	-5.738412	3.5216901	46.43409	-21.0388	-185.95375	12.530268	26502.162838697433
72	610.1542	39.261803	653.45325	514.69946	106.18135	22.658882	129.55904	69.49367	-168.9311	30.036686	-117.8286	-217.03662	-207.17639	96.080444	-78.99479	-327.20166	-100.99502	83.593864	-9.50112	-220.39105	441.22308	39.834454	500.18915	375.8324	1000.0	1000.0	287999	184.02376	48.05338	283.29007	68.42366	184.02383	48.051094	281.11664	72.16782	-5.7110057	3.510576	35.509228	-19.852798	-186.24829	12.841359	26820.27656507492
73	779.2352	41.545593	833.91797	697.90936	76.182045	24.42771	107.91813	50.015583	-80.61272	43.512566	1.0647376	-153.26514	-251.60622	83.55463	-122.53961	-351.1928	-175.42416	105.86481	-14.621484	-296.22757	698.62256	69.718124	800.57275	544.6442	1000.0	1000.0	291999	185.23564	48.502712	285.0975	64.92457	185.23572	48.500816	281.36502	67.45192	-5.690204	3.5104864	31.174875	-21.667881	-187.46837	12.567443	27037.583914518356
74	679.7182	45.8204	764.79877	612.64856	128.37134	67.84489	238.62381	57.65808	-126.0261	55.68312	-15.856817	-213.06415	-205.66983	79.77363	-110.942505	-320.20447	-77.2985	138.38647	127.681305	-226.99863	553.6921	79.9976	711.94556	478.98746	1000.0	1000.0	295999	186.11	49.03221	276.97174	63.940315	186.10982	49.031574	276.04416	68.866905	-5.6698127	3.506855	31.940605	-18.95201	-188.3378	12.581151	27253.495712041855
75	867.5397	40.45841	946.4224	812.47363	106.541275	72.51177	181.28543	-13.317135	-151.70844	58.76089	-64.06635	-249.95996	-207.1423	73.60416	-92.9796	-285.90747	-100.60103	121.47416	30.575636	-299.2246	715.83124	76.680016	828.9454	594.3912	1000.0	1000.0	299999	186.48668	49.150105	282.8344	69.97923	186.48679	49.148422	282.96567	74.08428	-5.782787	3.4613318	31.709599	-19.003801	-188.689	12.578416	27467.732098340988
76	784.49255	24.20182	841.61017	754.4209	85.359856	58.570015	157.37572	1.9215051	-132.74277	45.09307	-14.025668	-179.62566	-153.97531	96.9518	2.6985617	-262.96783	-68.61546	150.88531	160.07428	-261.04633	651.7497	57.102238	774.3521	582.6983	1000.0	1000.0	303999	186.68106	49.17654	284.47308	72.84492	186.68092	49.174553	283.15213	73.778786	-5.719686	3.4983299	35.27299	-22.753574	-188.90178	12.553352	27683.432258605957
77	840.0451	26.176685	873.3311	791.3178	111.70978	46.541103	181.87308	50.910744	6.706778	31.587679	71.0141	-35.368305	-213.49716	46.545353	-165.94962	-260.93942	-101.7874	61.952602	-58.200783	-208.21506	846.75183	52.676323	944.3452	771.5893	1000.0	1000.0	307999	187.25494	49.606514	283.22974	75.01794	187.2546	49.60516	277.935	74.62084	-5.6971126	3.5026517	40.261024	-19.396496	-189.48773	12.325449	27898.67724752426
78	752.46326	23.925161	794.8576	718.42377	148.91168	77.99742	264.6735	44.68812	-86.301865	74.13017	15.344645	-217.27286	-243.12695	35.895126	-195.89693	-295.17642	-94.21527	97.44462	13.896358	-250.4883	666.16144	84.04966	781.20917	537.45276	1000.0	1000.0	311999	187.49126	49.947296	282.7483	77.386505	187.4916	49.945908	280.73044	74.7002	-5.6969123	3.4853888	32.865746	-18.204662	-189.72662	12.611867	28114.04027247429
79	761.6918	31.44325	787.5745	698.9213	146.0034	53.345177	209.89067	63.38603	-61.0902	87.91288	75.88056	-194.60556	-197.21942	76.57373	-92.33717	-301.79495	-51.21602	99.184784	117.5535	-134.17476	700.60144	83.15637	847.5109	587.0377	1000.0	1000.0	315999	188.09682	50.155014	287.68948	75.21144	188.09688	50.1529	285.11908	75.61812	-5.683865	3.527727	41.843365	-19.645641	-190.32214	12.765323	28331.149622678757
80	853.3849	32.544525	896.35297	775.0379	116.650566	90.470764	204.95177	-1.5137688	-17.066477	55.290512	81.22814	-100.1462	-220.35428	63.6474	-145.48184	-291.272	-103.703735	153.39137	59.46992	-292.7858	836.31836	71.88947	933.2452	674.8917	1000.0	1000.0	319999	188.64053	50.247406	286.13043	82.93844	188.64044	50.24496	285.42783	81.47573	-5.7133317	3.4961934	38.00895	-19.530022	-190.87746	13.164607	28547.455973148346
81	804.3871	61.253048	873.86847	651.2815	99.017685	53.599102	153.47643	12.662909	-150.52577	107.243675	24.485298	-314.44806	-207.43924	69.9227	-130.78058	-317.13055	-108.421555	121.83	0.91646045	-304.46762	653.8613	152.38597	879.9668	446.79077	1000.0	1000.0	323999	188.99954	50.37757	289.23892	77.065125	188.99963	50.376366	287.51025	76.40485	-5.6985154	3.4712126	34.46772	-18.784924	-191.23943	12.812442	28762.779046535492
82	812.5355	19.497688	853.33527	784.2573	87.47027	19.396017	106.13331	55.788036	28.345844	66.51591	116.13529	-84.39566	-96.38475	115.30328	80.66671	-242.37675	-8.914488	113.24478	168.81564	-142.56596	840.88135	66.27405	929.8361	702.49615	1000.0	1000.0	327999	189.61252	50.47358	288.24023	82.210945	189.61258	50.471886	286.08057	80.81618	-5.751849	3.4399393	36.194344	-19.974918	-191.83432	12.901298	28986.203481912613
83	775.1054	55.76505	834.3137	645.91846	125.973885	6.943298	134.27225	115.15125	45.53224	115.21716	212.53835	-151.22069	-171.23166	74.134315	-95.94148	-289.80676	-45.257767	68.605675	19.209774	-155.5345	820.6376	147.63538	1037.2817	494.69778	1000.0	1000.0	331999	190.16077	50.52285	285.52847	80.086975	190.16074	50.52252	282.09747	82.03128	-5.7436914	3.4200351	39.37441	-20.096146	-192.37978	12.308129	29226.274993658066
84	881.8234	16.711601	899.7297	841.3726	113.88461	50.099197	184.73589	58.37453	108.90316	28.117426	145.01537	64.75207	-176.41618	30.435562	-141.17186	-218.70789	-62.53157	77.74503	29.867142	-160.33336	990.72656	27.413824	1027.2988	946.0768	1000.0	1000.0	335999	190.2238	50.39644	280.6567	79.52263	190.22353	50.39532	280.65256	82.06201	-5.745212	3.4141994	40.94954	-18.226345	-192.4457	12.515012	29444.4844520092
85	798.79816	19.91824	848.6552	780.42676	104.270836	17.085228	125.518555	82.08993	-100.835396	69.96871	81.16435	-188.53201	-113.845024	141.6996	113.97867	-266.1135	-9.574181	152.31255	239.49722	-171.9526	697.96277	87.497696	929.8196	591.8947	1000.0	1000.0	339999	190.1568	50.206764	282.5807	81.39857	190.15692	50.204338	280.91867	80.70009	-5.7977157	3.390444	35.6482	-20.499596	-192.3655	12.540172	29661.188008069992
86	907.37823	19.226774	922.4401	858.29016	87.41686	57.78053	148.85992	-7.3488693	112.14933	48.269722	230.88286	52.286625	-282.3474	24.960598	-256.67566	-318.61212	-194.93054	75.97664	-143.38725	-325.961	1019.52747	51.626472	1138.9465	965.2773	1000.0	1000.0	343999	190.45885	50.197475	285.71902	82.27518	190.4587	50.1961	284.25064	83.060875	-5.741301	3.3871007	37.587738	-19.152155	-192.66997	12.576007	29876.92570066452
87	839.14386	26.066097	875.80853	779.9046	140.32196	84.05034	260.31915	22.831013	134.28966	80.70126	226.88371	-16.438765	-119.250946	107.9299	10.297289	-240.63707	21.07101	182.16205	270.61646	-217.80606	973.4335	95.96149	1084.3247	763.4659	1000.0	1000.0	347999	189.75832	49.76248	281.56656	84.42831	189.75812	49.76177	280.665	84.01677	-5.759013	3.3505116	41.149117	-19.321081	-191.95442	12.450941	30093.02462220192
88	828.1976	34.899345	911.5223	790.26935	143.16743	59.060352	239.24971	91.82785	162.4911	77.57925	253.10257	-8.803849	-181.44864	78.14264	-48.659317	-244.82167	-38.281204	136.7194	190.5904	-152.99382	990.68866	88.9042	1089.2781	789.885	1000.0	1000.0	351999	189.81012	49.466125	284.3194	82.358345	189.81044	49.465446	281.11185	83.00506	-5.6990314	3.3894706	33.26455	-18.63232	-192.02284	12.227944	30308.19458413124
89	779.5974	21.637505	832.638	750.90247	114.82352	83.830894	176.84482	-27.425512	-54.67753	43.769608	31.090006	-97.224884	-156.27788	78.28375	-41.476906	-235.3297	-41.454357	146.14061	133.59505	-248.72629	724.91986	47.34434	809.92456	653.6776	1000.0	1000.0	355999	189.5919	49.179718	280.3053	79.88127	189.5917	49.179077	279.38058	82.62409	-5.771448	3.3374572	37.565453	-19.142696	-191.79646	12.3050995	30524.576174259186
90	913.6581	29.36779	971.63086	880.69836	143.04932	37.531765	202.54163	98.71014	-15.402754	28.08776	31.041405	-61.63105	-96.13446	63.4906	-12.081539	-190.90266	46.914864	89.27665	190.46008	-52.744	898.2555	36.211468	954.5717	828.31915	1000.0	1000.0	359999	189.91768	49.18311	284.7204	82.04627	189.9177	49.18313	278.86157	82.21027	-5.6833267	3.434321	55.827957	-18.626352	-192.13724	12.082959	30739.482972860336
91	884.7035	51.499996	919.09314	735.13745	193.38232	40.31981	250.19093	146.90417	148.40367	84.61816	226.92609	-93.97515	-50.127632	80.94905	63.64201	-145.05536	143.25468	106.91328	313.83295	20.118797	1033.1072	134.46072	1146.0193	641.1623	1000.0	1000.0	363999	190.78613	49.27633	279.15643	89.85504	190.786	49.275185	277.21643	86.52538	-5.7521214	3.3282928	34.426388	-18.938126	-192.98515	12.190619	30953.174480199814
92	897.70575	10.473001	917.7776	876.82837	160.2754	64.700195	230.81644	92.00586	169.61874	52.433052	239.79161	83.731834	-135.3247	143.54247	110.87414	-234.74402	24.95068	195.90518	341.69055	-142.73816	1067.3245	51.666077	1132.8922	976.9315	1000.0	1000.0	367999	191.0023	49.179478	278.13394	88.95296	191.00237	49.17863	280.94257	91.04591	-5.7576604	3.319806	31.702707	-17.834248	-193.21931	12.471736	31167.246088027954
93	838.5718	68.39889	871.12555	634.25903	192.6576	15.843881	211.98871	167.88043	252.95476	93.69147	325.44208	-21.39203	-60.77399	112.88474	97.53154	-202.62338	131.8836	119.788216	293.83	-8.160594	1091.5266	161.13496	1194.2719	612.867	1000.0	1000.0	371999	191.97664	49.554592	282.53223	89.275734	191.97658	49.55343	283.31348	88.09973	-5.62599	3.423636	38.154133	-19.549	-194.23318	12.331224	31380.605345249176
94	820.0871	9.566384	832.7433	802.3513	181.81134	33.899406	240.41574	159.36462	167.3906	60.93415	288.25778	87.28117	-120.02479	51.447506	-48.05449	-180.5935	61.78655	67.15473	143.6219	-15.334854	987.4777	62.710197	1103.5532	889.63245	1000.0	1000.0	375999	193.26031	50.316055	284.2039	88.28679	193.2605	50.31366	282.77475	87.017815	-5.611956	3.4799664	43.144806	-19.256369	-195.51762	12.836681	31594.632748126984
95	826.5065	35.179703	862.66785	749.0144	151.64333	47.556503	209.33434	93.04786	233.79143	59.88028	314.91983	113.91197	-95.60735	89.41274	49.2708	-185.6955	56.03598	97.61083	167.56996	-92.64764	1060.2979	65.71224	1127.8665	895.56055	1000.0	1000.0	379999	193.89552	50.74563	286.15488	89.39184	193.89558	50.74422	287.03528	89.73297	-5.677084	3.4081488	55.084522	-18.91494	-196.13927	12.581027	31812.34592294693
96	902.0425	9.717588	917.3043	883.98145	181.8369	54.950756	250.38106	99.13915	181.48575	25.653944	217.24019	131.39731	-63.52178	50.030766	-5.4105916	-138.2154	118.31512	90.88894	173.71716	-39.076244	1083.5281	30.319681	1134.5444	1036.998	1000.0	1000.0	383999	194.30531	50.6139	285.40512	88.685326	194.30557	50.612267	283.75	91.77129	-5.6936617	3.352724	44.080452	-21.968723	-196.52434	12.608476	32028.68349456787
97	860.89075	21.901632	909.865	826.5804	171.31274	56.65403	228.9262	88.62191	209.11624	55.364227	278.85037	110.410545	-137.60847	60.781944	-80.79141	-225.4222	33.704273	117.3693	148.13478	-136.80028	1070.0068	56.71655	1158.7319	969.51306	1000.0	1000.0	387999	194.41351	50.400192	283.613	90.00064	194.41331	50.39926	289.47583	85.783806	-5.779165	3.278774	56.004997	-18.750656	-196.61731	12.2186165	32243.97224712372
98	923.49786	32.964134	975.40405	880.9523	246.63771	57.493755	288.61133	148.43257	153.2532	31.827381	206.9916	112.678406	17.980473	96.57698	157.5888	-105.65093	264.61816	147.59613	446.20013	42.781635	1076.7511	58.249603	1169.2264	1008.0487	1000.0	1000.0	391999	193.93686	49.890354	281.10266	86.76602	193.93684	49.889023	280.52274	87.485275	-5.780279	3.2359405	47.349968	-18.70731	-196.13731	12.236518	32459.73815345764
99	805.99493	33.117107	855.6406	753.88873	206.81448	18.4327	235.43602	189.14165	105.064514	47.08184	171.93037	-1.8371888	-31.583431	125.845924	121.07359	-228.5868	175.23105	133.26987	331.56793	-36.400894	911.05945	72.36444	991.48956	752.0515	1000.0	1000.0	395999	194.1408	49.820885	286.42877	86.93626	194.14091	49.82032	288.73785	89.98508	-5.7414355	3.3471618	49.05712	-19.818201	-196.35765	12.446217	32675.182044267654
100	974.86993	21.712261	1014.91394	944.8378	235.14035	57.964275	334.15332	187.82872	195.34927	29.099398	250.5335	152.94693	-151.22568	87.18469	-16.562212	-247.47404	83.91467	115.82372	198.24818	-59.645325	1170.2192	40.126938	1238.1525	1103.0974	1000.0	1000.0	399999	194.36777	49.819313	284.14587	81.097015	194.36734	49.818497	285.3873	79.34365	-5.752872	3.296333	45.423843	-18.887682	-196.58038	12.385711	32893.58423423767
