Epoch	AverageTestEnv0Ret	StdTestEnv0Ret	MaxTestEnv0Ret	MinTestEnv0Ret	AverageEnv0Ret	StdEnv0Ret	MaxEnv0Ret	MinEnv0Ret	AverageTestEnv1Ret	StdTestEnv1Ret	MaxTestEnv1Ret	MinTestEnv1Ret	AverageEnv1Ret	StdEnv1Ret	MaxEnv1Ret	MinEnv1Ret	AverageEpRet	StdEpRet	MaxEpRet	MinEpRet	AverageTestEpRet	StdTestEpRet	MaxTestEpRet	MinTestEpRet	EpLen	TestEpLen	TotalEnvInteracts	AverageQ1Vals	StdQ1Vals	MaxQ1Vals	MinQ1Vals	AverageQ2Vals	StdQ2Vals	MaxQ2Vals	MinQ2Vals	AverageLogPi	StdLogPi	MaxLogPi	MinLogPi	LossPi	LossQ	Time
1	196.90897	140.50038	428.4392	-114.992645	-313.27115	21.354158	-291.44604	-345.6741	-110.54952	23.83731	-72.20194	-158.37926	-337.33618	58.529156	-242.54416	-390.55685	-650.60736	51.723812	-561.5211	-687.5444	86.35944	132.41228	321.48273	-187.1946	1000.0	1000.0	3999	10.3543825	6.9382915	40.41505	-5.518208	10.354286	6.9373407	38.967903	-5.5711603	-6.878873	2.697999	11.488205	-18.364296	-12.638615	1.3671422	195.05539536476135
2	-1768.6686	426.21088	-1252.8959	-2293.8315	-332.8191	34.077553	-281.88867	-377.9147	-624.1178	192.26228	-273.74164	-923.8346	-261.06842	68.06046	-177.52487	-358.64468	-593.8875	71.25021	-504.87793	-694.9172	-2392.7866	479.7992	-1905.3074	-3135.866	1000.0	1000.0	7999	42.729416	15.357952	112.72506	0.8095404	42.729805	15.358474	112.56879	1.2930886	-1.2305748	5.0030155	32.393883	-20.940067	-46.34352	5.708716	440.91102623939514
3	-494.66327	104.42572	-243.44841	-629.36206	-766.63135	430.72766	-343.96262	-1320.2137	-141.9993	94.04168	-38.88725	-362.2767	-324.10254	42.695595	-254.1426	-366.1905	-1090.7339	465.52307	-598.1052	-1686.4042	-636.66254	183.55586	-282.33566	-991.6388	1000.0	1000.0	11999	105.25177	21.134798	194.65732	47.751587	105.25024	21.134224	193.5039	47.22559	4.008334	6.5263257	43.77955	-19.098152	-110.12866	17.097103	687.1696352958679
4	346.1327	106.93499	559.4368	164.4328	-885.1112	115.94764	-695.1311	-995.5348	-88.62342	72.97547	84.07787	-163.63805	-228.44403	55.34924	-170.7218	-307.95007	-1113.5553	149.9813	-865.8529	-1266.9349	257.50928	96.0199	489.02994	140.60883	1000.0	1000.0	15999	125.73201	25.20057	203.88881	52.939575	125.73178	25.199728	207.65631	52.746944	-2.399411	4.8382497	34.135117	-20.325748	-127.59509	18.93774	938.6334049701691
5	473.45108	69.01254	577.82367	373.39362	-493.32733	66.50694	-431.3273	-603.9315	190.1569	96.385635	342.24847	32.158875	-48.68849	90.14656	8.843481	-204.40714	-542.0158	154.98471	-422.4838	-808.3387	663.608	158.39574	920.07214	424.42538	1000.0	1000.0	19999	115.47082	27.376543	192.02014	41.007626	115.46995	27.37435	191.769	41.3037	-5.775256	3.114938	22.215582	-19.290003	-116.69164	13.132551	1190.92267537117
6	833.4535	10.169478	854.9286	812.16296	-343.87628	53.745728	-251.7	-382.15265	-44.12425	15.170712	-8.142974	-65.6843	21.30418	58.84041	116.23958	-42.802532	-322.5721	111.38679	-135.46042	-422.0033	789.3292	23.013063	846.78564	757.1318	1000.0	1000.0	23999	105.02878	23.741844	168.9884	33.557873	105.02858	23.741222	171.16629	31.803743	-6.5591087	2.625235	22.290634	-20.178318	-106.249954	9.699871	1444.5842180252075
7	932.7414	5.856534	940.9923	922.40106	-263.1992	28.551632	-228.72794	-304.48453	-25.061306	6.725669	-15.768068	-33.828217	134.11151	112.31609	233.45676	-56.473843	-129.08769	90.30386	-71.02779	-285.20178	907.68005	8.335979	924.9107	895.9755	1000.0	1000.0	27999	98.06423	21.258593	156.15045	26.680916	98.06355	21.258745	154.74237	26.545599	-6.814206	2.4608176	16.197548	-19.129936	-99.31581	8.472379	1692.6282017230988
8	696.5472	17.207798	746.9217	684.3037	-292.37732	17.390568	-269.08215	-316.9981	329.65656	153.48123	393.39175	-129.98065	-0.26317978	118.613	151.85126	-176.881	-292.6405	129.98485	-117.23091	-474.07275	1026.2039	136.60799	1084.6173	616.94104	1000.0	1000.0	31999	93.17133	20.186932	147.95108	23.68424	93.17098	20.186138	148.2124	23.530087	-6.89198	2.3834424	14.935471	-19.37537	-94.446594	8.01751	1941.3468160629272
9	853.2453	2.8631108	856.9954	847.52234	-153.68944	47.037415	-94.46086	-226.13206	182.5214	5.3242736	191.72652	175.80717	254.7008	87.18738	400.1534	175.5018	101.01137	106.52307	251.22595	-24.342407	1035.7668	5.424855	1043.9568	1028.6355	1000.0	1000.0	35999	89.6602	20.255358	143.75633	16.232466	89.65994	20.254559	142.91376	16.662134	-6.93651	2.3266149	15.454498	-19.895826	-90.93337	7.7896924	2185.955912590027
10	781.75305	21.311033	812.71484	746.5385	-99.74633	67.66195	16.146534	-154.5357	1057.4861	56.94343	1181.8712	966.2464	503.70245	143.52734	660.1109	285.36115	403.95612	148.4243	532.3335	152.54234	1839.239	57.17206	1936.4982	1712.7849	1000.0	1000.0	39999	89.51691	20.002743	145.9466	18.214804	89.51638	20.000965	147.10262	18.817095	-6.7926745	2.4176009	18.498484	-19.733345	-90.80187	8.0971365	2426.408630847931
11	562.52313	59.885147	725.78186	492.2704	-181.17981	31.599632	-142.29726	-222.0291	1719.4192	403.39334	2071.7932	615.3997	662.3815	348.8574	1163.2032	177.90312	481.20166	362.89526	1003.1524	-22.438992	2281.9421	358.54755	2625.1147	1341.1815	1000.0	1000.0	43999	91.21776	20.744904	146.40564	10.860271	91.21686	20.744225	147.07051	10.284953	-6.432176	2.6155677	17.368423	-18.736752	-92.5197	9.057506	2672.3049380779266
12	573.89734	208.53749	862.076	280.6033	-195.34164	34.371502	-136.63986	-223.82213	1210.1008	847.73694	2202.7412	-99.5992	584.01587	354.41025	930.87787	74.341965	388.6742	377.3958	762.3327	-149.48016	1783.9983	641.8156	2572.0134	762.4768	1000.0	1000.0	47999	93.14595	23.547682	155.68414	11.048168	93.14558	23.5464	155.40019	10.38114	-6.0178733	2.8702762	17.2277	-20.118681	-94.48196	9.865208	2937.06316113472
13	445.82773	60.871662	528.74554	342.7928	-150.07639	34.860172	-101.2703	-199.54938	2582.6965	180.37611	2835.4224	2243.817	1382.2797	406.9789	1829.2303	721.49036	1232.2032	440.4273	1727.9601	521.941	3028.5244	142.7442	3180.4612	2731.0073	1000.0	1000.0	51999	97.3399	26.329536	159.84575	10.061859	97.33928	26.328453	163.1589	11.654314	-5.746725	3.0046582	18.08238	-20.652191	-98.67083	10.802688	3197.0399763584137
14	428.6911	180.7847	776.3902	200.44992	-160.98952	87.40095	-22.553638	-243.64034	2447.4282	1191.0326	3361.1938	13.941039	1421.8173	605.3071	2031.3749	487.10272	1260.8279	667.0968	1881.2488	259.4646	2876.1194	1025.9276	3693.7236	790.33124	1000.0	1000.0	55999	103.92493	29.155968	180.54886	12.116514	103.92461	29.154644	177.91641	12.696333	-5.3714437	3.2185092	16.291725	-20.309465	-105.26384	11.988783	3482.6156210899353
15	418.0865	29.415915	460.5004	368.4138	-215.77809	60.516563	-131.8359	-290.49176	2863.839	155.63702	3072.6633	2601.3364	1151.4011	917.88855	2625.9932	361.98505	935.62305	975.3833	2494.1572	107.38042	3281.9253	160.46252	3479.6802	2992.7776	1000.0	1000.0	59999	109.65691	33.26315	189.3604	14.526018	109.65628	33.261105	191.1884	11.853896	-4.9644465	3.4692066	22.79243	-18.98476	-111.0501	13.346986	3768.259060382843
16	491.19272	56.4935	636.45374	412.09927	-117.4876	41.15114	-54.415646	-169.28954	2902.0923	1056.6681	3435.6726	-246.15317	2388.479	73.17013	2454.5193	2265.4302	2270.9915	109.987274	2400.1038	2096.1406	3393.2847	1085.1758	4060.5002	165.94609	1000.0	1000.0	63999	117.76828	37.06335	204.7212	13.320776	117.76761	37.06198	200.91081	13.395958	-4.7913	3.5528803	21.779507	-21.296213	-119.11567	14.993177	4024.4652659893036
17	176.70264	54.535744	270.2136	89.91398	-278.3422	55.573853	-199.50896	-356.34036	3254.491	157.22363	3472.2537	2936.3496	971.93604	1098.5363	2744.4941	-1.0997945	693.5938	1114.9017	2460.487	-357.44016	3431.1934	181.69603	3731.8247	3129.1113	1000.0	1000.0	67999	124.968	41.218143	213.9291	11.659536	124.96779	41.217422	218.20836	13.79582	-4.39847	3.8162425	26.13692	-20.017742	-126.36078	16.724545	4271.07371878624
18	421.97125	82.85212	547.0507	244.81548	-230.31396	40.35561	-161.86864	-266.4794	3401.0298	91.314156	3538.2644	3253.461	1914.8204	784.79016	2457.501	563.8687	1684.5065	807.55597	2250.2498	297.38928	3823.0007	106.33946	3968.02	3669.4333	1000.0	1000.0	71999	132.71806	45.246742	232.64594	15.494785	132.71686	45.244957	232.62979	14.647136	-4.2080717	3.9398499	24.06289	-19.120502	-134.09494	18.409899	4535.404689311981
19	222.20865	129.28961	599.9483	128.5198	-162.07114	44.79648	-96.67664	-212.04866	3781.9766	754.07996	4167.741	1532.0442	2343.6646	709.93414	2920.984	1129.3661	2181.5933	708.279	2824.3074	983.3968	4004.1848	630.0514	4345.8296	2131.9924	1000.0	1000.0	75999	140.22307	48.431046	240.75922	21.271767	140.22212	48.43013	239.28615	20.782679	-4.179033	4.0229225	29.267406	-17.91725	-141.55237	20.007505	4848.560205698013
20	402.3508	82.36442	524.4011	263.29276	-183.63406	75.67714	-75.87157	-262.3329	3224.0518	148.75652	3503.6367	2992.5618	2942.1436	194.98639	3217.3682	2710.3052	2758.5098	256.74063	3067.5732	2447.9724	3626.4028	104.56036	3816.6987	3454.9512	1000.0	1000.0	79999	149.33508	51.15586	249.1563	22.360348	149.33447	51.155396	251.3198	25.820618	-3.9171472	4.147575	29.168571	-19.7967	-150.67403	21.679117	5140.816301584244
21	426.59677	119.438225	542.9288	90.68279	-153.24905	32.30984	-114.3104	-201.82962	3541.1929	99.55509	3719.4055	3427.7178	3219.081	41.16723	3258.008	3157.1245	3065.832	64.78659	3120.8254	2955.295	3967.7898	93.41959	4129.195	3810.0881	1000.0	1000.0	83999	159.06754	53.87035	274.2403	20.56439	159.06721	53.869602	272.13318	26.98693	-3.688237	4.2622166	32.56775	-18.472954	-160.37967	21.744406	5398.697167634964
22	346.8919	132.1347	609.2288	149.31638	-173.64471	45.092777	-125.98676	-226.49377	3763.4348	563.42706	4209.5503	2133.3933	3364.6484	48.134422	3427.661	3314.2925	3191.004	91.8629	3295.6992	3095.212	4110.326	563.0468	4553.122	2510.4202	1000.0	1000.0	87999	169.41898	56.960533	282.27716	20.048208	169.4189	56.95887	280.5253	21.047522	-3.484839	4.3450565	37.2828	-20.463886	-170.73502	22.406967	5659.137546300888
23	481.65552	78.142426	576.80975	318.32407	-184.46443	53.36189	-123.21606	-246.60269	4427.3604	118.91455	4602.351	4263.589	3358.1555	158.04456	3595.217	3206.7	3173.6912	149.2291	3348.6143	2979.2234	4909.0156	78.74127	5024.2563	4815.684	1000.0	1000.0	91999	179.99886	59.72799	292.49274	29.127209	179.99834	59.72784	291.17987	27.977123	-3.3669133	4.373093	33.552845	-18.367476	-181.30173	22.88787	5919.103208065033
24	344.76855	29.531757	391.4249	274.4583	-166.43932	15.210521	-147.14021	-184.00212	4320.235	66.18753	4417.881	4214.4575	3641.602	69.154884	3735.3042	3560.725	3475.163	69.09932	3551.3022	3382.3943	4665.003	61.549652	4759.178	4574.021	1000.0	1000.0	95999	190.46687	62.326748	303.47266	27.957365	190.46667	62.325886	302.39676	22.109861	-3.1393468	4.4816737	29.401566	-20.774843	-191.7689	23.40139	6177.011630773544
25	518.9061	67.05693	599.74896	402.0482	-203.56152	27.381672	-162.2354	-229.2939	4055.3484	136.5933	4229.182	3855.7644	3378.5815	481.45847	3795.8438	2562.445	3175.02	482.68536	3633.6084	2367.0151	4574.254	106.0183	4748.1562	4392.668	1000.0	1000.0	99999	200.91736	64.99507	313.72894	22.317417	200.9165	64.99359	311.35318	19.541822	-3.0335157	4.4918795	33.750492	-19.065453	-202.20602	23.999336	6452.49356341362
26	420.24115	114.37408	731.6391	307.26617	-197.8718	51.686275	-151.5674	-284.74356	3998.811	1235.7097	4622.1484	310.8206	2553.2637	1068.2822	3656.0088	1272.5413	2355.392	1101.5411	3504.4414	1085.6733	4419.052	1135.61	5035.4375	1042.4597	1000.0	1000.0	103999	210.26646	68.161995	322.8763	27.343727	210.26698	68.16118	325.6288	28.854422	-2.8518555	4.571322	39.173767	-20.64669	-211.53712	25.964266	6732.24217581749
27	396.12173	122.5456	734.87756	245.08156	-198.25569	20.696093	-170.25117	-219.22018	4070.8333	909.90625	4661.07	1418.3396	3183.4229	1180.4287	3935.7993	1140.9939	2985.167	1174.5385	3765.5483	954.46234	4466.955	801.6899	5015.787	2153.2173	1000.0	1000.0	107999	216.56097	71.7603	331.21307	35.811886	216.56087	71.75913	330.6267	30.791548	-2.9106688	4.630082	37.245903	-18.29993	-217.8194	27.484856	7009.982651948929
28	295.74762	38.815266	369.1374	228.496	-180.2501	36.19014	-118.408264	-206.361	4560.5693	72.23706	4663.318	4415.7637	3862.6323	124.96895	4049.725	3721.1782	3682.3823	156.38687	3931.317	3516.1936	4856.3164	75.39161	4941.857	4698.1133	1000.0	1000.0	111999	224.8945	74.198044	340.6802	33.753517	224.89476	74.19705	337.74457	33.784824	-2.819851	4.66366	38.22494	-19.957947	-226.14603	27.185171	7287.960649013519
29	571.4691	59.013428	665.6087	495.74442	-159.1955	41.14071	-97.690285	-213.59703	4516.527	61.976875	4586.532	4419.5513	4025.4236	85.88845	4164.591	3932.9224	3866.228	72.89658	3950.9937	3769.0386	5087.9956	37.484875	5156.5264	5022.082	1000.0	1000.0	115999	234.0612	76.17044	350.01825	29.9948	234.06114	76.169426	347.8327	32.307766	-2.7408316	4.681578	47.481655	-18.668346	-235.32178	26.749619	7575.272244215012
30	474.7334	38.851852	525.5744	397.33624	-155.31628	21.740955	-129.8476	-189.76341	4843.7764	99.26889	4962.65	4676.9497	4038.738	60.97765	4142.4644	3985.4146	3883.4216	44.070065	3952.7007	3831.8386	5318.5107	105.53352	5457.125	5118.0537	1000.0	1000.0	119999	243.00919	78.34212	356.9469	34.229687	243.00887	78.341446	357.56116	31.353655	-2.677656	4.69636	39.195633	-18.050941	-244.25648	27.53519	7872.2081072330475
31	431.59003	30.671528	471.9198	386.15582	-153.51971	34.737316	-103.269	-192.20183	5231.5825	106.92771	5338.8076	4990.7104	4180.391	54.271175	4234.655	4092.16	4026.8716	25.314976	4056.1365	3988.891	5663.173	117.1379	5806.4575	5399.916	1000.0	1000.0	123999	251.56165	80.16362	367.57925	35.65055	251.5613	80.16283	367.11075	36.02948	-2.656495	4.6532464	35.02264	-18.304802	-252.78154	28.832918	8162.083930492401
32	451.45587	33.336327	526.0539	401.57687	-165.88779	53.118443	-83.92121	-232.58864	4777.549	77.917946	4932.485	4680.3125	3184.543	1483.7349	4338.202	644.4619	3018.655	1526.6981	4254.281	411.8733	5229.0044	95.823235	5458.5386	5138.46	1000.0	1000.0	127999	259.59253	82.0068	377.06213	40.012917	259.59253	82.00604	373.80884	37.219074	-2.542701	4.677677	38.523674	-19.891052	-260.81348	28.440964	8431.950017690659
33	380.47226	108.93638	609.94586	189.00163	-223.92375	47.084854	-168.38887	-283.42972	4702.3604	1181.3517	5489.2373	1225.8898	3438.9878	1561.6663	4563.8823	747.6603	3215.064	1583.4789	4375.373	492.2933	5082.833	1108.1564	5826.5034	1835.8357	1000.0	1000.0	131999	266.08597	84.7516	397.54224	36.502396	266.08636	84.75084	397.038	40.330452	-2.5062342	4.7896123	38.512638	-19.46355	-267.3233	29.071527	8696.258157253265
34	534.75	60.098442	598.8476	383.2894	-187.20944	45.9462	-128.64601	-246.27911	4573.0967	177.27142	5075.663	4377.684	4457.7544	146.69504	4691.033	4299.389	4270.545	176.98639	4562.387	4084.8176	5107.8467	131.02588	5458.9526	4972.6553	1000.0	1000.0	135999	273.31412	87.268	406.2485	39.40417	273.31454	87.26757	408.56702	43.811943	-2.4864748	4.7803984	45.990776	-19.542873	-274.54004	30.591726	8943.182251214981
35	483.25488	63.44168	571.5741	406.36154	-199.79642	40.49303	-149.74947	-255.26312	4886.128	93.86309	5000.6226	4721.549	4489.75	85.67885	4591.0854	4381.9766	4289.953	105.70804	4441.336	4176.637	5369.382	100.92047	5485.0215	5134.024	1000.0	1000.0	139999	280.97446	88.83155	415.1795	34.94198	280.97427	88.83048	413.02023	41.3853	-2.4454224	4.841678	47.7146	-18.166237	-282.19852	30.280777	9188.574901342392
36	114.199646	63.40401	289.78064	73.22569	-222.08154	20.034693	-188.40964	-238.82875	5497.4717	106.376465	5710.9062	5279.1484	4770.4395	103.52001	4869.2563	4596.7856	4548.358	117.801445	4680.8467	4357.957	5611.672	70.01606	5784.132	5540.395	1000.0	1000.0	143999	289.003	90.49314	424.56958	45.164055	289.00253	90.49387	423.42014	43.134598	-2.2794344	4.8405247	43.859085	-18.883997	-290.24182	30.594625	9442.433390140533
37	507.86954	141.33304	772.9799	367.4458	-236.48236	41.551422	-176.34993	-289.88812	4220.1704	1867.3866	5719.5005	785.36456	4709.849	92.68172	4800.7715	4554.8203	4473.367	121.46769	4564.148	4264.932	4728.0396	1729.3197	6116.7373	1558.3445	1000.0	1000.0	147999	296.5289	92.01279	433.34128	44.55785	296.52887	92.01165	432.1126	44.098495	-2.255772	4.8047614	42.725327	-18.258595	-297.73956	31.154913	9699.440577983856
38	422.42755	133.19952	544.67334	169.08363	-241.62988	60.03176	-179.49963	-317.5821	5563.107	82.66786	5715.102	5392.5444	3988.3696	1444.1708	5045.187	1502.2198	3746.7397	1492.1912	4865.6875	1184.6378	5985.534	122.76839	6123.979	5773.441	1000.0	1000.0	151999	303.4976	93.841774	441.36945	-1.5088108	303.49753	93.84236	439.79086	29.524239	-2.2781339	4.826036	41.04637	-22.537205	-304.71988	31.97	9961.354708909988
39	488.79654	139.76929	762.4879	230.0364	-228.52641	21.040861	-192.89313	-246.19836	4066.6746	2069.4922	5869.665	-306.45657	4880.6177	94.446724	5010.1255	4775.278	4652.0913	109.98692	4817.2324	4534.06	4555.4717	2063.0928	6353.1216	-76.42014	1000.0	1000.0	155999	310.16733	95.50455	446.11493	39.470444	310.1671	95.50565	446.25018	39.119747	-2.2178936	4.8780236	42.10384	-19.09434	-311.37814	32.031105	10234.048410654068
40	334.0086	172.87886	667.33203	176.29979	-235.84018	26.045856	-196.27365	-264.23218	4205.56	1717.8832	5917.1357	1504.9664	4583.0425	895.3727	5206.872	3036.4834	4347.202	891.5494	4953.6235	2806.8774	4539.569	1562.7247	6099.6523	2172.2986	1000.0	1000.0	159999	317.05765	96.91459	450.74872	47.192703	317.0572	96.91418	451.42587	45.785027	-2.1514747	4.833395	42.57597	-17.699951	-318.24182	32.641975	10504.463888406754
41	482.18457	55.40921	577.6148	370.24484	-238.12729	32.452682	-190.89626	-271.82205	5837.9116	188.78671	6018.032	5381.025	5066.6377	47.026676	5140.205	5021.2646	4828.5107	27.893175	4868.3833	4795.7983	6320.096	209.7713	6502.8706	5751.27	1000.0	1000.0	163999	323.5742	98.73061	461.6663	46.841755	323.5743	98.73067	458.95865	47.2683	-2.0895338	4.9069843	51.436123	-18.109657	-324.75095	34.33024	10772.983266592026
42	254.85355	222.63655	817.5675	13.9345	-232.1922	27.62644	-188.33182	-256.99747	4469.942	2142.4607	5998.668	328.91238	5021.372	195.73381	5174.8286	4685.2383	4789.1797	213.97647	4986.497	4428.2407	4724.7954	2020.1246	6228.9526	1104.0725	1000.0	1000.0	167999	330.92593	99.7019	465.35547	47.893253	330.92557	99.702614	461.52774	51.250618	-1.9566299	4.917176	50.54289	-19.068552	-332.11615	35.08645	11043.756556272507
43	-0.029106522	51.621452	94.122055	-82.080536	-254.0271	19.315092	-226.39421	-278.86334	6076.475	148.67029	6307.0635	5807.1396	5289.5127	222.08817	5450.8613	4908.6997	5035.486	205.39531	5188.0884	4682.3057	6076.4463	134.1949	6293.947	5869.825	1000.0	1000.0	171999	337.81116	101.11209	472.69803	46.65019	337.81113	101.11207	474.6906	44.322918	-1.8381037	4.959875	60.63267	-17.821732	-339.03235	35.403706	11297.218368768692
44	354.9809	26.431301	398.89767	322.82587	-283.27713	41.71538	-227.74922	-340.93655	5888.9326	155.95027	6105.9463	5631.0806	5415.37	69.95674	5501.8115	5306.5264	5132.0933	90.19037	5236.19	5007.7246	6243.9136	159.91156	6504.844	5988.76	1000.0	1000.0	175999	344.43112	102.26518	477.89658	34.85259	344.43097	102.26552	478.14413	39.920406	-1.8291539	4.951518	79.18117	-18.93215	-345.65027	35.358467	11549.729985952377
45	256.16327	38.17572	346.34848	193.72356	-294.09445	24.85194	-268.3866	-330.95715	6282.73	347.83954	6690.009	5345.7876	5414.7056	142.29031	5653.4966	5277.815	5120.6113	136.69363	5351.0425	5003.2354	6538.8936	323.49628	6924.6753	5692.1357	1000.0	1000.0	179999	351.8804	103.423065	489.86014	47.783375	351.88028	103.422935	490.90698	45.54403	-1.7699836	4.965534	65.59037	-19.817856	-353.07498	35.60836	11803.13344669342
46	303.67813	42.192818	387.59546	253.0139	-279.12872	29.273596	-242.59631	-324.09616	6377.626	137.64156	6612.9883	6145.69	5522.0234	92.482475	5613.4585	5369.574	5242.8955	117.45484	5334.334	5045.478	6681.3047	123.20068	6894.384	6499.8706	1000.0	1000.0	183999	358.8652	104.7125	491.32007	45.22323	358.86526	104.71215	492.29095	50.008976	-1.6478933	4.9624953	54.20682	-17.436588	-360.08057	35.63032	12056.412018299103
47	442.50995	39.658764	504.05307	387.51553	-209.44456	34.299908	-175.34937	-259.72604	5068.8975	1219.9917	6406.388	2562.7363	5530.049	191.01405	5780.6216	5248.082	5320.6045	165.88963	5520.8955	5072.7324	5511.407	1231.062	6805.003	2950.252	1000.0	1000.0	187999	365.4539	105.9873	499.25296	20.285751	365.4536	105.98789	503.94394	21.998703	-1.5710183	4.9698772	52.144943	-20.282389	-366.65356	35.46336	12318.883588790894
48	378.97586	74.56236	492.28268	241.83606	-255.22446	119.27259	-160.46379	-458.2399	6502.8833	99.3166	6679.363	6381.0874	4808.4023	1614.5518	5805.007	2012.7599	4553.1777	1731.389	5583.302	1554.5199	6881.8594	129.446	7113.6436	6634.434	1000.0	1000.0	191999	371.17865	108.174576	510.62103	-25.129112	371.17813	108.176285	510.62296	-31.213434	-1.4740247	4.9589214	59.772354	-19.681433	-372.37674	38.482033	12597.710310220718
49	333.94037	36.63723	431.0524	289.51614	-186.96991	84.882996	-76.430916	-303.08017	6609.1484	94.5616	6773.775	6451.9624	5454.9307	497.6358	5762.788	4594.041	5267.961	528.89764	5686.357	4370.458	6943.0884	99.1451	7063.291	6785.4185	1000.0	1000.0	195999	377.06003	110.810074	516.5276	-18.121725	377.0596	110.809044	515.6044	-46.49793	-1.329878	5.027678	63.464474	-18.353754	-378.28564	39.903507	12877.61235833168
50	337.29437	107.59615	644.48145	255.3417	-265.24866	15.713072	-249.06674	-285.19232	6021.3643	1162.1771	6724.3384	2672.3916	5821.7236	94.084625	5946.7954	5721.866	5556.4746	101.048996	5697.7285	5436.674	6358.658	1063.7179	7028.5195	3316.873	1000.0	1000.0	199999	384.14413	112.05911	529.3448	-19.222698	384.1437	112.05935	530.07904	0.41829467	-1.3509952	5.0212274	69.13302	-18.060963	-385.34857	38.252827	13154.035544395447
51	309.69644	45.80361	392.52124	248.04738	-257.89746	31.061338	-219.19176	-297.4521	6802.3335	69.74193	6921.0435	6707.469	5890.427	132.32144	6090.248	5760.9624	5632.5293	111.05752	5812.823	5523.4414	7112.0303	104.9835	7277.0366	6992.075	1000.0	1000.0	203999	390.4566	113.55608	539.08057	-9.418806	390.4564	113.557304	543.3922	-34.284946	-1.1915327	5.0424504	62.464943	-19.51027	-391.7015	38.546726	13431.65934252739
52	361.87494	57.217648	475.19888	283.89703	-212.4798	39.47255	-157.60406	-262.7935	5666.1597	42.50726	5726.59	5594.731	5225.6353	1157.7412	6103.4478	3233.4675	5013.1553	1170.2896	5907.114	3000.2795	6028.034	83.30954	6170.7705	5894.259	1000.0	1000.0	207999	396.61795	114.92866	544.99786	-37.02232	396.61823	114.928665	545.7584	-14.078968	-1.1927272	5.0236516	81.55984	-20.442814	-397.79633	39.10068	13692.589202404022
53	510.8715	59.680775	637.9935	414.73026	-267.8576	8.455254	-254.40474	-277.6097	6937.1553	84.63881	7122.5654	6829.0083	6067.433	124.89993	6242.1177	5901.6855	5799.5757	122.076805	5971.178	5633.2095	7448.0273	97.16958	7671.2905	7309.8623	1000.0	1000.0	211999	401.57327	116.67983	549.9458	-8.2549715	401.5731	116.68061	553.645	-84.31493	-1.1636574	5.063807	76.316216	-19.92381	-402.76825	39.815	13952.294037818909
54	406.3676	54.478893	475.7073	274.79492	-234.57349	15.600449	-215.12503	-250.03046	7083.0376	135.95224	7226.172	6904.0786	6115.9883	77.4702	6242.0464	6040.643	5881.415	88.18789	6026.9214	5790.876	7489.405	140.39957	7694.5786	7310.375	1000.0	1000.0	215999	407.80008	117.352066	555.05615	-6.4732237	407.80008	117.352196	556.2465	-6.910519	-1.1154718	5.087245	72.55266	-17.313814	-408.9805	40.29307	14223.602243423462
55	447.79312	73.09982	635.6446	385.315	-230.63104	24.187721	-199.68835	-256.89114	6290.107	1097.1567	7199.4287	3248.6997	6020.9575	61.14748	6070.1704	5916.154	5790.326	76.51256	5850.675	5659.2627	6737.9	1034.552	7595.6504	3884.3442	1000.0	1000.0	219999	413.11743	118.65431	560.5501	-8.523493	413.11685	118.65386	562.7887	-8.746172	-1.109566	5.059251	65.57909	-18.401093	-414.2708	40.537876	14496.359874486923
56	396.2929	19.40581	435.07965	367.7486	-244.95789	8.491621	-232.77423	-256.7623	7043.5054	64.64818	7176.9146	6934.7803	6219.393	76.80377	6323.526	6114.2676	5974.435	73.939514	6077.8433	5881.493	7439.798	72.30225	7580.191	7313.0747	1000.0	1000.0	223999	418.66937	119.78333	567.6522	-16.74504	418.6688	119.784	568.51337	-10.412325	-0.9864518	5.08991	80.512115	-20.33911	-419.84964	41.283108	14768.034545183182
57	398.8978	38.219	476.80478	340.00348	-259.1353	35.682487	-198.08382	-288.42398	6942.6104	121.941315	7156.9497	6751.1343	6221.1245	133.75624	6420.692	6063.4473	5961.9893	166.81195	6222.6084	5775.023	7341.508	136.5315	7570.635	7135.4966	1000.0	1000.0	227999	424.26608	120.24664	573.221	-4.2707987	424.26605	120.24639	571.41626	-17.974028	-0.9554447	5.0865173	80.068695	-20.58505	-425.42657	40.571884	15038.629088640213
58	484.30948	22.353111	513.0668	438.69275	-256.4493	43.61777	-210.48534	-328.18738	7031.581	95.12454	7179.849	6807.251	6432.986	137.54907	6644.306	6260.6333	6176.536	168.66774	6403.814	5932.4463	7515.8906	109.92628	7683.005	7256.051	1000.0	1000.0	231999	429.3351	121.34468	580.39246	-5.1813593	429.3355	121.344765	575.99976	-2.6018379	-0.86702657	5.0781555	74.06425	-18.195316	-430.4957	42.083466	15306.251044988632
59	532.93506	48.098614	597.5798	416.50787	-247.78818	17.961744	-220.24841	-269.1063	7000.415	87.64388	7214.3076	6908.161	6392.647	66.91077	6492.506	6305.207	6144.8594	84.084915	6272.2573	6036.101	7533.349	62.5403	7637.057	7449.107	1000.0	1000.0	235999	434.49167	121.91576	583.2492	-3.6883802	434.4916	121.91641	578.8076	-5.78043	-0.9209326	5.066077	75.45775	-19.692469	-435.6427	43.59263	15564.945146560669
60	513.0923	51.603237	597.5345	424.72778	-247.47292	36.200733	-186.41254	-281.1843	6895.931	181.90883	7171.7266	6566.102	6346.7827	127.583786	6485.176	6188.9336	6099.3096	152.32686	6272.206	5907.7495	7409.0234	216.91057	7727.8696	7004.3687	1000.0	1000.0	239999	439.8193	122.209175	586.6803	-0.22628784	439.81897	122.20763	582.1134	3.7499938	-0.91583735	5.021723	89.26116	-20.64409	-440.93976	42.06733	15826.820489168167
61	452.67032	31.739805	507.06958	413.28244	-237.92061	16.560781	-209.6059	-251.53221	7191.4595	82.86997	7320.1978	7034.5444	6477.9805	129.25874	6620.996	6288.655	6240.0596	129.56175	6376.711	6037.1226	7644.129	79.18425	7753.727	7474.354	1000.0	1000.0	243999	445.0426	122.681335	589.27734	-3.8620234	445.0428	122.68169	588.0805	-5.6209726	-0.83592385	5.0450416	85.623795	-20.292559	-446.18832	40.37251	16089.655793905258
62	425.33374	35.080116	492.214	354.52985	-234.82452	34.744255	-175.11986	-258.57333	7548.939	118.31004	7774.666	7365.768	6652.8584	94.65671	6809.6147	6563.621	6418.034	127.28998	6634.4946	6315.995	7974.2725	135.42386	8209.303	7798.4585	1000.0	1000.0	247999	449.92853	123.9129	598.6917	-0.6472862	449.9283	123.914	600.662	-4.4646797	-0.8425	5.042158	68.98175	-21.319275	-451.05356	40.763947	16350.906274080276
63	392.38373	19.17785	430.6687	367.79092	-274.03268	23.449654	-248.85176	-297.92676	7506.845	79.26263	7618.576	7345.141	6518.494	99.85941	6621.882	6372.1045	6244.461	96.2611	6369.496	6123.2524	7899.2295	78.794464	8003.476	7722.0	1000.0	1000.0	251999	454.91547	124.66398	606.3393	-2.5661502	454.915	124.66457	603.6033	-7.3732705	-0.8114171	5.0183806	77.35229	-20.200539	-456.05188	40.828186	16621.1683781147
64	-8.193324	37.723568	68.66831	-43.390244	-245.54831	18.910223	-216.5687	-269.48514	7653.007	115.5726	7868.3564	7454.171	6789.9497	93.38037	6903.6616	6684.0923	6544.4014	107.505424	6687.093	6437.585	7644.815	122.82902	7848.781	7412.086	1000.0	1000.0	255999	460.0028	125.212456	611.468	-10.730088	460.00232	125.21302	610.8679	-43.513733	-0.6955866	5.041252	94.379135	-20.19454	-461.13602	42.56329	16899.424215078354
65	291.04053	50.48468	371.82614	237.65718	-270.8382	31.72667	-241.18065	-319.38858	7156.8174	509.53577	7705.2603	5846.6426	6699.206	189.77959	7025.128	6557.1865	6428.368	206.60252	6783.9473	6278.314	7447.858	502.11023	7981.3877	6193.156	1000.0	1000.0	259999	464.76187	125.77619	615.4072	-9.860907	464.7611	125.776596	612.7277	-9.890863	-0.70617306	5.044813	127.21906	-19.58638	-465.88693	41.586838	17199.13684821129
66	567.374	27.889524	609.708	527.3712	-306.62192	29.441889	-259.92026	-341.42126	7850.638	90.09272	7997.593	7729.133	6733.542	71.77536	6811.6772	6659.96	6426.92	96.11006	6551.7573	6318.5386	8418.013	82.25955	8544.2295	8273.236	1000.0	1000.0	263999	470.00516	126.66778	619.9766	-11.081456	470.0058	126.66838	619.90283	-6.550402	-0.63206255	4.984343	100.79833	-22.811077	-471.16068	42.244003	17524.46330022812
67	174.57617	22.845675	198.82817	123.54754	-281.81946	50.229805	-215.33891	-348.03638	7473.5156	68.561935	7600.4	7359.3174	6780.648	113.71986	6946.77	6674.396	6498.8286	117.54678	6639.444	6328.3447	7648.0923	82.92367	7794.879	7482.8647	1000.0	1000.0	267999	475.27875	127.35757	623.7213	-14.009509	475.2777	127.35949	623.3141	-14.805689	-0.58996445	5.009299	83.06725	-17.54792	-476.40582	42.633873	17805.68708562851
68	466.18936	68.669365	571.475	325.2779	-304.53668	51.699543	-227.08751	-372.39688	7503.501	88.62191	7606.943	7356.6235	6882.665	179.39757	7172.602	6733.17	6578.129	165.6541	6858.6875	6428.4224	7969.6904	118.188354	8164.439	7787.3677	1000.0	1000.0	271999	479.83035	128.23325	628.8385	-25.570227	479.83072	128.23288	628.3379	-17.750187	-0.50301623	5.0693274	82.301605	-18.959084	-480.9589	44.208286	18059.42754626274
69	450.97882	55.61589	537.96655	372.56073	-277.59818	18.606005	-247.741	-297.06433	7579.247	97.46525	7785.295	7460.8394	6865.5107	217.66768	7084.776	6560.4395	6587.913	223.78116	6810.1553	6272.152	8030.2256	132.3156	8299.901	7856.816	1000.0	1000.0	275999	484.18765	128.92867	633.7511	-14.301758	484.18765	128.92929	639.55365	-9.938347	-0.5661393	4.9895525	91.12226	-20.451412	-485.29282	41.887524	18312.777718782425
70	463.40845	64.37509	585.9002	374.11188	-290.1687	28.073587	-258.9094	-318.73453	7370.518	128.2038	7604.4233	7134.3525	6837.526	176.34216	7120.9546	6641.185	6547.3574	160.6207	6803.4033	6382.276	7833.927	142.27985	8146.967	7605.0083	1000.0	1000.0	279999	488.51053	129.52513	640.8241	-13.081253	488.5103	129.52592	640.4153	-28.638159	-0.53439677	4.980189	84.86384	-19.203962	-489.63318	43.546562	18567.409135341644
71	381.34808	40.6889	427.85022	303.47852	-277.08185	37.530815	-233.58752	-335.00516	7664.4775	130.65953	7899.7534	7471.187	6974.3247	89.40726	7087.9414	6877.5312	6697.2427	69.03984	6806.173	6619.565	8045.8257	147.72633	8324.882	7856.11	1000.0	1000.0	283999	493.19785	129.42862	643.1515	-22.263302	493.19797	129.42828	648.42316	-26.69518	-0.58815044	4.9635267	107.283295	-20.916777	-494.284	43.402122	18822.94229388237
72	514.76404	46.419365	579.9211	447.15396	-290.44684	21.660881	-264.00177	-323.50717	7607.492	153.49513	7841.404	7289.634	6813.6055	91.58076	6914.9297	6706.5015	6523.1587	105.99799	6629.284	6382.994	8122.257	148.39578	8316.195	7812.2563	1000.0	1000.0	287999	497.32162	130.09589	652.33527	-15.294722	497.32077	130.09746	650.2371	-17.806194	-0.53424543	4.991792	77.51943	-17.282242	-498.42358	44.407593	19077.936797857285
73	486.71466	62.988667	587.15216	353.69345	-277.86725	23.053144	-250.40916	-301.5731	7346.2236	251.876	7624.149	6782.5396	6811.1133	602.0705	7188.4243	5768.7793	6533.246	614.44727	6891.8525	5469.0005	7832.9385	299.28168	8119.4194	7136.233	1000.0	1000.0	291999	501.45987	130.36322	654.8321	-7.0312552	501.46072	130.36357	656.83856	-3.2296557	-0.45853895	4.9943085	98.71732	-18.54348	-502.5334	44.28904	19332.930569648743
74	324.1166	158.38231	539.8372	55.08616	-268.8578	33.285763	-211.31894	-291.44586	7557.169	517.0976	7939.448	6054.9453	7129.318	125.87887	7310.7383	6959.803	6860.4604	135.01079	7024.248	6668.3574	7881.285	549.235	8355.136	6301.1797	1000.0	1000.0	295999	504.783	131.41832	658.93256	-9.67787	504.7816	131.41966	660.86346	-27.254192	-0.4673015	4.9729247	84.02588	-19.434492	-505.8582	44.285774	19592.58067035675
75	418.45	34.520454	486.59442	364.77176	-357.9078	38.10455	-301.70538	-401.58817	7786.315	120.05219	8014.6406	7665.2954	6982.0366	81.52642	7104.497	6878.7095	6624.129	116.22625	6802.7915	6477.1216	8204.765	107.10925	8405.607	8078.946	1000.0	1000.0	299999	508.56192	131.94574	662.4513	-10.980823	508.56232	131.94682	663.3831	-7.532949	-0.40238345	5.010655	99.35466	-19.067184	-509.63855	46.465256	19852.103988170624
76	290.55902	105.23481	454.45944	50.3225	-331.20355	16.420185	-315.6568	-355.75256	7547.25	99.69227	7739.259	7406.8076	7134.3594	78.05776	7235.4873	7026.2344	6803.156	93.99275	6919.8306	6670.4814	7837.8086	106.950195	8014.7754	7702.7383	1000.0	1000.0	303999	512.31616	132.49518	666.7808	-5.2338347	512.3158	132.4969	667.3066	-4.336047	-0.3056249	5.022838	84.21178	-17.640873	-513.36993	46.811592	20117.963587522507
77	438.6253	47.91961	504.1143	380.36713	-282.72336	30.985891	-251.72435	-331.5268	7704.9736	140.37492	7848.922	7356.385	7400.053	94.96052	7512.3164	7260.428	7117.33	89.89143	7204.422	6973.582	8143.599	163.0887	8306.396	7736.752	1000.0	1000.0	307999	516.4142	132.19759	672.14545	-10.837947	516.4135	132.19792	672.31775	-8.669187	-0.30582574	4.9932933	84.85834	-20.185883	-517.489	45.51329	20400.09937596321
78	355.17603	37.21991	411.70438	266.77206	-300.71057	9.179307	-292.743	-316.1944	7599.517	89.172295	7737.7363	7417.607	7148.3906	158.59648	7380.045	6987.4707	6847.6797	164.97433	7084.7603	6671.2764	7954.6924	104.89582	8107.02	7756.1685	1000.0	1000.0	311999	519.4634	133.17635	673.1154	-19.907898	519.4636	133.17651	673.1536	-16.148624	-0.29638684	4.93504	107.48351	-16.674368	-520.51294	47.694492	20685.5061211586
79	369.99298	55.423645	476.7301	278.3359	-291.85132	49.63314	-239.95271	-352.49255	8018.246	66.66697	8096.1475	7903.9277	6381.18	1402.8335	7246.5938	3952.7048	6089.329	1437.4656	6966.0737	3600.2124	8388.239	89.20772	8572.878	8236.63	1000.0	1000.0	315999	523.51385	133.62524	674.4246	-22.598284	523.51324	133.62631	674.33844	-23.07576	-0.32748452	4.9580646	87.19783	-18.169651	-524.5643	47.178898	21011.668395280838
80	442.069	34.65969	480.45325	380.24048	-259.15405	62.39781	-158.18246	-317.1692	8167.1704	91.1061	8333.013	8040.251	7197.928	168.31691	7449.4473	7026.074	6938.7744	167.48381	7192.1636	6722.0938	8609.24	109.41773	8813.466	8475.339	1000.0	1000.0	319999	526.12415	134.94655	678.8146	-31.15016	526.124	134.94878	676.9919	-28.640419	-0.2774189	4.9897766	129.31735	-18.565565	-527.16724	45.901405	21319.326062202454
81	393.2749	71.85027	484.4512	235.7393	-315.5687	42.567055	-284.20425	-387.6578	8027.884	125.37742	8286.774	7911.4736	7255.7114	238.75728	7536.0474	6965.3037	6940.1426	254.61197	7229.932	6681.006	8421.158	105.34357	8629.994	8244.472	1000.0	1000.0	323999	529.41376	134.70181	680.4009	-27.58559	529.4139	134.70195	683.28406	-30.98194	-0.29845715	4.9115543	94.39719	-20.388617	-530.414	47.59703	21589.010734796524
82	221.2122	186.98721	508.78326	-25.08	-297.50217	36.86498	-249.62831	-345.9375	8057.25	129.52077	8252.902	7845.288	7547.9966	198.94809	7762.731	7243.278	7250.494	213.16986	7513.1025	6926.0806	8278.462	97.33344	8485.526	8140.5312	1000.0	1000.0	327999	532.605	135.06361	687.08887	-33.77081	532.60425	135.06429	687.461	-31.922834	-0.28844333	4.9100537	104.30105	-20.20697	-533.6226	47.59246	21855.981860876083
83	399.09747	72.284996	518.689	306.35196	-375.36285	42.326252	-315.02588	-431.92987	8071.2524	107.05984	8227.468	7922.9375	7300.845	201.31859	7504.886	7071.4536	6925.482	184.67883	7132.662	6681.585	8470.351	113.296616	8684.444	8263.731	1000.0	1000.0	331999	535.9775	135.55267	693.6876	-27.863754	535.9774	135.55452	692.8413	-30.466627	-0.16220038	4.927242	92.10085	-20.751463	-537.006	47.97047	22137.562827825546
84	423.76434	145.23918	530.31647	92.25963	-312.4689	41.528133	-245.28993	-358.77576	7989.733	176.26163	8359.294	7706.904	7447.68	104.57084	7596.443	7346.037	7135.211	108.77892	7250.1343	7026.507	8413.498	201.3177	8887.37	8154.043	1000.0	1000.0	335999	539.4368	134.96045	696.8667	-36.11894	539.43634	134.96138	694.2088	-24.361317	-0.19610262	4.914309	89.015	-21.94671	-540.43115	48.28991	22414.512554883957
85	66.211525	131.63539	402.21307	-78.16243	-297.51758	36.60205	-246.36876	-336.14694	8252.852	78.62156	8392.81	8101.4688	7456.1562	52.025646	7518.985	7396.9785	7158.639	85.6919	7249.015	7068.993	8319.064	131.03516	8607.162	8122.7217	1000.0	1000.0	339999	542.4487	135.27324	697.1691	-26.489748	542.4494	135.27286	696.4943	-27.427305	-0.16358869	4.934534	82.523094	-18.392216	-543.44977	47.23168	22707.546572208405
86	445.5038	51.14374	543.3314	337.35303	-310.44363	23.951866	-282.78207	-347.4258	7961.788	161.48999	8248.318	7696.6714	7356.6533	74.22901	7451.414	7273.5083	7046.21	92.76035	7153.3276	6948.285	8407.292	130.36404	8585.672	8216.789	1000.0	1000.0	343999	544.9634	135.78087	700.3933	-30.294664	544.96326	135.78175	701.17694	-23.556	-0.32089254	4.8731427	75.742004	-19.594248	-545.9552	47.686687	22997.04252552986
87	79.87526	31.238579	132.60909	32.112278	-297.58633	17.423092	-282.93448	-327.19763	7932.285	101.469055	8128.271	7763.51	7496.3125	81.786644	7576.448	7376.809	7198.7266	84.63059	7288.672	7093.8745	8012.16	102.494934	8188.1997	7818.307	1000.0	1000.0	347999	548.0732	136.06001	702.91754	-26.26704	548.0728	136.06175	702.4522	-20.359818	-0.3096058	4.837186	97.71009	-19.03884	-549.0831	47.375088	23269.95983195305
88	250.76228	63.566944	333.38278	117.125755	-326.58075	54.560165	-263.027	-411.8306	8102.2407	150.25879	8342.781	7814.1772	7568.2607	81.08261	7636.7617	7431.9365	7241.68	49.09898	7291.9106	7168.909	8353.003	120.71986	8543.938	8147.56	1000.0	1000.0	351999	551.41534	135.81686	708.0022	-16.379482	551.4152	135.819	712.4346	-14.869381	-0.22282133	4.885177	91.49617	-18.214323	-552.4087	47.553253	23540.32289338112
89	385.6521	115.50079	571.7257	212.38264	-325.05002	68.37491	-219.5759	-385.6043	8287.287	163.69388	8561.561	8000.188	7579.1216	105.16353	7755.939	7480.359	7254.0713	119.45691	7446.508	7145.197	8672.94	176.82501	8885.362	8411.237	1000.0	1000.0	355999	554.49414	136.64108	719.6978	-26.204332	554.4939	136.63985	718.1283	-21.12651	-0.20001811	4.8700414	91.61868	-16.785997	-555.48346	47.46717	23802.461730480194
90	510.61627	53.30796	596.1448	448.77667	-354.0337	29.939325	-321.71597	-401.99326	8343.787	99.65034	8522.109	8193.439	7097.457	910.5942	7760.649	5537.0757	6743.4233	900.8933	7365.117	5198.562	8854.402	117.42901	9074.957	8698.031	1000.0	1000.0	359999	558.07605	136.63577	720.2915	-32.7078	558.0759	136.63864	718.9016	-22.136736	-0.14838795	4.8778386	105.54782	-19.848797	-559.07074	48.518658	24060.052198648453
91	347.14606	28.317465	397.24643	302.3223	-342.54495	19.89467	-319.775	-367.42883	8360.849	104.51628	8609.796	8264.906	7526.798	155.96207	7716.815	7309.0864	7184.253	153.64445	7360.4395	6982.486	8707.995	111.10048	8930.94	8574.033	1000.0	1000.0	363999	560.1312	137.19775	724.3777	-35.49608	560.13153	137.19983	720.60504	-35.84672	-0.08566709	4.9188037	82.426796	-18.13141	-561.1052	51.64901	24318.95080256462
92	455.15518	47.403633	524.58374	374.2648	-344.87723	69.30183	-266.36584	-438.6821	8318.381	130.2684	8520.526	8040.8623	7751.5986	269.58173	8081.7886	7473.281	7406.7217	259.35098	7686.0845	7116.198	8773.537	116.74522	8945.772	8530.817	1000.0	1000.0	367999	563.1627	137.05637	726.2484	-37.399406	563.16235	137.05809	723.3104	-35.065296	-0.07997951	4.902774	75.59764	-18.044678	-564.10815	50.446903	24594.709144353867
93	572.54803	30.528444	619.75037	510.84	-320.41208	52.249218	-268.3043	-407.21902	7954.428	183.22115	8331.09	7665.144	7757.576	116.700386	7949.3037	7644.7754	7437.1646	79.59029	7542.085	7335.915	8526.977	159.7471	8863.495	8284.895	1000.0	1000.0	371999	566.07544	137.84311	727.34436	-32.318653	566.0751	137.84491	727.1584	-30.160244	-0.100365765	4.9068923	89.14017	-19.267368	-567.05023	51.414936	24861.317114830017
94	517.05273	41.539955	566.8562	420.50323	-261.3937	62.94314	-157.1932	-324.0828	8334.651	115.83622	8482.737	8081.194	7808.324	154.25974	7919.362	7542.8286	7546.9307	187.52473	7762.1685	7250.727	8851.705	145.34755	9019.758	8501.697	1000.0	1000.0	375999	568.7049	137.77701	733.2137	-42.176643	568.705	137.77777	733.46674	-37.842278	-0.18657926	4.911282	73.41578	-21.016788	-569.634	51.34794	25128.218470335007
95	386.70038	40.85455	490.2381	338.52527	-295.06384	28.98402	-252.5588	-331.86505	8304.008	110.18742	8490.435	8148.44	7745.253	91.539215	7878.4404	7631.5596	7450.1895	117.56191	7625.8813	7299.695	8690.708	100.72979	8860.579	8562.824	1000.0	1000.0	379999	571.0863	137.6426	732.81396	-37.729015	571.08624	137.64487	735.27905	-31.079361	-0.16158167	4.819537	65.62629	-18.73168	-572.0	50.88825	25400.80556535721
96	571.5594	43.58958	637.8316	488.56158	-298.8072	52.364834	-238.91347	-381.08197	8147.708	136.87779	8370.677	7924.8364	7871.1343	89.03616	8011.8525	7765.041	7572.327	98.81137	7710.7925	7467.5957	8719.268	148.39767	8990.082	8464.021	1000.0	1000.0	383999	573.97205	137.8646	738.05304	-26.214258	573.9716	137.86629	734.67487	-24.317133	-0.09770095	4.8384833	88.91882	-19.46859	-574.89825	50.61715	25671.711310863495
97	404.94217	96.70097	563.9922	301.6264	-278.90228	33.448414	-223.26433	-308.0494	7977.2383	199.61116	8367.468	7737.514	7967.091	106.00853	8132.2925	7870.9385	7688.189	111.95098	7830.68	7569.606	8382.18	276.3972	8880.309	8041.548	1000.0	1000.0	387999	576.4507	138.44337	740.9479	-24.917303	576.45074	138.44406	740.1587	-29.600765	-0.24551353	4.8311195	98.50579	-19.51128	-577.3751	49.814106	25942.180030345917
98	482.22745	30.983376	548.33	446.41464	-270.92297	59.545296	-191.10796	-355.50845	8292.786	118.16791	8440.689	8074.494	7938.9404	133.23296	8071.5815	7744.0034	7668.0176	180.29724	7861.0464	7388.495	8775.014	118.56007	8934.054	8535.579	1000.0	1000.0	391999	579.2048	138.60431	747.96796	-32.721138	579.20435	138.60522	744.76434	-31.64572	-0.19683373	4.792775	103.41968	-22.0932	-580.118	50.046368	26212.0760512352
99	396.42432	23.193455	423.05426	357.18182	-301.2083	46.613605	-231.8874	-345.05826	8313.287	113.67933	8454.823	8121.717	7860.6035	121.17359	8042.139	7747.5605	7559.396	108.82241	7699.5713	7408.318	8709.712	102.63271	8869.916	8544.771	1000.0	1000.0	395999	581.3819	139.2691	750.4221	-38.185215	581.381	139.2717	749.6169	-29.96056	-0.19265147	4.848048	83.43486	-18.220636	-582.2889	50.213673	26482.77130508423
100	648.59143	46.68889	752.44507	592.13416	-340.3581	52.419296	-281.06207	-424.92502	8414.345	162.01053	8649.492	8066.7344	7793.753	72.89994	7851.045	7668.5874	7453.3945	84.956436	7544.961	7339.4087	9062.936	160.19333	9284.455	8727.804	1000.0	1000.0	399999	585.365	138.2795	753.5365	-44.163666	585.3657	138.28094	753.6014	-42.67367	0.00032296265	4.8834515	83.14991	-19.692844	-586.30676	50.82716	26753.016576766968
