Epoch	AverageTestEnv0Ret	StdTestEnv0Ret	MaxTestEnv0Ret	MinTestEnv0Ret	AverageEnv0Ret	StdEnv0Ret	MaxEnv0Ret	MinEnv0Ret	AverageTestEnv1Ret	StdTestEnv1Ret	MaxTestEnv1Ret	MinTestEnv1Ret	AverageEnv1Ret	StdEnv1Ret	MaxEnv1Ret	MinEnv1Ret	AverageEpRet	StdEpRet	MaxEpRet	MinEpRet	AverageTestEpRet	StdTestEpRet	MaxTestEpRet	MinTestEpRet	EpLen	TestEpLen	TotalEnvInteracts	AverageQ1Vals	StdQ1Vals	MaxQ1Vals	MinQ1Vals	AverageQ2Vals	StdQ2Vals	MaxQ2Vals	MinQ2Vals	AverageLogPi	StdLogPi	MaxLogPi	MinLogPi	LossPi	LossQ	Time
1	-70.51181	31.206675	-3.176762	-110.50262	-369.82285	46.027885	-306.67227	-431.85934	-32.722206	48.816814	13.645129	-164.49184	-219.2652	55.74433	-132.78146	-271.65454	-589.088	75.839035	-514.4852	-696.6711	-103.234024	53.404648	-18.126926	-227.49236	1000.0	1000.0	3999	9.407443	5.740603	40.425587	-2.2920902	9.40733	5.7422843	40.384148	-2.5596623	-7.8100615	2.3338256	13.980738	-18.725513	8.764805	1.4933035	72.71176528930664
2	-1497.861	110.838326	-1365.2993	-1731.7146	-322.23578	45.589165	-255.78795	-367.56168	-445.21014	59.943233	-372.52316	-588.70984	-345.09946	56.74663	-253.00987	-407.43533	-667.33527	100.49154	-508.79782	-774.997	-1943.071	111.26883	-1818.655	-2150.6086	1000.0	1000.0	7999	33.43367	11.055637	97.25458	0.55067	33.4328	11.05967	97.019005	0.37336656	-2.5621934	4.9909353	31.005716	-19.905146	27.712534	6.1999235	165.96103310585022
3	-379.30206	59.215664	-306.62775	-505.29123	-791.50037	352.68756	-378.44485	-1272.4955	-151.51358	36.764774	-77.270805	-209.26161	-279.447	36.22189	-227.0217	-329.26328	-1070.9474	384.55197	-605.46655	-1601.7588	-530.8156	44.10687	-449.11407	-594.8812	1000.0	1000.0	11999	84.31073	18.83435	166.80885	31.292503	84.31061	18.837503	167.10268	32.02128	3.1596692	6.3739314	49.795517	-19.3894	67.756516	18.672266	260.27466893196106
4	203.11984	58.69214	311.2453	101.51695	-792.3551	100.992714	-622.53577	-883.63477	-113.78865	65.248344	-8.785836	-209.46272	-277.08896	5.6197023	-269.0698	-283.65427	-1069.4441	96.89813	-906.19	-1158.4626	89.33119	112.82709	301.06927	-54.462082	1000.0	1000.0	15999	96.57072	14.200621	163.63306	54.969837	96.56965	14.2062025	163.21472	54.050034	-5.3026605	3.8933287	26.586256	-19.265568	74.024925	15.251929	355.67622995376587
5	670.00446	43.181446	726.7399	569.7877	-520.3721	69.45982	-444.0222	-597.9559	-54.186657	24.401926	-9.280878	-82.61122	-203.46817	32.74706	-168.49313	-251.63457	-723.8403	101.05816	-612.5153	-849.5904	615.8178	55.975822	705.4985	501.40805	1000.0	1000.0	19999	84.34369	14.811226	144.00963	43.079277	84.34248	14.817402	145.31622	43.76711	-7.488495	2.4240224	20.602377	-17.484085	64.25719	10.139188	451.895156621933
6	850.6128	37.37217	890.97504	777.6454	-331.935	31.65557	-290.42328	-379.35776	-39.06387	20.1612	6.90025	-61.253876	-188.19238	40.977886	-130.87544	-236.48247	-520.1274	57.897087	-421.29874	-568.5188	811.54895	52.737453	897.38184	724.1659	1000.0	1000.0	23999	75.63009	12.683363	119.83061	36.860775	75.63003	12.685871	121.75592	36.823566	-7.9582014	1.9904122	8.534902	-17.654593	58.152157	7.9400334	545.6130123138428
7	827.46564	18.075748	861.066	801.5421	-268.7769	33.188457	-216.5134	-308.6815	-42.743385	14.205693	-21.260126	-71.94912	-159.40201	66.52419	-87.03002	-267.91708	-428.17886	71.13922	-353.6317	-544.5578	784.7223	28.93413	833.6276	738.3729	1000.0	1000.0	27999	69.45946	11.577739	105.59026	33.864334	69.45917	11.581153	106.75642	33.48233	-8.099993	1.8055418	9.583921	-17.123455	53.50795	6.813589	642.5268657207489
8	795.578	8.236823	811.67975	787.81946	-188.67722	33.357025	-135.58823	-225.33086	-57.593006	12.017465	-22.429707	-66.8713	-149.98746	38.146137	-92.707855	-197.53204	-338.66464	50.392433	-298.37128	-422.86288	737.985	12.334911	765.3898	724.8359	1000.0	1000.0	31999	66.02144	10.622777	98.38868	31.030014	66.02167	10.624956	100.13671	32.386295	-8.161577	1.7327074	5.9657164	-20.799953	50.71887	6.4562416	739.6792197227478
9	945.83594	23.408083	985.2124	907.33905	-116.2763	10.407874	-104.315186	-127.57418	-16.88671	21.351782	34.52224	-37.939934	-75.17903	43.968243	-4.4966063	-118.79848	-191.45532	49.290745	-108.81179	-231.58113	928.9492	18.088364	958.75055	894.76526	1000.0	1000.0	35999	64.50013	9.75463	95.11842	31.551674	64.4999	9.755639	95.84604	29.91152	-8.099727	1.7191403	11.648531	-18.798344	49.707153	6.2961564	835.0601289272308
10	846.75037	24.574562	881.6542	796.325	-86.663826	47.300396	-12.547424	-144.21223	-6.4275002	7.324164	10.874401	-16.935427	-117.85718	18.842659	-97.54821	-146.31787	-204.521	56.66845	-117.25976	-267.0625	840.3229	25.980793	878.4189	779.3896	1000.0	1000.0	39999	64.74925	9.200467	93.65336	31.63958	64.7493	9.201428	94.755615	33.491886	-8.008126	1.7404006	11.983822	-18.94733	49.719086	6.3461328	930.012481212616
11	908.3768	33.02556	951.1197	854.61224	-96.388725	62.96185	-22.891874	-186.0111	11.408426	7.8123827	24.897139	1.0575393	-79.28549	5.1397395	-73.003006	-85.94879	-175.67422	62.265175	-108.84067	-268.4021	919.7853	28.649336	952.17725	875.28284	1000.0	1000.0	43999	65.90265	8.989912	94.00994	31.453465	65.902275	8.992578	93.78737	32.350414	-7.941861	1.7628953	10.849833	-19.466549	50.91423	6.5054703	1024.327674150467
12	767.3481	6.9045105	781.13837	755.1029	-35.04137	35.211376	9.838348	-76.57586	59.287304	7.691279	73.425934	42.13942	-84.62987	38.390507	-24.84917	-129.27432	-119.67124	43.773808	-72.01769	-190.6304	826.63544	12.890938	845.9568	797.2423	1000.0	1000.0	47999	67.41609	9.123753	95.13922	30.481577	67.41593	9.124594	99.516304	32.444714	-7.877432	1.7884269	9.36862	-18.229797	51.031406	6.668328	1119.0414905548096
13	850.57684	12.111868	867.1909	820.88025	-26.857304	28.538963	6.8256083	-71.67705	20.026827	6.800709	35.3146	9.946754	-85.804115	67.067535	-17.923357	-190.49014	-112.661415	88.56716	-34.08743	-262.16718	870.6037	8.120916	885.507	856.1948	1000.0	1000.0	51999	69.2399	9.230414	97.867134	32.841194	69.23954	9.232477	99.110016	32.45957	-7.805587	1.8274832	8.987706	-21.855434	52.26514	6.776096	1216.8199677467346
14	786.0369	8.583505	799.57245	772.18036	-20.57986	60.074852	80.22645	-77.55966	29.048544	8.759398	41.646633	13.665222	-78.3264	80.476166	28.630838	-196.4104	-98.906265	95.75095	22.630283	-233.11726	815.08545	12.108195	827.7841	785.8456	1000.0	1000.0	55999	71.41907	9.270545	101.58968	34.06699	71.41931	9.270253	101.85593	30.873915	-7.750784	1.854492	12.652406	-19.93639	54.26601	6.8139925	1320.1741902828217
15	723.0045	33.225178	781.5191	679.10767	-40.119663	39.581135	15.363294	-95.7111	-15.278995	16.109293	12.700786	-34.122334	-36.836723	34.3352	1.5400887	-85.496475	-76.95639	60.288113	-36.6076	-181.20758	707.7256	25.711666	747.99	667.7264	1000.0	1000.0	59999	73.94891	9.380639	106.07711	34.024765	73.948616	9.381061	104.1464	34.295322	-7.713222	1.8767829	11.476248	-20.29684	56.6996	6.954291	1421.1802837848663
16	880.6164	12.613895	893.88855	849.1838	3.337063	30.27234	42.494705	-40.773964	-31.266611	29.131506	0.5792752	-105.66487	-0.14004612	29.840355	31.89073	-48.98788	3.1970186	44.3751	74.38544	-34.542458	849.34973	39.6979	883.3659	743.5189	1000.0	1000.0	63999	76.766685	9.534931	107.847855	38.113186	76.76662	9.534527	106.76547	35.381218	-7.6959805	1.8759655	13.3147545	-18.999695	58.339867	6.8874927	1519.3429720401764
17	867.09216	29.806396	901.9265	819.3756	19.48064	51.38581	92.50372	-51.10012	22.986767	7.4492683	36.62178	11.107261	-22.806208	83.15899	60.331936	-149.26689	-3.3255644	125.64144	135.05656	-200.367	890.0789	36.29898	938.5483	834.67224	1000.0	1000.0	67999	79.50574	9.793383	109.71253	40.860695	79.50549	9.793888	108.63183	40.860332	-7.682127	1.8658103	14.0093155	-17.591906	60.228703	6.669002	1621.0783298015594
18	854.6752	10.430112	871.91614	835.4701	-41.479156	69.29505	27.574368	-147.86807	60.99823	9.780701	74.8666	36.149055	-13.576424	86.24627	74.80498	-145.1912	-55.055588	111.134125	102.37934	-202.81111	915.67334	14.35064	935.5967	886.1885	1000.0	1000.0	71999	82.07974	10.109912	112.55312	37.73438	82.07966	10.108994	113.49129	38.89068	-7.7352457	1.8386457	9.679758	-19.08788	62.169548	6.6967325	1724.900960445404
19	865.54376	19.520376	889.11285	817.7931	25.720066	26.781895	68.72127	-2.0163848	59.794655	7.8536744	71.01198	42.601566	66.274254	47.569218	127.08555	12.516667	91.994316	62.519875	166.3868	10.500282	925.3385	22.262781	960.1249	872.1834	1000.0	1000.0	75999	84.7071	10.384542	114.92516	41.748512	84.70707	10.383947	113.71565	41.59215	-7.691344	1.8695898	16.539629	-18.831005	63.31369	6.764771	1828.36199259758
20	828.3037	7.472719	838.8539	815.2028	7.5667286	69.82814	67.98302	-111.23478	53.851707	3.513171	58.384834	48.95726	-59.136528	106.75539	59.921467	-179.23886	-51.569798	158.1284	101.52864	-262.00912	882.1554	7.274689	893.9399	869.18286	1000.0	1000.0	79999	87.55242	10.761936	117.096245	42.688477	87.55241	10.761452	117.34556	43.55365	-7.63563	1.8815958	12.222872	-18.326149	65.03574	6.725812	1935.0873336791992
21	825.52893	53.650085	902.40594	723.84827	65.61734	38.437965	123.42856	15.245724	49.93972	18.367622	88.571815	33.11424	95.35501	30.708366	144.60475	69.43829	160.97235	36.731697	221.30484	130.21553	875.4686	43.26507	935.5202	811.7797	1000.0	1000.0	83999	90.12157	11.206367	120.43477	46.101456	90.12174	11.205413	121.546486	45.97301	-7.655086	1.892299	16.727118	-17.946896	65.54941	6.746762	2039.9620966911316
22	903.1964	21.286053	934.6045	848.3506	-5.1142592	38.70572	53.2796	-52.335163	45.691742	12.947503	64.98618	16.938171	-64.62831	136.6118	148.9815	-218.79712	-69.74258	175.23389	202.2611	-271.1323	948.88806	33.076187	990.58344	865.28876	1000.0	1000.0	87999	92.48583	11.715998	123.911705	47.90354	92.48607	11.715886	123.694244	45.996502	-7.6423817	1.8842299	30.50826	-19.276924	67.03996	6.6453886	2146.5726323127747
23	834.66113	18.89959	853.8476	788.6549	80.225365	20.741793	116.04958	65.85312	49.901585	9.279397	61.04745	30.86467	133.63028	49.850506	198.53761	58.428844	213.85565	55.293404	267.382	128.58324	884.5627	26.236135	913.88025	819.5196	1000.0	1000.0	91999	94.88549	12.1760845	125.91897	46.524136	94.88523	12.177506	126.82364	47.209732	-7.638203	1.8956703	10.074367	-19.360634	67.47855	6.652028	2250.3927607536316
24	830.2424	21.29029	861.9353	788.10406	37.222103	25.643621	66.587364	1.2170563	81.59648	19.43793	111.44855	54.2101	-24.912582	116.22821	153.93657	-171.56998	12.309519	135.53912	209.47282	-170.35292	911.83875	14.04276	933.7768	892.90796	1000.0	1000.0	95999	97.11935	12.667193	129.1179	48.0497	97.11939	12.668622	130.57889	48.0971	-7.581529	1.9384321	22.569792	-18.549618	67.137375	6.8440666	2355.4796464443207
25	948.6287	5.8255057	961.91785	938.44867	68.14711	45.658913	140.03654	15.355554	57.460564	4.246615	63.229324	48.62556	-12.666828	109.78595	170.70435	-121.16548	55.480286	117.31897	219.26407	-105.80993	1006.08936	6.832413	1019.658	996.6005	1000.0	1000.0	99999	99.35827	13.041592	131.36684	49.038593	99.35831	13.042146	130.93199	50.449825	-7.6234307	1.9296242	15.184854	-20.891869	71.5717	6.5953975	2460.0953373908997
26	819.6339	56.550983	875.39355	682.33093	62.917877	43.578266	110.61051	-6.031657	230.18225	47.84441	309.92746	167.33574	77.54223	150.1415	197.00838	-178.62798	140.46011	191.22318	307.6189	-184.65964	1049.8162	83.62208	1164.852	849.6666	1000.0	1000.0	103999	101.87127	13.174692	133.29272	50.803486	101.87124	13.17652	136.47098	48.270973	-7.592705	1.9658244	21.765705	-18.67574	72.04832	6.50712	2564.787803888321
27	807.7594	8.273795	819.87494	794.56177	58.025864	56.738815	95.28691	-39.81067	159.98637	13.779274	183.27068	135.82758	34.194817	158.30432	237.43275	-126.19628	92.22068	194.03227	332.71967	-154.10646	967.7459	18.8625	992.6364	939.5666	1000.0	1000.0	107999	104.24455	13.320825	137.32826	56.466858	104.24451	13.321311	137.28287	52.97419	-7.5931	1.9556597	12.597653	-19.592073	72.65992	6.5416155	2676.838933467865
28	849.56726	44.221336	927.3044	788.68243	66.69746	35.648087	99.1012	12.966506	159.00987	35.13643	211.73468	92.46909	156.91077	118.79474	301.37094	-20.188816	223.60822	141.05287	357.29953	-7.222311	1008.5773	73.24049	1124.3572	881.15155	1000.0	1000.0	111999	106.23001	13.57288	141.76764	56.74611	106.22993	13.573846	141.03915	55.973946	-7.5691876	1.9605849	12.898943	-19.047812	73.29334	6.5914626	2785.580122232437
29	853.18036	23.828068	891.5167	808.41113	21.064077	28.888018	53.935787	-25.456573	354.9998	34.50747	399.18112	304.24307	-83.57792	93.24809	61.184273	-167.97649	-62.51384	89.184166	89.39136	-135.58475	1208.18	34.91312	1264.132	1152.2875	1000.0	1000.0	115999	108.324	13.912935	143.01031	56.13122	108.32391	13.914889	141.79994	56.04484	-7.5622525	1.997722	14.639858	-18.81336	75.52366	6.6714425	2892.9606161117554
30	869.06396	38.73168	924.63135	807.7951	32.870388	30.600664	70.59429	-14.279223	361.49725	60.213726	452.22647	226.00475	-37.95699	146.39255	201.86101	-194.83792	-5.0866013	174.47194	272.4553	-209.11716	1230.5613	51.573357	1306.1637	1133.0364	1000.0	1000.0	119999	109.9948	14.25502	147.95453	59.49665	109.99476	14.256207	149.00436	59.27875	-7.5271993	2.027423	43.388096	-18.526617	79.043365	6.759409	2999.2031903266907
31	882.0005	31.228088	950.8891	841.0376	89.40307	28.11664	132.7683	55.014248	527.29517	125.80277	677.4794	247.4613	89.62463	107.46946	255.26917	-25.086908	179.02771	130.42351	388.03748	65.2483	1409.2958	97.577965	1518.6772	1198.3503	1000.0	1000.0	123999	111.71625	14.407122	146.37512	60.883526	111.71599	14.408662	146.44336	60.234596	-7.490936	2.0513027	15.535932	-17.439447	78.88922	6.91403	3115.9330098629
32	822.5801	33.286026	892.5921	764.50616	119.46052	36.598118	157.51056	62.093052	871.355	57.781	954.7329	782.9868	401.61063	46.751495	456.97256	331.99808	521.07117	40.23185	585.357	475.81894	1693.9349	50.72676	1791.2689	1629.4707	1000.0	1000.0	127999	113.67295	14.56304	149.27002	62.375805	113.67282	14.565356	149.70822	61.33634	-7.4459295	2.1040714	15.918562	-19.563023	78.42574	6.947946	3226.9140317440033
33	872.9037	25.224373	910.694	832.8121	42.14943	5.2259593	48.64659	35.54895	745.61224	52.93756	859.59515	697.658	357.34863	279.98584	591.81757	-103.3512	399.49808	281.5459	640.4642	-64.57486	1618.5159	60.944378	1744.8845	1562.9718	1000.0	1000.0	131999	115.63912	14.686708	151.21684	62.119133	115.63917	14.687	152.51852	62.572346	-7.4102426	2.0959451	14.1186905	-19.44645	79.83606	7.096824	3335.251123189926
34	887.5609	6.862674	895.47046	879.0593	126.570816	55.77391	179.90027	33.118214	842.6914	30.968348	903.531	791.33966	638.21606	22.947536	676.16644	614.429	764.78687	63.990807	828.3017	664.20496	1730.2523	29.137777	1784.0531	1686.1663	1000.0	1000.0	135999	117.74444	15.044083	154.55443	63.065754	117.74454	15.043579	153.99722	63.966663	-7.330184	2.1387515	17.721893	-18.817581	80.411156	7.140806	3460.4402384757996
35	855.3301	19.581375	893.3083	825.845	37.489613	38.80845	90.494225	-18.548412	1314.7063	362.14404	1514.9814	249.13023	523.65265	399.67407	844.9445	-161.05792	561.1422	432.01508	889.8683	-179.60634	2170.0364	347.60132	2356.0596	1142.4385	1000.0	1000.0	139999	120.22184	15.603766	160.39394	65.66397	120.22193	15.604404	160.1052	65.08847	-7.2191305	2.1738312	19.414747	-17.99107	78.71	7.2531075	3574.4787447452545
36	885.40497	20.10566	914.3463	855.8642	76.411766	41.752342	107.91718	4.573002	1198.9738	467.16736	1635.7557	340.1581	795.89307	96.39125	934.85547	668.0389	872.3048	129.7542	1033.2008	672.6119	2084.3784	451.0908	2512.5757	1246.1105	1000.0	1000.0	143999	122.84607	16.494373	162.99379	65.6496	122.84603	16.495277	166.43535	65.283165	-7.0177236	2.249271	13.977696	-19.405025	81.3203	7.6298914	3677.2184162139893
37	882.43787	29.192102	934.6613	826.23193	79.614716	47.67728	138.5485	17.080736	1514.1129	33.047253	1568.0706	1450.9736	402.50012	448.8339	1087.034	-23.698008	482.1148	460.3478	1197.6235	43.221462	2396.5508	35.14978	2448.0774	2352.373	1000.0	1000.0	147999	125.70989	17.514797	168.41078	64.99998	125.70969	17.515276	168.7213	65.11939	-6.833654	2.3054633	11.170163	-18.363031	81.15253	7.883383	3783.00963306427
38	875.7209	12.027719	894.3151	856.6563	112.213005	32.3028	153.92227	67.38439	1451.3802	32.97727	1510.2404	1386.2808	724.4243	437.4875	1098.2659	-21.578873	836.6372	449.69504	1252.1881	77.706726	2327.101	26.30776	2366.8967	2275.5015	1000.0	1000.0	151999	128.5073	18.796864	177.48244	66.2428	128.50748	18.797693	177.41318	68.36376	-6.8099856	2.2928345	17.679152	-18.991758	82.82381	8.090477	3887.125063419342
39	816.20935	30.496336	872.7358	773.1542	76.204346	43.395203	129.26292	9.632893	1671.1833	23.613493	1714.1633	1626.8872	948.8707	355.88303	1191.7021	337.47794	1025.0751	392.40106	1284.5195	347.1108	2487.3926	39.439526	2556.1375	2427.5864	1000.0	1000.0	155999	131.1619	20.171652	181.07588	63.904816	131.16194	20.171602	181.63353	65.63265	-6.724213	2.2714317	19.540878	-20.350492	78.41764	8.721031	3994.6117680072784
40	915.02014	34.106194	991.33563	879.72485	99.517815	41.43329	162.19048	61.30686	1687.2812	55.367542	1779.3807	1612.8712	950.20337	409.49985	1193.9291	241.04167	1049.7212	431.57886	1336.9695	304.04135	2602.3013	34.73074	2659.1057	2543.599	1000.0	1000.0	159999	134.2813	21.894772	188.38197	60.335648	134.28127	21.894798	189.06178	62.045475	-6.5244026	2.3656704	11.292274	-19.855925	80.763794	9.104701	4101.321539402008
41	820.6639	17.956705	852.50024	798.1667	145.4429	26.116598	174.63249	108.618385	1465.0398	51.437	1547.2183	1356.1804	1263.1444	103.27348	1366.581	1091.4338	1408.5872	88.824	1475.1995	1256.3639	2285.7039	49.42537	2355.496	2201.7837	1000.0	1000.0	163999	137.72682	23.717989	193.2518	63.457794	137.72691	23.716639	193.14613	61.911697	-6.380642	2.4419024	18.474033	-18.606663	80.91925	9.446583	4209.061135530472
42	927.53986	9.757791	939.5445	904.8645	153.46298	43.267616	205.963	91.535866	1833.1589	72.63669	1948.3329	1706.4277	1324.3474	87.08617	1433.8448	1228.7363	1477.8103	99.17852	1639.8079	1387.4476	2760.6992	69.50796	2872.8877	2639.7654	1000.0	1000.0	167999	141.35262	25.40404	196.59598	65.04154	141.35255	25.4041	197.8429	65.96601	-6.335538	2.4277072	10.420223	-18.907562	85.476234	9.864446	4318.807304382324
43	880.7162	17.654465	918.03143	857.01874	100.93988	13.760203	123.07168	85.32808	1821.2367	46.93919	1903.0955	1757.7147	991.31604	534.448	1438.9587	81.34669	1092.2559	539.56683	1562.0304	177.8924	2701.953	36.42915	2763.922	2652.867	1000.0	1000.0	171999	144.8474	27.119867	204.25577	61.461597	144.84714	27.121433	204.09724	64.1074	-6.296537	2.440025	16.01048	-19.101961	90.34606	10.211845	4429.687865257263
44	876.34894	18.460987	907.846	834.45966	141.10274	55.711636	230.14574	78.68495	1706.2102	53.41363	1790.6418	1627.6218	1140.1907	262.07864	1403.5466	704.99426	1281.2935	293.99802	1542.2008	783.6792	2582.559	51.037743	2664.5337	2494.0337	1000.0	1000.0	175999	148.11418	28.70238	207.00491	64.37352	148.11398	28.703434	208.97614	64.7892	-6.239162	2.4511058	12.39884	-19.615368	91.30425	10.705246	4542.415471792221
45	882.0397	12.927431	898.51056	857.7176	113.08835	35.29227	166.59631	70.74889	1759.9215	55.548576	1838.5886	1670.7697	1386.4619	29.791521	1416.5105	1351.629	1499.5503	22.28196	1528.7817	1470.6239	2641.9614	55.755093	2713.4382	2563.0498	1000.0	1000.0	179999	151.18927	30.072447	211.65587	63.804813	151.18935	30.072569	212.78735	63.525394	-6.213663	2.4490123	18.75692	-19.728388	93.36547	10.93876	4652.645063877106
46	874.28094	9.318833	887.1199	852.3147	101.48631	5.736552	107.87258	93.86109	1791.9387	51.321404	1873.3658	1704.6283	1461.1477	60.337124	1527.7444	1363.14	1562.634	64.854385	1633.8462	1457.0011	2666.2195	56.393684	2744.466	2556.943	1000.0	1000.0	183999	154.41986	31.303179	213.6805	64.32627	154.41982	31.303806	214.08911	64.38523	-6.1285877	2.5323863	20.339008	-21.096745	89.21222	11.230214	4764.982243537903
47	860.7207	27.3394	893.79376	807.6605	99.0264	53.90058	185.75337	38.341137	2080.727	63.579567	2173.0664	1980.4304	1082.3245	527.4106	1457.3136	171.99289	1181.3508	561.77606	1537.0847	210.33403	2941.4478	80.12112	3051.4255	2804.5447	1000.0	1000.0	187999	157.76707	32.453323	218.73322	63.524208	157.76736	32.453957	218.92625	65.21078	-6.08395	2.5460281	59.78535	-19.736506	88.00513	11.417662	4890.035724639893
48	853.8371	32.150505	910.889	811.24994	73.741585	40.349133	121.98354	21.222324	1872.5875	40.427177	1916.3818	1806.4651	1087.3921	636.13885	1577.0419	1.012136	1161.1338	647.47174	1609.3987	50.26998	2726.4248	61.952747	2813.8933	2635.4905	1000.0	1000.0	191999	160.24289	33.84487	225.12952	64.40367	160.24243	33.846252	224.90782	64.372444	-6.105956	2.548174	13.085939	-20.704422	89.48695	11.706493	5024.630476474762
49	854.1799	80.47062	946.2358	732.80743	103.697914	54.753567	178.0881	47.377014	2070.0645	86.50368	2193.2134	1925.5076	1091.0077	682.9502	1606.7709	-84.521614	1194.7057	719.9827	1784.859	-37.144604	2924.2444	119.28252	3124.4504	2685.9087	1000.0	1000.0	195999	162.94781	34.653355	229.60356	66.250786	162.94797	34.654793	230.32703	67.45769	-6.126679	2.507068	17.283045	-19.27248	88.99456	11.699647	5135.506604671478
50	808.5277	7.2181377	825.6319	800.9069	88.29631	9.648406	103.931274	77.70263	2114.1597	63.126057	2194.8975	1990.2156	1609.5167	33.352283	1649.8114	1571.2192	1697.813	41.462128	1753.7427	1655.7739	2922.6873	65.44377	2996.8694	2791.1226	1000.0	1000.0	199999	165.24872	35.569344	231.4983	63.223743	165.24823	35.571014	232.12688	65.80486	-6.1298046	2.5103776	18.327358	-19.13435	89.39588	11.903494	5245.127301454544
51	784.47406	71.942795	857.462	658.2483	100.051834	32.80314	142.562	64.25064	2201.5999	57.56638	2314.367	2136.8738	1602.3898	71.65979	1706.0869	1511.696	1702.4417	80.49353	1778.3625	1575.9468	2986.0742	102.596565	3146.2063	2803.8457	1000.0	1000.0	203999	167.8757	36.403755	235.22095	64.46419	167.876	36.405155	235.88184	68.03378	-6.0419173	2.544973	16.445032	-21.943981	90.70055	12.201553	5359.90291929245
52	830.6362	26.367855	863.18835	787.5588	97.35503	76.77568	184.08115	-24.91246	2267.459	49.75373	2320.468	2150.25	1701.6147	34.600994	1748.3535	1654.4199	1798.9696	79.83328	1878.9011	1690.6588	3098.0955	61.502357	3153.1523	2938.5962	1000.0	1000.0	207999	170.67764	37.2851	238.30106	67.60774	170.67719	37.28784	238.63162	69.659134	-5.9614873	2.5685139	24.902393	-20.153996	90.572845	12.376193	5465.4662544727325
53	907.96155	7.1267037	918.6355	894.7039	83.56545	43.247925	151.86435	44.19639	2343.9578	69.7859	2417.664	2193.3652	1488.11	510.74066	1823.3052	605.3335	1571.6754	509.64917	1944.1897	695.03015	3251.9194	69.60155	3326.1685	3100.721	1000.0	1000.0	211999	173.4683	38.283054	241.83546	67.21394	173.46822	38.284737	243.16829	69.5472	-5.970252	2.5615401	17.809507	-19.108887	93.114655	12.7302685	5574.020693540573
54	884.2606	32.726387	932.40173	833.83	61.34273	5.165149	67.059975	55.240948	2365.0942	51.565437	2444.0066	2284.3643	1362.268	676.3735	1849.013	196.23291	1423.6106	678.75116	1914.833	253.48291	3249.3547	52.806835	3363.4138	3180.0586	1000.0	1000.0	215999	175.60858	39.291813	246.60881	68.65047	175.60834	39.294445	244.00009	68.18246	-5.9449844	2.5687463	23.47048	-19.105522	90.62002	12.969037	5682.270853281021
55	908.8123	10.958545	923.65765	886.4634	82.33736	19.27263	100.38772	51.95369	2057.0015	170.66722	2293.6274	1819.9043	1811.8611	55.917652	1880.3649	1756.5083	1894.1985	65.60381	1977.8328	1808.462	2965.814	169.63853	3201.7837	2722.3047	1000.0	1000.0	219999	177.60336	40.014763	247.13017	65.74524	177.60316	40.017498	246.61412	66.058815	-5.932562	2.5773127	22.435854	-18.650995	93.56314	13.42604	5792.252019882202
56	855.204	25.179602	876.3277	782.2732	93.456215	23.770777	120.00872	67.01894	2231.9104	82.939384	2453.3022	2142.8577	1836.3196	33.26141	1878.1095	1785.0032	1929.7759	36.167538	1992.199	1905.012	3087.1145	59.353615	3235.5754	3015.428	1000.0	1000.0	223999	180.14738	40.762455	251.10548	68.04318	180.1471	40.764847	251.86453	68.69931	-5.839892	2.6183596	22.870106	-19.751163	93.72941	13.634898	5900.92907333374
57	781.98865	56.862213	901.341	705.319	86.04005	49.010117	142.76231	28.0341	2406.3472	39.485138	2484.6614	2361.8552	1991.013	152.54741	2236.7068	1819.9816	2077.0527	185.12228	2362.2798	1848.0157	3188.336	90.26018	3386.0024	3072.1797	1000.0	1000.0	227999	182.84447	41.537457	253.67061	67.33785	182.84422	41.5393	256.3563	70.864	-5.7685175	2.6486511	12.963895	-20.088295	91.12676	13.639115	6014.582462072372
58	742.1727	17.128624	784.39325	724.5526	68.17007	45.356216	105.8131	-6.2173266	2167.5366	28.625216	2208.2676	2126.9087	2004.3486	38.093384	2057.0989	1954.1959	2072.5188	77.46365	2161.0078	1947.9786	2909.7092	31.825254	2959.185	2862.5793	1000.0	1000.0	231999	185.4106	42.46027	259.9437	67.79848	185.41019	42.46151	259.35385	69.91328	-5.7270317	2.6392725	17.606674	-22.45928	82.63405	14.1635275	6123.845506906509
59	784.76953	138.87297	905.552	486.61432	78.08156	17.678242	97.84855	50.88655	2412.9849	99.410446	2578.8562	2253.5024	2052.3582	91.54202	2154.2217	1938.7095	2130.4397	87.026764	2227.3667	2027.2944	3197.7544	167.20526	3416.4817	2809.705	1000.0	1000.0	235999	187.83484	43.426243	261.3058	65.20078	187.8347	43.4286	261.97604	67.429245	-5.755995	2.5999532	27.971504	-22.05389	81.84388	14.126985	6233.752103805542
60	608.5995	43.9086	682.4925	540.3681	68.027916	25.645012	100.91974	29.177656	2667.0208	65.02532	2777.43	2554.3184	2161.139	46.05377	2204.483	2087.4966	2229.167	70.05359	2296.22	2116.6743	3275.6206	51.172108	3337.965	3167.098	1000.0	1000.0	239999	190.71146	44.413567	267.32028	64.85541	190.71124	44.414196	266.09988	68.425446	-5.69605	2.6631668	13.4458275	-19.858719	78.54805	14.31074	6342.518441200256
61	827.13965	10.954462	845.2702	804.1737	52.031002	36.851917	102.13875	-1.9448041	2365.8806	41.680504	2415.6814	2293.653	2122.473	71.83795	2214.082	2013.4706	2174.504	58.17216	2268.5952	2115.6094	3193.02	38.612682	3234.1565	3126.7798	1000.0	1000.0	243999	193.61234	45.431618	268.6639	62.604015	193.61188	45.43315	269.17603	65.800766	-5.6169777	2.6873324	20.758774	-19.368242	79.56341	14.644024	6452.753356218338
62	804.0462	39.630836	852.4083	727.69586	33.083614	8.668588	48.04332	26.992405	2729.625	46.727417	2828.5344	2652.7375	2178.1807	45.330128	2225.942	2111.1128	2211.2644	38.264854	2255.0137	2159.1562	3533.6711	68.01424	3651.177	3434.7034	1000.0	1000.0	247999	196.45052	46.316597	273.91467	66.90176	196.4504	46.31728	273.71243	67.17466	-5.5931773	2.7125158	20.704361	-19.818832	73.185844	14.561117	6559.101484775543
63	869.54376	14.939548	895.01794	837.0928	41.56058	39.822163	106.413376	3.4917445	2628.5981	60.355225	2707.4988	2498.032	2182.1833	52.732204	2244.0903	2102.7961	2223.744	71.40386	2285.0925	2106.2878	3498.1418	70.98869	3602.5168	3365.1177	1000.0	1000.0	251999	199.09985	47.272743	277.69113	67.49573	199.09982	47.273357	276.9367	66.97063	-5.544146	2.7230337	26.921366	-18.545753	81.41351	14.735721	6666.656594991684
64	880.4748	13.108329	902.97644	856.9847	32.88314	10.751814	45.75068	21.018023	2645.1963	61.036324	2749.4512	2532.2612	2145.962	194.36504	2355.8643	1832.1128	2178.845	193.22926	2401.615	1873.3137	3525.6711	55.925163	3633.0747	3435.2375	1000.0	1000.0	255999	201.46999	48.205647	279.95294	66.75327	201.46906	48.207424	278.3587	67.59926	-5.5000315	2.7513483	24.32943	-18.30343	77.18225	15.082846	6777.53523349762
65	907.8431	9.138446	920.2852	894.7588	40.245663	19.16748	68.15867	18.314856	2487.2217	49.223713	2556.5803	2401.194	2176.9573	22.73383	2210.6716	2149.5986	2217.2031	25.118176	2257.7136	2192.248	3395.065	55.145657	3474.9333	3300.5637	1000.0	1000.0	259999	204.12547	48.96491	280.67618	66.62498	204.12566	48.96441	280.19348	64.35482	-5.5381274	2.7586665	23.119616	-18.758007	80.164986	15.24611	6885.300088882446
66	796.2638	20.495779	850.56915	772.2019	86.20262	31.786825	108.947266	32.05078	2661.075	84.465935	2871.4429	2533.9773	2207.771	41.74009	2238.996	2136.1814	2293.9736	72.70086	2342.1074	2168.2322	3457.3386	103.314835	3722.012	3306.1792	1000.0	1000.0	263999	206.77934	49.8205	284.2549	68.971176	206.77858	49.821285	284.06876	67.23502	-5.5023117	2.773279	27.75937	-20.482544	80.711624	15.202697	6992.221414089203
67	817.79266	28.619972	859.4286	756.1578	5.84826	31.569288	54.060875	-23.956297	2754.2874	46.82188	2816.8813	2668.1792	2168.7063	73.79292	2263.1367	2056.0234	2174.5544	82.46106	2239.1804	2035.2854	3572.0796	66.0298	3663.7788	3424.337	1000.0	1000.0	267999	209.10634	50.381428	286.94553	68.38594	209.1058	50.38158	286.9928	69.005104	-5.4665318	2.8385131	44.14005	-20.347887	84.79765	15.237905	7104.236928701401
68	761.03723	10.801086	780.78204	743.88873	34.954147	35.574345	73.04431	-11.293984	2593.752	48.58087	2672.795	2483.911	2278.32	92.31563	2382.5566	2134.119	2313.2742	112.8215	2399.9023	2122.825	3354.789	49.424915	3430.3604	3246.813	1000.0	1000.0	271999	211.34064	51.10568	290.9537	66.004715	211.34038	51.105488	290.8672	63.76615	-5.4171495	2.8519957	32.311016	-19.684782	84.85483	15.28568	7212.813184738159
69	850.8304	20.466412	885.5881	819.1121	4.077017	34.64359	33.09882	-54.893852	3043.734	68.38181	3162.3062	2944.3142	2302.9	90.363266	2418.2634	2167.0034	2306.9768	122.9898	2451.3623	2112.1096	3894.5645	57.50988	3986.076	3798.6228	1000.0	1000.0	275999	213.68591	51.65506	292.2301	66.66511	213.68575	51.65399	292.38052	70.23534	-5.448991	2.854566	26.78305	-18.192749	88.55888	15.100761	7321.843279838562
70	806.43176	10.330442	834.3843	791.9862	1.0555801	29.305588	45.092094	-36.82179	2848.6287	266.57074	3030.9446	2062.7969	2340.1812	81.99331	2459.4797	2260.9634	2341.2368	99.03099	2504.5718	2260.6887	3655.0605	257.6921	3833.9004	2897.1812	1000.0	1000.0	279999	215.44966	52.56103	296.8681	64.74709	215.44955	52.559654	296.07275	67.8804	-5.4055943	2.8887691	33.276974	-19.298073	93.62743	15.665164	7429.161521196365
71	852.1753	9.95694	866.17633	832.1149	3.5517693	37.735107	44.455704	-38.169712	2818.0212	26.152544	2857.6155	2765.8506	2414.2654	85.41842	2492.8835	2275.672	2417.8171	116.917404	2530.6199	2245.857	3670.1965	25.417065	3703.4734	3613.0972	1000.0	1000.0	283999	217.72166	53.140587	299.61197	67.34442	217.72168	53.140594	299.29654	68.184906	-5.350557	2.8889103	42.823196	-18.379948	93.37061	15.71689	7537.558924913406
72	898.34406	7.9144735	911.3539	887.7265	1.0816212	34.96222	34.483963	-56.37876	3111.067	45.527966	3213.4568	3044.8323	2389.1426	54.67335	2482.9268	2349.5774	2390.2244	26.954998	2426.548	2357.6506	4009.411	48.456596	4116.7446	3935.142	1000.0	1000.0	287999	219.66283	53.59026	299.37534	65.11393	219.66232	53.589413	301.11713	65.671936	-5.320188	2.8796647	25.754988	-19.566732	84.76158	15.828405	7643.173518180847
73	941.7495	13.530731	963.13245	916.75073	-28.390732	63.143467	25.95297	-135.64081	2933.7095	61.3346	3009.29	2809.2107	2418.6262	122.51459	2560.0762	2283.75	2390.2354	163.24414	2564.9587	2148.1091	3875.459	69.41802	3945.428	3725.9614	1000.0	1000.0	291999	221.7743	54.114304	304.03583	64.747025	221.7737	54.113976	300.98575	66.10061	-5.2947435	2.9399257	36.446907	-18.243696	81.00206	15.948042	7749.36549448967
74	801.03143	9.99343	823.90546	785.7593	10.506296	26.604593	42.218117	-31.309021	2727.586	53.93045	2820.1953	2631.161	2489.271	57.34134	2531.7307	2390.8975	2499.7773	61.07769	2566.82	2410.0623	3528.6177	58.745655	3644.1006	3429.8542	1000.0	1000.0	295999	223.82726	54.448315	305.9953	63.86263	223.82706	54.448124	303.83554	63.170376	-5.2979755	2.9196665	26.607708	-18.92854	91.90148	15.816333	7861.918078184128
75	888.3546	33.10935	955.4864	833.3326	-9.067404	30.279203	31.808622	-47.476295	3038.0457	85.29733	3218.857	2907.1396	2528.221	100.50475	2693.3494	2423.0784	2519.1533	105.15499	2699.1445	2438.8499	3926.4004	86.81433	4104.3276	3798.5906	1000.0	1000.0	299999	225.67645	55.09975	307.44592	65.25384	225.67598	55.099182	310.39432	67.87846	-5.214733	2.9593506	30.02486	-21.130455	89.71133	16.594812	7967.201022148132
76	888.3041	10.125167	912.1669	872.0909	39.064934	27.09108	83.992935	12.184074	3089.94	87.99517	3193.771	2886.8647	2451.3428	74.53645	2528.1748	2327.949	2490.408	77.47626	2560.797	2361.9749	3978.2441	85.08143	4078.7288	3779.2434	1000.0	1000.0	303999	227.8086	55.50299	308.43655	67.926125	227.8087	55.502293	310.23068	67.697266	-5.2606983	2.9662297	27.313688	-20.154148	87.69821	16.622442	8076.565524339676
77	810.1408	26.655458	884.249	786.42633	-21.602571	82.18698	47.219444	-161.94965	2961.8408	82.030464	3182.0261	2860.0452	2190.398	608.96	2592.9624	1137.136	2168.795	594.92236	2640.1816	1154.9777	3771.9812	106.272255	4066.2751	3654.1157	1000.0	1000.0	307999	229.58073	56.03898	312.89264	65.53691	229.58034	56.039497	312.82825	64.37528	-5.2469687	3.00646	33.71354	-19.522362	89.75088	16.295069	8181.861282348633
78	845.2993	8.725694	860.76776	830.6526	-19.979094	10.118247	-12.582584	-37.421783	3201.89	53.823547	3281.5493	3108.344	2605.1934	86.0872	2701.2305	2471.9065	2585.214	79.18046	2663.8086	2459.3237	4047.189	54.986584	4130.57	3951.3018	1000.0	1000.0	311999	231.46227	56.589474	315.2831	62.956432	231.46191	56.589355	317.0645	69.482185	-5.177546	2.992611	36.214165	-18.472725	84.818985	16.638262	8289.91439127922
79	928.3444	18.92853	948.1347	874.8	-33.64805	10.842097	-16.925968	-43.43935	2917.0952	61.197235	3007.1233	2817.5034	2604.1409	53.45707	2684.7905	2547.3757	2570.4927	46.161488	2641.732	2516.2075	3845.4395	74.903	3944.0845	3692.3035	1000.0	1000.0	315999	233.69478	57.05243	313.43423	66.26186	233.69424	57.052685	315.14917	69.25452	-5.166387	2.9978788	27.419645	-19.647257	95.74919	17.196278	8395.653200387955
80	633.4064	13.291144	654.86444	611.95435	-15.874745	56.246548	74.29211	-79.60682	2984.7407	79.77645	3098.535	2874.7734	2665.571	57.969128	2728.6028	2596.7312	2649.6963	102.381966	2802.8948	2540.325	3618.1472	78.88592	3747.7175	3517.4573	1000.0	1000.0	319999	234.79272	57.461956	316.93314	68.722534	234.79243	57.461143	319.63144	70.97075	-5.1527534	3.0225403	34.975964	-18.965595	93.77962	17.92889	8503.700015068054
81	764.0433	8.802892	778.6813	753.0015	-22.071102	56.30768	71.15365	-69.05631	2989.3025	131.69948	3228.6313	2836.2944	2790.2412	43.219704	2832.8792	2723.72	2768.1704	70.05602	2851.6174	2659.6252	3753.3457	125.994606	3981.6328	3603.472	1000.0	1000.0	323999	236.82603	57.886425	320.74374	62.062843	236.82558	57.88645	318.95734	69.37444	-5.1354775	3.05076	37.911476	-20.875858	94.53058	17.263765	8608.500396966934
82	877.4168	28.413671	919.97577	807.80365	-33.36761	44.607525	9.754901	-107.881226	3315.3774	80.169914	3419.3489	3182.837	2698.3496	78.25126	2822.1064	2619.5332	2664.982	98.77743	2809.6687	2536.7295	4192.794	88.07506	4289.323	3995.648	1000.0	1000.0	327999	238.90707	58.347454	324.23474	67.03476	238.90674	58.348118	323.87494	68.526436	-5.061786	3.0844517	37.758183	-19.606356	86.78205	17.367762	8711.599407196045
83	883.1903	15.853249	916.4911	865.6101	19.085602	16.572523	39.97503	-5.8573976	3415.3052	73.978874	3500.7783	3264.9238	2621.0762	95.11004	2726.1838	2468.3352	2640.1616	86.66307	2751.287	2508.3103	4298.495	76.995705	4388.6147	4156.3384	1000.0	1000.0	331999	240.3335	58.81894	325.64435	66.51817	240.33336	58.818752	325.2824	68.40129	-5.048848	3.0801826	30.293993	-19.125237	78.482704	18.232172	8815.88058924675
84	776.62683	25.735031	839.3834	741.0826	-24.04705	22.433098	6.4020762	-54.377094	2915.363	41.234745	3004.7385	2853.6616	2715.7744	61.78987	2803.4385	2652.47	2691.7275	61.449745	2788.44	2619.2556	3691.9897	49.810585	3771.79	3618.7554	1000.0	1000.0	335999	242.15726	58.948433	333.19867	65.98662	242.15666	58.949375	332.61813	68.22747	-5.008893	3.1121793	46.615044	-19.393671	82.4969	17.451136	8922.207297325134
85	807.2384	8.77543	819.1115	791.859	-6.6728144	25.534695	25.606524	-45.596542	3151.53	89.75956	3289.2969	3010.4902	2703.8267	97.299706	2825.5608	2554.051	2697.1536	122.495705	2851.1672	2508.4546	3958.7683	88.88737	4108.408	3823.4421	1000.0	1000.0	339999	243.80156	59.373203	334.50925	65.636696	243.80093	59.372414	334.91312	64.470894	-5.027476	3.1063652	38.16479	-19.059792	81.929375	17.647163	9028.527996778488
86	894.6847	6.4864354	904.71545	883.47723	-50.850163	28.753317	-31.689913	-100.38484	3025.8953	79.124115	3135.99	2922.5793	1752.3604	1067.6847	2774.7812	163.81989	1701.5103	1076.5428	2743.0916	124.62775	3920.58	76.94859	4019.8296	3818.0464	1000.0	1000.0	343999	245.15681	59.890045	335.8973	65.797	245.15639	59.89117	336.7003	65.71269	-5.001808	3.1060352	45.33583	-21.231064	87.36688	17.41534	9135.908857822418
87	889.76025	6.3813148	900.68085	878.28564	-25.636337	52.171333	43.56858	-93.89051	3438.1362	55.82355	3541.2976	3363.6926	2776.1316	91.73084	2922.065	2683.8567	2750.4954	102.16326	2922.7766	2661.673	4327.8965	52.111824	4431.81	4264.3735	1000.0	1000.0	347999	246.65108	60.66479	335.51398	66.64484	246.65057	60.664677	334.8976	69.137184	-5.0211935	3.1313684	40.93933	-19.289955	84.3335	17.949383	9281.36034154892
88	961.5127	3.026622	966.12506	957.3942	-51.863983	10.5300665	-34.79826	-60.61274	3600.4055	91.384186	3782.9387	3485.1638	2653.9644	76.68885	2769.0276	2577.9075	2602.1006	68.73628	2708.415	2539.7334	4561.9185	92.593636	4748.4604	4444.67	1000.0	1000.0	351999	247.64455	60.93703	342.10416	68.627716	247.64432	60.93696	338.89804	71.40012	-5.0410914	3.1256962	45.030075	-18.68768	85.74197	17.864555	9422.62781882286
89	896.73645	5.599292	908.07983	885.3854	-46.664402	23.118984	-23.688093	-77.15982	3319.6978	74.57618	3455.9326	3240.441	2867.8953	60.463093	2921.973	2767.5464	2821.231	56.960224	2897.1206	2743.8584	4216.434	73.55481	4350.8477	4137.102	1000.0	1000.0	355999	249.23412	61.113346	341.3702	68.287926	249.23338	61.11468	338.91284	69.50253	-5.0383997	3.0898006	35.63347	-21.188707	74.62501	18.041605	9562.947495937347
90	935.8079	5.196494	941.71515	922.4789	-22.034798	33.709488	17.5513	-61.218815	3352.0398	57.747227	3448.914	3272.2266	2822.5571	100.30111	2929.875	2721.2095	2800.5222	98.72093	2920.2026	2672.1147	4287.847	60.61255	4385.4478	4195.297	1000.0	1000.0	359999	250.77837	61.235546	341.92953	64.949615	250.77795	61.234592	342.3202	70.146996	-4.980705	3.1194987	47.90842	-23.422714	67.27573	18.08805	9707.751002550125
91	912.7261	15.1760645	936.5644	884.3068	-39.75434	27.87642	-19.017223	-87.6498	3422.1938	102.64084	3634.8762	3285.6365	2957.15	75.894325	3086.6492	2900.6245	2917.3955	89.12641	3057.6821	2812.9749	4334.92	101.25652	4541.973	4205.6143	1000.0	1000.0	363999	252.33018	61.75448	341.02512	66.919365	252.32973	61.75628	341.51672	66.94468	-5.004614	3.0963652	30.765713	-20.068233	69.24484	17.891426	9844.30665898323
92	855.9603	3.1937428	862.6036	850.28735	-22.359653	40.740047	40.766464	-73.07131	3310.4739	75.5519	3472.1924	3229.867	2855.5276	66.075645	2898.1055	2741.1794	2833.168	100.22906	2938.8718	2668.1082	4166.4346	75.56514	4327.4937	4087.0952	1000.0	1000.0	367999	253.87592	61.822308	341.4027	68.454056	253.87558	61.823284	341.5133	67.64965	-4.9966917	3.1718845	41.37272	-20.279919	67.67597	17.806133	9982.334293842316
93	874.15564	15.882756	893.99976	846.42474	-54.955833	36.565784	-5.6481056	-108.86441	3464.6965	80.497826	3582.642	3334.4956	2931.9893	26.91326	2959.0386	2887.4048	2877.0334	42.767113	2931.6362	2835.107	4338.852	90.17638	4471.205	4195.548	1000.0	1000.0	371999	255.80981	61.95161	345.04883	70.27593	255.80952	61.95206	344.50003	69.14814	-4.9320726	3.1488461	47.12733	-22.551224	66.18725	17.785397	10089.234733581543
94	923.43005	15.17767	938.56665	885.13403	-106.619194	67.60657	-33.15466	-191.6782	3917.6719	54.5568	4008.1921	3819.8472	2633.649	566.8105	3047.3772	1656.38	2527.0298	591.51666	2888.6526	1502.7219	4841.1025	64.264854	4941.248	4704.9814	1000.0	1000.0	375999	257.4503	62.288967	346.6786	70.529144	257.44937	62.28922	346.2801	69.823555	-4.9171095	3.2324939	58.23365	-20.090551	69.28317	17.720377	10197.043084144592
95	855.4588	10.889458	865.5994	828.7361	-56.987526	26.562906	-15.735054	-89.21329	3782.9087	74.40116	3920.7976	3673.5188	2949.789	64.46625	3016.4792	2848.7854	2892.8018	51.22911	2950.4316	2833.0503	4638.3677	79.764015	4779.589	4528.234	1000.0	1000.0	379999	258.91873	63.14309	347.61905	68.952	258.91837	63.14404	348.26492	70.32338	-4.901228	3.191127	43.741463	-21.04756	71.06254	18.421036	10303.238988876343
96	916.8556	9.434372	929.3557	896.9165	-56.43107	12.039226	-42.065453	-68.83674	3841.5142	57.307175	3933.9573	3777.8213	3006.1062	101.54842	3157.9077	2898.222	2949.6753	108.10237	3115.8423	2829.385	4758.37	60.197365	4860.532	4698.689	1000.0	1000.0	383999	260.8716	63.48292	348.67612	68.26436	260.87125	63.4835	348.2134	70.61259	-4.894422	3.1899378	35.879707	-19.52322	64.47431	18.671001	10412.025011062622
97	953.6499	5.7646184	964.25635	944.94836	-70.588326	42.581917	-19.78679	-135.25638	3664.4526	63.78013	3807.0854	3558.2139	3124.4138	106.35665	3287.4978	2990.9932	3053.8252	89.480736	3152.2415	2913.3025	4618.1025	65.064766	4766.22	4515.772	1000.0	1000.0	387999	262.42734	63.83484	348.6962	66.814476	262.42682	63.83709	349.95718	68.85823	-4.8883057	3.230562	54.324074	-20.348051	71.567474	18.677126	10518.888671398163
98	937.29315	9.913626	952.35034	919.2332	-50.933495	36.490795	3.6671102	-90.55618	3911.532	38.753696	3983.849	3859.2239	3015.9219	78.567276	3133.813	2942.4985	2964.9883	84.76402	3093.5972	2856.1567	4848.825	38.701	4924.0635	4801.791	1000.0	1000.0	391999	264.4076	63.992065	351.5082	69.99451	264.40646	63.994713	354.21118	69.270706	-4.8814425	3.2087817	48.208656	-19.784557	72.18477	18.274868	10624.818038463593
99	861.3654	10.850334	882.78845	846.56415	-103.07573	26.440178	-71.86549	-144.17503	3860.866	57.47701	3930.3525	3768.093	3063.4739	174.67824	3350.8352	2915.0598	2960.3984	183.9873	3259.1926	2770.8848	4722.2314	63.882618	4813.141	4620.1587	1000.0	1000.0	395999	266.51807	64.279854	357.66412	70.6694	266.51794	64.281075	357.83963	70.263725	-4.819991	3.241559	39.720573	-19.23009	71.32711	18.232273	10758.590287446976
100	932.4935	5.922105	941.7635	921.6841	-82.803215	51.01322	-6.170767	-141.02858	4103.818	95.25212	4221.593	3864.7158	3127.544	61.23548	3229.7068	3066.8262	3044.7407	34.33478	3088.6782	2995.5718	5036.3115	97.198685	5157.6196	4789.4277	1000.0	1000.0	399999	268.37433	64.91501	362.77478	69.18326	268.3734	64.91588	360.5792	69.50016	-4.7407146	3.2583582	42.39352	-19.428917	61.741962	18.379732	10897.832271575928
101	919.1415	8.516618	933.0587	904.0752	-131.0017	10.522615	-122.66829	-149.02107	3771.8035	48.285755	3872.5508	3700.2844	3099.4792	65.82816	3198.4792	3030.2246	2968.4778	56.781025	3049.4583	2907.5564	4690.945	47.350086	4791.5776	4615.778	1000.0	1000.0	403999	270.43576	65.10939	361.64334	70.54869	270.43573	65.10977	363.07382	70.706314	-4.8309617	3.216063	37.15663	-18.504412	67.27656	18.55537	11031.356973171234
102	894.63995	4.8921585	904.7543	886.97815	-74.88213	46.93199	-27.402046	-147.69131	3788.0325	44.711037	3893.4395	3726.9456	3202.4563	70.043015	3301.1077	3123.1719	3127.5742	49.050106	3193.51	3067.601	4682.673	46.66584	4786.5376	4613.924	1000.0	1000.0	407999	271.82272	65.413345	363.2237	62.64539	271.8224	65.413284	363.49146	69.35387	-4.781827	3.2175982	37.609562	-23.274426	62.52051	18.806547	11167.166862726212
103	874.2533	11.094765	893.83417	858.323	-96.298195	56.71582	1.0619284	-141.08221	3774.7085	52.112686	3835.0112	3698.4592	3229.7336	127.07925	3413.3435	3073.3308	3133.4353	128.74606	3290.8308	2932.2485	4648.962	46.370373	4708.427	4585.178	1000.0	1000.0	411999	273.06476	66.196304	364.699	65.332695	273.06467	66.19783	364.27066	67.925674	-4.726817	3.301586	38.055264	-20.723293	66.674576	19.664389	11300.033561229706
104	960.57666	18.329002	981.38965	924.98016	-51.945026	80.72757	50.588	-163.78015	4039.5168	78.11549	4172.255	3907.6948	3240.2686	65.73112	3327.5251	3157.3228	3188.3232	146.23201	3378.113	2993.5425	5000.093	71.14472	5127.5854	4881.552	1000.0	1000.0	415999	275.0575	66.54981	368.10422	62.808826	275.0568	66.55199	366.7551	66.91141	-4.736953	3.3064303	33.144295	-18.603298	62.02207	18.920898	11427.67177939415
105	938.64307	15.265901	957.0274	907.48926	-131.4822	29.282444	-88.758385	-170.95975	4020.2383	38.3192	4079.049	3964.694	3302.7612	78.373604	3415.7878	3197.9414	3171.279	49.47292	3244.8281	3109.183	4958.882	45.848347	5036.0767	4895.7686	1000.0	1000.0	419999	277.20898	66.89705	367.89896	56.19121	277.20822	66.89916	368.53998	64.60502	-4.6879425	3.3405628	48.742374	-19.201496	58.716297	19.012075	11555.47093629837
106	908.4652	8.530533	923.18616	895.39355	-157.96594	36.205376	-119.63731	-215.42531	3955.571	97.24564	4156.932	3832.153	3247.5835	88.206436	3348.4924	3132.706	3089.6177	85.41089	3212.1265	2972.271	4864.0366	103.8342	5080.118	4736.7007	1000.0	1000.0	423999	279.08157	67.09715	372.27838	66.160515	279.08203	67.09733	370.54242	67.576706	-4.7087946	3.3181512	41.76381	-21.29097	68.513306	19.256395	11687.917547941208
107	850.37146	9.53569	868.0092	830.2026	-139.8388	42.468792	-87.093475	-198.68323	3922.4458	60.791107	3995.9292	3799.0732	3343.5242	123.17848	3534.17	3193.973	3203.685	143.05696	3447.0764	3078.9902	4772.817	60.12076	4845.3516	4651.696	1000.0	1000.0	427999	280.4791	67.404816	372.12885	58.862186	280.47855	67.40541	374.40454	66.696594	-4.656447	3.3381038	35.281174	-19.147022	69.1967	19.498758	11818.226290941238
108	860.048	37.687973	923.9307	791.2142	-108.70326	9.334153	-96.97544	-118.82032	3824.2898	587.73883	4106.858	2066.0688	3385.7075	140.05911	3519.8313	3152.832	3277.0044	134.5177	3401.011	3050.6484	4684.338	576.46625	4978.0303	2961.0408	1000.0	1000.0	431999	281.77167	67.94454	377.5249	60.27371	281.77133	67.946106	377.91403	68.39252	-4.6696997	3.3293257	38.207176	-19.045732	68.61206	19.305206	11933.549558639526
109	940.50146	12.634297	961.09973	923.79456	-107.58208	7.8785295	-98.4581	-116.75904	4059.0776	79.80878	4180.0386	3939.5105	3481.1008	78.01934	3571.0388	3357.0813	3373.5188	83.30586	3469.84	3243.1687	4999.5796	72.09644	5113.4473	4894.9663	1000.0	1000.0	435999	283.54517	68.22213	377.59937	60.781002	283.5449	68.223114	376.5662	63.752438	-4.635743	3.3016737	49.576275	-19.928083	70.43806	20.157047	12039.546752214432
110	914.98956	8.664926	927.8424	901.0928	-124.17262	77.95301	-0.51293296	-201.41075	3942.8784	42.253345	4026.3594	3897.7612	2794.7407	1187.3755	3612.8354	743.25165	2670.5679	1233.5812	3496.8508	541.84094	4857.868	39.18486	4942.509	4815.5146	1000.0	1000.0	439999	285.14807	68.398026	379.2726	62.13707	285.1475	68.40243	378.27292	65.71359	-4.531828	3.3735263	52.511	-20.512089	73.98725	20.223618	12143.180598020554
111	949.1924	11.525987	970.359	929.0842	-111.372536	21.730194	-83.140625	-139.70555	4087.1724	61.490005	4172.304	3946.1318	3200.728	334.99734	3422.211	2622.3118	3089.3555	344.0916	3339.0703	2498.969	5036.3647	55.769424	5111.7686	4908.9316	1000.0	1000.0	443999	286.21695	69.06184	382.506	66.18654	286.21686	69.063934	383.3619	69.54881	-4.5614486	3.3853343	42.251667	-19.333427	75.11808	20.354239	12248.908758878708
112	825.3421	20.14438	856.24884	793.46954	-144.67413	17.0032	-121.902824	-163.08931	3972.5378	48.77601	4037.26	3888.3118	3449.998	82.92209	3531.6245	3311.3745	3305.3235	77.30832	3372.7454	3176.5493	4797.88	44.813446	4885.3247	4716.474	1000.0	1000.0	447999	287.3249	69.44626	386.21802	56.145924	287.3243	69.44879	384.364	69.51507	-4.568108	3.3747883	65.912384	-19.536022	72.438614	20.172617	12354.319375514984
113	838.946	16.61562	867.3061	807.1613	-116.656685	53.256546	-40.266315	-187.89523	3884.714	75.60918	4045.2444	3750.463	3433.329	45.8338	3488.7502	3382.5232	3316.6724	77.570465	3448.484	3248.776	4723.66	75.029625	4876.826	4596.1016	1000.0	1000.0	451999	288.6817	69.757	383.0474	62.53385	288.68127	69.75823	385.08066	70.128235	-4.4785204	3.4473748	44.888725	-19.722996	73.70942	20.198801	12458.526606321335
114	902.0584	6.9658036	914.07983	887.5345	-117.77405	30.090124	-99.17052	-169.86603	3758.4233	57.37438	3850.0164	3652.8403	2738.3154	1370.6761	3556.2993	364.40393	2620.5415	1400.7516	3456.0627	194.5379	4660.4814	62.321438	4754.409	4549.0747	1000.0	1000.0	455999	290.36887	70.02581	385.61676	69.702774	290.36826	70.02754	387.64838	71.53039	-4.478718	3.4396727	43.985092	-20.268642	79.51673	20.435534	12562.396181344986
115	901.99036	9.090008	913.85474	882.9127	-135.70807	46.49271	-76.96968	-182.75877	4117.839	43.346138	4193.809	4057.4775	3426.8274	60.4834	3511.0498	3345.4307	3291.1191	69.9093	3407.6687	3221.3232	5019.829	39.99877	5076.7217	4951.576	1000.0	1000.0	459999	291.44305	70.4303	387.6307	69.71626	291.4428	70.43192	386.7892	66.44156	-4.5379567	3.3924057	49.611248	-20.196526	82.348694	21.721539	12682.282305002213
116	850.14905	15.955776	883.7696	829.6461	-114.11379	50.881664	-65.90369	-199.68707	3986.155	56.025436	4082.5908	3885.304	3428.1846	77.757484	3499.6335	3304.894	3314.0708	126.74593	3423.808	3105.207	4836.3037	65.30336	4934.571	4729.0454	1000.0	1000.0	463999	291.9971	70.794106	389.39374	57.468716	291.99683	70.7948	389.5851	61.535213	-4.4955864	3.4442408	45.332096	-19.163555	86.66369	22.27295	12810.14932179451
117	814.395	11.134827	829.8449	794.732	-100.51616	53.30458	-16.897896	-159.79477	4059.007	72.70664	4218.713	3947.4812	3639.4238	45.403824	3691.7146	3575.2263	3538.9072	47.27658	3602.7932	3479.3232	4873.4014	67.840004	5026.7324	4765.328	1000.0	1000.0	467999	292.9781	70.661446	389.18945	67.6897	292.97766	70.66332	388.58975	68.94894	-4.487637	3.4330976	36.857788	-20.670631	76.81685	21.298937	12938.70594906807
118	953.14124	10.015965	969.4979	931.7257	-129.21143	35.086838	-76.19844	-169.26765	4016.6753	69.125	4108.432	3842.5527	3609.125	31.508566	3644.1626	3564.5107	3479.9136	50.602196	3556.5198	3414.2346	4969.8164	71.10015	5060.0005	4797.8384	1000.0	1000.0	471999	294.6239	71.08591	391.71524	64.86387	294.62372	71.08789	393.43454	69.25605	-4.4896927	3.4512336	71.49131	-23.462759	78.29115	20.700453	13066.94128870964
119	892.8372	4.1702642	898.8343	886.81537	-125.92246	61.79193	-73.92534	-230.38982	4418.6074	38.322952	4473.3145	4333.581	3529.8022	52.15048	3576.4287	3441.3247	3403.88	64.92402	3488.5583	3319.7905	5311.4443	40.208984	5372.0557	5220.396	1000.0	1000.0	475999	296.05984	71.37325	391.66107	64.87978	296.05923	71.37698	392.8997	71.31011	-4.433027	3.4833527	42.267357	-20.74699	73.928604	21.465374	13193.792598485947
120	909.3971	8.236618	921.17456	890.7184	-101.17858	51.74789	-32.51219	-174.22319	4150.792	52.46801	4228.0903	4045.0435	3586.9736	21.423294	3622.1028	3566.1143	3485.7954	65.46894	3589.5908	3411.3103	5060.189	53.220478	5138.3965	4952.6016	1000.0	1000.0	479999	297.8898	71.621544	396.06277	56.633877	297.8893	71.62368	394.2285	61.788754	-4.36354	3.5103712	43.006783	-21.333523	76.03328	21.745493	13306.974193572998
121	849.971	12.362548	868.67804	831.19586	-92.50604	30.64687	-47.2471	-133.6759	4331.6235	72.3663	4453.445	4154.359	3704.122	90.227234	3778.744	3552.5476	3611.616	116.39454	3718.37	3418.8718	5181.5947	66.32079	5299.2217	5019.644	1000.0	1000.0	483999	299.58194	72.024055	394.6734	55.66137	299.58157	72.02697	396.66013	62.32504	-4.346292	3.5414653	56.7288	-20.681797	79.24128	21.38964	13417.17873263359
122	916.1294	6.569708	924.86224	903.74976	-160.98657	26.178507	-129.54979	-198.55528	4387.244	66.67221	4483.043	4279.7036	3381.211	601.2363	3904.2188	2363.436	3220.224	620.69806	3733.5942	2164.8806	5303.3726	69.06169	5404.165	5203.033	1000.0	1000.0	487999	301.34555	72.82299	398.66687	56.656624	301.34506	72.82619	398.87912	66.63728	-4.3147893	3.5686371	62.943146	-22.025185	62.539345	20.801752	13526.004337072372
123	831.4841	12.371096	854.27924	812.40814	-143.1741	41.133766	-72.815956	-176.44289	4178.2007	41.277023	4251.4287	4127.803	3677.9094	135.28297	3911.4795	3582.4658	3534.7354	122.93424	3735.0366	3424.1426	5009.685	44.00362	5091.4077	4950.3623	1000.0	1000.0	491999	303.11597	73.2042	406.953	56.304356	303.11502	73.205795	407.58847	68.14221	-4.348179	3.5296702	52.362404	-20.02359	63.000843	21.549778	13632.750480175018
124	792.4082	9.582231	815.3761	780.3877	-163.59306	77.49846	-80.54599	-283.85703	4096.9897	90.71612	4235.6636	3936.814	3702.984	61.009747	3801.516	3634.2927	3539.3909	57.421516	3610.3857	3457.9133	4889.3984	85.179436	5025.365	4752.19	1000.0	1000.0	495999	304.2427	73.66065	412.00098	50.615013	304.2426	73.66214	411.6391	62.114677	-4.2981157	3.5681446	46.313507	-18.032309	60.30395	22.226355	13737.87358045578
125	865.03436	11.070856	885.4175	849.1826	-170.18726	69.27909	-88.48838	-277.7924	4176.7437	78.173805	4310.0576	4034.1428	3768.6016	89.01495	3897.8564	3664.2202	3598.4146	42.750057	3624.969	3524.4395	5041.7783	81.48582	5178.89	4883.3257	1000.0	1000.0	499999	306.16232	73.517685	411.4519	53.98027	306.16168	73.52115	410.61047	62.14686	-4.2890763	3.5489862	48.98307	-19.498066	66.32559	21.430712	13845.591536521912
126	924.1837	4.5350523	931.25867	914.7016	-134.92212	28.601938	-87.01712	-160.58801	4231.177	48.115894	4297.8354	4147.1147	3672.3896	67.8845	3761.3364	3581.0295	3537.468	78.274796	3619.535	3440.9617	5155.3604	50.734863	5224.8877	5061.8164	1000.0	1000.0	503999	308.00235	74.11329	411.4981	65.686005	308.00223	74.11621	410.8744	66.94013	-4.270168	3.5733109	54.613815	-18.787315	71.363	21.397984	13950.089284420013
127	883.8244	8.695246	894.77234	862.49115	-167.62401	13.601315	-151.95967	-187.19124	4195.8813	54.252613	4289.112	4108.128	3774.715	90.5359	3910.5747	3662.9316	3607.091	87.23773	3737.687	3510.9722	5079.705	52.75733	5176.7324	5002.309	1000.0	1000.0	507999	309.67242	74.59366	413.1433	62.487907	309.6725	74.59407	412.7353	67.599	-4.1849527	3.5719063	35.53052	-19.754477	71.29929	21.973272	14051.771294116974
128	964.7134	8.434563	982.4884	954.1682	-149.25583	4.7628746	-145.5121	-157.4041	4341.62	56.17324	4430.8477	4256.684	3757.9607	121.77018	3881.3154	3596.6218	3608.7046	119.47472	3724.5637	3450.1294	5306.334	54.809566	5398.5317	5210.8584	1000.0	1000.0	511999	311.06833	75.075356	415.00342	60.16808	311.0679	75.07792	415.81528	63.760895	-4.221278	3.5973206	41.573647	-22.252396	75.64423	22.851831	14154.1704621315
129	853.43555	3.2028596	859.7518	849.04877	-89.39168	40.572086	-24.863464	-134.68466	4166.382	46.502155	4232.764	4084.6062	3835.9863	137.1187	3931.6406	3599.5425	3746.5947	167.64969	3906.7773	3464.8577	5019.8174	45.43498	5085.987	4940.9155	1000.0	1000.0	515999	312.6126	75.300705	414.68414	58.502487	312.61197	75.30368	414.47144	66.2884	-4.2425995	3.5640676	52.990852	-20.041012	85.34585	21.877617	14258.465740680695
130	900.9495	8.944606	913.9595	891.9514	-127.41618	55.346066	-72.49143	-200.83784	4532.139	57.04106	4623.89	4395.533	3845.5632	95.675026	3957.9417	3703.025	3718.1467	106.538284	3828.2385	3541.9956	5433.0884	60.494255	5535.635	5290.2534	1000.0	1000.0	519999	313.386	75.30741	415.88116	64.93712	313.38617	75.30846	414.5778	62.837723	-4.1833024	3.644	60.915565	-18.04707	80.40637	22.393517	14365.60204577446
131	784.71564	11.302254	805.89044	767.8152	-139.49986	42.93656	-93.11545	-201.85979	4341.909	1020.48413	4822.3267	1294.0084	3846.9946	75.61671	3914.8352	3724.6426	3707.495	109.99205	3811.2466	3522.783	5126.624	1013.88086	5598.356	2099.899	1000.0	1000.0	523999	314.56235	75.733345	418.127	50.523243	314.5619	75.73437	417.92682	63.801006	-4.151661	3.6084979	58.446465	-22.108385	86.38437	22.540844	14470.676617383957
132	878.4598	5.166549	887.8543	870.7728	-201.16289	73.86797	-149.77379	-328.6871	4610.2373	51.282795	4703.5654	4501.9746	3932.5	145.5997	4081.481	3708.114	3731.3372	166.71288	3921.8757	3558.34	5488.6978	53.931713	5584.628	5372.7476	1000.0	1000.0	527999	316.7206	75.807976	421.13324	57.9068	316.71994	75.81123	420.15146	63.497116	-4.1203523	3.5968044	55.35995	-19.414825	78.228935	22.13878	14576.056775093079
133	840.03284	7.4474125	856.6859	827.8344	-131.0109	38.02115	-77.601135	-170.01486	4481.6055	69.84027	4657.7744	4396.155	3990.884	123.41003	4142.455	3840.7336	3859.873	131.17287	4029.783	3670.7188	5321.6377	66.08613	5485.609	5238.0	1000.0	1000.0	531999	318.66693	76.29888	420.52798	60.424805	318.667	76.30097	420.6358	68.669205	-4.1516523	3.6128898	54.25521	-19.429504	85.266266	23.052834	14682.234888792038
134	905.03186	4.8850636	914.56006	899.7821	-189.41235	33.648888	-159.79524	-245.82716	4662.801	85.07896	4780.7964	4499.572	3953.7253	190.50964	4233.875	3696.6943	3764.313	212.79398	4050.4412	3450.8672	5567.832	86.19092	5681.188	5402.1235	1000.0	1000.0	535999	320.28275	76.81043	424.39172	60.057076	320.28268	76.81155	425.89822	67.141624	-4.076894	3.6756833	67.26174	-20.053688	92.30736	23.225105	14786.275190114975
135	897.64764	11.761788	915.5266	882.6543	-161.62683	11.101775	-152.12206	-180.47728	4723.7134	280.7236	4923.0806	3909.7898	3983.2644	65.94168	4059.8916	3893.739	3821.6377	69.89758	3901.5872	3738.1353	5621.361	284.36905	5838.6074	4795.766	1000.0	1000.0	539999	322.18292	77.06138	433.61752	55.909412	322.1822	77.06586	430.51138	66.07668	-4.0716248	3.6768494	71.6666	-19.373272	93.401184	23.58475	14890.67172074318
136	874.9211	23.389568	920.9046	847.01855	-145.82283	11.179557	-133.239	-159.79199	4674.6553	81.721695	4821.278	4512.88	4083.4941	104.423904	4215.276	3925.0322	3937.6716	97.51991	4061.617	3788.431	5549.5767	82.12161	5668.2964	5376.773	1000.0	1000.0	543999	324.08414	77.51959	430.34534	63.35319	324.08417	77.521225	432.00723	66.54412	-4.038213	3.6931486	47.900345	-18.438143	100.75707	22.280506	14995.211106538773
137	895.4261	14.201668	923.3692	877.9629	-166.73853	40.01626	-129.85378	-231.59428	4615.0166	57.428375	4695.4106	4516.814	4090.239	92.14395	4210.0435	3952.9805	3923.5005	90.38356	4042.3362	3823.1267	5510.4424	60.8643	5601.3643	5402.292	1000.0	1000.0	547999	325.9894	78.03129	434.4306	52.03453	325.98935	78.032	433.4222	65.22066	-4.025546	3.6484394	38.775745	-21.48141	95.595634	24.130272	15106.403476953506
138	866.41064	15.482601	888.61646	838.1885	-160.4014	35.615883	-101.10772	-193.06969	4734.476	91.68622	4881.1675	4531.358	4102.2944	112.27775	4256.068	3939.0427	3941.8928	128.46303	4090.6167	3745.973	5600.8867	91.992516	5759.0938	5395.3354	1000.0	1000.0	551999	326.9977	78.48092	436.8418	53.67599	326.9979	78.480286	438.06256	61.393753	-4.06355	3.6410832	55.191902	-19.14922	94.97635	24.206886	15219.041375637054
139	872.24725	13.762809	895.3726	850.2879	-156.67871	58.550404	-101.89042	-248.70927	4684.3086	75.06005	4794.3457	4570.318	4060.8667	72.70377	4119.1685	3936.2524	3904.188	90.94128	3989.2266	3770.3765	5556.5557	76.69825	5673.548	5440.729	1000.0	1000.0	555999	328.45447	78.609566	439.20932	41.602837	328.45346	78.614365	437.7575	66.80473	-4.028165	3.7211602	61.012115	-18.72799	88.52309	22.732967	15329.59354352951
140	937.3867	7.769045	950.9479	926.5923	-172.2845	30.764776	-128.2374	-215.10483	4450.0176	72.94913	4535.004	4302.4526	3972.9897	117.6872	4095.505	3779.9448	3800.705	129.88922	3967.2673	3609.435	5387.405	70.67408	5461.8325	5244.152	1000.0	1000.0	559999	329.80847	78.62043	439.41992	64.40836	329.808	78.62306	442.1595	68.53945	-4.0704536	3.6969836	74.43161	-23.880104	82.47233	23.357565	15438.365068435669
141	883.90704	5.2186294	889.87787	876.0723	-129.96259	55.959232	-73.2915	-198.91176	4862.297	68.17731	4991.468	4771.7485	3088.8008	1779.5471	4179.6133	7.27374	2958.838	1747.125	4008.4358	-66.01776	5746.204	67.54622	5869.2886	5647.821	1000.0	1000.0	563999	330.75507	78.95687	440.20874	61.689816	330.7546	78.95846	442.45175	67.462395	-3.9198458	3.7382562	76.60413	-19.903225	85.20442	23.61993	15552.441591501236
142	897.8457	4.7887516	906.34735	888.2171	-130.03375	13.970835	-113.91449	-145.2575	4759.9307	69.77556	4872.0303	4664.784	4199.5205	79.94813	4306.965	4092.1584	4069.487	85.57892	4188.499	3949.6614	5657.7764	71.62213	5778.378	5558.0303	1000.0	1000.0	567999	331.64792	80.29141	443.7772	69.42952	331.64755	80.293846	450.09204	66.687065	-3.8943675	3.6820161	51.432156	-19.907194	84.338066	23.257137	15662.449981451035
143	900.03577	10.275094	927.6233	889.95416	-151.59552	40.739098	-109.55731	-210.38515	4602.7783	77.91525	4687.6885	4472.6895	3284.7139	1619.2595	4371.637	487.9689	3133.1182	1597.5874	4161.252	369.99747	5502.8135	81.697716	5602.77	5368.22	1000.0	1000.0	571999	333.8665	80.36057	445.92175	61.275513	333.86588	80.36194	446.98956	67.47916	-3.9699194	3.693074	58.825108	-20.551338	77.86746	23.322731	15775.564257383347
144	881.93567	11.948879	901.1057	867.53485	-167.84088	22.36663	-142.53	-203.32895	4861.9736	51.72876	4928.0264	4768.3857	4266.9155	154.94214	4455.3164	4039.9648	4099.0747	152.9218	4297.5254	3872.2512	5743.909	55.961933	5814.0923	5647.6533	1000.0	1000.0	575999	335.42456	81.75905	448.97324	66.13557	335.42447	81.759254	448.8674	67.59518	-3.874528	3.7319617	48.65012	-19.100622	89.55232	23.737638	15881.266604423523
145	884.98535	12.499193	898.05505	863.3211	-180.76051	34.998978	-137.1956	-232.77301	5236.28	94.314415	5417.878	5076.4067	4352.5796	99.29951	4496.2554	4233.013	4171.8193	86.55022	4308.299	4067.8967	6121.2656	92.51864	6315.8994	5972.9634	1000.0	1000.0	579999	337.53024	81.69888	451.96707	61.621758	337.52985	81.700195	449.80927	66.16666	-3.9203691	3.6935682	45.055115	-19.109531	84.67297	24.200535	15986.773849010468
146	874.8156	4.9989715	880.1475	863.5192	-159.58765	22.870136	-123.79354	-179.74991	5023.8125	86.4	5172.14	4875.2744	4347.8613	65.40512	4444.6504	4260.2373	4188.2734	86.56069	4320.857	4080.4875	5898.6284	88.3145	6050.0747	5738.7935	1000.0	1000.0	583999	339.5113	81.949486	452.90152	62.742252	339.5112	81.951866	453.21133	68.18344	-3.9096434	3.7620475	70.16969	-19.506903	76.7803	23.645813	16091.488713741302
147	965.0355	22.681362	1014.9919	933.90497	-178.91588	22.075129	-152.19205	-210.90132	4991.2744	82.36897	5200.188	4880.362	3658.6724	1378.2788	4483.0264	1272.0227	3479.7566	1362.6646	4296.787	1119.8307	5956.31	75.488144	6145.2495	5848.0293	1000.0	1000.0	587999	340.6278	82.95534	454.05832	64.21286	340.6276	82.95566	454.04544	62.178417	-3.8915148	3.6961324	42.685658	-19.04707	56.733356	23.978777	16196.90944981575
148	794.3596	10.604523	819.0534	783.5507	-168.79883	27.566208	-121.41001	-190.09135	5064.306	92.43218	5169.55	4868.2026	4405.574	87.01012	4554.0	4331.478	4236.7754	85.79519	4372.115	4149.669	5858.6665	94.3638	5986.5137	5664.736	1000.0	1000.0	591999	342.889	83.32305	454.37344	60.902527	342.8885	83.32664	455.27136	62.77437	-3.8409653	3.7371526	52.416824	-20.745216	57.84865	23.968578	16300.747939825058
149	892.8719	11.760902	920.06213	875.62317	-219.4811	46.39625	-148.04968	-275.19806	5032.498	88.56681	5177.648	4856.941	4428.074	152.57716	4650.856	4286.226	4208.5933	149.87885	4375.6577	4048.2056	5925.37	90.09324	6065.8	5760.171	1000.0	1000.0	595999	345.01712	84.22746	461.60526	57.55225	345.0169	84.22993	458.5668	67.48952	-3.8350163	3.7189763	38.852108	-19.971611	59.849945	23.768393	16418.72289466858
150	944.40283	33.761593	988.97577	887.25287	-186.58026	61.568256	-96.469246	-264.30423	4964.65	80.82984	5071.2793	4772.526	4282.7876	88.295525	4358.778	4132.869	4096.2075	56.694572	4187.5083	4036.4	5909.0527	84.71237	5996.2944	5741.27	1000.0	1000.0	599999	346.74265	84.233894	463.76376	61.491695	346.7416	84.23642	463.47876	68.42445	-3.855324	3.752115	91.661865	-17.859816	63.562252	24.9088	16528.466316223145
151	894.78516	9.520876	905.4541	873.57916	-220.45753	42.67331	-173.34235	-287.49704	5025.865	94.596985	5149.6177	4886.1826	4384.482	47.864212	4450.524	4330.4297	4164.0244	82.25715	4253.656	4060.916	5920.6504	102.94559	6055.072	5759.7617	1000.0	1000.0	603999	348.7819	84.667656	465.24228	63.918938	348.78183	84.66865	464.96347	66.95206	-3.752659	3.8209887	52.68849	-20.897034	48.336758	24.116858	16636.78071665764
152	852.42126	3.4607124	858.71185	847.38306	-156.4082	26.714651	-114.113266	-180.5881	4708.253	71.28306	4855.741	4588.2773	4520.2935	74.8344	4635.7534	4430.261	4363.885	69.87566	4482.879	4311.6245	5560.6743	73.485176	5709.563	5435.66	1000.0	1000.0	607999	351.00363	84.99247	466.02487	62.84138	351.00308	84.995026	465.42664	68.80469	-3.687438	3.8668284	55.0364	-20.219519	52.96735	23.573153	16749.57456755638
153	827.6637	14.724024	865.7751	807.3178	-203.64803	27.074379	-177.32288	-246.93326	4907.3867	622.62775	5291.433	3049.846	4475.976	110.87184	4603.8916	4326.013	4272.328	95.519394	4373.3374	4148.69	5735.051	610.1774	6113.3613	3915.621	1000.0	1000.0	611999	352.85587	85.7603	470.99515	45.424736	352.85596	85.76083	469.74136	65.122246	-3.715932	3.7786129	68.23166	-18.776257	54.5338	24.184769	16861.028000354767
154	888.58167	25.13244	920.972	839.28815	-139.68094	23.903885	-106.73027	-173.4318	5017.6157	122.64577	5194.519	4803.4795	4579.117	121.880745	4699.6113	4383.913	4439.436	124.37579	4592.881	4250.1274	5906.1973	122.33765	6084.9795	5690.762	1000.0	1000.0	615999	354.72116	86.22692	471.52072	50.69653	354.72177	86.22691	470.93365	62.109325	-3.7677002	3.7574778	37.441895	-22.113316	56.18295	24.803246	16971.549988269806
155	890.7697	16.213308	911.2425	864.9356	-265.23917	99.29112	-193.1527	-434.90567	4650.6416	45.424263	4738.6177	4566.0005	4083.0537	766.1206	4608.4683	2764.1152	3817.8145	728.0173	4410.604	2570.9626	5541.411	52.81357	5649.534	5430.936	1000.0	1000.0	619999	356.2795	86.34962	475.5823	46.47341	356.279	86.34992	474.36758	54.24439	-3.6380823	3.8463135	49.675682	-19.580261	56.30187	25.916744	17080.110389709473
156	895.0755	17.188334	927.56757	871.31445	-190.39621	19.326777	-156.92459	-201.871	5077.7563	50.87587	5172.187	5000.7144	4464.912	90.399025	4557.928	4326.443	4274.516	99.98676	4374.4707	4125.32	5972.8315	62.368004	6099.7544	5878.1323	1000.0	1000.0	623999	357.1231	87.11659	475.45285	56.3378	357.12305	87.11854	473.8662	67.03445	-3.7007134	3.8510149	89.32799	-18.767761	50.572735	25.058641	17190.26067495346
157	833.56824	11.181044	852.326	811.00055	-176.65051	44.492607	-101.305275	-214.59064	4692.2686	605.5834	5071.861	2912.6016	4603.267	127.491	4816.979	4499.1836	4426.6167	105.02598	4602.3887	4324.898	5525.837	600.61346	5906.101	3764.9275	1000.0	1000.0	627999	358.65897	87.50475	476.9945	60.39083	358.6584	87.507675	476.89917	65.026764	-3.6987116	3.7872355	95.88817	-18.043535	53.53078	24.67334	17300.54899907112
158	857.1217	5.1626616	869.0743	850.99	-219.49115	33.81901	-180.72368	-273.81134	4744.513	77.426575	4921.4307	4630.181	4613.953	74.647285	4708.89	4524.1167	4394.462	81.71033	4528.1665	4312.825	5601.6353	78.04096	5775.8574	5483.4155	1000.0	1000.0	631999	360.7313	88.032906	480.39676	46.513702	360.73105	88.035034	480.70932	62.249367	-3.6601565	3.8378856	67.258835	-20.838432	48.643913	24.830122	17410.178792238235
159	938.52246	5.608088	945.79443	927.8487	-214.20166	54.13514	-148.94511	-299.28522	5085.3623	55.362606	5176.818	4996.5596	4667.534	84.74644	4797.4155	4562.702	4453.333	109.79304	4596.8867	4339.0635	6023.8853	55.53114	6115.9688	5938.49	1000.0	1000.0	635999	362.90967	87.738914	484.35355	48.2564	362.90887	87.74074	486.21704	66.49721	-3.6723537	3.752714	52.92513	-19.951342	52.171635	26.141714	17521.732155799866
160	702.8939	10.467378	724.0089	692.17206	-195.41522	57.894215	-121.79196	-283.02222	5112.656	66.83036	5230.3027	5035.1978	4647.158	128.80836	4834.729	4477.65	4451.743	170.94919	4712.937	4278.8867	5815.5493	64.81635	5924.2056	5734.719	1000.0	1000.0	639999	364.1237	88.12753	484.9805	46.877438	364.1231	88.12939	482.63297	56.376774	-3.7413862	3.782934	92.365395	-20.234465	59.042667	25.710382	17633.680682897568
161	895.29266	4.208076	902.68304	889.75037	-214.08578	22.657026	-181.38824	-244.08249	5097.436	79.69766	5226.799	4959.802	4707.837	72.31131	4812.9985	4611.402	4493.751	90.38538	4631.6104	4389.6104	5992.7295	78.15393	6120.931	5859.614	1000.0	1000.0	643999	365.01855	88.38837	491.01572	53.507523	365.0184	88.39174	490.36008	65.644	-3.7080865	3.8051798	74.16613	-19.647327	53.90882	24.838518	17745.050986289978
162	903.74365	4.1045947	914.48816	898.8533	-185.93808	10.510198	-172.2424	-199.93274	5141.9233	95.25237	5286.825	4951.38	4654.4062	143.92076	4845.163	4451.947	4468.468	135.86333	4645.2305	4271.5615	6045.667	97.7285	6201.313	5850.2334	1000.0	1000.0	647999	366.2039	88.80096	487.74426	50.121353	366.20337	88.80285	488.71252	62.854206	-3.621798	3.8390398	53.05735	-19.518778	60.50211	26.652905	17856.442734003067
163	887.19354	7.1715865	897.6488	873.049	-239.14201	29.30035	-206.36496	-274.99457	5053.5054	62.181293	5138.8184	4929.9272	4688.126	63.983906	4764.5913	4619.6226	4448.984	60.817066	4523.538	4369.5435	5940.6987	61.17161	6019.2017	5817.7905	1000.0	1000.0	651999	368.11243	88.71397	495.6057	51.660763	368.1121	88.7171	500.93747	64.50106	-3.6082628	3.832603	73.65027	-19.155188	62.39321	25.58483	17987.36140561104
164	875.9655	11.8664255	893.42914	850.42566	-180.69812	46.62525	-101.58602	-221.6816	5279.688	42.13683	5337.1	5196.4707	4686.21	143.50366	4886.231	4484.7036	4505.5117	109.98297	4682.5703	4383.1177	6155.6533	41.00785	6213.7837	6069.3438	1000.0	1000.0	655999	369.00043	89.18118	496.8991	65.707466	368.9998	89.18416	496.73648	64.04696	-3.602176	3.93781	85.26795	-20.536606	53.31573	25.290392	18101.36528611183
165	784.0424	23.083057	819.1866	750.46075	-233.18127	22.414282	-208.73743	-258.2561	5174.1274	108.38424	5420.472	5005.971	4739.874	89.958015	4829.591	4596.2676	4506.693	84.255646	4591.5913	4383.19	5958.1694	117.92389	6215.133	5756.432	1000.0	1000.0	659999	371.2979	89.31525	497.53015	54.629	371.29745	89.31752	498.98022	67.084755	-3.5761511	3.8156023	66.09919	-19.33326	53.624374	25.82797	18212.418547153473
166	814.4439	8.010411	827.8893	802.8291	-155.73006	48.90268	-94.64646	-217.09187	5304.4663	97.11301	5423.831	5077.9253	4670.0713	89.90502	4811.906	4563.675	4514.341	102.530876	4688.4814	4423.7173	6118.9106	98.83056	6226.66	5880.81	1000.0	1000.0	663999	372.7335	89.87163	497.77792	38.71177	372.73312	89.8733	500.05035	62.873688	-3.5388422	3.8484762	63.49953	-19.66114	66.38717	25.822386	18323.321565389633
167	870.1589	10.783114	887.0515	847.91327	-211.80241	21.525677	-182.59772	-236.927	5250.66	74.702805	5366.793	5074.079	4844.949	160.66292	5117.0015	4701.5894	4633.147	178.85623	4934.404	4464.6626	6120.8193	77.11616	6227.352	5940.2783	1000.0	1000.0	667999	374.7512	90.21465	501.92365	61.80878	374.75095	90.215195	501.58524	64.4185	-3.532802	3.888569	65.66318	-18.741922	54.844215	25.30516	18434.30496621132
168	880.0791	5.0394692	892.44946	874.3603	-207.2185	34.508312	-158.64192	-255.96213	5467.4414	62.81754	5556.588	5338.117	4881.1685	35.284817	4929.3027	4833.637	4673.95	32.562683	4725.886	4639.1133	6347.5205	63.885094	6435.819	6217.545	1000.0	1000.0	671999	376.2872	90.12255	500.1486	45.718266	376.28693	90.123245	499.48117	61.008213	-3.5225255	3.8103316	43.193108	-18.695354	54.95393	25.747845	18543.88183617592
169	921.99493	10.148333	939.073	905.7783	-229.71114	15.940323	-208.64925	-253.49419	5111.702	71.74735	5259.1016	5007.905	4797.8867	165.24171	4951.666	4543.4004	4568.176	159.82434	4724.626	4334.751	6033.6973	74.759796	6178.5845	5925.581	1000.0	1000.0	675999	377.69513	90.42831	502.5442	57.47464	377.69455	90.431816	503.74652	65.95702	-3.4852657	3.940945	112.57211	-20.157455	56.44523	26.870813	18656.572370767593
170	724.86194	37.448326	794.8953	667.2959	-222.71788	46.521984	-147.40967	-263.30264	5459.9287	151.31938	5663.074	5050.7476	3785.2197	1611.1177	4854.849	1001.24634	3562.5017	1613.303	4707.4395	780.3484	6184.7905	160.64412	6370.914	5751.674	1000.0	1000.0	679999	378.44235	91.16877	508.86404	61.596546	378.44177	91.171135	506.62308	67.3112	-3.456476	3.8744037	66.83999	-24.79985	47.636517	26.354086	18796.929692983627
171	865.46454	20.479431	899.2832	821.2076	-233.90208	48.72167	-186.56453	-314.84857	5469.532	104.43828	5600.1455	5308.0664	4867.4897	43.023148	4924.153	4812.0474	4633.588	43.784733	4698.7715	4575.6816	6334.997	108.82579	6460.382	6129.274	1000.0	1000.0	683999	379.76913	91.586006	503.73465	49.046803	379.76855	91.589806	505.82996	66.23538	-3.451677	3.917195	142.38899	-19.764252	50.321056	25.002575	18937.871433258057
172	943.59393	22.32818	974.22815	892.0691	-173.80952	52.667374	-104.74421	-242.80002	5402.62	64.44875	5519.7715	5293.6025	4988.8687	71.66443	5111.391	4935.133	4815.059	40.671806	4868.5913	4764.4404	6346.214	75.24782	6482.042	6185.6714	1000.0	1000.0	687999	381.13937	92.10498	509.84998	60.013298	381.13953	92.10306	511.1255	61.745693	-3.45792	3.8618155	46.43039	-20.858978	60.143593	27.023901	19078.824568510056
173	944.8626	9.6644945	960.8549	925.90045	-240.75987	54.34734	-157.9136	-310.4948	5505.743	118.57801	5701.85	5316.852	4855.829	109.43466	5014.421	4739.2847	4615.069	77.59228	4703.9263	4492.997	6450.606	116.48279	6643.154	6263.6426	1000.0	1000.0	691999	382.8178	92.105034	509.43826	46.051693	382.81717	92.10757	508.78192	60.068764	-3.5003805	3.8433893	43.316216	-19.973047	65.04312	26.733679	19216.08704662323
174	834.0161	5.7353706	843.0212	823.6437	-221.90105	31.997185	-187.68648	-269.93903	5267.359	94.26643	5396.9487	5155.0693	4840.788	19.822765	4858.929	4808.2837	4618.8867	51.34475	4666.7246	4538.3447	6101.375	92.08422	6225.5107	5982.405	1000.0	1000.0	695999	383.99368	92.58883	509.77954	39.80664	383.99347	92.59043	510.24164	65.889305	-3.5284593	3.8710186	49.625237	-19.163563	64.17118	27.175762	19346.915167570114
175	827.5607	8.362715	836.87286	812.8965	-178.16466	41.43021	-124.45498	-237.85844	5350.23	55.73052	5455.1597	5292.2793	4907.978	145.36952	5074.332	4700.166	4729.8135	174.13219	4885.0195	4462.3076	6177.7905	56.508503	6276.005	6106.374	1000.0	1000.0	699999	385.39456	92.74498	512.24084	39.600212	385.3942	92.746475	515.1838	57.782654	-3.447315	3.8874495	65.03038	-19.786274	54.889114	26.22619	19458.700817346573
176	858.9917	16.558825	904.69244	840.6589	-234.24359	19.857872	-206.58961	-259.03622	5126.5303	797.3202	5578.0625	2751.7043	4852.9727	16.644953	4871.3975	4831.02	4618.729	23.760588	4645.568	4585.5015	5985.5225	782.5953	6433.7163	3656.3967	1000.0	1000.0	703999	386.45197	93.18843	513.5287	28.124765	386.4513	93.19099	516.9417	53.48029	-3.392749	3.962377	84.97539	-19.882954	61.914696	27.633596	19569.744144439697
177	856.88165	17.017618	889.23676	834.53406	-233.55606	17.641548	-208.63646	-250.93106	5456.684	78.0779	5625.669	5318.4688	4997.622	45.375324	5049.849	4932.34	4764.066	49.307934	4803.0303	4681.4087	6313.566	89.64418	6506.127	6159.8877	1000.0	1000.0	707999	387.71655	92.93957	511.70575	53.27014	387.71564	92.94238	511.84473	64.14641	-3.3818765	3.9093041	72.98035	-18.021038	48.382343	26.28219	19679.2138299942
178	742.7689	12.498927	765.26996	728.01776	-220.73125	44.231323	-144.53993	-253.67465	5370.815	90.23182	5504.595	5185.651	5004.808	165.0774	5192.011	4812.6377	4784.0767	197.70985	5047.471	4570.46	6113.584	87.748116	6234.3203	5929.413	1000.0	1000.0	711999	389.0483	93.97179	517.15076	34.382	389.0478	93.97532	515.85364	62.57625	-3.2720487	3.9712067	112.93095	-18.5639	49.777412	27.551846	19788.70455121994
179	627.41626	5.191191	633.4609	619.2265	-226.46042	21.789303	-192.96838	-252.69734	5488.235	89.006775	5643.835	5382.446	4295.8535	1104.5087	5177.3853	2405.7083	4069.393	1106.9104	4984.4165	2181.2185	6115.6514	85.0745	6263.507	6013.2144	1000.0	1000.0	715999	390.3137	93.959015	514.13007	49.994423	390.314	93.95864	515.78687	56.83199	-3.3329484	3.9547403	81.02257	-20.705578	52.242134	27.39338	19900.15624666214
180	844.2999	20.853884	875.6191	806.6648	-194.55797	54.359013	-102.91137	-235.48698	5579.4077	85.08093	5674.4526	5447.2573	5102.6606	49.477367	5161.38	5028.75	4908.1025	98.473785	5058.4683	4793.681	6423.707	84.167816	6520.863	6280.802	1000.0	1000.0	719999	391.72015	93.86407	517.7611	-4.167984	391.71933	93.864105	517.2297	48.682575	-3.355309	3.8653514	43.03144	-17.748806	45.673817	28.279308	20008.39879965782
181	883.38367	8.107379	894.2825	863.73413	-165.88618	15.862354	-141.65048	-185.70294	5855.3975	116.41499	6030.828	5647.535	5052.1973	48.264534	5122.042	4994.9976	4886.3115	51.151627	4951.0635	4809.295	6738.7803	119.90453	6912.0957	6511.2695	1000.0	1000.0	723999	392.78577	94.58729	519.97144	6.6124377	392.7855	94.58927	521.87933	49.9122	-3.331365	3.9091043	84.506546	-20.054874	55.50452	28.047579	20120.319222927094
182	833.5013	65.01983	893.0639	658.8605	-212.22359	18.782362	-186.10484	-234.51247	5510.0547	97.86145	5675.71	5345.9756	5092.4575	71.3	5172.559	4988.35	4880.234	88.02253	4969.022	4753.838	6343.556	94.48035	6497.976	6207.1685	1000.0	1000.0	727999	394.19937	94.653885	519.3828	19.612253	394.1981	94.65624	519.94214	58.45619	-3.2356815	4.0786357	112.429504	-19.055069	51.47533	29.416594	20228.901973247528
183	868.46747	16.866499	898.332	839.7827	-224.96126	30.120958	-191.09113	-272.56744	5677.7993	90.13282	5842.1055	5524.3945	5101.866	84.97759	5244.3374	5025.239	4876.905	62.618443	4971.77	4814.9307	6546.2666	84.188705	6709.567	6422.7266	1000.0	1000.0	731999	395.55865	94.46113	521.9894	50.091003	395.5579	94.46371	520.4067	60.58987	-3.3568323	3.9331686	56.161644	-21.584377	57.83382	26.851418	20358.718108415604
184	912.78564	12.992184	931.3843	891.46246	-234.81401	58.612076	-164.48682	-325.6109	5738.292	55.36296	5866.333	5659.14	5096.6465	141.03964	5268.467	4877.3228	4861.832	91.225525	4942.856	4712.836	6651.077	55.482845	6775.2524	6559.345	1000.0	1000.0	735999	396.81592	95.328766	522.1016	54.251232	396.81592	95.330795	523.46515	59.415245	-3.2519975	3.924242	62.69237	-19.49968	60.116688	27.470955	20496.07573747635
185	950.51434	7.3099766	963.13403	943.3393	-248.88876	21.114103	-218.61055	-274.00522	5643.3643	110.01811	5872.818	5456.902	5219.7393	140.4144	5410.821	5046.812	4970.8506	122.7675	5148.8086	4828.2017	6593.879	109.23499	6820.7324	6416.513	1000.0	1000.0	739999	398.36908	95.57931	522.50775	32.47724	398.36807	95.58118	522.9765	37.542934	-3.2491002	4.0045958	102.51939	-18.802673	58.898735	29.235512	20630.978277921677
186	966.97156	5.3605394	975.4584	956.2714	-234.74153	60.6254	-151.59914	-320.7398	5914.7314	121.04721	6095.7983	5758.223	5146.245	57.2896	5229.6514	5075.3633	4911.5034	62.79963	4982.3857	4842.364	6881.703	118.90684	7055.674	6725.815	1000.0	1000.0	743999	399.95032	95.279945	529.89105	51.666874	399.94955	95.28327	529.0276	63.829613	-3.2376256	3.9914434	100.80155	-18.150652	62.001007	28.241238	20765.530549764633
187	904.7666	4.291178	911.122	894.0833	-228.18163	43.124226	-174.6855	-288.40424	5787.2524	49.14057	5876.5806	5712.2754	5277.3115	202.13593	5555.48	4984.5034	5049.13	194.53815	5352.1973	4809.818	6692.0186	51.751034	6787.7026	6616.56	1000.0	1000.0	747999	400.99756	96.08729	536.04315	47.64813	400.99704	96.08909	534.0011	62.086678	-3.2760172	3.9317765	67.67278	-19.987963	58.193798	27.34775	20903.559611320496
188	789.2403	6.531278	800.08026	775.9233	-188.11736	41.56486	-137.63272	-246.56705	5715.075	52.44233	5806.8696	5609.534	5207.836	115.582954	5332.039	5062.7734	5019.7183	113.563034	5172.1494	4900.013	6504.315	54.934235	6595.3604	6385.4575	1000.0	1000.0	751999	402.71072	96.27441	537.34375	24.827488	402.71072	96.27649	535.33057	62.437836	-3.2878022	3.9179976	76.17215	-18.13336	66.30989	27.907457	21041.574734449387
189	884.08966	10.711458	908.0634	870.503	-222.34763	29.021786	-172.52611	-244.3785	5584.87	63.601105	5689.175	5462.9614	5312.531	158.67538	5529.569	5117.0117	5090.1826	165.62479	5285.1904	4883.5396	6468.96	65.64396	6559.6777	6351.019	1000.0	1000.0	755999	404.6219	96.4925	537.63086	34.697605	404.62143	96.49275	537.32214	59.585423	-3.284995	3.8680103	54.33633	-18.4336	62.21087	28.341446	21177.68036699295
190	731.12994	16.885134	772.00146	705.04626	-216.38277	83.6665	-141.16115	-357.32675	6078.6543	63.288654	6180.487	6012.377	5275.8887	221.67264	5607.106	5001.3955	5059.506	152.55223	5249.7793	4830.4663	6809.784	71.683105	6937.544	6738.906	1000.0	1000.0	759999	406.19937	96.945045	541.72687	-43.967663	406.19943	96.945274	540.71497	12.416326	-3.2151306	3.9395123	71.95884	-19.3051	67.68822	29.72954	21307.316003084183
191	938.3333	16.194057	964.27405	910.34845	-245.5599	32.02685	-193.19608	-280.22766	5839.0596	108.35489	6026.2812	5647.371	5330.7236	37.869755	5382.4165	5275.438	5085.164	63.061687	5189.22	5022.143	6777.393	115.546616	6990.555	6557.7197	1000.0	1000.0	763999	407.933	97.32953	547.3779	22.535154	407.93213	97.33189	548.26086	-2.941216	-3.236141	3.9571958	93.16884	-20.11103	59.61382	29.357939	21419.74715590477
192	791.532	11.38066	809.86346	771.11505	-221.40192	14.406433	-205.94243	-236.91772	5921.1826	68.55799	6033.375	5781.1216	5327.0938	104.41055	5447.5693	5190.8525	5105.6914	105.38823	5241.6265	4982.716	6712.715	74.22945	6837.4136	6567.625	1000.0	1000.0	767999	408.94717	97.83176	549.8246	-5.2692285	408.94656	97.833694	550.1431	2.683722	-3.1996083	3.9231195	42.574852	-20.35955	61.184433	29.931742	21528.438938617706
193	823.60974	5.4944787	832.8695	815.7325	-215.1616	30.497425	-184.45195	-265.91058	5963.729	75.326195	6080.6973	5834.653	5438.6553	102.19162	5568.821	5307.897	5223.494	94.49394	5364.401	5102.033	6787.3384	72.033104	6896.4297	6667.522	1000.0	1000.0	771999	411.20007	97.19931	547.9948	16.43289	411.1999	97.19951	551.41925	40.299828	-3.1983616	3.9746473	132.45316	-18.255322	62.125656	28.042305	21637.105243206024
194	861.86487	13.523665	883.20514	843.3987	-224.80736	24.373672	-185.80815	-253.01979	6002.776	96.2535	6226.0464	5854.947	5463.7026	158.85034	5641.722	5206.8247	5238.8955	162.3859	5410.7314	4977.414	6864.6406	94.44025	7091.807	6738.152	1000.0	1000.0	775999	412.69537	98.07162	553.5592	26.319157	412.69525	98.07114	549.39624	57.174423	-3.2151632	3.933548	76.96322	-22.305195	60.004818	29.895435	21750.022282600403
195	865.3297	18.160646	887.3846	826.8397	-277.14124	39.483047	-236.41623	-340.6549	5930.6685	83.659775	6075.3535	5784.8955	5483.4507	82.91117	5616.962	5411.7964	5206.309	111.30602	5363.12	5071.141	6795.9976	87.013954	6927.8076	6627.381	1000.0	1000.0	779999	414.46588	98.018196	555.9064	45.75512	414.46497	98.02032	552.7015	43.358006	-3.1738968	3.9470184	71.38925	-18.992596	62.59337	29.18172	21861.118412733078
196	879.512	13.100312	896.42224	860.5494	-262.18292	28.304989	-219.22061	-296.9829	6201.8887	65.90518	6279.177	6069.8706	5417.398	145.6345	5597.16	5194.475	5155.2153	145.91219	5300.1772	4920.642	7081.4014	70.24974	7175.2373	6948.128	1000.0	1000.0	783999	416.12985	98.50955	555.8155	47.639122	416.12927	98.51193	554.4077	62.72162	-3.1375012	3.9696012	77.65078	-19.56348	56.33013	29.69327	21972.219978570938
197	854.63007	9.257228	873.27954	841.96344	-228.65079	50.00565	-186.94392	-311.2693	5863.841	97.51518	5991.3384	5670.299	5471.047	122.86649	5587.8384	5268.386	5242.3965	94.22519	5319.9795	5081.4424	6718.4717	95.70496	6840.1724	6527.278	1000.0	1000.0	787999	417.44772	99.06745	557.53375	47.227547	417.4482	99.066444	558.8852	55.44371	-3.1058395	4.0126014	122.23854	-18.44242	55.26097	30.174372	22082.969480752945
198	916.0879	11.36927	932.52496	894.32336	-256.91614	15.079404	-242.7393	-282.23123	5740.3706	91.896126	5888.2544	5608.0806	5284.333	167.326	5439.8853	5018.1226	5027.416	165.47755	5190.2246	4775.3833	6656.4585	91.94148	6814.382	6513.0264	1000.0	1000.0	791999	418.64923	99.24465	561.15643	34.71628	418.64853	99.247246	560.7482	47.33501	-3.1224103	4.0109153	81.99012	-21.574108	58.71494	28.261951	22192.316893339157
199	839.46875	7.7539735	851.8916	824.87866	-263.86636	32.881416	-230.26485	-303.91022	6184.001	56.148064	6293.8164	6094.806	5426.117	101.33325	5590.58	5321.29	5162.2505	82.371994	5301.9043	5091.0254	7023.4697	56.084328	7145.708	6942.8896	1000.0	1000.0	795999	419.8563	99.34606	558.3655	43.258926	419.8558	99.346634	562.1893	38.528633	-3.0206912	3.9724948	119.33607	-18.461107	55.053688	29.259735	22305.205995082855
200	829.9837	9.2515745	848.85205	818.9323	-262.14236	51.864773	-215.88065	-343.86353	6246.772	76.230316	6420.1807	6155.148	5518.848	90.399864	5618.0474	5385.7246	5256.705	54.38112	5313.4795	5166.9307	7076.7554	69.44803	7240.368	7004.0	1000.0	1000.0	799999	421.61212	99.22806	559.1667	39.8283	421.6117	99.23055	557.86896	51.110672	-3.0581102	3.9705815	107.177025	-19.778593	53.286327	28.747484	22446.05189228058
