Epoch	AverageTestEnv0Ret	StdTestEnv0Ret	MaxTestEnv0Ret	MinTestEnv0Ret	AverageEnv0Ret	StdEnv0Ret	MaxEnv0Ret	MinEnv0Ret	AverageTestEnv1Ret	StdTestEnv1Ret	MaxTestEnv1Ret	MinTestEnv1Ret	AverageEnv1Ret	StdEnv1Ret	MaxEnv1Ret	MinEnv1Ret	AverageEpRet	StdEpRet	MaxEpRet	MinEpRet	AverageTestEpRet	StdTestEpRet	MaxTestEpRet	MinTestEpRet	EpLen	TestEpLen	TotalEnvInteracts	AverageQ1Vals	StdQ1Vals	MaxQ1Vals	MinQ1Vals	AverageQ2Vals	StdQ2Vals	MaxQ2Vals	MinQ2Vals	AverageLogPi	StdLogPi	MaxLogPi	MinLogPi	LossPi	LossQ	Time
1	606.85095	6.298952	614.4315	594.1722	-330.82294	27.491447	-309.23557	-377.95306	-21.106302	4.8088202	-11.122576	-28.046892	-286.75983	72.10289	-175.2063	-376.7727	-474.20285	48.512367	-403.45944	-528.16724	596.2977	6.2611747	602.97406	586.3159	1000.0	1000.0	3999	10.087567	5.8296976	31.632832	-3.133	10.090894	5.8241878	31.435455	-0.040255345	-8.078831	2.1971562	18.750603	-17.070044	9.261356	1.0798135	184.18727493286133
2	150.86365	5.8113585	159.16603	142.03813	-322.97287	53.70434	-240.59572	-389.80743	57.963844	12.463952	73.751305	36.984283	-264.1323	48.955353	-181.01201	-306.97446	-455.03906	55.65394	-394.08295	-533.90875	179.84557	8.433065	191.79463	166.70485	1000.0	1000.0	7999	34.273064	9.002938	72.338425	1.992479	34.27387	8.999967	71.700836	3.2223797	-5.2391005	3.609554	20.807224	-20.148624	27.717459	3.5106065	414.49549174308777
3	147.0222	64.22772	266.80154	62.923935	-574.6666	198.592	-336.21075	-790.3209	-93.40571	36.701237	-26.179855	-161.87071	-253.45209	61.82608	-167.57431	-325.5969	-701.39264	201.02791	-499.00922	-938.56226	100.31935	76.13432	239.10817	8.60243	1000.0	1000.0	11999	64.81957	9.550915	109.60973	31.703972	64.8198	9.546719	109.66137	32.62251	-2.743472	4.70023	31.210136	-18.968048	51.330162	6.9675593	647.4188919067383
4	631.84875	67.024284	740.48193	493.6062	-585.4297	21.248524	-551.7097	-604.9773	-16.727488	35.55571	54.45133	-57.89002	-263.4603	119.9802	-91.410576	-408.5064	-717.1598	62.89949	-628.5664	-806.42377	623.485	76.81533	726.093	465.40994	1000.0	1000.0	15999	84.93961	6.5819955	132.18578	61.43153	84.93943	6.575893	130.57936	60.946365	-4.3383718	4.334388	26.725933	-19.388176	66.27851	8.168747	887.839465379715
5	771.7516	39.344723	826.9281	705.33746	-470.45416	45.391235	-392.77313	-506.08725	-121.30144	19.207306	-98.28944	-165.4054	-274.5383	110.54636	-145.00426	-448.3677	-607.7233	66.20681	-529.6057	-710.49567	711.1009	45.159805	771.2791	622.6347	1000.0	1000.0	19999	96.54677	6.527084	143.98329	69.5706	96.5464	6.522429	142.51306	69.869125	-4.6921315	4.118819	23.27624	-19.80483	73.91878	7.960087	1128.136255979538
6	724.26984	72.901436	819.1767	555.9982	-483.72833	82.36365	-367.91693	-598.7599	-94.07384	24.591091	-56.292618	-134.3202	-273.2589	32.98783	-242.12408	-328.15634	-620.3578	89.98017	-488.97897	-732.7531	677.233	71.59577	791.0304	516.67267	1000.0	1000.0	23999	102.68506	6.227321	147.85075	77.57822	102.68472	6.219422	148.15172	77.156044	-5.5434427	3.6513462	18.013172	-19.720066	79.51766	7.1052814	1370.3589289188385
7	838.49084	12.958823	861.9423	825.09674	-325.3474	34.224953	-300.92236	-383.72305	-130.75565	10.59424	-106.87727	-150.35365	-279.70172	70.30185	-228.39064	-400.70264	-465.19827	38.162884	-415.32974	-503.25726	773.113	16.862873	808.5037	750.5633	1000.0	1000.0	27999	104.43269	6.0861797	150.87497	80.39313	104.43248	6.0844994	150.26071	78.99183	-6.9013205	2.9161475	24.863567	-19.770144	80.37219	6.2013817	1642.1606183052063
8	749.4734	24.171135	805.1295	714.15314	-272.9057	78.42762	-152.6606	-368.4048	-160.16599	30.437471	-109.77356	-209.98396	-342.42538	146.90305	-165.69023	-565.73444	-444.1184	127.209145	-289.4944	-587.0988	669.39044	37.331833	750.24274	625.41156	1000.0	1000.0	31999	104.1063	6.018397	150.07408	78.593765	104.10598	6.012688	150.74178	77.82766	-7.784683	2.3144069	14.433895	-17.922281	79.96723	5.6873627	1933.0628998279572
9	822.27625	11.925943	847.7542	803.2757	-238.12503	48.14156	-167.01807	-295.11722	-49.15652	6.1886477	-38.647224	-59.039974	-312.90338	76.95707	-197.17484	-403.9944	-394.57672	60.090614	-344.18674	-497.1144	797.698	11.768598	823.7392	783.9521	1000.0	1000.0	35999	103.22178	5.6640863	150.86278	66.00131	103.22153	5.6603446	148.05692	68.606834	-8.223854	1.9504808	22.074593	-17.12294	79.147766	5.393061	2295.3925449848175
10	822.66003	24.938648	894.87463	802.9143	-136.82538	35.51273	-81.762276	-168.93178	-38.993122	19.152416	0.84959835	-76.35753	-258.30673	43.981472	-192.38373	-312.4858	-265.97876	54.671165	-177.95413	-325.17468	803.16345	28.070585	881.0248	779.3156	1000.0	1000.0	39999	102.49002	5.3072805	160.14594	59.072277	102.49007	5.300037	156.6017	58.31188	-8.408621	1.8229274	17.199875	-18.128817	79.028175	5.262922	2699.3638491630554
11	801.18976	9.844249	817.75323	785.5533	-180.48042	74.67953	-89.09167	-296.91968	-29.054523	12.938894	-6.938915	-45.097862	-319.4399	84.07216	-223.84332	-453.7677	-340.20038	77.787895	-245.64604	-440.4396	786.6625	15.452538	814.28375	764.5617	1000.0	1000.0	43999	102.43335	4.925446	158.87944	59.85447	102.43317	4.9184685	156.3188	59.27951	-8.476526	1.7661283	18.753906	-18.87798	79.1377	5.0257745	3104.2414786815643
12	913.966	31.69379	947.4953	833.84784	-131.55045	42.14703	-90.79739	-202.08775	44.086296	23.885162	66.72545	1.5951946	-297.5523	96.616234	-209.28064	-460.1265	-280.3266	58.394844	-217.71994	-350.30026	936.0091	40.428516	979.776	834.64545	1000.0	1000.0	47999	103.00242	4.630349	161.38475	60.984123	103.0024	4.6262245	160.71133	58.439423	-8.509913	1.7058265	15.179915	-17.816936	79.917435	4.7035418	3519.5352194309235
13	858.2079	9.1690235	872.6632	846.4556	-100.53206	39.37505	-57.278114	-158.20657	31.188046	20.771976	62.30576	-8.89821	-285.90073	44.6759	-220.85886	-333.70505	-243.48242	17.060865	-224.13063	-268.636	873.8019	17.150383	901.26355	842.00653	1000.0	1000.0	51999	104.1572	4.6033797	162.99002	59.1928	104.15692	4.6015577	161.70839	57.20874	-8.50026	1.7111688	25.169056	-17.766312	80.45149	4.578552	3920.715371131897
14	840.27423	11.091642	851.3239	813.61676	-52.144745	59.89797	7.5197887	-145.61548	-5.453701	13.642511	11.406935	-37.130005	-381.80862	62.44766	-290.61807	-443.60986	-243.04907	69.376144	-137.78926	-324.39963	837.54724	16.29744	856.06305	795.05176	1000.0	1000.0	55999	105.58237	4.569433	165.63857	59.752144	105.58231	4.5649085	163.0791	57.983627	-8.464994	1.7396432	25.228981	-17.983398	80.53274	4.693283	4324.980155706406
15	761.7778	9.571952	779.3214	751.22107	-47.910862	94.961235	104.87361	-145.40707	-33.28959	15.030878	-15.648757	-61.36291	-311.55377	52.966896	-250.30269	-396.07697	-203.68776	93.01159	-47.7146	-292.7366	745.13293	14.371498	767.5248	727.52545	1000.0	1000.0	59999	107.09548	4.612274	171.37517	64.921776	107.09559	4.60622	166.01228	64.47895	-8.3962555	1.7701758	17.679024	-18.598145	82.40522	4.82184	4663.318500041962
16	900.8262	11.762602	930.6969	887.8931	-70.90059	41.938595	-16.984844	-129.99292	-10.79506	9.963735	11.50968	-21.694162	-333.44232	73.6685	-217.03535	-404.58853	-237.62173	59.83049	-178.92944	-332.28717	895.4285	14.718187	936.4517	880.15314	1000.0	1000.0	63999	108.69127	4.609256	169.77594	65.47589	108.69136	4.602489	165.13278	64.61902	-8.347725	1.7512306	18.38895	-17.888775	84.519554	4.652162	4982.291388273239
17	555.7169	17.239756	585.0436	536.2504	-40.456703	13.570404	-25.744228	-61.721333	51.620464	29.329376	120.31576	14.732693	-287.75732	41.23287	-241.76598	-344.81848	-184.33537	21.910374	-153.24092	-214.41255	581.5272	29.977041	645.2015	545.1876	1000.0	1000.0	67999	110.34096	4.793968	173.55078	61.675224	110.34103	4.7866826	168.66617	62.650524	-8.253504	1.7854115	16.996191	-18.599977	85.63188	4.876875	5263.067236185074
18	736.8292	18.098375	771.70154	716.01373	-80.96151	54.94121	-0.9160741	-154.5147	26.718027	10.858186	39.466286	-1.5924393	-213.9068	24.779108	-174.90164	-236.94638	-187.91492	59.12786	-105.98357	-272.98788	750.18823	21.014776	791.43463	729.6871	1000.0	1000.0	71999	112.0231	4.9601326	170.88942	59.32624	112.02303	4.9544244	169.14903	59.216938	-8.215439	1.8047035	18.964315	-17.951866	87.15516	5.045525	5545.224358081818
19	880.7877	8.032402	895.65594	873.263	-80.08856	56.79556	-13.855469	-159.47038	54.538307	9.408434	69.407875	38.457138	-215.317	11.724568	-196.33722	-228.452	-187.74707	51.523502	-128.08147	-257.639	908.05695	9.2056465	930.35986	898.4964	1000.0	1000.0	75999	113.63236	5.0543504	173.24243	57.22777	113.63255	5.050017	171.69751	56.26769	-8.166642	1.8372358	18.4868	-18.346224	87.98908	5.001077	5945.998651981354
20	494.57803	56.577164	613.00006	428.86423	-38.415985	27.764294	6.292025	-68.85082	38.537415	39.466717	96.978226	-26.577879	-281.8854	28.220207	-242.61598	-322.32364	-179.3587	30.076687	-133.39029	-210.46953	513.8467	56.285984	599.7111	415.61786	1000.0	1000.0	79999	115.27823	5.1967015	169.09778	67.57478	115.27819	5.1912584	164.27896	63.69949	-8.084165	1.886721	17.874924	-17.829765	89.01114	5.1551056	6403.979912281036
21	754.99023	12.247827	773.96814	738.7215	-20.6116	52.437492	59.832348	-85.98814	-76.98304	10.529366	-59.294346	-93.75559	-205.38358	48.389553	-150.92792	-275.70383	-123.30338	33.905773	-78.01956	-171.81999	716.4987	14.341291	739.1459	700.66315	1000.0	1000.0	83999	117.05727	5.27517	170.31142	68.34371	117.05739	5.271886	164.70175	70.6694	-7.9816127	1.9556127	30.445692	-17.41472	90.63359	5.138976	6857.825627565384
22	631.2707	20.56588	669.7955	600.48285	-62.85137	53.7662	-0.66091865	-148.82562	86.34919	11.355723	101.11252	61.091316	-274.062	57.574764	-206.07288	-360.0685	-199.88237	81.49226	-103.69736	-328.85986	674.4453	23.521925	711.68024	640.59753	1000.0	1000.0	87999	118.4893	5.4929466	170.51794	65.243645	118.48918	5.4890423	175.05228	65.72749	-7.957355	1.9654088	16.50856	-18.981926	91.53407	5.2474346	7239.273203372955
23	519.10455	50.881035	603.5912	426.12076	-37.128002	52.35056	11.9311285	-114.33954	68.36292	57.640327	140.49646	-34.545437	-219.44641	38.18981	-161.81345	-266.7236	-146.8512	60.940525	-70.81017	-221.36569	553.286	65.35796	628.053	408.84805	1000.0	1000.0	91999	120.20377	5.643026	170.74973	68.97473	120.20398	5.638	168.65787	69.77447	-7.852469	2.0381052	16.722673	-21.435543	93.49727	5.1963873	7657.541126012802
24	671.6192	49.46602	756.08746	586.67755	-14.656134	37.246056	38.028576	-65.131905	-46.25233	19.932682	-2.0984433	-66.568535	-224.52869	55.877197	-172.64937	-317.0833	-126.92047	57.85176	-71.17312	-223.67355	648.493	49.3357	730.8853	558.4011	1000.0	1000.0	95999	121.94779	5.7846	172.39369	69.39487	121.94777	5.7799425	170.5478	71.03438	-7.8002987	2.0592687	16.169235	-18.058758	94.94767	5.124496	8114.978176355362
25	732.5338	21.968908	771.99927	700.50305	-20.907385	13.222468	-2.8462214	-34.76829	-51.322212	22.607824	-21.024324	-92.875305	-239.87344	64.30705	-167.92807	-307.96222	-140.84412	36.63967	-94.76018	-184.65608	706.87274	27.360443	749.29144	665.415	1000.0	1000.0	99999	123.57236	6.050763	175.7731	70.12375	123.57233	6.04595	172.09448	73.446686	-7.7220182	2.0970883	29.507696	-19.665932	96.51177	5.1284795	8541.066821813583
26	595.03674	43.738117	682.6394	526.10846	-3.203616	11.645017	11.169091	-21.127186	-32.12978	23.713564	2.040733	-81.087006	-311.28815	74.06764	-200.49918	-408.37973	-158.84769	43.893288	-103.71398	-225.31706	578.9718	53.49788	673.5248	485.56494	1000.0	1000.0	103999	125.21976	6.2521973	172.6814	66.59356	125.21975	6.250328	172.64372	72.22844	-7.7044563	2.0650587	19.18234	-18.133247	97.36257	4.977208	8991.39056968689
27	762.40393	16.839693	795.25415	736.49023	-22.154785	37.346058	13.45218	-83.902985	99.25519	48.824406	167.9741	21.135635	-207.07834	18.691912	-186.4534	-235.92798	-125.69397	32.46215	-104.51181	-181.74529	812.03143	23.3051	849.00946	769.09955	1000.0	1000.0	107999	126.65297	6.519898	184.1051	69.31777	126.65291	6.5175347	172.33824	66.523766	-7.71229	2.0203426	17.185562	-17.866207	98.60244	4.9508624	9369.155220270157
28	532.121	33.551502	578.37555	483.84485	9.216616	49.162605	51.20977	-71.50972	-152.91254	25.430433	-114.32092	-199.07892	-198.4133	10.121873	-187.10823	-214.63779	-89.99002	53.111366	-47.68013	-178.82861	455.66473	42.577488	518.8225	388.1049	1000.0	1000.0	111999	128.23055	6.830278	174.97404	71.38794	128.23058	6.828555	174.39046	68.73972	-7.618881	2.0687995	16.77359	-18.55276	99.81438	4.9625354	9652.913902759552
29	707.29236	14.951092	724.5786	672.4719	52.531765	35.21568	96.49573	1.3494967	38.683723	16.922253	71.71219	18.64888	-174.06894	21.57856	-138.3865	-196.04503	-34.50271	37.74826	4.7886543	-96.67302	726.6343	14.934915	747.59265	689.9787	1000.0	1000.0	115999	129.64793	7.1874332	179.78273	71.83463	129.64783	7.186213	179.65675	66.40785	-7.57616	2.0890818	18.549118	-19.276543	101.12573	4.9397697	9938.061173915863
30	649.0144	35.199425	697.67505	588.4523	29.922148	50.577652	117.37133	-2.508716	-143.54985	31.89641	-105.26465	-205.16444	-211.17459	24.03206	-181.88342	-240.18642	-75.665146	59.40997	26.429613	-116.90129	577.2395	47.603973	643.01587	499.67444	1000.0	1000.0	119999	131.03728	7.673817	185.79814	69.35629	131.03723	7.672736	187.7173	64.997795	-7.463053	2.1363842	15.292469	-19.417425	101.6683	5.2245173	10220.675148963928
31	685.8729	32.39016	764.36145	651.47815	49.09927	31.085848	91.93319	4.1569266	-58.582825	23.58498	-7.5448527	-93.96366	-167.47447	50.32238	-106.87206	-235.70523	-34.637962	26.154385	-4.7806025	-69.7653	656.5815	35.64662	733.4724	608.9059	1000.0	1000.0	123999	132.42151	7.971175	187.4046	67.3785	132.4215	7.9698114	183.722	68.45246	-7.443815	2.1662123	15.9662	-18.26212	102.32653	5.155784	10505.286437749863
32	717.69763	26.092342	774.27924	665.241	-11.418022	118.7915	86.277855	-213.38333	-70.58531	13.594733	-50.436428	-93.78883	-202.9643	56.570824	-138.57483	-286.06616	-112.90016	145.53922	16.990446	-356.4164	682.4049	27.108889	740.1921	634.7416	1000.0	1000.0	127999	133.65836	8.118734	185.45996	71.914055	133.65848	8.118083	184.9753	72.819725	-7.4983788	2.0912695	20.552322	-20.138046	103.4085	5.270455	10812.444993257523
33	647.5521	42.297848	704.8069	543.9026	57.16924	19.362015	83.045334	28.79458	-47.223194	23.615477	-5.521612	-76.103966	-186.45319	51.172253	-128.9192	-269.064	-36.057354	27.204779	-5.6893287	-79.4101	623.9406	42.68239	680.0779	519.252	1000.0	1000.0	131999	134.53673	8.331088	187.47815	70.08545	134.53648	8.331452	192.12674	71.88733	-7.4479537	2.123567	22.053635	-20.078575	103.74423	5.2630353	11119.324876785278
34	898.92834	16.143944	918.3374	874.283	71.17763	37.865906	116.68506	22.808344	3.9054596	5.490355	11.0962925	-4.612402	-164.09355	42.021576	-118.307274	-206.29381	-10.869146	38.824375	39.152176	-56.2356	900.88104	17.04499	920.3627	873.8552	1000.0	1000.0	135999	135.70859	8.608544	190.72969	77.26556	135.70868	8.607408	185.40518	74.80595	-7.4001126	2.1151493	21.92659	-21.08656	104.15548	5.3652754	11465.423105478287
35	893.00134	14.742351	929.8672	880.44244	93.22904	45.17132	128.06773	16.782827	-35.281895	4.577731	-25.031511	-41.56461	-138.09102	55.939507	-62.30611	-210.35631	24.183529	66.20806	72.03969	-88.395325	875.3605	14.4658165	911.1161	859.6601	1000.0	1000.0	139999	136.82443	8.852765	194.3099	75.39981	136.8245	8.853808	195.99736	73.10696	-7.354433	2.1260924	14.82118	-19.406914	104.262405	5.3036575	11783.711940050125
36	763.6908	34.349144	801.3558	699.02905	66.78535	15.325373	83.693474	43.430386	-72.373055	35.609993	-15.540392	-125.115585	-159.23276	20.136152	-131.02469	-187.95859	-12.831034	19.656973	18.181128	-36.383667	727.5043	46.558033	793.05	648.8776	1000.0	1000.0	143999	137.71143	9.24405	195.57704	75.977486	137.71161	9.243574	196.69067	73.39112	-7.345633	2.0927303	20.371408	-18.14997	103.88214	5.494006	12059.184866428375
37	819.98975	15.90281	841.91113	784.0172	-4.4045568	42.006294	67.88489	-35.187496	-70.43656	10.11543	-50.282215	-81.84676	-198.57924	36.738056	-163.18372	-260.03116	-103.694176	49.66686	-22.951262	-158.59155	784.7714	13.80968	806.0245	758.8761	1000.0	1000.0	147999	138.43475	9.550489	203.39053	70.97346	138.43472	9.549898	202.77855	69.742424	-7.316947	2.143924	22.388151	-21.000946	103.532814	5.6749687	12354.902539253235
38	716.86584	29.285212	771.96375	669.63544	98.2427	43.011215	168.27863	54.396034	27.27333	27.702606	79.81507	-21.644753	-240.33035	60.127083	-183.75644	-339.04108	-21.922485	44.944603	49.781303	-73.66363	730.50244	25.631285	779.8155	694.2093	1000.0	1000.0	151999	139.18103	9.632028	198.83171	78.31035	139.18108	9.632347	203.55101	76.69678	-7.2878876	2.1547906	18.33232	-18.577345	105.14435	5.642966	12720.61733007431
39	622.80743	17.248888	649.5051	599.04803	110.39186	30.9844	145.16107	62.56301	-244.47453	19.940647	-205.47285	-281.0463	-166.15445	39.728767	-98.07005	-196.90376	27.314638	17.72398	50.64235	7.104095	500.57016	20.40723	546.7687	477.09628	1000.0	1000.0	155999	139.90349	9.753592	204.90811	76.46019	139.9038	9.75267	202.42477	78.13949	-7.2394404	2.1422646	45.160656	-18.077316	105.7169	5.655508	13036.254148721695
40	778.95764	30.001549	843.318	739.92395	77.13004	42.129536	146.95973	39.0508	-39.03327	12.68772	-8.894173	-57.859737	-146.29707	47.79569	-108.914795	-225.86922	3.9814963	24.755241	34.025124	-31.601374	759.4409	26.621971	821.32153	728.32947	1000.0	1000.0	159999	140.67607	9.967548	201.94102	75.07271	140.67607	9.96831	200.38419	71.51682	-7.212402	2.160189	28.917873	-18.364689	107.64778	5.6347857	13315.747569561005
41	872.34784	47.08315	924.53314	765.44446	58.575356	21.107502	92.20008	35.409298	-5.1680613	8.513205	11.476811	-20.441685	-108.46715	61.829758	-28.445503	-202.24152	4.3417764	23.665112	44.60626	-15.423185	869.7638	48.384155	920.23193	762.6001	1000.0	1000.0	163999	141.47585	10.243411	193.20627	77.44295	141.4762	10.243053	194.16646	79.935814	-7.20635	2.1240542	20.391989	-21.116123	107.78398	5.6183944	13642.647643566132
42	854.56525	33.27587	916.3245	800.3583	100.09011	65.23626	205.14809	38.12773	-6.62823	16.89286	41.08278	-22.064655	-116.14511	13.836099	-103.45008	-138.4707	42.017555	69.65432	152.21677	-20.270786	851.25116	36.7492	909.0102	789.3259	1000.0	1000.0	167999	142.26466	10.5298605	199.33485	80.23664	142.26466	10.529901	194.42201	79.02512	-7.2238693	2.0876951	28.018833	-18.730358	109.60984	5.5487957	14027.334776639938
43	761.59686	44.51001	857.8764	702.4039	141.73836	35.925034	194.15514	94.01745	30.457043	11.721824	54.766346	7.696348	-92.24381	44.620827	-46.288574	-166.01242	95.61645	22.607567	111.148926	56.566074	776.8254	42.888664	871.4299	715.2302	1000.0	1000.0	171999	143.01445	10.840851	194.86545	77.15854	143.01454	10.842142	189.4953	77.21293	-7.166029	2.123107	27.65987	-18.741865	108.16911	5.4814043	14322.752917766571
44	858.2344	112.15489	938.1745	627.57556	126.84396	39.187157	170.13257	64.64632	-7.483645	14.098599	15.465446	-38.363377	-97.50535	42.693626	-25.800812	-136.58772	78.09129	45.06664	116.57676	4.38571	854.49255	118.11358	940.67786	608.39386	1000.0	1000.0	175999	143.82529	11.222054	198.17853	79.02196	143.82567	11.222078	194.02525	82.89189	-7.1233463	2.1172736	17.933722	-19.10376	107.40789	5.5586414	14607.25590801239
45	917.5905	41.635513	963.56323	839.3789	56.304348	23.368492	81.4441	18.069567	16.705013	9.169445	27.104689	-2.2989213	-188.46881	15.697582	-168.96417	-212.80945	-37.93005	21.952698	-20.097204	-75.3207	925.94305	40.283474	977.1156	849.8532	1000.0	1000.0	179999	144.65465	11.485744	194.89081	81.395386	144.65463	11.487271	195.79944	80.64635	-7.08774	2.1242561	51.553787	-18.398418	107.01531	5.54414	14938.11731672287
46	920.28015	6.3450937	927.589	906.2027	33.999035	42.98091	87.34203	-32.6676	94.46527	16.129478	126.50904	74.88255	-149.4916	46.112564	-78.326706	-201.2161	-40.74676	26.991573	-0.75389016	-71.83095	967.5128	9.985914	989.3968	952.12823	1000.0	1000.0	183999	145.1218	11.790213	199.8314	79.3208	145.1218	11.792038	193.53656	78.296455	-7.131736	2.1006558	19.46334	-19.176725	105.61247	5.514444	15283.618336677551
47	943.1792	14.479606	959.8581	912.2647	102.859985	38.584732	152.96716	54.38399	-3.2662444	4.898118	2.7018156	-13.489763	-144.30788	36.80178	-100.85151	-199.0945	30.70605	27.307062	76.036026	3.958237	941.5461	13.209162	957.4623	913.6156	1000.0	1000.0	187999	145.73056	12.093085	195.87224	78.22919	145.73074	12.094728	190.598	75.99066	-7.1172986	2.0993063	27.51271	-18.801067	107.22383	5.6308484	15567.58414363861
48	925.375	15.05656	944.02954	897.8673	13.793752	47.156628	84.872086	-36.577682	20.24791	16.86998	51.90479	-2.3147259	-137.2974	42.505077	-64.49772	-169.16714	-54.85495	65.823105	52.623226	-112.42524	935.4989	13.538875	950.0822	900.9971	1000.0	1000.0	191999	146.32843	12.363039	198.0825	79.20373	146.32828	12.365317	194.89719	75.10231	-7.06468	2.1399367	26.18568	-19.416405	109.80864	5.80652	15851.52147269249
49	988.9286	2.7332268	992.33105	983.7182	158.05728	11.931227	176.45134	143.10849	-18.790169	4.542425	-7.7797995	-23.34873	-119.142395	51.95052	-32.443943	-170.06029	98.486084	20.190104	126.88652	72.21936	979.53357	4.2883916	986.756	972.3784	1000.0	1000.0	195999	146.90501	12.5208235	192.79568	79.89709	146.90517	12.522578	190.80174	76.39514	-7.056474	2.1156638	26.09851	-19.012783	108.97817	5.7849636	16151.345836639404
50	883.4899	68.768486	967.1901	762.4599	122.44771	72.53228	176.92499	-1.2470726	-15.301302	8.788012	1.5712086	-25.996086	-158.68262	50.352184	-80.46982	-217.5866	43.106388	93.31631	136.69008	-110.04037	875.83936	65.056694	957.34735	762.6064	1000.0	1000.0	199999	147.44252	12.710753	192.228	80.579315	147.4426	12.712373	191.01353	81.610886	-7.0531244	2.1050248	21.391386	-21.08429	108.02172	5.7230873	16451.123691558838
51	985.6841	3.7321248	990.07166	978.24634	93.18365	108.113205	259.09918	-40.201614	-27.177923	1.4323883	-25.115505	-29.220848	-229.78906	62.585682	-152.86525	-323.87003	-21.710896	84.24445	97.16417	-141.1103	972.0951	3.5724082	976.13403	965.5431	1000.0	1000.0	203999	148.1478	12.939985	191.21298	79.21589	148.14783	12.941598	191.5239	76.43823	-7.018872	2.112612	21.123924	-18.4868	106.32064	5.8937464	16735.734867095947
52	971.5542	6.932937	981.481	959.36615	135.90952	64.42046	210.779	32.956135	-18.863617	2.498912	-13.095972	-22.261429	-160.66167	76.830414	-32.75783	-233.69531	55.578667	81.739716	134.20164	-68.27708	962.12244	5.9147406	970.35034	951.87476	1000.0	1000.0	207999	148.52455	13.213872	186.56332	82.94787	148.52473	13.214707	188.13828	82.4475	-7.057962	2.0791998	14.401304	-18.708176	106.25083	5.8857174	17020.640156030655
53	887.4586	41.954506	941.6558	822.08636	110.91037	42.2628	179.31752	69.23584	-19.134655	35.08948	19.895016	-101.46449	-195.36462	88.02201	-49.482025	-279.1091	13.228069	68.03134	86.42209	-55.629505	877.89124	51.313103	937.1766	771.3541	1000.0	1000.0	211999	148.46902	13.59879	190.07393	79.42418	148.46912	13.59996	189.93658	78.38801	-7.084624	2.0158856	12.898335	-19.987827	108.002716	6.0255747	17374.80296230316
54	861.6346	45.32118	930.71094	789.6348	-11.6875515	66.19407	84.33155	-102.75903	-46.95996	12.251135	-18.384634	-62.09337	-169.77304	23.043577	-129.865	-183.38417	-96.574066	66.98893	-7.36054	-194.42867	838.15466	41.0068	899.66425	780.4425	1000.0	1000.0	215999	148.09058	14.233155	188.74814	76.62952	148.09058	14.233725	179.80534	71.14279	-7.1343546	1.9672633	16.891178	-20.727089	107.338104	6.0287666	17733.695598602295
55	959.2052	14.092391	976.8302	928.87854	105.265015	15.491732	121.42016	82.45566	-37.703285	10.617425	-10.218237	-49.852566	-188.254	35.55995	-146.75427	-244.88127	11.138011	22.572779	48.043022	-9.247022	940.3535	11.939297	959.28796	923.7694	1000.0	1000.0	219999	147.67644	14.797892	178.10689	75.04427	147.67656	14.799272	180.70119	74.40499	-7.151958	1.9434978	14.633299	-20.619066	106.259285	6.0265975	18025.211982011795
56	937.7754	9.837305	949.92694	915.9516	196.46368	27.94035	240.22464	167.48676	-29.652802	4.8944483	-22.873709	-39.616634	-169.6111	28.091227	-133.80293	-211.25328	111.65816	29.507095	152.95404	72.07216	922.94904	9.7004175	930.334	903.0325	1000.0	1000.0	223999	147.32909	15.221056	181.65686	72.857994	147.3293	15.220934	180.59027	72.325386	-7.123293	1.9671706	13.197676	-19.341522	104.92502	6.122081	18313.53423166275
57	877.1627	41.0555	940.26886	790.36096	158.86147	33.148224	208.95544	117.684135	-38.293953	29.45389	19.869568	-93.11802	-143.00739	44.0935	-80.01641	-190.42377	87.357765	26.430332	120.1441	55.700817	858.0158	39.122883	925.6747	800.2958	1000.0	1000.0	227999	147.15141	15.470342	178.09805	72.8263	147.1515	15.470957	178.74161	73.402145	-7.1524105	1.9527471	13.768408	-20.34131	104.731514	5.893327	18603.449830532074
58	929.90125	19.746809	951.8572	886.8045	144.64145	42.190342	213.55984	108.02338	-42.5953	3.9650667	-36.98222	-50.440147	-161.77888	34.08588	-113.44761	-204.52242	63.752003	33.338066	111.29864	18.08148	908.6035	19.058697	933.0091	868.3134	1000.0	1000.0	231999	147.25864	15.598954	179.77255	71.5317	147.25876	15.600077	179.75139	72.88101	-7.1337023	1.9703468	13.421436	-20.299215	105.40735	6.0801516	18895.633637428284
59	962.6564	11.017097	985.6764	948.779	201.0897	27.537329	237.53978	164.7839	0.26401538	5.471694	11.028918	-8.034616	-108.773285	48.48408	-59.433636	-165.67241	146.70306	9.727332	157.39952	133.79976	962.7884	10.726398	981.65906	948.4809	1000.0	1000.0	235999	147.33401	15.820378	182.60759	68.0181	147.33395	15.822242	180.30724	69.896416	-7.121036	1.9748658	23.30643	-17.988861	105.52908	6.2385793	19197.25460791588
60	961.9608	6.870769	971.3197	950.7977	143.24844	52.592323	209.70894	65.75552	-20.881128	9.793849	-5.6591682	-39.796947	-59.364735	34.30323	-17.309301	-100.27122	113.56607	67.617035	192.31006	15.619914	951.5203	6.9531946	963.08997	942.15204	1000.0	1000.0	239999	147.53085	16.058002	179.50171	68.25717	147.53091	16.058424	179.67722	70.94486	-7.073966	1.9807003	16.999115	-18.577599	105.68191	6.2368217	19505.374022960663
61	900.0978	28.914387	946.92645	848.12317	138.06189	21.486992	164.20856	114.81509	-55.12652	10.438709	-38.631283	-70.87291	-47.00249	64.52052	2.7593684	-156.39514	114.560646	32.049187	162.95226	75.99985	872.5345	28.401276	911.49	817.60156	1000.0	1000.0	243999	148.01346	16.22097	182.74261	71.36964	148.01349	16.221407	179.34831	69.96503	-7.0785637	1.9763924	12.579889	-19.752121	103.14053	6.1057377	19882.099679470062
62	966.3175	7.6263933	978.943	955.00586	129.68169	41.62633	159.5744	58.505856	-31.678005	7.8602934	-22.310305	-48.272476	-96.88369	68.526474	-39.748226	-213.82022	81.23984	42.647068	123.41788	27.679224	950.4784	10.473726	966.3722	937.96686	1000.0	1000.0	247999	148.23547	16.40166	184.68083	65.36818	148.23546	16.40365	184.57849	67.111244	-7.0660315	1.9741746	9.962312	-22.292183	99.875885	6.2033744	20257.497165441513
63	961.2165	7.538409	979.13635	951.42334	116.70781	66.48697	177.66457	5.3977814	-46.855453	2.718642	-41.647457	-50.51807	-94.72755	47.032215	-21.156141	-138.02618	69.34405	75.50618	118.88283	-61.272865	937.7887	8.030866	958.3126	929.27997	1000.0	1000.0	251999	148.56737	16.56305	183.0889	66.44024	148.5675	16.56287	180.7214	68.13881	-6.9702687	2.014492	10.894773	-18.85967	98.908554	6.1760526	20631.83838534355
64	978.55743	8.257446	987.3026	962.62885	154.91751	23.72624	181.27022	131.03769	-17.489822	7.839383	-7.6096983	-30.404488	-160.30342	28.772388	-125.836334	-192.8409	74.76581	29.275818	112.943634	34.61724	969.8126	11.949101	983.4342	947.4266	1000.0	1000.0	255999	148.98961	16.740494	182.78165	64.090935	148.98956	16.74185	181.20158	63.328262	-6.975349	2.026259	14.553047	-20.34184	97.61061	6.1878514	20928.858674764633
65	977.1411	4.0991826	985.48047	968.90936	100.63584	41.04088	158.92326	55.00726	-2.2719314	8.574315	14.420702	-15.456447	-89.13574	37.818542	-24.405714	-118.71418	56.067974	30.854189	103.37972	18.870127	976.0052	5.049116	986.9688	969.29877	1000.0	1000.0	259999	149.3213	16.792536	189.4896	65.94421	149.3214	16.79219	181.58043	63.357143	-7.014623	1.9837885	10.799459	-21.874496	93.95128	6.126505	21214.68086361885
66	994.1058	6.15001	1003.8954	984.8033	173.62822	15.562874	191.75752	154.75076	-38.41575	5.4372916	-32.353638	-47.7723	-131.37108	22.886799	-111.37097	-168.9876	107.94267	15.376794	134.42967	96.861336	974.89795	8.635719	987.71857	962.6732	1000.0	1000.0	263999	149.63094	16.968456	183.35138	65.708855	149.6307	16.969675	181.37422	64.47142	-6.989706	2.0097418	16.709873	-20.51055	92.38457	6.2911363	21502.80005478859
67	994.1417	7.436446	1011.09717	986.35583	156.6282	36.643715	204.15987	101.13505	-37.065018	7.634223	-27.394459	-51.29514	-156.28566	18.416027	-131.40114	-175.45879	78.48537	29.625156	117.94236	35.434475	975.6092	10.494074	997.39996	960.70825	1000.0	1000.0	267999	150.04791	16.99175	185.59802	57.7498	150.04776	16.993374	181.12532	65.04136	-6.9949656	1.9943119	27.397297	-20.745827	93.16245	6.259595	21793.935632944107
68	826.74365	24.77197	876.5864	786.1328	162.2938	57.65896	235.70581	77.07549	-142.0964	18.198408	-118.30464	-174.20517	-78.606926	89.184616	61.85075	-184.83942	122.990326	40.813225	193.0446	92.76316	755.6955	23.861975	811.20154	725.74603	1000.0	1000.0	271999	150.25703	17.128502	183.8523	63.736984	150.25697	17.128662	185.3754	63.219204	-6.92061	2.0102975	18.194237	-18.894043	90.37507	6.267205	22126.795476436615
69	930.11786	47.937252	1024.836	875.4517	200.4172	34.453815	256.58344	165.31969	-7.215266	25.3411	27.244734	-42.585506	-82.03729	39.435604	-30.246803	-139.3918	159.39856	39.843155	222.3571	111.825264	926.51013	52.42226	1016.1446	858.61707	1000.0	1000.0	275999	150.77928	17.349972	182.32216	60.9793	150.77963	17.349716	181.77504	64.564804	-6.8430567	2.0627937	27.109144	-18.82164	88.92325	6.321964	22475.561970472336
70	979.1906	2.273803	983.6104	974.2535	170.72897	23.19144	210.15384	151.04642	-46.381485	5.2506294	-35.7421	-53.96852	-124.003624	50.84394	-74.64279	-208.06741	108.72716	12.104884	126.25378	92.29973	955.9998	1.594186	959.09204	953.8021	1000.0	1000.0	279999	151.19325	17.444757	183.64232	66.77153	151.19315	17.446236	185.11208	65.3821	-6.9867764	2.0010922	26.545853	-19.195324	95.53491	6.1936564	22787.158309936523
71	987.5921	4.0175304	995.61383	982.55493	160.78378	19.52784	182.12477	135.03288	-57.2281	8.797787	-34.373554	-68.187126	-184.06454	38.945988	-133.08974	-229.39119	68.75151	38.379128	110.53421	20.337284	958.97815	6.9967175	972.3728	950.8747	1000.0	1000.0	283999	151.38094	17.428373	183.33655	58.30321	151.38098	17.427757	182.00188	64.13979	-6.988495	1.9971004	19.105545	-19.630188	94.33551	6.2258554	23108.82339811325
72	952.2904	3.8479993	955.6187	943.6177	170.78458	39.23306	214.9433	128.24512	-47.219444	3.7502816	-37.51985	-52.149925	-183.17451	46.959187	-127.639114	-249.65729	79.19731	61.309013	151.12375	10.533993	928.68066	4.7374077	936.49664	920.53326	1000.0	1000.0	287999	151.59515	17.514084	187.56683	63.50074	151.59502	17.514702	185.75792	63.62182	-6.9364486	2.003487	21.25553	-19.860909	92.05155	6.430675	23462.511260032654
73	943.52637	24.861324	978.9251	898.07104	204.88452	34.015213	255.64452	168.52243	6.211491	39.249767	75.10571	-61.595848	-167.5755	23.422161	-138.015	-195.40254	121.09676	25.194916	163.17172	99.51493	946.6322	19.544962	967.4684	897.889	1000.0	1000.0	291999	151.86542	17.685286	187.37839	60.919163	151.86559	17.686567	183.55424	59.687782	-6.927354	2.0287955	29.436205	-18.727655	92.73172	6.429341	23794.33913874626
74	974.01874	6.220725	985.0691	967.0681	178.75754	27.513878	217.20654	141.25993	-56.6464	3.9994316	-51.631145	-66.32664	-224.42157	34.655388	-168.12968	-259.84375	66.54675	40.6439	133.1417	28.34151	945.6956	6.232689	958.5836	938.67834	1000.0	1000.0	295999	152.18835	17.602758	187.02681	61.61532	152.18832	17.603064	184.06122	64.98583	-6.921997	2.0389671	16.62641	-19.713043	93.32249	6.3648796	24092.91299724579
75	916.0495	30.365997	950.7943	862.4992	191.03973	54.731552	249.08792	101.052864	-17.326	28.577717	43.44536	-51.360237	-146.11052	71.48588	-75.68467	-250.47144	117.98448	46.68852	166.40334	63.21053	907.3864	26.454002	942.3517	872.35077	1000.0	1000.0	299999	152.56335	17.648691	184.48961	64.7781	152.56331	17.649477	184.37724	62.238525	-6.8510857	2.051245	41.800285	-19.25315	90.20055	6.372545	24425.317194223404
76	900.9879	20.334438	933.5364	855.4656	160.25703	35.07118	193.4795	101.57555	-80.923294	8.691037	-71.29114	-100.14127	-218.02383	24.841873	-183.87343	-242.1178	51.24511	40.643814	76.1193	-19.10977	860.52625	22.313454	896.4654	813.7034	1000.0	1000.0	303999	153.07246	17.807827	187.3419	62.60149	153.07243	17.808577	185.94794	65.59109	-6.852916	2.0369337	28.085577	-19.729706	88.844826	6.3185263	24811.851157426834
77	966.5457	8.451319	976.2245	951.3443	140.86371	43.3789	189.08086	75.36969	-47.54873	5.586826	-36.94071	-59.539684	-231.9167	39.975876	-179.55162	-290.35718	24.905367	37.65771	69.439964	-33.86842	942.7712	10.326376	956.8407	926.42	1000.0	1000.0	307999	153.60248	17.848621	185.22626	58.995037	153.60263	17.84932	184.15633	60.903126	-6.81229	2.0620272	17.67036	-18.3476	90.80626	6.2816358	25144.166085243225
78	974.1283	6.5555253	983.7039	957.86255	176.11147	41.26028	233.01682	134.84825	-44.046883	8.3553295	-27.148163	-55.54393	-235.06009	30.610254	-211.65112	-286.9022	58.581417	49.674507	118.91835	-8.602844	952.105	5.4308524	960.9298	944.15955	1000.0	1000.0	311999	154.09138	17.895208	187.72609	60.122616	154.09122	17.896519	184.22469	61.26832	-6.846773	2.0570693	25.56574	-18.300287	96.105064	6.357388	25465.021142959595
79	938.0837	30.321144	972.8326	862.06647	198.27441	70.75669	320.54593	153.24464	-75.08879	12.672129	-57.026627	-101.92635	-200.90054	62.69085	-147.24396	-307.44196	97.82414	80.58985	229.92441	11.62875	900.53925	34.04141	940.11115	820.5926	1000.0	1000.0	315999	154.4788	18.015778	184.51772	62.79004	154.4786	18.016987	182.96616	62.73828	-6.774821	2.0826874	22.393614	-18.702972	91.296906	6.325776	25847.02508664131
80	998.46857	31.256102	1030.4109	910.96466	104.67557	63.432854	197.82811	37.150776	5.8360543	8.579699	18.46433	-7.5522127	-158.47517	36.77734	-106.294205	-209.95303	25.437984	73.839485	120.57171	-48.678303	1001.38654	29.380188	1034.9006	920.1968	1000.0	1000.0	319999	155.1126	18.106695	188.69229	61.711567	155.11264	18.10775	184.16464	63.107353	-6.7606244	2.0632472	24.70399	-20.337942	90.38487	6.1752295	26202.462332248688
81	845.13904	10.854932	872.52606	831.20715	156.94138	94.04729	318.0382	80.61405	-104.02373	18.755106	-73.22347	-133.74083	-167.59549	61.053333	-81.74637	-240.31322	73.14362	73.37017	197.88159	8.950884	793.12714	11.889447	813.64435	778.92834	1000.0	1000.0	323999	155.67657	18.25347	187.12396	59.143604	155.67644	18.254333	186.278	60.621365	-6.679267	2.0892694	23.191555	-20.841795	88.25096	6.368216	26524.90304017067
82	970.0596	12.223823	989.8066	945.036	150.95589	38.491837	202.972	107.3744	-73.10545	14.639603	-30.944136	-82.967094	-258.6828	18.692024	-238.07936	-287.829	21.614489	40.346687	83.93233	-23.13047	933.50684	9.5340605	954.60345	919.9171	1000.0	1000.0	327999	156.47714	18.30975	186.95526	63.763424	156.477	18.311628	187.43866	63.074768	-6.6955614	2.0989199	22.461872	-19.408773	91.24283	6.415252	26838.33173584938
83	942.64014	33.817043	986.9449	857.39667	186.54015	49.259068	218.55067	101.45268	-73.65104	12.421582	-55.892845	-104.37481	-245.27393	31.027372	-196.3202	-272.44473	63.903175	59.043026	118.96154	-34.366486	905.81476	34.20464	956.4467	829.45026	1000.0	1000.0	331999	156.84361	18.324017	188.29631	61.618317	156.84355	18.325294	189.59407	62.65945	-6.7739444	2.046749	16.11816	-19.08791	93.10321	6.417549	27146.39983510971
84	897.9374	67.347534	968.81616	766.7357	130.82175	16.47409	147.11317	103.537285	-15.780887	26.089422	8.785124	-84.34041	-210.53937	46.52234	-171.9803	-289.1091	25.552067	22.623707	48.77858	2.5586338	890.0469	75.82982	959.4273	724.5655	1000.0	1000.0	335999	157.27652	18.360056	186.82109	62.621265	157.27644	18.36112	189.43648	61.112644	-6.6925125	2.081782	16.45184	-18.95277	85.04757	6.550836	27450.63452744484
85	847.11975	39.352238	909.855	799.0953	186.25037	11.3404255	199.14656	168.24184	-67.74716	8.761236	-58.09907	-83.867294	-224.93842	14.774053	-209.60176	-248.79672	73.78114	10.88615	86.79687	59.91393	813.2462	43.17746	880.8054	757.1616	1000.0	1000.0	339999	157.65648	18.554111	188.32936	58.816685	157.65652	18.554222	188.8071	60.71938	-6.66024	2.086512	18.122103	-20.211658	83.81597	6.268773	27745.999940156937
86	876.21594	22.553244	920.88153	837.11395	141.17932	11.774998	154.51447	125.89573	-77.81564	4.3149714	-71.1946	-84.90146	-208.18346	54.590714	-127.11263	-277.63974	37.087593	37.2117	90.95815	-5.071367	837.3081	23.968073	885.2842	795.1601	1000.0	1000.0	343999	158.3593	18.562239	191.22543	62.093533	158.35895	18.565012	191.37206	61.55579	-6.6339536	2.0782356	25.253654	-18.43354	85.063255	6.341489	28056.214396238327
87	948.91223	34.11186	986.7467	894.58026	156.59431	30.572361	195.66261	118.64995	-69.16995	12.453425	-59.140266	-105.39707	-227.50073	55.19803	-187.41135	-322.6748	42.84396	31.897943	94.90372	14.341065	914.32715	38.330246	955.2859	841.8818	1000.0	1000.0	347999	158.93774	18.594439	189.86371	61.959106	158.93791	18.59503	188.42622	61.019543	-6.676188	2.0588799	21.120117	-21.400173	84.693825	6.181144	28384.131880521774
88	884.8779	59.758842	949.20483	760.8923	163.12122	90.17425	318.1488	98.212204	-87.25764	11.090481	-73.73477	-112.31797	-212.2085	65.11976	-142.45921	-301.5256	57.016968	70.25652	167.38602	-25.159662	841.249	62.69119	906.23737	704.7333	1000.0	1000.0	351999	159.27135	18.651918	189.45663	62.000042	159.27116	18.652725	190.04303	61.424477	-6.7148476	2.0492723	17.330212	-19.60788	82.929855	6.2818055	28692.724942684174
89	802.77924	29.406858	861.3431	774.89197	200.31102	23.892452	224.31418	175.04457	-81.48058	18.662788	-55.89222	-113.58778	-246.3507	60.965984	-154.62762	-321.99072	77.13567	25.89475	105.80381	41.9518	762.03894	20.75729	804.5492	743.27655	1000.0	1000.0	355999	159.5689	18.847607	192.5379	63.688377	159.56894	18.84875	190.692	59.843216	-6.6692314	2.0550797	14.525684	-20.343637	82.2343	6.3489413	28993.74191570282
90	861.902	16.1124	884.2046	823.9288	116.40736	25.306952	155.25931	84.3302	-49.971756	9.364343	-37.121758	-63.313126	-212.62393	16.822344	-193.51437	-239.72481	10.09539	24.852074	51.169277	-12.426987	836.916	17.30671	860.6848	793.1184	1000.0	1000.0	359999	159.81677	18.889925	192.61766	61.41743	159.81671	18.89271	193.21576	61.503986	-6.6157074	2.0824409	11.977528	-18.817263	79.89759	6.465124	29294.61491370201
91	844.8045	18.699574	877.1347	823.222	124.191895	48.72264	182.31529	49.343678	-11.119335	12.7906065	2.876251	-34.159653	-237.25153	30.258755	-194.50165	-270.69827	5.5661335	58.749874	85.064476	-80.77887	839.24475	14.78712	863.34796	820.38837	1000.0	1000.0	363999	160.04823	19.02825	191.25162	62.21335	160.04814	19.029768	191.20636	60.65783	-6.6233983	2.0918462	18.76183	-18.299995	82.20359	6.3754706	29596.424615621567
92	846.588	13.599501	867.3097	817.42004	191.42711	57.56818	289.72345	150.35661	-85.88408	22.79089	-57.144653	-130.3342	-239.10077	41.753597	-172.71236	-277.74374	71.87671	76.60856	203.3673	11.484742	803.6459	23.22824	833.558	761.6009	1000.0	1000.0	367999	160.61623	19.076542	192.53244	60.521362	160.61615	19.078625	196.13332	59.76316	-6.611746	2.0923367	15.759707	-21.692142	78.55412	6.348506	29893.30638027191
93	773.867	10.169331	798.0712	759.56744	159.25429	35.76671	209.07918	109.61662	-235.15222	17.287722	-211.6631	-262.9406	-300.40872	38.41751	-269.0213	-363.65552	9.049923	42.271008	74.0054	-31.902727	656.2909	7.1637373	666.60095	642.1006	1000.0	1000.0	371999	161.01125	19.023771	193.08543	59.67162	161.01128	19.026213	191.35991	59.652042	-6.5763607	2.0880964	28.814428	-18.572227	74.6675	6.435109	30190.54963827133
94	979.81165	14.083529	993.2376	950.44183	200.76901	29.659985	250.56213	172.8389	-114.749344	46.489807	-54.307587	-198.44438	-301.55164	74.32445	-233.16576	-416.72647	49.993206	61.04004	133.97925	-35.524338	922.4369	35.481453	961.39984	851.2196	1000.0	1000.0	375999	160.94234	19.086407	195.42644	58.763363	160.94199	19.089592	193.23924	58.90266	-7.003438	2.0066545	13.382562	-18.22985	77.77236	6.596241	30491.348216056824
95	872.41614	108.51635	951.75085	644.12244	136.18915	66.98295	223.10005	53.853317	-129.06462	21.61958	-80.413246	-162.60118	-324.4596	116.12993	-171.44771	-469.7018	-26.040653	42.22004	24.637672	-76.02874	807.8838	102.90252	900.063	582.3105	1000.0	1000.0	379999	155.48073	19.29509	188.44032	51.636093	155.48055	19.29665	189.615	50.675205	-7.987963	1.371663	4.2032137	-20.118874	73.37318	6.940459	30796.283242940903
96	864.02325	56.98105	953.0194	780.86487	123.65048	43.667812	193.51276	73.087105	-172.1265	50.496273	-104.07136	-244.01028	-233.8768	36.774822	-189.75652	-291.0722	6.7120786	25.726421	47.976646	-21.791151	777.96	80.48981	878.501	658.85974	1000.0	1000.0	383999	149.57687	19.565802	180.19109	49.66362	149.5768	19.567324	180.81252	47.28237	-8.0509615	1.3055568	-4.6566586	-18.730677	70.448296	6.8658967	31167.180005550385
97	787.64465	41.650223	854.38214	727.40485	153.63559	35.738365	209.08412	110.193695	-5.21903	11.228944	19.841827	-21.483486	-283.02252	72.76343	-217.15204	-398.27356	12.1243305	62.22285	97.01012	-57.6325	785.0351	41.861248	851.5602	716.66315	1000.0	1000.0	387999	144.6899	19.949398	178.96269	40.274998	144.68967	19.95026	176.20174	39.369354	-8.075182	1.2931101	-4.6117134	-19.262857	67.428444	7.013586	31542.251429080963
98	851.44727	37.758266	894.95056	778.78705	96.778244	34.966385	147.06494	53.36846	1.9366009	20.113146	56.29746	-21.262638	-248.36047	85.201355	-117.24065	-352.9274	-27.401989	66.958664	88.44462	-69.09902	852.4155	43.797817	910.71484	768.15576	1000.0	1000.0	391999	141.1142	20.046457	172.65498	30.022915	141.11443	20.04653	176.25943	29.392246	-8.074662	1.2899388	-4.6539154	-20.162228	64.41023	6.9058895	31845.039173603058
99	899.7916	33.818764	943.7448	834.054	87.137146	43.761154	130.26653	22.92186	97.84508	43.827724	190.87453	57.62078	-125.947784	60.296223	-38.490402	-203.93416	24.163252	47.792946	74.716576	-52.211487	948.7142	24.502008	996.54926	920.1073	1000.0	1000.0	395999	138.10413	20.373531	170.72382	29.700418	138.10402	20.372206	172.87857	25.95789	-8.073919	1.2873731	-4.4528503	-18.315636	63.06271	7.102606	32146.81574821472
100	768.1007	67.76885	904.8085	698.0026	69.8573	29.131657	101.98453	27.228792	66.44767	35.121796	111.15087	1.703702	-197.53429	20.04035	-176.00961	-217.70947	-28.909843	34.34973	13.979719	-81.46218	801.3245	52.55198	906.9186	747.6957	1000.0	1000.0	399999	135.62013	20.580467	169.17036	32.275185	135.6201	20.580166	169.6129	29.531837	-8.065646	1.2856348	-4.5471616	-20.083902	58.61776	7.0188603	32447.062945604324
101	782.4316	12.473389	808.55493	760.2684	67.562294	56.155884	158.95236	8.858418	32.5646	63.13328	174.19661	-50.83182	-233.61763	57.618908	-174.18936	-328.90704	-49.24652	72.579605	49.34266	-155.5951	798.71387	41.935314	895.65326	745.2555	1000.0	1000.0	403999	133.55356	20.806334	165.33797	29.146877	133.55368	20.805506	167.29994	20.263199	-8.069354	1.2812932	-4.343669	-18.629126	58.558937	7.053563	32749.4282913208
102	803.4115	49.36529	888.25305	734.85077	62.69923	29.914328	113.00224	36.940544	-14.588808	26.506733	37.921738	-54.86634	-73.20924	44.41757	-20.63702	-143.62404	26.094606	10.093368	41.19022	12.930103	796.11707	60.087734	903.5681	723.63794	1000.0	1000.0	407999	132.09866	20.97321	165.41052	20.143463	132.09872	20.97337	163.06888	23.308754	-8.086741	1.2715251	-4.717168	-19.610521	55.695858	6.996751	33056.10398936272
103	547.12634	141.49686	860.20685	405.02917	106.96966	75.257095	203.51323	-6.375111	-89.1336	30.83852	-39.81946	-138.05208	-144.22925	91.90202	-37.299355	-290.3944	34.855026	112.60541	136.01164	-151.57233	502.5595	154.84073	840.2971	353.8708	1000.0	1000.0	411999	130.92026	21.109468	163.36101	20.672901	130.92041	21.108383	163.26474	18.18782	-8.084138	1.274804	-4.7220964	-18.458647	52.460506	6.990878	33369.99556064606
104	635.07385	68.17555	788.7252	574.5869	105.35005	23.754778	144.47298	80.481255	-158.46402	32.991486	-87.17469	-197.06757	-250.87619	66.260704	-136.86212	-300.94113	-20.088043	28.657906	12.050192	-54.05142	555.84186	83.13592	745.1379	478.54462	1000.0	1000.0	415999	129.94653	21.232063	169.13535	19.519762	129.9464	21.232307	160.79309	16.352953	-8.060234	1.2778149	-4.484096	-18.715153	53.40352	7.0135493	33705.91348147392
105	828.53577	58.29281	953.3599	747.6813	114.90857	72.7912	190.04291	6.2839894	-107.081116	37.54869	-12.721521	-161.01935	-350.5227	139.85632	-207.22539	-567.7549	-60.35279	35.78838	-16.381985	-97.328705	774.99524	75.99464	946.99915	680.5252	1000.0	1000.0	419999	129.35608	21.254845	161.89952	16.399757	129.35596	21.254448	161.65504	13.785811	-8.082431	1.278699	-4.432972	-19.259975	50.062435	6.947428	34025.66469359398
106	871.0099	68.46805	947.103	688.7964	77.03365	110.88236	265.94278	-18.094889	-1.336022	30.28709	56.802597	-71.963165	-228.07622	51.282196	-177.84036	-311.7286	-37.004463	125.51028	177.02258	-131.19305	870.3418	78.83336	945.99945	652.8148	1000.0	1000.0	423999	128.72987	21.25547	167.78363	18.184244	128.73016	21.25378	161.4459	17.225117	-8.067792	1.2758057	-4.5638585	-20.520521	51.767387	7.0415354	34327.66477203369
107	702.94116	87.26336	934.1341	588.80646	111.54758	39.26585	166.72893	55.673252	-70.845276	16.887053	-42.120045	-96.185165	-331.9723	93.177216	-187.28624	-414.96872	-54.43857	82.811485	73.08581	-151.81111	667.51855	93.24068	913.07404	545.099	1000.0	1000.0	427999	128.26295	21.404835	161.98607	8.529595	128.26317	21.40351	161.04958	11.318525	-8.048299	1.2759444	-4.7149224	-19.563126	50.629593	7.0704737	34635.9810423851
108	902.3983	39.92431	941.4716	827.21265	87.13982	45.907547	151.18643	22.957245	-14.685069	8.889871	-4.225247	-28.663988	-362.96408	24.82471	-322.03494	-388.78693	-94.34223	57.80833	-9.831047	-171.43622	895.05566	44.082397	935.4727	813.0561	1000.0	1000.0	431999	127.86684	21.596651	160.91483	13.106422	127.86677	21.59678	158.9286	12.534212	-8.059445	1.276955	-4.6427975	-17.948364	54.128334	7.1792707	34949.08135867119
109	831.60077	48.56181	955.3729	762.61194	129.41695	73.7251	232.26843	43.44311	43.394463	30.579002	78.72241	-16.751667	-329.32465	58.107567	-244.69101	-408.6817	-35.24538	90.506546	68.275696	-125.960884	853.298	36.955666	946.9971	796.0172	1000.0	1000.0	435999	127.58289	21.696318	163.01047	15.610523	127.58319	21.694979	160.7413	15.010322	-8.059575	1.2772386	-4.555639	-18.54812	55.685574	7.0160637	35325.542744636536
110	907.6559	30.709034	946.79504	854.6301	134.2767	38.044765	198.77042	102.714096	6.941581	12.053861	27.618439	-9.955791	-282.87347	36.725445	-221.54419	-317.39682	-7.160021	55.47158	87.99833	-47.660408	911.1268	29.852243	953.6136	861.5052	1000.0	1000.0	439999	127.50877	21.680298	164.75568	13.68964	127.50884	21.678003	158.72173	12.351803	-8.071038	1.262816	-4.9131556	-18.946346	55.917896	7.0835047	35741.55409049988
111	817.99475	41.478817	881.6381	747.26154	126.06495	20.967445	151.60823	99.78257	33.295345	49.36047	77.915	-63.27058	-312.73587	55.876884	-245.68462	-392.2545	-30.302994	18.013172	-10.813349	-55.2872	834.6424	45.37554	907.23694	773.99603	1000.0	1000.0	443999	127.60022	21.605928	162.93076	5.059285	127.60017	21.605238	164.71156	4.486789	-8.048097	1.2765534	-4.678382	-19.55495	59.5285	7.1129336	36124.22744870186
112	756.76074	68.083206	947.6667	692.66656	-30.812546	144.00403	65.38354	-279.8179	77.62213	38.631676	124.11036	-11.048572	-175.92569	38.967247	-120.2322	-225.66219	-118.7754	140.71104	-17.347301	-361.51953	795.5718	56.80055	942.1424	732.48517	1000.0	1000.0	447999	127.66009	21.528046	159.53949	8.144522	127.6604	21.527525	158.9663	10.380089	-8.040754	1.2703074	-4.959426	-19.385567	56.429184	7.0204268	36477.08595967293
113	812.34106	65.58425	895.6618	697.2639	151.81433	19.809435	181.90213	128.61935	-52.373238	26.997538	-5.705122	-112.19319	-194.34157	22.530441	-164.40523	-227.20767	54.643555	16.478428	82.96813	41.92709	786.1545	74.740395	881.81555	641.16736	1000.0	1000.0	451999	127.47468	21.727528	157.48273	5.475921	127.47454	21.72708	155.86351	4.353024	-8.00587	1.2864687	-4.699999	-19.007286	55.40159	7.187289	36824.873770952225
114	794.7776	34.22175	864.8438	746.4809	72.00027	22.662703	110.08919	50.411022	178.5251	33.641804	231.61757	123.14026	-277.45123	41.410233	-215.76938	-325.16388	-66.72535	35.390476	-22.90571	-112.17092	884.04016	24.340712	929.58527	850.2288	1000.0	1000.0	455999	127.49018	21.70266	162.71162	10.8203945	127.49032	21.702217	159.79309	9.047657	-8.040368	1.2690799	-4.453768	-19.845097	64.23597	7.1493626	37266.23700475693
115	748.12256	70.06307	850.60443	640.5336	15.669358	61.978058	117.78544	-49.515602	75.508705	88.77252	226.0995	-26.642824	-113.015335	39.199654	-48.1802	-153.44148	-40.838303	56.199238	56.331184	-77.72927	785.8769	41.635136	837.283	693.2395	1000.0	1000.0	459999	127.49125	21.889229	159.86739	6.6881576	127.49119	21.888895	160.20398	7.178676	-8.01398	1.2737991	-4.6993885	-20.514072	60.412483	7.2387853	37675.092277765274
116	911.89813	26.414698	965.3981	865.0566	54.644264	65.659325	152.21078	-17.839817	3.1354964	5.2687507	15.103742	-4.016121	-212.06754	38.291206	-153.219	-252.05983	-51.389507	67.07643	50.298637	-137.42332	913.46594	26.143702	963.8115	866.3857	1000.0	1000.0	463999	127.3786	21.93797	158.4752	14.868811	127.37853	21.936274	157.29369	14.990774	-7.9951267	1.2939062	-4.411174	-19.938206	60.335213	7.1731596	38044.744604349136
117	902.6423	26.429934	942.9503	850.7066	80.9717	21.040628	100.225105	45.41186	30.870932	21.274614	81.704285	9.533067	-193.55423	27.72931	-152.13107	-228.41638	-15.805416	11.831144	-2.1115627	-30.653673	918.0778	19.00948	954.16113	891.5587	1000.0	1000.0	467999	127.40412	21.97638	160.46487	17.374708	127.40443	21.975485	159.47357	8.865101	-7.9666743	1.3006916	-4.5573964	-19.718782	61.135708	7.0850353	38410.889859199524
118	783.6256	32.6311	836.8664	744.17444	58.722225	110.04075	164.73561	-120.98558	88.62842	20.699709	110.2125	45.5979	-123.16785	67.902176	-30.044388	-221.82103	-2.8616905	86.696915	106.23339	-136.00777	827.9398	26.424774	879.7999	798.88525	1000.0	1000.0	471999	127.49721	22.02276	160.29468	8.029912	127.49699	22.022076	161.9725	5.7326193	-7.957759	1.3055174	-4.5236893	-18.050644	54.446503	7.1080585	38766.75862836838
119	801.8494	28.672064	841.1266	733.60547	183.68515	55.91082	265.483	131.57257	127.0615	29.862206	163.26958	59.073513	-162.0179	73.33527	-93.24139	-283.818	102.6762	50.710945	189.50632	63.38117	865.3802	26.212051	900.17926	808.70996	1000.0	1000.0	475999	127.5358	22.191324	161.22989	4.240723	127.53589	22.191202	158.04253	4.4905915	-7.995463	1.2856635	-4.673529	-18.540684	58.01168	7.0694695	39152.56681084633
120	732.9358	50.12565	809.6123	653.166	167.80307	44.881794	219.78506	107.81586	28.418737	27.872808	75.56215	-3.3942466	-110.65817	81.31659	16.316402	-206.88162	112.47399	34.52235	165.394	70.795815	747.14514	57.656197	821.4095	655.05975	1000.0	1000.0	479999	127.65797	22.201797	160.66203	11.177311	127.65812	22.199907	159.12085	8.696634	-7.9563007	1.302401	-4.2421083	-21.174797	60.39789	7.0952144	39607.75300526619
121	862.4451	77.78414	950.8028	701.40784	-96.38659	194.24236	57.083584	-426.25723	26.610788	39.54942	88.94909	-17.451294	-200.32227	73.32724	-100.70534	-305.9173	-196.54773	197.61916	-19.847483	-517.7143	875.7506	61.058136	942.07715	738.5619	1000.0	1000.0	483999	127.67425	22.25071	160.49345	11.784225	127.67404	22.250324	159.15382	6.7052937	-7.9536095	1.2989779	-4.64901	-19.855324	62.27065	7.369306	40153.34787321091
122	766.6462	65.212326	934.89215	677.33014	7.6654644	83.10885	108.54719	-122.39816	30.460602	38.653572	70.80832	-56.1347	-157.92351	48.393826	-94.30458	-210.528	-71.29629	73.97869	3.2831943	-186.46208	781.87646	55.57463	925.93164	711.9976	1000.0	1000.0	487999	127.54324	22.44817	161.7045	2.2957456	127.54373	22.446127	161.25475	4.556781	-7.945538	1.3012061	-4.492708	-19.853306	63.022736	7.4451094	40627.09369468689
123	800.27747	81.08579	997.44995	704.2095	113.23317	54.878334	179.80762	31.30091	-49.260124	47.400276	5.6932993	-150.41844	-234.6531	49.077507	-178.2191	-313.30304	-4.0933886	34.9334	30.391415	-57.808643	775.64746	100.16842	998.4405	629.00024	1000.0	1000.0	491999	127.55594	22.42763	161.18256	4.3583503	127.5554	22.42791	156.30597	6.9626875	-7.977441	1.2830026	-3.916174	-18.97582	62.20071	7.2712326	41083.05319929123
124	792.6245	88.06121	963.44	674.3144	157.07925	42.20754	225.80614	114.78236	-72.56256	43.071854	-32.30932	-180.52469	-288.7064	83.61091	-203.85889	-418.37466	12.726067	26.843784	53.428802	-19.966633	756.34326	101.818794	947.28534	584.05206	1000.0	1000.0	495999	127.65405	22.190617	158.53418	10.504794	127.65414	22.189232	156.54776	10.945482	-7.925811	1.3056352	-4.39034	-19.465475	60.45484	7.218652	41524.36489725113
125	904.26984	23.284945	958.79865	883.8401	149.33057	38.72173	198.6858	92.20798	37.28617	14.663373	57.583828	4.211175	-296.16772	70.83975	-196.62103	-387.47498	1.2466908	49.48664	66.488045	-72.904816	922.9129	23.853613	981.91833	898.7032	1000.0	1000.0	499999	127.64643	22.181025	158.25233	4.422467	127.64656	22.179625	159.81242	9.616794	-7.9166627	1.3126805	-4.1812134	-17.925598	59.993076	7.3182893	41931.12086892128
126	880.0856	40.87603	954.2073	799.5939	196.15842	50.960617	258.84912	117.854904	118.27162	51.371376	185.2767	47.226376	-256.98273	97.75711	-149.65297	-403.15582	67.66705	72.85258	184.02266	-7.724836	939.2213	57.173107	1024.1605	827.2731	1000.0	1000.0	503999	127.81398	22.153864	162.06125	4.435628	127.81414	22.152489	159.5935	7.510251	-7.9446645	1.2928686	-4.6897025	-19.50266	61.314228	7.249196	42383.353332042694
127	808.9262	28.26605	863.49786	769.23486	148.96484	51.98861	199.37112	77.24969	9.690023	13.688184	28.818401	-24.536966	-258.71527	70.80187	-185.50516	-354.29016	19.6072	62.217915	104.948006	-55.607136	813.77124	31.133217	871.7419	767.8233	1000.0	1000.0	507999	127.94805	22.20438	157.88348	4.4547224	127.94799	22.203653	154.8716	6.4753876	-7.9478784	1.2869483	-4.683158	-18.478172	55.8048	7.301685	42860.97452187538
128	861.89343	72.92953	972.9836	730.5991	-26.942427	229.59314	117.134026	-424.38107	-65.09456	42.318253	-18.11044	-174.46968	-324.27417	35.107594	-273.51993	-360.00613	-189.07951	238.08975	-41.512836	-601.2543	829.3462	89.845024	963.92834	643.3643	1000.0	1000.0	511999	128.11432	22.089735	159.03914	4.50132	128.11453	22.088943	157.26701	5.8920097	-7.9361677	1.2963369	-4.2800174	-18.631165	59.727688	7.1294494	43302.49946117401
129	769.7612	101.50163	953.99896	631.428	91.646034	89.370995	234.44218	-11.982045	-133.19615	71.63521	-18.238987	-244.42577	-383.98193	92.67462	-312.80356	-543.3258	-100.34494	102.75905	63.323547	-194.49638	703.16315	131.15688	944.8795	549.1283	1000.0	1000.0	515999	128.03743	22.24919	160.16676	4.5101457	128.0373	22.249653	157.65872	5.8102765	-7.9930396	1.2817837	-4.2183633	-19.62645	55.872017	7.154398	43710.403725385666
130	832.99524	48.16848	892.66595	740.9375	14.314572	156.16672	226.45537	-205.20856	-86.386284	26.870752	-40.31351	-129.5549	-364.66766	66.47236	-267.91708	-455.3842	-168.01926	188.31705	92.49684	-432.90063	789.8021	57.739723	872.5092	682.29865	1000.0	1000.0	519999	128.13768	22.204403	159.33754	7.7080054	128.13783	22.203476	161.93726	4.7760234	-7.9482126	1.2960949	-4.4891124	-18.189756	51.82974	7.0852475	44145.4473631382
131	870.65106	35.07848	929.5521	798.0906	187.43945	59.9641	258.8451	112.132866	28.375036	14.675275	46.143032	-1.837925	-197.45035	50.705673	-166.71146	-285.2468	88.71427	80.55679	175.03458	-30.490532	884.83856	37.408207	944.6904	802.1888	1000.0	1000.0	523999	128.18703	22.249153	160.43948	6.7681274	128.18703	22.249279	157.23528	8.769556	-7.964985	1.2843229	-4.696022	-18.893661	52.497765	7.1287656	44645.50175356865
132	820.29724	34.591	864.2397	767.63696	195.97	25.56208	234.94699	166.48875	22.321733	29.99136	61.18097	-30.160633	-273.14316	44.46514	-226.96927	-341.357	59.398415	31.48235	93.393974	11.050323	831.458	35.50254	894.4415	784.74225	1000.0	1000.0	527999	128.47047	22.067036	156.05959	8.9549	128.47046	22.067434	159.49951	8.279968	-7.948569	1.2923412	-4.5664606	-18.022228	51.183468	7.0900097	45206.173130750656
133	889.33936	20.365007	918.4921	852.04926	215.32018	23.56834	247.46263	185.86647	59.876923	29.553453	119.01859	0.53832394	-295.27643	11.177749	-281.74277	-311.8321	67.68196	28.118242	106.59125	36.805695	919.27795	17.638931	943.9031	883.2298	1000.0	1000.0	531999	128.51935	22.088236	156.88017	6.670924	128.51933	22.087925	158.42534	5.3851185	-7.976587	1.2770774	-4.5454516	-19.839293	47.786793	7.0811954	45740.886303424835
134	873.4108	70.81444	982.92395	757.9908	154.90685	44.350357	201.54015	84.00657	-97.60972	43.121334	-4.405223	-170.78233	-276.51706	74.07579	-194.18588	-388.73807	16.6483	41.52252	83.582985	-30.461521	824.60596	79.12958	980.7213	723.8198	1000.0	1000.0	535999	128.77283	21.931759	159.17847	5.0584207	128.77295	21.931658	157.48773	7.6780367	-7.930132	1.2992324	-4.4394464	-19.724842	47.744537	7.115205	46141.9364156723
135	802.16406	74.60519	952.4453	698.1411	138.97264	57.118786	237.18057	94.979836	-14.014194	39.736176	70.42685	-56.935555	-213.56325	77.891685	-115.98975	-333.8907	32.19102	24.458992	70.23522	9.179362	795.1569	80.637505	941.95654	679.3266	1000.0	1000.0	539999	128.78976	21.989902	158.43295	4.676305	128.78995	21.98948	158.08353	4.906652	-7.9651117	1.2872792	-4.298001	-18.770689	49.910202	7.181772	46645.11888718605
136	912.4587	50.195076	965.55835	786.6218	195.51288	23.492931	235.44124	178.1621	6.4526567	15.08756	47.124622	-6.503765	-245.99382	76.71702	-133.43875	-317.40094	72.515976	36.424984	122.86546	20.162903	915.68494	43.93689	967.1587	810.18414	1000.0	1000.0	543999	129.02216	21.832624	159.47896	4.718451	129.02197	21.831915	157.31287	4.9339204	-7.8674126	1.3218209	-4.29459	-17.847134	54.267406	7.1019125	47135.102012872696
137	904.7876	40.37597	955.5553	802.15643	114.42532	84.77325	248.70183	15.622442	40.267616	81.27188	212.71101	-38.662724	-257.74973	45.552185	-193.60614	-311.62924	-14.449533	67.19865	92.88721	-81.180626	924.9214	37.183956	1006.32416	873.8441	1000.0	1000.0	547999	129.30524	21.728273	162.46002	4.7584577	129.30519	21.72904	157.76128	4.9824576	-7.8971443	1.3110762	-4.3032746	-18.859144	51.98561	7.0248213	47586.82818841934
138	879.2095	142.8985	996.6283	490.3144	112.40845	104.479675	259.9624	-7.4083734	99.13244	77.91935	256.49887	-3.502926	-249.60187	13.644556	-227.56577	-264.33008	-12.392481	99.55899	131.94333	-121.19126	928.7757	145.20476	1070.0358	531.7398	1000.0	1000.0	551999	129.49254	21.68151	160.64139	4.7836704	129.49287	21.680264	163.92888	4.9903593	-7.9264536	1.2941419	-4.322538	-18.811907	53.415	7.1505575	48027.67629599571
139	956.667	11.557635	973.33673	929.5608	118.48763	113.521416	283.8531	-36.852085	10.286882	15.56212	37.038147	-11.986685	-288.40768	52.437675	-229.07701	-372.7259	-25.716217	96.27902	97.49015	-172.14062	961.8104	10.932811	973.3298	934.3424	1000.0	1000.0	555999	129.52443	21.785269	160.4572	4.7922387	129.52455	21.784988	156.10684	5.015056	-7.910814	1.2990263	-4.4648457	-18.732578	57.7022	7.2869873	48583.43516087532
140	899.3268	42.60716	971.347	835.9824	95.24906	83.644104	225.37206	-7.446459	157.80043	76.4166	252.83759	34.53849	-206.6925	44.30787	-133.7126	-247.84206	-8.0971985	86.743706	107.67672	-131.3675	978.2269	32.81306	1038.3733	909.361	1000.0	1000.0	559999	129.66797	21.860891	156.36539	5.269693	129.66771	21.861208	156.53485	7.280121	-7.9341393	1.2880249	-4.3705072	-19.69941	52.053913	7.1778564	49052.78078174591
141	799.43427	21.925983	825.8243	756.70984	149.71298	57.494904	243.20569	93.88827	43.086185	27.58086	86.27549	2.273545	-248.37767	65.52841	-138.49391	-300.82767	25.524145	49.03481	95.29673	-35.297318	820.97736	21.135023	852.66156	789.15295	1000.0	1000.0	563999	129.74345	21.75604	158.54071	9.051865	129.74348	21.754774	156.76186	5.0788054	-7.9283586	1.2920665	-4.5817046	-20.440216	44.893898	7.1234727	49400.22250199318
142	854.4163	23.029997	903.64825	824.16595	205.82837	52.671	294.55695	161.71864	-24.809927	9.957393	-7.5240207	-46.470707	-148.32243	70.70786	-68.841484	-248.98825	131.66714	82.74704	260.1362	47.127594	842.01135	25.347197	894.392	811.14514	1000.0	1000.0	567999	129.67694	21.738487	157.67625	4.886247	129.67708	21.739119	159.40137	8.525402	-7.9009256	1.3001441	-4.046939	-20.877163	43.282944	7.3101883	49782.11620974541
143	808.38794	49.629932	947.0228	750.0025	150.76326	15.712484	173.48456	135.3488	68.434616	47.39029	182.76653	21.072678	-184.81279	41.425156	-123.278534	-239.92555	58.356865	13.208982	75.29779	39.768787	842.6053	42.936127	964.898	802.0061	1000.0	1000.0	571999	129.71059	21.757042	157.84879	7.7437086	129.71082	21.755663	160.4299	5.123196	-7.894173	1.3128724	-4.327191	-19.990078	46.755882	7.2097883	50226.76519322395
144	824.59735	24.424076	873.2263	786.422	145.55443	58.37207	185.61038	44.68448	38.21464	11.58626	54.643032	12.484266	-212.8906	104.59314	-116.057526	-388.32336	39.10914	67.2846	127.58162	-34.07473	843.7048	23.810604	888.2032	809.8658	1000.0	1000.0	575999	129.73463	21.764492	158.21461	8.45901	129.73442	21.764032	159.18042	5.1502595	-7.9453363	1.283118	-4.7462044	-19.536518	47.87556	7.3663564	50588.895511865616
145	962.34485	19.82213	995.4524	927.79596	165.6275	11.754122	175.54565	145.58969	71.02902	23.180422	127.78737	36.09703	-279.74203	45.631374	-214.54485	-336.63425	25.756475	29.562836	68.27323	-6.401252	997.8594	15.093985	1022.8703	963.7623	1000.0	1000.0	579999	129.82886	21.86244	162.10254	10.583906	129.82906	21.861387	159.33556	6.9661455	-7.864224	1.3152325	-4.4274163	-20.253134	45.71104	7.3167725	50955.72225689888
146	807.0072	88.29733	913.8303	589.09503	152.39215	75.43034	253.4055	56.30869	108.681496	54.29499	218.28229	34.121	-206.79651	76.94009	-109.9712	-294.04297	48.993908	89.68681	135.62987	-90.7128	861.34796	63.24103	942.04553	698.2362	1000.0	1000.0	583999	129.94403	21.842133	155.9213	8.786759	129.9439	21.841759	158.688	6.457535	-7.8697286	1.3114283	-4.268903	-19.489176	50.873432	7.3940363	51338.10847353935
147	872.20685	68.006874	972.4204	764.6977	186.79959	32.612587	215.1378	135.22913	53.022087	47.84745	128.00652	-39.327824	-229.204	71.89242	-111.61715	-306.9062	72.197586	63.853138	158.7609	-18.223965	898.71796	70.39619	985.81885	791.3766	1000.0	1000.0	587999	130.03001	21.691713	160.54974	10.916372	130.03027	21.69034	158.8618	9.108687	-7.912448	1.2945693	-4.3050337	-23.354214	49.4347	7.114898	51754.05861878395
148	874.9329	81.56181	965.04254	712.2572	167.29874	79.03202	302.2445	100.844635	-17.746414	32.731796	11.235542	-87.67712	-216.31119	35.059498	-188.51341	-275.41708	59.14313	86.52556	206.39299	-3.960984	866.0596	94.654396	963.38904	668.41864	1000.0	1000.0	591999	130.00638	21.73625	157.29941	9.992655	130.00641	21.73617	159.02539	10.715637	-7.8597636	1.3110297	-4.2317424	-19.966972	47.716022	7.007867	52171.33778166771
149	885.6963	54.152653	952.032	784.43933	171.51788	38.582268	216.74257	112.76955	-27.967443	14.372599	-12.090683	-54.142582	-296.1713	51.662537	-214.65437	-358.12564	23.43225	52.65679	64.18093	-66.29328	871.7125	57.444847	943.42224	766.1712	1000.0	1000.0	595999	130.31935	21.619236	158.61137	12.660255	130.31924	21.618742	158.67593	9.746555	-7.896869	1.2971544	-4.213353	-19.488293	45.57	7.031442	52595.08467054367
150	935.2206	25.70078	977.5442	892.7223	34.226006	119.73417	186.80273	-120.27771	-54.63667	39.711678	-12.397419	-119.71104	-247.89069	29.505608	-221.18517	-292.43173	-89.71934	123.137825	76.16346	-230.8703	907.9022	44.06809	966.7468	835.2152	1000.0	1000.0	599999	130.4945	21.407074	162.0502	11.30912	130.49483	21.406002	158.7203	12.404917	-7.866657	1.31594	-4.20509	-18.857567	42.35685	7.114327	53023.35205221176
151	789.8353	54.64353	886.5388	696.63525	168.86234	53.767292	227.8533	99.54129	-163.16977	116.73249	1.3708586	-375.35458	-292.56436	83.40861	-191.37535	-408.86584	22.58014	59.017662	118.49557	-30.848995	708.2504	101.923935	877.7427	561.77155	1000.0	1000.0	603999	130.51787	21.214874	157.19333	11.55966	130.5179	21.214417	162.19197	10.612866	-7.9191985	1.2896364	-4.6140594	-20.584621	36.998672	7.2799015	53427.31590080261
152	834.285	45.927452	914.4505	776.0329	94.25473	24.206285	132.46642	65.581024	211.33133	73.263245	353.67432	120.50255	-207.40025	134.1543	4.960851	-354.70877	-9.445391	76.39908	89.13986	-111.77335	939.95056	50.136032	1041.9968	887.0082	1000.0	1000.0	607999	130.5687	21.159136	160.83742	13.969299	130.5686	21.159	158.06512	14.781756	-7.894928	1.3018456	-4.3958883	-19.173294	40.317703	7.144045	53816.35099887848
153	891.40576	35.93402	929.94446	818.74207	157.28345	22.188643	191.15399	136.1943	115.71018	61.67734	222.04163	26.371305	-125.80188	81.54404	12.772999	-194.5355	94.3825	38.068005	145.11996	50.45357	949.26086	24.913544	1003.3737	914.2606	1000.0	1000.0	611999	130.67664	21.107437	159.07018	13.636179	130.67686	21.106672	164.26932	9.187732	-7.873586	1.3126005	-4.3026524	-19.592999	41.97599	7.0086718	54247.48778605461
154	885.03406	17.591688	906.3911	841.42737	197.24704	36.16632	225.11246	135.18178	-1.5474842	18.603622	38.088253	-27.099762	-155.85052	63.966866	-75.66803	-222.01967	119.321785	58.77393	173.46205	24.171946	884.2604	11.3929	898.40076	860.4715	1000.0	1000.0	615999	131.03656	20.980108	157.75002	15.876813	131.0366	20.978851	159.08295	12.43552	-7.856122	1.3069192	-4.0875826	-18.413246	38.65622	7.0095077	54683.56043624878
155	805.24963	78.23847	924.2025	669.58466	184.09895	72.70293	294.8214	106.191795	37.101036	31.86628	106.94266	-2.6998937	-227.6138	48.105247	-166.19153	-290.1427	70.29207	75.33275	167.26758	-38.879555	823.8002	69.37629	922.8526	712.2616	1000.0	1000.0	619999	131.12715	20.96097	159.58911	16.238098	131.12727	20.961346	162.42429	11.757866	-7.889065	1.2944349	-4.437833	-19.248707	45.932446	7.148197	55096.50619649887
156	880.3494	60.878666	983.8627	801.82697	198.68391	33.400204	246.58443	152.94614	31.522152	33.87928	83.79456	-5.6195006	-229.96289	66.61565	-120.40072	-300.41937	83.70246	29.524906	123.32513	41.328484	896.1105	51.369034	985.11584	828.0033	1000.0	1000.0	623999	131.11063	20.989134	159.00092	10.405	131.11053	20.988514	158.60806	8.038146	-7.8665314	1.3087213	-4.0348597	-18.394367	42.02918	7.09013	55452.837951898575
157	854.72327	41.130997	903.14343	794.7743	140.88358	91.04477	274.78387	17.983187	-68.79854	27.463638	-34.75375	-126.761154	-257.74188	17.241333	-232.3143	-280.90753	12.012644	94.83967	144.7065	-122.47058	820.32404	49.631596	884.8023	731.39374	1000.0	1000.0	627999	131.35805	20.860147	158.98306	9.20604	131.35817	20.8585	162.90031	9.197818	-7.8282413	1.3159074	-4.2002873	-18.600445	38.457577	7.1635046	55812.24498772621
158	924.5802	29.929583	973.274	873.15015	200.95145	88.46609	328.55295	84.88522	21.107174	29.753304	76.44158	-17.912138	-237.78818	28.160242	-193.03455	-270.99008	82.057365	95.328186	206.71864	-50.60982	935.13367	28.645487	976.35077	877.3739	1000.0	1000.0	631999	131.49258	20.83003	159.48001	16.722443	131.49278	20.828693	159.19872	15.025057	-7.860803	1.299116	-4.7059183	-19.390018	36.578213	7.197525	56177.32391810417
159	966.83093	22.889565	1002.74835	925.26544	197.34882	72.12385	282.93704	84.40815	-22.558773	22.907232	3.8876445	-58.19909	-227.02603	56.92363	-138.6925	-283.49063	83.8358	48.786613	141.19173	15.061901	955.55145	32.941044	1002.142	896.1659	1000.0	1000.0	635999	131.66422	20.75875	158.70647	17.808065	131.66415	20.758482	163.14745	18.22675	-7.838599	1.3211118	-4.429762	-18.546515	41.31944	6.9863214	56571.51440119743
160	794.3556	64.743355	888.6677	671.652	152.583	70.82252	235.72057	58.700798	200.86198	76.89408	318.45615	96.89941	-265.04227	78.775215	-167.50911	-386.07626	20.061861	93.26166	102.14602	-134.33733	894.7866	31.154224	937.11743	830.88	1000.0	1000.0	639999	131.71146	20.808514	157.66486	11.728737	131.71149	20.808018	160.79836	18.985798	-7.8433714	1.3056905	-4.2963943	-18.031822	38.27677	7.1431694	56928.52389550209
161	741.5756	41.20838	855.65106	703.3841	171.129	19.468565	191.81969	142.95807	20.351551	30.60806	72.16126	-37.08885	-208.98912	143.71187	-19.674585	-419.95517	66.63443	72.38259	176.57343	-18.15789	751.7515	49.05619	891.7317	711.407	1000.0	1000.0	643999	131.86813	20.763584	164.44	12.1848955	131.86836	20.763033	168.18352	13.163412	-7.815515	1.3147645	-4.0781517	-18.618837	37.162178	7.055321	57347.347036123276
162	903.474	71.266426	984.5183	743.6089	102.91144	67.39775	167.5368	-2.7828698	40.27715	67.310265	149.20041	-25.285275	-191.36136	80.3223	-61.83636	-280.3343	7.230752	93.8297	123.982254	-114.63835	923.6125	51.084095	983.7201	808.7243	1000.0	1000.0	647999	132.07979	20.609312	165.27809	6.5628805	132.07993	20.608498	163.63724	8.276514	-7.815149	1.3268559	-3.9154549	-21.13726	35.749897	7.069496	57799.73075914383
163	875.5726	37.04115	948.2262	822.24066	161.35526	54.809982	235.00491	106.725845	11.626932	23.99106	44.5958	-26.580431	-200.83907	55.09773	-134.45749	-271.31763	60.935734	80.14576	154.18684	-28.932972	881.38605	38.663418	955.4623	813.7004	1000.0	1000.0	651999	132.0691	20.60719	161.37106	7.5654936	132.0691	20.605997	162.0619	5.758861	-7.857204	1.3077517	-4.5853996	-20.572119	33.376	7.0220246	58264.33302283287
164	893.06494	48.236473	973.7936	791.962	196.22421	86.25236	341.77124	129.20403	-86.45111	37.684837	-10.29538	-139.5473	-180.89084	69.18842	-77.95667	-263.33212	105.778786	119.225975	302.7929	2.9452076	849.83936	65.63731	968.6459	722.18835	1000.0	1000.0	655999	132.1731	20.502869	164.90771	22.16901	132.1732	20.501045	172.67538	21.913944	-7.856396	1.3032316	-4.4448476	-19.467066	31.222132	7.058528	58656.00309371948
165	822.01794	62.942738	908.5099	732.3737	137.95938	45.23715	185.42352	69.601006	10.2289915	27.975325	68.71656	-31.633528	-350.2964	54.3992	-259.87088	-394.9205	-37.18881	57.32444	41.292133	-108.19326	827.13245	74.96265	929.84186	723.2217	1000.0	1000.0	659999	132.18475	20.574026	161.01463	13.017261	132.18484	20.573805	162.89764	7.856882	-7.86147	1.3090956	-3.7395644	-20.63612	29.57472	7.0116954	59068.671879291534
166	831.50574	17.676739	855.852	795.10693	188.75166	78.63072	276.7273	72.87887	-34.109077	19.504288	-16.277483	-86.22438	-247.07591	35.30245	-208.1361	-302.6264	65.21372	63.103115	125.4141	-31.189182	814.4512	22.340948	847.71326	780.8279	1000.0	1000.0	663999	132.2874	20.508963	161.97476	13.773096	132.28726	20.508715	161.38449	13.800148	-7.844933	1.3064321	-4.529217	-19.081394	28.147081	6.993923	59503.2628569603
167	851.8924	21.014868	874.7037	807.43933	233.91402	57.800446	316.79324	157.49005	167.47899	14.105993	190.89418	147.00237	-178.36017	28.350866	-135.94022	-215.23767	144.73395	60.883392	223.98244	69.16947	935.63184	21.541174	963.59436	888.37714	1000.0	1000.0	667999	132.37846	20.519535	163.5914	13.454201	132.3787	20.518673	162.63446	13.706192	-7.832895	1.3147916	-4.4750037	-21.137112	29.304777	7.0721483	59913.43470168114
168	856.2459	18.2166	882.808	832.3047	175.03569	29.210327	222.19885	145.41327	70.01134	75.88035	225.56596	0.20360012	-194.02422	82.491394	-86.04506	-310.38815	78.02358	22.451042	102.39075	46.733006	891.2516	31.146059	946.2469	839.5689	1000.0	1000.0	671999	132.4612	20.39801	159.88013	17.695576	132.46114	20.398245	161.97633	13.603194	-7.789762	1.321651	-4.2156363	-19.753502	31.351852	6.952128	60331.69528269768
169	783.0689	62.004528	884.83344	671.7319	177.18909	5.970011	186.44884	170.20363	-44.066494	27.31682	13.309357	-79.88097	-291.36432	69.08291	-206.04681	-389.33392	31.506939	35.839317	71.379555	-24.463322	761.03564	58.767822	861.8164	678.3866	1000.0	1000.0	675999	132.58894	20.224388	161.85327	17.580023	132.58913	20.222666	160.75089	15.2506895	-7.8489137	1.2974916	-4.5999637	-21.800161	33.500942	7.0177774	60783.961550951004
170	599.7246	75.290535	710.06244	490.90213	189.81685	21.653278	218.46431	159.46579	-88.17178	27.446032	-54.213352	-146.7915	-258.64743	64.625244	-186.87537	-330.2506	60.49314	37.102234	117.4432	17.414902	555.6387	85.764854	680.95105	426.04257	1000.0	1000.0	679999	132.61723	20.261871	162.77013	14.929387	132.61734	20.260479	159.81827	10.279057	-7.839425	1.3051518	-4.5137753	-17.848747	33.62703	7.094465	61300.827882528305
171	745.2997	47.191467	868.2737	702.0859	217.63774	28.53514	257.99344	177.46388	-144.37442	48.782825	-25.420858	-209.78998	-400.8027	75.7539	-285.05362	-470.15945	17.236387	63.69228	115.46664	-57.615845	673.1124	67.31292	855.5633	597.1909	1000.0	1000.0	683999	132.69807	20.306448	164.95746	18.687233	132.69817	20.306112	165.25829	15.503235	-7.846391	1.301936	-4.5975046	-20.860477	30.027523	6.9440694	61739.57649517059
172	850.8122	38.01439	913.223	790.169	169.69609	37.943943	230.21037	131.01393	26.71203	31.149704	77.96919	-17.728693	-321.21036	112.16795	-168.71365	-477.27808	9.090913	83.59695	88.8958	-107.6251	864.16815	43.164642	933.25793	792.0137	1000.0	1000.0	687999	132.78697	20.221264	166.40028	14.466535	132.78699	20.220322	164.19792	13.724363	-7.8124156	1.3163524	-4.318163	-21.127914	31.938019	6.90066	62114.692836761475
173	757.31793	35.956985	834.0414	712.74927	171.37453	112.581184	320.14	3.5795214	16.152332	64.60278	187.10173	-44.15771	-263.68262	76.27312	-138.57138	-329.7937	39.53323	92.12422	187.27072	-65.70617	765.39404	52.79971	886.6474	700.6448	1000.0	1000.0	691999	132.91475	20.09327	160.8112	20.838747	132.91501	20.091469	163.47395	16.752026	-7.801411	1.3261817	-3.5125465	-21.06089	27.516266	6.898115	62475.14660406113
174	937.7003	17.76091	973.19684	917.14307	192.27919	30.325111	225.97284	144.53883	5.9881873	9.352837	15.734731	-10.377823	-329.78442	55.890102	-280.46442	-421.73407	27.386982	47.461502	81.08528	-20.658188	940.69434	20.356354	978.6076	915.9819	1000.0	1000.0	695999	133.03555	20.016111	162.15764	17.392456	133.03584	20.01518	165.08978	16.48046	-7.834849	1.3057009	-4.39319	-18.341854	30.770628	7.1476307	62833.335513591766
175	804.4724	40.58523	861.1044	746.4652	169.04501	55.277996	231.27441	93.55175	4.375501	74.33976	118.63553	-108.672844	-403.87857	59.32441	-351.32944	-504.05954	-32.894264	45.25918	25.707994	-100.74437	806.66016	74.24218	902.0847	704.12274	1000.0	1000.0	699999	133.07915	19.96397	160.06221	17.37017	133.07924	19.963173	162.40674	17.381416	-7.790152	1.3300483	-4.049079	-19.067652	26.4448	7.042725	63243.40148806572
176	886.2357	23.531624	928.35583	840.99634	264.0221	76.11071	381.87598	180.93413	182.3604	23.24318	220.05695	144.89885	-160.17934	50.45799	-92.18612	-232.59312	183.93242	90.816154	335.7829	95.7505	977.4159	18.02611	1009.68005	951.02484	1000.0	1000.0	703999	133.09492	20.034101	161.14455	22.183968	133.09511	20.03263	163.5831	15.962007	-7.791249	1.3199099	-4.265166	-19.227074	17.583864	6.9791408	63691.41930246353
177	887.6986	23.747389	920.8281	831.48706	258.36545	21.40317	280.8722	228.45502	108.06964	22.503845	144.47679	65.27855	-212.89362	51.520046	-130.95543	-270.50754	151.91864	23.47792	174.34633	112.6046	941.7336	16.877426	964.2636	903.7254	1000.0	1000.0	707999	133.13052	20.023207	161.45639	15.397354	133.1306	20.022179	163.03056	11.701057	-7.78694	1.3237717	-4.1804714	-19.41589	14.028475	7.016958	64048.390916109085
178	882.99286	23.41596	921.7894	833.87744	222.83551	81.75527	298.9448	85.00633	-13.81991	23.119268	45.490112	-39.0679	-195.27594	76.07011	-67.876915	-261.42813	125.19754	104.78982	224.3133	-45.707733	876.0829	24.410631	908.3694	826.62946	1000.0	1000.0	711999	133.09033	20.078749	162.86185	7.704989	133.09029	20.078323	160.8581	20.599735	-7.7689986	1.3219078	-4.427548	-18.188911	22.54009	7.1757264	64430.00677061081
179	862.48224	40.03325	920.08075	785.0211	202.27005	42.480034	236.7015	131.26692	-231.97835	37.475563	-162.51317	-283.41864	-351.87457	163.73326	-182.25241	-603.4262	26.332756	64.86666	116.731255	-65.0116	746.49304	56.495506	838.82416	648.4107	1000.0	1000.0	715999	133.26677	19.966476	161.18953	16.548618	133.26683	19.966076	163.91219	19.614328	-7.777889	1.3199694	-4.3571777	-19.5718	15.727364	7.015654	64840.55623006821
180	794.3061	30.995073	843.8033	738.76263	235.49373	14.277061	253.0732	213.35403	-45.234474	72.18367	46.091774	-176.88487	-231.15869	52.471424	-140.78185	-269.99887	119.91439	31.387821	169.07648	85.91851	771.68884	48.04306	859.9316	694.51196	1000.0	1000.0	719999	133.25887	20.004826	166.40947	16.726498	133.25899	20.003359	175.5346	20.65847	-7.769772	1.3255541	-4.429494	-19.527641	11.706082	6.9333067	65281.68591046333
181	876.8932	60.922226	987.5689	785.4628	245.79999	22.56385	283.5439	224.55942	8.967314	15.094509	43.702976	-14.474618	-255.45158	78.38892	-161.06352	-336.5022	118.0742	37.184658	160.52112	59.93582	881.37683	60.18328	992.00726	795.65686	1000.0	1000.0	723999	133.25787	20.05734	160.15839	25.127396	133.25809	20.05555	160.99243	26.122353	-7.7786674	1.3161211	-4.483247	-21.15616	15.255678	6.9926515	65734.32245516777
182	863.2835	46.320255	945.4757	775.0943	189.46545	54.24667	257.0671	115.43816	192.82266	75.57942	338.14142	107.93618	-149.84544	55.0695	-88.74219	-209.88966	114.542755	28.998335	152.1223	71.06707	959.6948	39.19719	1006.80524	893.8651	1000.0	1000.0	727999	133.31561	20.07435	163.62051	24.727995	133.31567	20.074354	165.0871	23.582136	-7.7984962	1.3156246	-4.414114	-19.76246	13.338722	7.011714	66217.90042924881
183	936.79266	32.235245	989.0248	895.1529	212.8186	19.885237	225.00993	178.38812	84.55086	56.54909	167.51424	0.6839855	-220.39767	27.446377	-176.35262	-245.73447	102.61977	29.511091	136.1585	55.520893	979.0682	12.886598	999.5628	957.5409	1000.0	1000.0	731999	133.43076	19.9644	167.02113	13.634833	133.43079	19.963087	172.2812	15.64996	-7.8030095	1.3135153	-4.512664	-19.509823	12.976174	7.0313725	66768.83134174347
184	893.7705	65.87619	967.7	778.2422	237.90967	46.03438	310.0277	189.74794	-30.240381	33.63766	9.838305	-93.320984	-215.61563	83.4194	-124.933464	-348.14078	130.10185	84.76864	247.56099	15.677543	878.65027	81.07863	971.6829	737.9474	1000.0	1000.0	735999	133.47696	20.054499	160.35538	14.419334	133.47697	20.05435	161.89061	11.615862	-7.809553	1.3079834	-4.436342	-19.7588	18.813442	7.1497717	67298.4657664299
185	870.21814	52.433598	960.12463	765.0029	169.13068	46.35322	235.92859	117.40509	-14.778841	34.069443	49.262398	-97.37781	-254.0811	52.59658	-177.5074	-325.81152	42.09012	60.350548	105.30319	-27.22843	862.8288	59.70559	950.481	752.61017	1000.0	1000.0	739999	133.38474	20.175438	159.85843	13.360313	133.3847	20.174553	161.00932	9.609352	-7.8159604	1.304128	-4.339205	-19.704346	25.287636	7.004213	67774.2837369442
186	886.1666	37.82311	953.7329	840.0995	169.8667	48.751144	252.3975	125.53377	-3.9358654	24.252876	43.77323	-43.72288	-146.75557	21.330341	-120.07426	-173.16936	96.48891	41.534595	165.81282	59.25079	884.1986	34.883408	936.8889	838.2837	1000.0	1000.0	743999	133.43323	20.1175	164.20749	11.143734	133.4334	20.116457	160.8701	12.389868	-7.7608733	1.327893	-4.0240393	-19.05524	26.549503	7.0162067	68169.42745447159
187	739.0508	196.42879	986.7051	414.30853	158.30942	72.16667	240.50772	66.4036	-42.6484	74.65505	40.492355	-231.34076	-201.17694	33.974354	-174.37347	-259.42462	57.720947	68.4389	153.32098	-27.51953	717.7265	172.78058	956.9412	434.55472	1000.0	1000.0	747999	133.41391	20.171988	160.89436	6.0891933	133.414	20.171284	166.22324	6.277051	-7.7913337	1.3182627	-4.4418945	-19.54547	20.217255	7.141333	68547.0455315113
188	968.0618	21.369268	998.4938	925.4101	182.10765	34.325035	232.80646	149.38531	-51.849285	43.59251	8.419613	-116.30788	-250.20247	72.74612	-165.39903	-351.2275	57.00641	62.538815	150.10693	-26.228437	942.1372	40.99826	997.24506	867.25616	1000.0	1000.0	751999	133.52225	20.196737	160.96721	9.458594	133.52237	20.195477	161.06566	7.2021637	-7.7841506	1.3148432	-4.4926434	-20.953218	21.270113	7.0139766	68905.23223590851
189	838.59717	95.974434	948.1511	659.29645	222.73328	54.511826	298.29782	165.24709	-86.29979	66.9454	-5.9860706	-210.1516	-347.9853	191.22083	-216.15303	-676.81134	48.740627	138.8331	186.55374	-173.15858	795.4472	103.701416	944.8409	625.4573	1000.0	1000.0	755999	133.70073	20.041517	159.7601	10.859764	133.7009	20.040533	161.77666	11.993972	-7.77706	1.3275642	-4.1360326	-19.132719	25.910978	7.0044866	69381.33812379837
190	863.21155	59.286804	1005.70886	754.7321	193.94891	48.493103	249.94133	123.62382	45.57746	28.734331	71.80897	-5.0207143	-279.05884	153.5074	-93.747665	-519.6788	54.41949	118.01877	178.96834	-136.21556	886.0003	52.410038	1004.4488	790.6366	1000.0	1000.0	759999	133.74593	19.990671	161.65402	8.025082	133.74586	19.98965	160.41867	6.32769	-7.763778	1.3304666	-4.014412	-20.51804	16.978624	7.1046047	69825.53920531273
191	845.0579	58.95696	897.2406	704.7132	172.17567	36.146893	228.53482	127.693146	56.331066	23.342262	91.50484	0.082208976	-276.9228	57.973846	-199.11365	-353.48312	33.714268	53.058117	103.5785	-24.897747	873.22345	65.970436	929.43744	704.75433	1000.0	1000.0	763999	133.87103	20.009743	163.55829	6.2003202	133.87117	20.010014	161.34377	6.939514	-7.754666	1.321789	-4.2104273	-20.063934	18.487127	7.032825	70186.27616119385
192	770.905	57.346012	857.9025	670.69794	164.71976	44.977665	233.73882	109.50969	-2.783454	25.658115	28.614685	-59.74514	-235.68993	86.81493	-139.34543	-349.3087	46.874794	62.847717	151.45071	-7.225674	769.5133	50.788918	848.3268	685.00525	1000.0	1000.0	767999	134.06738	19.892576	162.29214	6.2236476	134.06754	19.891106	162.23671	6.399726	-7.7529254	1.3190056	-4.5899825	-18.550404	18.881386	7.1756563	70575.3659582138
193	619.11725	73.90692	748.3698	499.00394	140.64642	78.7814	259.47922	48.442387	-32.000652	127.632706	170.77774	-211.15465	-182.29938	36.721535	-127.31405	-230.02544	49.496735	73.58113	144.46649	-41.641747	603.1169	59.923267	699.95935	497.33313	1000.0	1000.0	771999	133.9829	19.971096	160.63017	6.2409024	133.98306	19.969912	162.73741	6.412263	-7.759485	1.3162899	-4.5355954	-18.83706	16.470804	7.209418	71006.20465826988
194	706.6228	50.70665	801.93945	624.4269	134.65553	61.535625	214.16885	45.288586	-81.482185	59.593548	2.7655895	-180.4747	-195.982	94.84604	-65.062935	-296.08786	36.664536	46.89221	86.05421	-28.325705	665.8817	63.225822	768.6789	561.16205	1000.0	1000.0	775999	134.01617	19.922903	160.76675	6.2618313	134.0163	19.922619	165.62462	6.4255066	-7.753617	1.3192769	-4.2198343	-19.737078	14.346428	7.0652375	71500.46705341339
195	783.99884	26.099806	850.9578	763.12103	115.11781	77.73271	197.5987	-12.485978	-107.6985	65.71519	3.869319	-226.20146	-288.57687	121.15112	-183.87326	-481.12338	-29.170631	136.5403	104.458275	-253.04767	730.14954	42.077126	793.5882	655.3319	1000.0	1000.0	779999	134.047	19.90674	162.98618	7.924739	134.04723	19.90589	166.13744	6.4559693	-7.800168	1.3118477	-4.574514	-19.170109	20.157385	7.013215	71891.94771528244
196	839.3075	42.871006	913.9895	778.0514	175.42763	34.184944	234.49896	152.75034	2.1881516	11.946412	21.0493	-19.573366	-288.6856	59.563744	-191.82101	-353.45197	31.084822	39.199642	78.61772	-17.434261	840.40155	43.37687	910.5231	775.69305	1000.0	1000.0	783999	134.06845	19.908033	164.37524	9.622753	134.06837	19.906515	164.93608	10.071382	-7.7831182	1.3198951	-4.277542	-19.409489	23.076368	7.018371	72313.67521333694
197	912.1122	48.381615	991.3689	851.4116	152.84097	105.102585	303.72617	29.290894	-11.945589	40.712147	46.182816	-112.397606	-200.43565	64.28011	-108.87826	-286.9147	52.62313	122.642136	249.28703	-81.23431	906.13947	61.20851	998.47797	800.08673	1000.0	1000.0	787999	134.1149	19.947285	162.41814	7.293239	134.11497	19.945312	167.75974	7.927162	-7.7386246	1.3300985	-4.300627	-20.226883	15.862889	7.1037216	72740.59544873238
198	923.69055	73.483635	989.6871	784.92737	-18.00816	335.26035	199.64368	-597.00006	-28.40568	38.165653	15.452373	-114.76033	-295.454	45.700016	-247.34148	-356.48837	-165.73518	343.1385	75.97294	-758.1942	909.4876	91.093254	983.66754	727.5472	1000.0	1000.0	791999	134.2994	19.89609	162.78441	9.988839	134.29935	19.895264	166.106	10.480727	-7.7576294	1.3313539	-3.6804233	-20.268883	15.150203	7.0122876	73151.61103606224
199	948.71326	33.93063	995.1617	882.0485	198.71898	24.559969	231.24857	169.36476	-49.81005	47.69477	8.560116	-150.8131	-356.94983	103.38986	-200.04062	-479.2033	20.24405	47.7682	69.34446	-58.088966	923.8082	55.234608	999.4417	806.64197	1000.0	1000.0	795999	134.241	19.879341	163.9606	14.40307	134.24135	19.877493	165.03424	10.225532	-7.7362795	1.3331931	-4.2164097	-17.990421	13.930485	7.0340714	73524.0940144062
200	838.40137	69.660126	938.2242	733.29517	198.97368	40.100136	241.49178	149.38629	-154.25789	91.74566	-19.521349	-283.8596	-387.59082	202.2262	-121.27661	-635.18134	5.1782794	125.19215	180.85347	-168.20439	761.2724	113.91639	928.4635	596.39667	1000.0	1000.0	799999	134.44208	19.847353	163.43025	13.798671	134.44191	19.847458	171.13928	6.572284	-7.7023606	1.3556113	-3.592742	-18.908262	20.97877	7.1468935	73912.73980283737
