Epoch	AverageTestEnv0Ret	StdTestEnv0Ret	MaxTestEnv0Ret	MinTestEnv0Ret	AverageEnv0Ret	StdEnv0Ret	MaxEnv0Ret	MinEnv0Ret	AverageTestEnv1Ret	StdTestEnv1Ret	MaxTestEnv1Ret	MinTestEnv1Ret	AverageEnv1Ret	StdEnv1Ret	MaxEnv1Ret	MinEnv1Ret	AverageEpRet	StdEpRet	MaxEpRet	MinEpRet	AverageTestEpRet	StdTestEpRet	MaxTestEpRet	MinTestEpRet	EpLen	TestEpLen	TotalEnvInteracts	AverageQ1Vals	StdQ1Vals	MaxQ1Vals	MinQ1Vals	AverageQ2Vals	StdQ2Vals	MaxQ2Vals	MinQ2Vals	AverageLogPi	StdLogPi	MaxLogPi	MinLogPi	LossPi	LossQ	Time
1	77.97465	7.7565184	95.27553	62.18576	-337.1625	21.868643	-306.57285	-365.07767	-111.16527	1.0891191	-110.15445	-113.91123	-256.64722	61.492508	-206.23534	-359.8945	-593.8097	78.19443	-520.55176	-724.97217	-33.190624	7.7096167	-15.60265	-48.37952	1000.0	1000.0	3999	10.17641	6.465387	38.540733	-3.042554	10.176108	6.462261	38.92243	-3.3109717	-7.2655673	2.4800034	14.5888405	-18.64182	146.59299	1.3795576	631.07954621315
2	-251.73239	48.60527	-172.97942	-316.93347	-375.06073	27.960249	-339.53314	-410.39017	-225.56033	106.15936	-70.08102	-420.98914	-257.74405	87.304436	-159.70345	-357.05734	-632.8048	114.90302	-499.23657	-767.4475	-477.29272	134.18315	-243.06044	-732.4055	1000.0	1000.0	7999	40.888725	14.639799	107.89314	0.8886322	40.8902	14.633264	105.8914	1.532709	-1.1441958	4.786068	26.2095	-19.277815	526.4907	6.297138	1418.7327075004578
3	-371.9342	57.808216	-271.79324	-514.1439	-661.53894	310.5738	-295.98895	-1047.3081	-154.40015	110.277466	57.113503	-314.54114	-371.02795	80.593735	-258.6409	-472.70264	-1032.5669	326.0173	-710.8142	-1520.0107	-526.3344	145.28621	-268.9931	-828.68506	1000.0	1000.0	11999	106.18867	23.697178	188.95601	41.360107	106.18907	23.690357	188.43282	41.36508	6.609968	5.7095847	43.752182	-21.151875	1322.0835	17.051714	2231.7703444957733
4	-471.15396	47.05159	-389.1651	-531.2218	-890.77	37.491745	-834.8483	-936.00244	-420.08197	125.87169	-221.53384	-640.96783	-366.9618	78.546936	-270.37582	-481.3156	-1257.7318	109.389015	-1152.4872	-1417.318	-891.23596	113.29929	-747.586	-1109.954	1000.0	1000.0	15999	166.93616	19.59005	244.79341	104.729965	166.93507	19.584766	241.457	106.024994	6.860043	5.6506605	39.04323	-19.763052	2034.088	24.4421	3077.8181676864624
5	-1191.8456	250.24979	-926.8959	-1821.1832	-985.3947	89.52782	-901.49774	-1131.573	-366.43945	154.46494	7.058249	-512.6848	-430.73886	87.27937	-289.17703	-507.27612	-1416.1335	158.51227	-1190.6748	-1638.8491	-1558.2852	121.23479	-1311.7205	-1814.125	1000.0	1000.0	19999	235.28908	33.895252	398.52353	155.81793	235.28754	33.886757	399.87363	153.0952	10.547195	6.312209	49.65498	-18.767574	2878.808	47.147007	4001.0329225063324
6	-1358.6766	22.719568	-1305.9537	-1389.4625	-1041.2272	151.9266	-824.148	-1223.7346	-167.07367	15.019512	-130.85046	-191.47112	-331.7994	29.331991	-303.207	-377.2897	-1373.0266	179.24568	-1127.355	-1601.0244	-1525.7504	23.53875	-1485.2112	-1565.319	1000.0	1000.0	23999	368.96445	35.52139	473.1763	247.28671	368.96307	35.509224	470.43317	247.46664	10.151077	6.683749	77.43756	-18.047392	4486.8833	86.07784	4851.018476724625
7	147.42691	20.357008	173.12851	96.20515	-762.5991	109.82303	-673.63696	-946.2608	-94.74868	7.567505	-83.6435	-112.700424	-253.04303	65.40142	-166.37083	-330.35736	-1015.64215	84.96185	-898.17096	-1112.6317	52.678215	21.667011	81.06389	4.660334	1000.0	1000.0	27999	393.88354	20.413996	471.71017	338.78818	393.88297	20.418001	472.8804	339.60187	2.3836105	5.2530627	41.580276	-18.759373	4687.0615	33.155563	5687.5246839523315
8	425.01358	62.447395	532.37036	331.362	-468.8277	87.34421	-328.0598	-567.1859	-102.54982	40.720627	-33.2916	-157.24722	-279.2762	91.47726	-207.09293	-435.2834	-748.1039	21.540092	-721.0338	-774.2788	322.46375	68.61225	468.49326	233.50104	1000.0	1000.0	31999	359.46368	21.39433	440.02176	304.81296	359.4641	21.392363	436.10934	306.6123	-2.6211276	4.042901	27.446653	-19.46502	4264.0107	18.081484	6543.424489974976
9	664.0749	50.236988	730.53235	564.44604	-352.2424	29.653622	-310.24216	-383.33548	-52.13096	19.344776	-13.5604925	-82.393234	-243.16354	23.490133	-212.13358	-276.83667	-595.40594	52.330246	-522.37573	-660.1722	611.9439	58.807007	693.80804	507.54346	1000.0	1000.0	35999	317.5479	20.458847	383.76688	266.4923	317.54813	20.457508	386.14804	264.74127	-5.6748123	2.9721138	33.990364	-21.704868	3749.042	12.301996	7419.516786575317
10	798.84985	31.382671	846.84644	738.799	-217.45515	38.465878	-168.16348	-275.21902	-65.37421	19.4566	-44.678104	-117.25558	-216.06773	79.759674	-78.27285	-267.74	-433.5229	96.26931	-283.86722	-540.68896	733.47565	48.286514	787.5566	621.54346	1000.0	1000.0	39999	278.77905	19.06564	339.9536	231.73676	278.77917	19.0605	339.55966	232.39091	-7.037683	2.3218963	20.814392	-21.141645	3298.2004	10.411727	8234.785725593567
11	903.11444	10.994688	924.1148	890.2754	-128.7164	48.62507	-67.31906	-199.41377	-31.490139	5.6689143	-19.704165	-39.82765	-160.88583	29.128912	-125.32387	-193.95012	-289.60223	60.428986	-245.49449	-393.3639	871.6242	14.8920145	904.41064	855.8907	1000.0	1000.0	43999	247.19408	17.843603	306.5745	200.92923	247.1943	17.83703	307.9925	202.29097	-7.2974563	2.2118657	20.467804	-18.584015	2926.4402	9.369729	9145.792990207672
12	864.1068	27.83605	919.0996	827.0021	-71.87316	69.11991	5.444979	-178.63585	-47.96693	4.709227	-36.71315	-55.52353	-206.19876	36.05	-171.35577	-256.35168	-278.0719	97.73	-165.9108	-434.98755	816.13983	30.31705	873.12616	771.4785	1000.0	1000.0	47999	221.78085	17.25774	279.6723	176.61272	221.78146	17.250668	278.1789	171.66753	-7.3866506	2.192297	21.350403	-18.17175	2623.671	8.786281	10043.054711341858
13	886.0207	10.267275	907.0199	873.0221	-8.794604	38.775837	43.987278	-60.892982	-28.342382	4.184427	-19.884365	-34.070045	-126.194016	26.161512	-83.78332	-153.07895	-134.98862	64.195915	-39.79604	-213.97192	857.67834	11.640502	878.3458	843.1639	1000.0	1000.0	51999	201.27061	16.809126	258.429	151.93108	201.27081	16.802183	256.5666	153.74399	-7.4194655	2.1808438	22.045567	-18.668198	2382.061	8.118484	10876.809297323227
14	808.5603	24.412266	828.28644	738.48846	-49.29152	19.859648	-29.621643	-82.34632	165.23016	58.556557	238.1604	18.701275	-125.47397	46.208714	-68.49262	-197.45116	-174.76547	62.940075	-113.1557	-279.7975	973.7904	80.59546	1057.3015	757.18976	1000.0	1000.0	55999	185.60304	16.466883	242.20523	130.68596	185.60344	16.46026	237.70009	131.49576	-7.4086995	2.1510768	17.476719	-19.759201	2199.8794	7.645445	11745.005509376526
15	827.53876	28.322184	862.7626	777.3631	3.2909303	69.178795	95.206184	-99.29108	-26.862387	4.747433	-20.623177	-35.26337	-193.96722	59.409393	-101.87145	-250.18864	-190.6763	109.593506	-85.68238	-341.46048	800.6764	32.077522	840.23584	746.95575	1000.0	1000.0	59999	172.60217	16.477406	225.8514	114.52559	172.60245	16.471891	225.54042	113.509865	-7.415345	2.1638577	18.895304	-19.470955	2048.1887	7.3282604	12658.013256311417
16	855.34607	35.09549	916.55084	771.1689	-8.316257	55.9374	38.924652	-103.81172	-12.59704	24.658882	7.550465	-79.034386	-134.04762	58.307575	-45.181255	-198.23737	-142.36388	21.389874	-105.86723	-159.31271	842.749	37.409462	910.25684	778.71936	1000.0	1000.0	63999	163.30107	16.2885	213.72565	98.96331	163.30128	16.282133	212.91393	97.579926	-7.4187	2.165415	14.466102	-18.728464	1938.4047	7.06075	13559.098711490631
17	863.3742	9.812927	878.7362	842.8028	7.7389874	21.920357	29.158026	-22.275368	-33.310703	30.49596	3.0281053	-69.92722	-129.60718	73.741806	-4.881306	-193.28429	-121.86818	61.57349	-27.156675	-197.45615	830.0635	30.839903	874.87146	786.87213	1000.0	1000.0	67999	155.90778	16.179115	204.97209	90.12204	155.90807	16.173546	205.27338	90.5879	-7.3959136	2.196112	16.257288	-19.170286	1853.5162	6.935689	14440.809924125671
18	881.1331	10.644435	898.56036	859.925	46.552444	63.324635	146.60765	-19.907488	7.799553	7.368754	21.676043	-8.313033	-94.014084	41.961014	-56.39937	-163.4252	-47.46163	78.49873	56.150173	-156.5587	888.9326	10.24427	906.37305	872.29004	1000.0	1000.0	71999	150.28658	15.848325	202.56888	78.32559	150.28703	15.843464	201.50485	81.35752	-7.40899	2.182822	20.261074	-20.194149	1783.1737	6.7395234	15329.882929563522
19	843.44006	16.295979	874.14905	823.96216	35.09252	39.937954	98.38583	-5.844487	44.527443	10.900553	66.4125	25.969965	-137.3265	79.54897	-60.42536	-268.1764	-102.23398	105.37359	8.299984	-274.02087	887.96747	17.366535	912.2736	857.879	1000.0	1000.0	75999	146.24077	15.757958	194.90948	73.51515	146.24078	15.752753	198.1421	74.59073	-7.3395715	2.2185032	18.369183	-19.849848	1730.402	6.520041	16297.98379945755
20	850.5247	12.750309	875.70605	834.0112	-21.402212	25.21342	6.063543	-49.429447	-71.08206	40.436413	3.2775981	-116.75519	-91.848595	72.06356	-23.109747	-202.53026	-113.25081	80.76796	-31.412529	-246.04385	779.4427	48.434765	878.98364	717.25604	1000.0	1000.0	79999	143.40181	15.725239	192.70963	68.780334	143.402	15.720756	191.357	76.564606	-7.3536305	2.1812606	14.1862135	-18.309723	1694.2999	6.5830503	17315.283132076263
21	857.8693	8.730085	873.9217	841.35736	63.209976	34.928604	119.784615	27.125145	93.09474	23.62674	139.93143	60.36676	-142.17792	23.81583	-112.38462	-179.00114	-78.96793	53.97342	7.39999	-135.18234	950.964	23.266106	981.28876	907.9769	1000.0	1000.0	83999	141.11313	15.75276	190.38696	72.841324	141.1134	15.747854	187.39108	69.90385	-7.288996	2.2031164	15.515072	-18.9138	1662.295	6.6984	18303.177705526352
22	903.47815	15.48489	936.166	885.3504	56.23276	37.19023	93.69328	-4.8847656	72.11601	23.952255	117.644005	49.054207	-139.57962	68.53111	-45.437622	-233.59402	-83.346855	87.72293	48.255657	-167.81575	975.59424	28.50858	1036.237	940.0573	1000.0	1000.0	87999	139.91956	15.957107	187.57799	74.88051	139.91975	15.951511	187.37833	69.12049	-7.212945	2.2474792	20.38791	-19.246147	1645.4833	6.6483097	19287.002623558044
23	860.0311	4.974701	865.92474	852.60223	19.078415	53.57243	100.58129	-42.93274	109.988914	18.472357	149.899	70.67079	-109.359375	69.29235	10.621508	-152.05534	-90.280975	73.889046	-0.07035985	-194.98808	970.0202	17.433754	1004.2943	935.2496	1000.0	1000.0	91999	139.3317	16.025368	188.3807	73.242935	139.33183	16.019958	187.0031	71.54492	-7.1724	2.2732866	16.58165	-18.835964	1635.8597	6.606366	20224.955239772797
24	889.5499	28.886219	927.49347	827.7024	54.40871	84.711395	129.90544	-85.10524	-16.610783	23.091772	23.231104	-51.591812	-147.85815	26.33179	-122.21123	-191.8686	-93.44945	84.11857	7.6942225	-226.0354	872.93915	47.83534	950.45483	793.4495	1000.0	1000.0	95999	139.14342	16.11544	189.05522	74.56224	139.14337	16.10993	187.36511	73.33853	-7.1676793	2.2811406	21.475096	-21.15244	1634.4673	6.5829287	21170.6569583416
25	907.2259	18.05253	951.1615	885.9921	40.75747	76.81537	114.92497	-81.58715	45.15951	14.070572	71.99706	22.12142	-171.42157	73.57054	-53.824646	-245.55515	-130.6641	116.25248	61.10033	-248.46169	952.3854	17.744843	982.3722	921.52747	1000.0	1000.0	99999	139.4502	16.588324	189.68744	72.64687	139.45058	16.582493	189.83946	59.974586	-7.0695276	2.3275785	24.395327	-18.879868	1627.9312	6.932592	22282.84554386139
26	852.93445	29.817015	901.9529	810.774	31.617224	92.70879	182.97958	-47.263767	1.3757569	11.942677	14.583979	-18.400944	-67.68167	80.94306	10.121597	-203.39581	-36.064453	145.0327	138.84001	-250.65958	854.3102	28.209076	904.28687	812.7843	1000.0	1000.0	103999	139.49641	17.545628	192.09215	69.036606	139.49654	17.541113	189.83542	68.88083	-7.0275416	2.327054	16.405354	-18.65767	1631.9559	6.9573274	23243.634989500046
27	844.7389	18.121479	865.84467	810.5918	62.524513	26.540483	104.58906	31.027826	-2.17589	11.744511	18.831001	-20.653008	-95.5338	36.44422	-32.585392	-120.869705	-33.00928	61.45783	72.00367	-84.00693	842.563	21.131783	871.1868	798.14954	1000.0	1000.0	107999	140.12794	17.922348	191.10454	64.69043	140.12794	17.918919	190.398	64.32359	-7.0394044	2.2732592	11.371774	-18.103413	1632.8259	6.905009	24324.584729909897
28	777.75073	33.53737	865.43335	740.8599	50.056595	48.2125	94.308464	-29.129639	86.153564	40.03903	138.28152	32.798298	-88.64176	75.39535	13.920009	-198.17374	-38.585167	121.76305	108.22847	-227.30338	863.9043	66.53044	996.85077	782.31287	1000.0	1000.0	111999	141.14426	18.21954	193.07866	61.366367	141.14427	18.215519	193.5384	59.341038	-6.932188	2.3393815	9.482954	-18.98833	1638.9673	6.944944	25282.04682946205
29	867.30554	16.62821	900.7568	839.5657	80.11251	35.208706	115.84165	41.264748	88.63033	44.56109	154.48067	26.986069	-162.0842	46.545322	-112.27088	-228.53702	-81.97169	67.942505	2.3253195	-187.27226	955.93585	32.7421	1007.5687	902.1407	1000.0	1000.0	115999	142.20734	18.80942	195.4392	59.85475	142.20757	18.806515	192.54411	57.670704	-6.866276	2.358433	8.5944395	-20.11703	1659.5966	6.9813623	26198.283139944077
30	764.60406	29.5172	829.066	717.77704	60.28379	44.318436	122.60914	-1.885791	-15.372599	19.564749	19.902573	-42.022373	-158.79543	54.139122	-89.11433	-227.18448	-98.51164	86.37226	-3.735297	-194.42427	749.2314	27.45922	788.7216	693.0768	1000.0	1000.0	119999	143.44212	19.337847	192.3823	51.478333	143.44218	19.334461	194.45135	53.209145	-6.797125	2.3892543	11.604089	-20.085348	1674.116	6.908434	27006.305436611176
31	837.8174	27.96401	882.1833	790.12225	43.997253	27.832243	73.67732	-1.5447308	4.0994225	18.225842	29.609058	-22.940613	-79.50372	90.804	11.819126	-215.92252	-35.506474	90.79967	60.76772	-142.2452	841.9169	30.195187	905.42017	800.3782	1000.0	1000.0	123999	144.76558	19.900846	197.30795	52.372818	144.7656	19.89816	195.3386	49.91063	-6.732456	2.4115992	14.464552	-19.782757	1683.0421	7.177888	27754.344051361084
32	847.65686	32.82258	896.306	797.3262	91.2578	32.566822	136.03137	44.012844	124.24742	71.78886	259.3164	44.9231	-70.015945	46.234673	5.3724823	-115.420715	21.241861	62.592087	99.001495	-54.33777	971.9042	97.64938	1154.5569	867.9779	1000.0	1000.0	127999	146.46507	20.394999	196.03262	49.98522	146.46516	20.392086	196.6649	49.455154	-6.6054683	2.512109	13.755534	-19.921352	1700.0822	7.2896924	28383.80291748047
33	893.0677	16.267935	915.47296	868.6407	39.39599	62.228798	101.65788	-52.15328	112.670425	47.474648	195.10948	46.932343	-102.34006	75.723206	-32.50051	-229.72716	-62.944065	114.78288	58.975822	-213.12415	1005.7381	33.405617	1063.7501	961.3541	1000.0	1000.0	131999	148.29436	21.013304	200.80557	51.388424	148.29433	21.010048	201.46806	51.950195	-6.5451546	2.5268447	15.443153	-19.632935	1720.839	7.5320086	29000.45334506035
34	781.4491	21.951586	823.59784	739.07947	71.05091	22.435606	94.95217	41.177925	88.90135	28.62098	142.95851	52.40042	-20.322435	35.690315	3.9133403	-82.0127	50.728477	55.26192	98.86551	-40.83478	870.3504	36.41798	939.85895	836.6114	1000.0	1000.0	135999	150.2482	21.662096	202.87201	48.12933	150.24834	21.659283	204.43356	50.043503	-6.396865	2.604863	17.091572	-19.459368	1744.8873	7.8258934	29699.680158376694
35	778.27673	32.078182	838.40295	735.2993	61.317898	22.445599	81.30093	23.974356	150.89569	47.438675	253.94313	69.12313	-29.229197	60.982525	33.236565	-129.68283	32.088703	82.75399	109.1788	-105.70847	929.17236	55.89244	1018.247	811.4923	1000.0	1000.0	139999	152.65915	22.52054	207.61923	51.54066	152.65932	22.518126	207.27423	52.27521	-6.2739987	2.681224	16.37247	-19.309694	1769.5135	7.978511	30354.604478359222
36	799.8584	32.34188	846.77466	730.08356	-3.7537928	45.863968	61.09669	-65.29122	94.19803	44.35081	169.75308	13.687268	-111.46498	35.243034	-71.866005	-165.53401	-115.21877	78.00322	-10.769316	-230.82523	894.05646	21.89663	919.9344	847.674	1000.0	1000.0	143999	155.28464	23.257078	209.4995	49.7936	155.28453	23.253918	208.05495	49.07443	-6.1460857	2.700067	23.573341	-20.139343	1796.6638	8.114832	31009.954212665558
37	820.52014	25.09542	854.0819	779.18365	58.732437	18.827744	90.8928	42.92612	91.51686	32.674416	149.25096	48.90185	-169.63467	85.997734	-39.607372	-263.73566	-110.90224	91.5943	10.748279	-212.98047	912.037	19.092976	956.6375	889.52844	1000.0	1000.0	147999	157.75113	24.296751	214.6585	48.061768	157.75143	24.293644	213.6602	46.14235	-6.095864	2.6979659	20.743227	-19.981081	1829.7128	8.107467	31786.359847545624
38	766.16943	40.94015	802.62225	649.97705	59.218613	16.663612	87.49224	46.099655	95.473404	42.013325	172.01625	44.17548	-169.4689	50.89347	-111.670166	-251.32703	-110.250305	51.803867	-65.5705	-196.1953	861.6429	67.145096	966.3309	700.4638	1000.0	1000.0	151999	160.79243	25.328428	215.90692	45.975655	160.7924	25.325768	213.88332	47.669724	-5.8844805	2.7927153	18.653708	-19.624146	1861.9387	8.389762	32423.839727401733
39	733.9227	23.433313	769.78467	693.4717	21.33426	25.005848	46.39643	-19.78878	226.47647	87.581406	370.8488	113.93593	-85.790146	48.221695	-34.655693	-143.47318	-64.45589	33.86189	-10.437694	-97.07674	960.3991	87.73691	1083.234	807.4076	1000.0	1000.0	155999	164.11841	26.377195	220.04175	49.934975	164.11874	26.374065	217.6883	47.12544	-5.7849665	2.7975154	21.9356	-19.482506	1901.7206	8.727055	33081.63514518738
40	699.5831	33.477818	769.6636	664.0466	-54.64468	62.751137	47.80047	-112.86832	198.13419	45.36458	267.8569	127.719604	-16.780972	81.75619	98.20064	-106.800354	-71.42565	142.36858	146.00111	-204.62769	897.7173	23.960135	935.09424	839.6306	1000.0	1000.0	159999	167.34683	27.702122	224.7081	47.99019	167.34682	27.699242	221.32503	48.94845	-5.666189	2.8707569	25.901844	-20.210508	1937.4801	8.682264	33723.65760922432
41	752.18866	21.864298	773.7434	710.56165	-99.63199	49.899544	-35.3857	-150.60706	153.44466	23.500097	178.3317	104.02967	-110.44786	63.524647	-30.997923	-191.31863	-210.07983	97.600876	-66.38362	-341.9257	905.6334	40.935417	952.07513	824.10614	1000.0	1000.0	163999	169.98305	28.744785	224.84392	52.66493	169.98358	28.741623	222.98941	53.30642	-5.697948	2.8214934	27.366325	-21.696629	1967.9067	8.67627	34424.18638110161
42	818.6689	14.436236	842.6939	800.66034	6.90889	58.048126	75.18834	-84.599014	10.430701	37.309105	55.531967	-61.339024	-155.59	47.933537	-104.72207	-222.61328	-148.6811	59.274353	-76.90432	-213.38481	829.0996	34.6108	883.28937	768.60254	1000.0	1000.0	167999	172.28896	29.232258	229.5085	53.42378	172.28905	29.229595	229.27005	50.397034	-5.724845	2.8102798	25.466282	-17.968357	1992.5	8.549829	35237.934611320496
43	757.00793	8.953097	776.56903	747.11884	90.96206	34.49326	118.81148	32.992798	24.12482	34.890087	76.39742	-48.100647	-89.523285	41.800217	-40.77652	-155.90817	1.4387684	26.199228	29.510048	-37.096695	781.13275	36.106686	834.6345	699.0182	1000.0	1000.0	171999	174.33511	30.066027	229.28796	55.156452	174.33508	30.062937	229.15262	51.8514	-5.692905	2.8221023	24.866032	-19.010277	2022.774	8.561789	36000.84104561806
44	804.0443	18.691988	825.85455	771.84766	5.4687166	66.56447	79.0645	-74.163124	-47.906033	15.068389	-16.120407	-62.748898	-13.441071	48.761887	46.501724	-89.06841	-7.972354	108.2343	125.56622	-163.23154	756.13824	21.084574	792.36035	731.4426	1000.0	1000.0	175999	176.77647	30.656652	235.07774	56.944168	176.77682	30.654364	232.09021	55.523056	-5.606948	2.8735735	26.032627	-19.889906	2052.6575	8.6125	36625.65916967392
45	654.54425	27.768696	732.33276	632.11383	56.166	29.391499	93.22902	10.910457	-25.948746	56.272594	117.78883	-89.24046	-160.24629	29.55194	-115.49496	-188.92183	-104.080284	47.630127	-22.26594	-140.95598	628.5954	79.793816	850.1216	552.02704	1000.0	1000.0	179999	178.91472	31.417303	236.66248	56.36532	178.91463	31.414728	234.23965	58.499493	-5.584041	2.8450887	25.439753	-20.19256	2070.319	8.853703	37294.770476579666
46	754.02	11.064072	771.8399	735.68555	52.86576	29.957375	102.46357	28.054256	-88.97823	19.357994	-55.937737	-111.48537	-192.25705	21.903015	-156.685	-216.47208	-139.3913	31.23815	-94.30174	-171.05156	665.04175	15.431176	691.3054	632.3776	1000.0	1000.0	183999	181.1994	31.98926	238.02495	59.080364	181.19965	31.987192	237.10927	61.78233	-5.6104774	2.8207846	40.07404	-20.947212	2093.1118	8.758344	37970.609545469284
47	913.9225	6.601839	928.93933	905.48157	45.59558	27.802143	77.8256	5.19593	-50.61931	8.180369	-37.742588	-64.33338	-250.83707	37.273907	-210.21577	-311.6573	-205.24149	55.183365	-132.39017	-275.89737	863.3031	12.01832	891.1968	841.2866	1000.0	1000.0	187999	183.35068	32.39977	243.1533	57.50897	183.35106	32.397373	240.95728	58.94911	-5.516259	2.8516214	29.430183	-18.40311	2118.878	8.847821	38579.9454331398
48	798.028	12.326102	819.6318	779.01385	30.77518	59.599453	119.23417	-47.97879	-58.779305	7.2362437	-46.224133	-69.46029	-180.70111	57.997368	-119.354744	-273.0065	-149.92593	63.13456	-64.58701	-238.89525	739.2487	12.385061	762.92584	721.5373	1000.0	1000.0	191999	185.09938	32.878597	242.654	55.023785	185.09938	32.877	240.26805	50.367916	-5.559139	2.859326	28.002953	-22.039907	2142.0056	8.94783	39320.33215355873
49	876.59607	13.08044	903.48224	851.68286	14.883393	10.768166	29.32409	1.0869998	-194.93643	8.351348	-180.28116	-213.7534	-129.86832	79.59049	-27.537897	-236.82637	-114.98494	81.95278	-18.665758	-235.73938	681.65967	11.851563	701.625	660.78467	1000.0	1000.0	195999	186.56366	33.21866	242.90103	54.755108	186.56412	33.21609	243.15306	55.128742	-5.4458356	2.9343548	50.645824	-19.05673	2156.2478	9.240043	39965.70611047745
50	769.09015	42.19814	822.52936	699.24493	-30.077988	44.340385	11.052365	-97.86753	56.857433	58.30822	164.67998	-8.828229	-220.14886	74.32201	-127.481766	-319.86053	-250.22685	51.31037	-168.9465	-308.80817	825.9476	38.92295	929.90515	785.6054	1000.0	1000.0	199999	188.4047	33.721966	247.20584	54.708454	188.40446	33.720646	247.96542	52.6103	-5.504492	2.8673303	34.96499	-19.615826	2183.6282	9.173266	40592.349885463715
51	779.7172	8.422103	795.95483	765.2689	77.52	27.124552	115.7139	42.028053	67.77202	28.005743	114.09458	16.373781	-219.82318	90.08446	-84.965675	-326.68994	-142.30319	108.087585	30.748226	-240.0123	847.48926	31.642788	900.69977	781.6427	1000.0	1000.0	203999	189.65706	33.885696	247.71873	56.6233	189.65726	33.884525	246.8619	56.28539	-5.4952087	2.8947537	31.949886	-20.670715	2186.5935	9.208548	41200.09548830986
52	818.1779	17.16676	840.3023	777.0137	11.016241	26.082115	51.35841	-21.598038	-49.3619	37.054493	38.440987	-102.59331	-183.93929	29.92422	-135.12054	-216.23076	-172.92305	42.350506	-127.78814	-237.8288	768.81604	28.314882	815.4547	718.822	1000.0	1000.0	207999	191.01656	33.899097	247.56805	58.469505	191.01668	33.897644	247.21246	59.167202	-5.441085	2.8956716	58.686764	-19.979855	2194.6855	9.205126	41807.51508998871
53	827.79065	13.3587055	858.1901	807.0534	34.952904	35.457718	83.14446	-3.4164977	-148.93777	13.678363	-118.69368	-162.6235	-191.95107	47.784946	-135.22726	-258.74683	-156.99815	30.651495	-129.53831	-204.35213	678.8529	22.341434	729.28564	644.42993	1000.0	1000.0	211999	192.18417	34.266083	254.2241	56.546864	192.18456	34.265125	252.82645	57.64586	-5.4376206	2.9086082	46.44187	-19.005798	2195.9875	9.271855	42483.52246570587
54	780.7446	13.44266	802.7595	761.74084	89.53791	43.296288	117.69604	14.62277	-83.92663	7.624888	-72.24322	-96.843544	-299.1141	13.185319	-284.29575	-314.5221	-209.57617	51.039177	-166.5997	-295.11087	696.81793	13.881727	718.6743	668.3419	1000.0	1000.0	215999	193.41246	34.262188	250.3395	56.164417	193.41252	34.260017	249.41791	51.23911	-5.4238195	2.8951848	63.86039	-20.014523	2196.6084	9.286584	43326.597885131836
55	837.8802	14.253909	855.16223	806.78253	56.138992	22.568634	92.07771	33.42108	-113.50083	24.088408	-58.517433	-144.3442	-206.24231	39.403744	-148.67686	-247.62122	-150.10332	55.88764	-56.599148	-196.19392	724.37933	23.982351	785.26544	695.40955	1000.0	1000.0	219999	194.25871	34.26038	253.4623	53.73397	194.25888	34.259396	253.14273	57.76664	-5.464294	2.8645432	31.244673	-19.68232	2199.4377	9.391892	44037.616674661636
56	774.85297	30.432184	827.5081	732.1885	3.2044353	43.133736	50.39855	-60.11058	63.305073	53.603466	201.72507	9.168364	-106.380936	53.745518	-29.830662	-162.52393	-103.17649	93.59091	20.567886	-210.85736	838.1581	47.10929	941.8691	768.3156	1000.0	1000.0	223999	194.87076	34.484005	254.57964	55.75028	194.87082	34.482727	250.49911	55.367634	-5.3689094	2.9415145	40.5593	-19.303436	2210.129	9.340595	44669.26901125908
57	777.1427	58.551414	860.7715	686.8328	34.27939	37.99983	92.04931	-2.3772066	-45.78488	66.049934	29.276896	-155.1001	-187.50922	18.504938	-158.82558	-210.53519	-153.22981	39.25734	-97.66409	-207.69296	731.3578	33.123745	798.2375	691.68616	1000.0	1000.0	227999	196.03374	34.6638	254.39143	56.97972	196.03392	34.663727	251.01154	54.8396	-5.3563056	2.9273207	48.01908	-20.347195	2207.8806	9.322266	45353.54061484337
58	821.63806	23.113197	839.54297	754.6563	-18.744528	38.438892	23.417627	-67.743614	-117.30086	16.58501	-87.13955	-144.93701	-208.19019	80.54415	-72.27614	-273.95572	-226.93472	80.13737	-116.82774	-341.69934	704.33716	30.835844	743.90845	633.681	1000.0	1000.0	231999	197.38794	34.83456	255.40854	54.916355	197.38814	34.833286	253.39772	57.313408	-5.355229	2.9191217	43.251793	-18.633953	2212.186	9.272975	45990.346421957016
59	850.6299	16.233416	873.1241	824.0833	-19.750961	13.07575	-4.9882636	-40.540546	-128.55354	38.398045	-76.88629	-185.56378	-166.37158	81.023544	-40.866177	-242.55057	-186.12254	90.90171	-45.85444	-283.09113	722.07635	49.90134	781.0919	644.64185	1000.0	1000.0	235999	198.16502	35.221405	255.60147	55.15558	198.16512	35.22053	255.76631	54.6624	-5.3241	2.9256337	38.72607	-20.45474	2214.3738	9.241487	46665.2262506485
60	795.09216	20.646461	835.7243	770.15546	-19.110489	61.712864	48.351894	-119.765686	-124.155945	50.498783	-46.8921	-191.07065	-280.63644	46.765	-202.68932	-317.77655	-299.74695	21.782398	-269.42468	-322.45502	670.9362	56.007767	761.85223	588.7881	1000.0	1000.0	239999	199.27928	35.334816	256.61136	54.469913	199.27924	35.334106	254.94035	52.78154	-5.293588	2.9411192	31.23087	-21.429794	2231.117	9.190355	47596.198370695114
61	858.5807	15.646495	896.5603	839.2864	-7.5486856	32.83968	40.708378	-50.66915	-175.24959	21.322775	-147.10826	-215.00694	-254.78511	69.14076	-169.05104	-359.16492	-262.33377	72.04011	-186.01256	-376.7808	683.3312	24.057318	721.27124	636.9794	1000.0	1000.0	243999	199.95212	35.33668	257.0717	55.382607	199.95255	35.335445	256.3173	53.246212	-5.328898	2.8879664	45.511044	-19.507519	2227.0498	9.419879	48446.821479320526
62	746.12286	17.560806	772.60333	712.0971	21.326975	15.511365	43.706825	-0.14723668	-207.96484	15.199309	-187.53317	-232.91956	-249.39229	59.930847	-175.01076	-341.0031	-228.0653	59.779995	-154.14807	-320.11746	538.158	28.146112	583.827	479.17752	1000.0	1000.0	247999	200.48244	35.085377	259.92197	54.976395	200.48244	35.084232	258.02106	54.14376	-5.35178	2.9093878	39.771767	-21.062227	2234.4307	9.159922	49106.96698617935
63	799.249	33.00004	844.8613	741.4915	-2.821605	49.72186	72.088615	-59.1216	-178.19319	33.396122	-121.54277	-215.4235	-237.37198	99.69616	-86.61835	-352.48483	-240.19357	70.49133	-145.73994	-342.9938	621.05585	36.03549	674.4968	554.95557	1000.0	1000.0	251999	201.41827	35.20381	256.81522	54.124363	201.41862	35.20299	257.669	55.460835	-5.221497	2.967261	41.61238	-19.26707	2251.0955	9.292557	49879.898695230484
64	780.6866	23.699907	814.2145	747.331	-25.897488	63.660816	38.1759	-91.08799	-228.24556	44.0945	-161.46042	-299.7627	-290.44016	71.473076	-222.80586	-392.92392	-316.33762	106.40867	-185.47513	-480.93253	552.44104	29.52658	594.48926	494.2569	1000.0	1000.0	255999	202.42844	35.307434	259.50015	56.545013	202.42847	35.30647	258.42383	54.985935	-5.240835	2.9527857	45.469093	-18.893326	2247.7654	9.234774	50578.38615632057
65	700.2401	9.622621	714.87195	686.3454	17.598146	65.866135	88.00453	-83.1537	-234.42398	14.575337	-208.28728	-255.13135	-192.20895	17.018457	-163.4179	-205.82574	-174.61081	52.83369	-115.60207	-246.5716	465.8161	15.285137	492.64987	449.9296	1000.0	1000.0	259999	203.6935	35.592426	258.33682	58.501823	203.69366	35.591602	260.60266	58.19082	-5.1316485	2.9944248	44.811806	-18.683876	2265.0366	9.399955	51220.252074718475
66	797.8788	17.915264	817.49786	764.7586	16.900623	36.312542	60.682617	-39.555325	-133.59335	19.534634	-112.906136	-178.62091	-238.06673	47.108418	-157.69856	-277.6614	-221.16609	79.15221	-97.015945	-317.21674	664.28534	20.613522	693.38446	620.6522	1000.0	1000.0	263999	204.77676	35.746075	263.71533	58.681374	204.77657	35.745117	262.3061	59.304005	-5.2232013	2.9205801	39.124344	-19.192055	2267.1553	9.261226	51874.47866153717
67	788.9596	13.0241165	801.0966	754.0306	77.99267	41.93779	124.532906	27.693195	-91.3218	15.099168	-54.71603	-107.068504	-249.56912	54.75457	-178.05116	-332.10123	-171.57648	62.54447	-64.03202	-217.98604	697.6378	9.424368	713.6883	682.5742	1000.0	1000.0	267999	205.80038	35.891895	261.429	58.913322	205.80025	35.891033	261.78558	60.0421	-5.1507993	2.9649696	31.050392	-18.708096	2271.6946	9.52078	52757.3537402153
68	833.15594	7.1720176	841.4728	821.31854	89.13169	24.460302	123.91642	63.184795	-99.40186	13.990218	-75.61529	-116.360504	-233.41797	52.192734	-184.93526	-312.28912	-144.28629	74.76694	-61.018845	-249.10431	733.754	16.93781	765.85754	708.09546	1000.0	1000.0	271999	207.2625	36.031742	260.95007	56.54075	207.26266	36.031204	262.46762	58.71506	-5.062115	3.0095117	39.11324	-19.07046	2282.3303	9.417875	53622.90769815445
69	873.6299	14.497675	893.4863	848.944	54.70288	22.175009	80.23986	32.380154	-138.90323	13.605662	-120.54427	-158.27638	-232.65245	62.366287	-173.11574	-334.67645	-177.94957	57.04866	-112.43246	-261.43976	734.7266	22.037312	759.4515	690.6676	1000.0	1000.0	275999	208.24246	36.25059	264.23013	58.80016	208.24255	36.250126	263.94565	58.14316	-5.108336	2.974594	38.842865	-17.984505	2279.1755	9.368684	54343.221814632416
70	859.2373	10.391973	875.4317	840.55176	123.755905	30.902222	174.3446	92.973816	-83.2657	18.33712	-57.87508	-115.83502	-300.9951	69.85983	-204.19104	-400.45325	-177.23917	69.74553	-111.21722	-278.95584	775.9715	22.035355	807.86523	741.08405	1000.0	1000.0	279999	209.474	36.51257	267.6962	58.919304	209.47426	36.51187	266.9615	58.497658	-4.970363	3.0193233	34.74724	-20.55886	2294.3538	9.672464	55134.73335027695
71	857.9403	6.616712	865.70465	847.77155	74.17723	21.854042	99.1277	40.800716	-67.73975	17.974789	-43.242573	-103.158714	-247.05673	32.066387	-209.64413	-297.60812	-172.8795	38.015717	-110.51643	-210.89984	790.20056	23.65557	822.4621	744.61285	1000.0	1000.0	283999	210.78604	36.57631	268.4717	58.7193	210.78612	36.5757	268.4176	54.81169	-4.971308	3.014086	50.01095	-20.024168	2304.1167	9.238473	55780.02338576317
72	853.4038	9.424675	865.96533	830.11426	119.44638	70.94988	207.20845	9.152616	-147.9268	14.922478	-125.242325	-167.57489	-259.3818	56.424545	-186.45062	-344.6929	-139.93542	60.644592	-51.521675	-211.25949	705.477	20.72167	734.25214	668.08374	1000.0	1000.0	287999	211.94237	36.585503	268.63187	60.2914	211.94221	36.585308	271.2792	58.662197	-4.9490595	3.0374758	59.013504	-20.84851	2316.6807	9.203352	56436.491649627686
73	873.04016	24.095362	909.24164	827.6493	72.71784	36.630222	118.54304	16.880617	-85.056206	27.60733	-48.99436	-131.25638	-233.00333	48.081104	-168.24712	-283.75146	-160.28549	80.705345	-49.704086	-257.62543	787.98395	50.204967	860.24725	696.3929	1000.0	1000.0	291999	213.50148	36.792164	268.62186	60.140305	213.5017	36.79235	269.26465	60.936096	-4.882055	3.0630429	46.427902	-18.598375	2334.073	9.397862	57068.607795000076
74	857.8358	11.544891	868.66974	829.65625	60.222122	30.985064	92.46156	12.445172	-289.4969	40.898865	-205.15344	-358.42624	-197.43997	41.92025	-139.35782	-252.78079	-137.21783	47.507603	-85.46609	-203.53125	568.339	44.4205	663.2747	493.70053	1000.0	1000.0	295999	213.9048	36.842213	269.17368	59.45841	213.90486	36.841938	271.81543	60.695286	-4.9908	2.9741888	50.20445	-23.898075	2344.2156	9.620332	57807.0336458683
75	844.94885	8.129063	857.17346	832.4429	132.08473	58.16305	206.99109	65.45367	-121.90929	14.877452	-103.97553	-148.53934	-193.33209	67.75111	-128.03343	-306.50507	-61.24736	110.50999	78.95765	-220.07219	723.03955	19.85368	748.16364	683.9035	1000.0	1000.0	299999	214.29916	36.747623	272.1145	56.64257	214.29904	36.74813	270.84064	58.663406	-5.0249615	2.967272	34.701767	-19.197704	2338.1174	9.355491	58520.60956501961
76	764.12787	11.486646	782.86755	734.77155	102.48415	19.901794	134.88092	84.41292	-101.818756	19.357666	-80.28584	-140.11778	-251.45282	63.53513	-170.29533	-329.65353	-148.96869	52.782906	-82.24014	-227.06596	662.3092	28.995909	702.58167	594.6538	1000.0	1000.0	303999	214.40216	36.57447	269.69858	54.682476	214.40231	36.574287	271.2468	55.342266	-5.0138326	2.9611697	54.376347	-21.100508	2343.5525	9.321204	59229.141323804855
77	789.12823	43.842632	889.5996	751.4746	93.11029	73.33656	214.3795	32.231327	-92.11764	21.52101	-57.054043	-139.27667	-252.79355	93.859085	-105.35071	-359.11957	-159.68324	92.21279	-17.166555	-261.66916	697.0106	60.536476	832.54553	617.26965	1000.0	1000.0	307999	214.83954	36.410892	268.9922	58.457706	214.83965	36.41075	271.36566	58.244026	-5.0191917	2.9217343	41.32222	-19.261631	2346.3298	9.3232975	60191.347125291824
78	789.82825	84.94954	903.1165	678.90216	133.74782	48.013027	207.15201	73.83433	-101.98944	31.17988	-62.88779	-153.38571	-151.16151	43.414185	-101.20396	-217.47832	-17.413689	69.70962	80.165085	-85.14251	687.83887	113.04181	834.50745	566.5374	1000.0	1000.0	311999	215.85234	36.374718	271.78323	57.926643	215.85228	36.37419	272.74792	51.389057	-4.896239	3.013548	36.721672	-20.501919	2360.6772	9.270039	60983.88896393776
79	602.83276	42.129936	698.13605	541.72595	142.74942	78.27085	230.35298	27.110668	-31.386978	29.792099	11.866174	-75.64308	-267.95972	63.009655	-167.17169	-330.1695	-125.21028	64.01922	-33.353947	-212.55353	571.4458	38.538685	622.493	484.8808	1000.0	1000.0	315999	216.38368	36.325157	271.5957	56.186874	216.3835	36.325455	272.6455	55.831696	-4.9894547	2.934268	41.063282	-21.708454	2349.862	9.142397	61702.42020583153
80	758.41284	21.182587	807.2796	721.23584	64.5808	31.70489	101.17854	13.7828665	-61.177937	47.28106	-2.8777442	-149.35947	-317.57947	14.81503	-295.17075	-336.03552	-252.99866	38.776047	-193.9922	-302.07483	697.2349	47.759136	757.4951	622.7765	1000.0	1000.0	319999	216.45564	36.08604	268.56683	55.002945	216.4558	36.085735	272.21457	56.176807	-4.9764123	2.9289138	42.0427	-22.504309	2346.4226	9.124572	62358.372597932816
81	890.71533	3.1710484	894.0693	885.5497	139.185	57.079456	234.76167	91.18415	-110.74321	16.878538	-78.896034	-130.5398	-279.4085	13.909779	-263.8489	-298.6061	-140.22353	56.273655	-51.67833	-198.40022	779.9721	17.757507	815.1732	755.7479	1000.0	1000.0	323999	216.74982	35.948734	270.8061	56.106407	216.74956	35.94878	270.13693	54.63877	-4.9696374	2.958301	49.746902	-19.513653	2342.3516	9.091065	63035.70116400719
82	840.92206	27.031538	866.79816	779.64276	122.16594	19.649292	145.68645	91.14162	-59.42387	18.41068	-37.09935	-94.24388	-293.01593	59.525562	-194.13907	-342.82437	-170.84999	66.27733	-67.72008	-251.68275	781.49817	29.894676	829.6988	707.231	1000.0	1000.0	327999	217.0261	36.008587	273.19943	49.440643	217.02612	36.008644	275.0703	53.38189	-4.9118123	2.9771996	62.717915	-19.767355	2337.025	9.301871	63673.96222305298
83	933.4321	5.8348174	944.63727	923.4772	111.93369	37.76888	169.05106	70.09603	-94.17896	13.76897	-75.60784	-127.12775	-287.28555	81.602905	-197.24171	-390.37695	-175.35187	101.096176	-28.190664	-303.0601	839.2531	11.137248	854.282	817.5095	1000.0	1000.0	331999	217.68698	35.907177	270.84882	53.356674	217.6872	35.90725	270.8718	53.768826	-4.975084	2.914281	35.879963	-19.092625	2329.176	9.234265	64425.285724163055
84	885.4567	15.422275	900.9134	844.90283	198.06331	36.57274	245.51775	148.19872	-108.44299	14.512411	-91.2337	-131.15016	-223.8758	42.521492	-156.89522	-267.15588	-25.81249	74.15872	88.622536	-118.95716	777.0138	22.672129	809.6797	731.1285	1000.0	1000.0	335999	218.23405	35.86802	271.59665	50.95765	218.23422	35.866558	273.84537	49.11845	-4.8488703	3.0006685	41.848274	-21.092037	2327.8933	9.613359	65240.4703438282
85	787.70624	22.378887	818.8579	746.41187	105.05286	41.466145	173.42505	61.964638	-183.03075	19.038315	-153.56482	-215.29459	-348.37976	97.79275	-179.48723	-413.87305	-243.32692	100.23557	-90.735176	-351.90842	604.67554	35.474438	662.23663	531.11725	1000.0	1000.0	339999	219.30692	36.01514	269.93753	52.330326	219.30704	36.014618	273.055	50.255108	-4.825008	3.0125892	77.3342	-20.512817	2336.9456	9.265763	66101.3178460598
86	856.5226	6.135125	863.92847	843.8812	132.01035	54.694138	194.46295	49.84632	-47.371113	9.3587475	-33.06209	-64.84755	-269.6666	103.14335	-105.03191	-383.55005	-137.65623	58.39024	-55.18559	-218.01683	809.1515	13.149164	830.8336	789.0891	1000.0	1000.0	343999	220.30878	36.116833	272.51254	49.88019	220.309	36.115692	274.7186	52.269108	-4.784483	3.015944	38.964058	-19.030518	2361.2908	9.435098	66731.61967468262
87	909.121	9.31443	924.0681	898.2783	85.91837	31.662565	128.84044	48.8236	-105.68176	19.58327	-70.916565	-141.64297	-278.97238	86.88137	-131.44885	-355.9337	-193.054	74.78162	-82.625244	-292.61102	803.4392	20.920517	836.0112	762.2253	1000.0	1000.0	347999	221.57658	36.439163	273.00217	51.15574	221.57648	36.439007	276.04358	50.111538	-4.7286773	3.0346649	37.209724	-21.742867	2360.5627	9.582766	67364.5525534153
88	893.1957	10.467733	911.89844	876.26013	111.19411	41.488068	174.95274	64.21934	-113.663956	20.432257	-75.91652	-144.20328	-274.36838	103.63851	-105.88374	-379.23788	-163.17426	91.01454	-18.450323	-261.06693	779.53174	27.94636	822.6873	737.75635	1000.0	1000.0	351999	222.97728	36.60176	276.69162	48.12248	222.97697	36.601364	278.85352	50.886242	-4.7133994	3.005682	42.04526	-20.283358	2374.79	9.641121	68068.25061583519
89	870.75	6.1124973	880.52936	860.93835	97.233604	19.408941	122.20556	76.18821	-162.48491	36.784195	-103.80021	-229.73842	-218.8805	77.61857	-169.32045	-353.1325	-121.64689	90.41513	-58.354286	-276.9443	708.265	42.322083	776.7291	633.8514	1000.0	1000.0	355999	224.2817	36.866463	277.92648	50.059265	224.282	36.86559	279.17175	49.53391	-4.648817	3.0111175	47.332672	-21.500578	2397.139	9.654674	68973.2772693634
90	907.2279	10.461196	924.0127	884.79596	117.16403	38.37992	171.6904	73.61721	-75.372986	16.158794	-50.769974	-103.047005	-220.15288	80.84206	-106.80677	-330.1558	-102.98884	80.78093	-33.18956	-240.41719	831.855	22.463411	873.2427	791.2644	1000.0	1000.0	359999	225.98083	37.21017	282.65253	48.97749	225.98083	37.210205	285.25778	50.020008	-4.5570807	3.0587313	36.269375	-20.225641	2418.0925	9.673008	69920.89221930504
91	884.8006	12.808875	895.9634	850.0913	47.435932	20.885576	74.139015	15.965635	-88.101425	64.73176	-47.404877	-265.10004	-278.8257	80.107864	-186.36603	-364.78152	-231.3898	67.05613	-140.42151	-311.08698	796.6991	74.77436	845.7014	584.9913	1000.0	1000.0	363999	227.31894	37.454483	280.94077	46.159294	227.31943	37.454735	283.181	47.023655	-4.7459526	2.947481	42.905373	-18.716976	2423.2559	9.522006	70545.74491810799
92	894.13464	26.971203	933.4508	844.2117	74.44894	39.53531	119.31527	12.93597	-100.31803	20.600355	-72.48985	-146.84723	-315.82632	44.344387	-258.64368	-381.31522	-241.37738	43.669544	-204.03166	-311.12817	793.81665	45.678436	852.3639	697.36444	1000.0	1000.0	367999	227.83025	37.598186	284.4427	51.602867	227.8301	37.59728	286.06348	52.67056	-4.781061	2.9564993	39.70572	-19.112953	2423.2495	9.527551	71334.5548710823
93	840.2858	43.628845	869.74457	713.88885	47.82815	62.22808	133.25627	-20.747913	-159.99136	53.186703	-23.490295	-214.40057	-249.50235	18.427462	-224.76093	-274.92072	-201.6742	53.542248	-141.66443	-276.97665	680.2945	36.601418	733.66656	620.069	1000.0	1000.0	371999	228.11024	37.509933	280.7033	50.39823	228.11015	37.509514	284.43164	47.337997	-4.765909	2.9639654	67.97634	-18.372238	2417.962	9.500742	71985.47045207024
94	845.7418	5.3529716	854.02496	835.94696	100.81195	26.269997	145.09126	76.69741	-80.00551	10.658898	-62.31662	-94.72439	-192.26729	43.43175	-129.87257	-252.11266	-91.45534	65.06905	15.21869	-158.64685	765.7362	10.319777	781.3427	748.7991	1000.0	1000.0	375999	228.69536	37.682484	283.7306	48.391903	228.69537	37.682938	286.42813	49.025597	-4.564726	3.0484564	40.529114	-20.756596	2409.9653	9.701351	72835.80375647545
95	799.1119	18.084663	837.04425	775.4174	82.41016	35.83954	130.89214	35.86532	-24.67422	46.005016	40.842587	-106.32665	-319.3321	78.223045	-218.8367	-430.11215	-236.92194	109.39483	-119.80123	-394.24683	774.4376	57.14078	849.2746	672.07794	1000.0	1000.0	379999	229.75618	37.84107	284.61954	50.81742	229.75648	37.840397	286.06628	48.538857	-4.629989	3.0215845	36.58833	-19.8866	2426.602	9.578795	73545.34154081345
96	850.2401	10.273294	863.3594	827.2013	53.70661	31.60744	87.28281	10.428879	-113.931076	22.136347	-84.69436	-160.05884	-299.94434	104.73867	-217.58458	-477.71332	-246.23773	93.62576	-143.22733	-397.37595	736.309	31.249544	774.0757	667.14246	1000.0	1000.0	383999	231.17516	38.201523	284.0468	52.506657	231.17535	38.202007	285.50754	52.73042	-4.4702673	3.077324	47.035145	-18.36454	2435.4573	9.777513	74328.17105913162
97	777.00476	19.36799	820.74133	757.1074	144.24527	32.21915	188.33173	97.4443	-127.53302	55.7343	36.341232	-163.66257	-420.62695	33.389923	-385.87213	-475.77057	-276.3817	60.861145	-223.32195	-378.32626	649.47174	69.82218	857.0826	606.5253	1000.0	1000.0	387999	233.05946	38.74034	285.73355	53.62667	233.0593	38.740475	290.42972	49.703735	-4.5198884	3.0547118	42.47437	-19.267742	2457.434	9.9622755	74957.01235365868
98	895.9103	5.776403	910.70245	889.7846	78.27757	43.429913	126.01876	8.659528	-11.847285	11.315878	3.2372456	-41.68104	-266.56964	70.7687	-179.88628	-353.47208	-188.29208	105.54788	-53.867527	-307.6342	884.06287	14.786626	913.9397	851.60376	1000.0	1000.0	391999	234.36742	38.97962	290.4851	50.863224	234.36754	38.978565	290.31665	53.567066	-4.4960847	3.0473533	35.637707	-20.266846	2457.2637	9.9753	75623.84618449211
99	879.04724	6.686151	891.89703	869.19275	81.81276	50.847954	126.31685	-0.042531647	-22.466425	14.048388	4.0326753	-47.116768	-302.02655	37.86053	-262.06674	-364.23724	-220.21378	33.74869	-171.5589	-262.10928	856.58075	11.359504	884.0164	843.5337	1000.0	1000.0	395999	235.79448	39.4209	290.1485	53.190132	235.79434	39.420288	290.8057	53.90719	-4.445356	3.0646245	30.7156	-18.959082	2473.108	9.909802	76263.72542738914
100	913.4658	8.689749	919.1887	888.19916	125.2184	33.714054	180.31593	97.33359	-38.57708	12.372076	-24.372356	-65.55716	-238.82663	37.286297	-186.72588	-279.8138	-113.608246	45.2911	-61.641956	-182.48024	874.8888	19.345741	890.46356	822.64197	1000.0	1000.0	399999	237.2526	39.48224	291.46112	52.597466	237.2528	39.48134	292.24268	50.94976	-4.443399	3.0608466	40.160645	-17.970934	2469.2502	9.70165	76992.8507130146
