Epoch	AverageEpRet	StdEpRet	MaxEpRet	MinEpRet	AverageTestEpRet	StdTestEpRet	MaxTestEpRet	MinTestEpRet	EpLen	TestEpLen	TotalEnvInteracts	AverageQ1Vals	StdQ1Vals	MaxQ1Vals	MinQ1Vals	AverageQ2Vals	StdQ2Vals	MaxQ2Vals	MinQ2Vals	AverageLogPi	StdLogPi	MaxLogPi	MinLogPi	LossPi	LossQ	Time
1	-280.28882	124.5414	-111.00025	-461.25543	147.37454	13.442842	171.71857	128.459	1000.0	1000.0	3999	3.5955038	2.9276834	16.47558	-4.8042765	3.5959246	2.9270716	17.09913	-5.174946	-3.0678203	1.5250477	10.325556	-11.787444	-4.510862	0.7254206	127.73574161529541
2	-256.73236	55.328373	-173.56514	-310.9958	-168.42542	27.32507	-136.25545	-242.21126	1000.0	1000.0	7999	15.837301	6.282495	40.721325	-5.3925295	15.837016	6.280638	41.04261	-5.8220105	-1.117947	2.6726863	13.984137	-14.569753	-17.145824	1.9599924	294.57744574546814
3	-265.91354	54.459385	-210.0976	-352.08112	72.82266	17.280828	107.85675	46.69991	1000.0	1000.0	11999	31.827097	8.177159	59.831474	10.517882	31.8269	8.173546	60.508553	10.494702	-0.91575587	2.7991831	17.851704	-12.699771	-33.06736	3.0232403	457.3267979621887
4	260.27222	203.39809	483.96304	13.774473	1292.7908	49.769062	1360.1447	1162.4506	1000.0	1000.0	15999	37.44579	11.098082	69.687965	14.840796	37.445976	11.096368	68.685394	14.581163	-2.3769693	2.0195363	11.779982	-13.268415	-38.12127	3.305061	621.4727337360382
5	745.11005	356.06598	1070.0343	171.67809	1817.8584	215.80537	2054.3645	1228.0441	1000.0	1000.0	19999	42.1448	13.459879	81.827805	15.629219	42.14529	13.459441	81.69503	15.452766	-2.3786576	1.9869497	12.930773	-12.892983	-42.742764	3.2565079	786.616934299469
6	1477.713	469.98517	1797.6823	665.42596	2397.4731	105.0243	2627.6145	2235.3057	1000.0	1000.0	23999	49.501064	18.17678	110.272095	16.549368	49.501453	18.176197	107.28547	16.048353	-1.7986362	2.3917348	15.506975	-13.076187	-50.15691	4.3349605	955.4839315414429
7	2068.377	109.864105	2237.7883	1965.8156	2819.0227	80.27558	2992.7722	2708.8918	1000.0	1000.0	27999	63.35108	24.61289	129.50812	18.565754	63.35144	24.612356	129.79665	17.945473	-1.0505055	2.7822657	19.273607	-14.176056	-64.04854	6.3233824	1123.7928621768951
8	2256.8953	518.3784	2673.0576	1370.5994	3360.4954	106.71818	3519.668	3127.9082	1000.0	1000.0	31999	80.48921	31.044353	162.8873	20.156809	80.48987	31.043964	164.08807	18.946869	-0.40832567	3.0705087	19.651642	-15.242281	-81.1978	8.226367	1292.650012254715
9	2962.738	134.22568	3093.7722	2774.8552	3900.3086	191.13077	4109.8906	3542.2107	1000.0	1000.0	35999	97.90253	38.763176	197.6742	20.595917	97.90278	38.7627	197.06612	18.746283	0.017995914	3.2946012	22.694738	-13.206692	-98.60597	10.581185	1462.2019205093384
10	3462.337	98.34009	3620.6592	3359.0322	3986.8345	98.77202	4100.54	3806.033	1000.0	1000.0	39999	117.80136	46.11872	216.37872	19.148006	117.80175	46.11892	214.83156	20.325386	0.46382862	3.457755	24.159975	-15.899144	-118.475815	13.494222	1627.5358788967133
11	3784.5034	59.06641	3842.6846	3710.4424	4381.6016	74.31549	4517.5625	4277.382	1000.0	1000.0	43999	138.74445	52.719757	249.11964	14.905588	138.74472	52.720005	248.82945	15.502323	0.9163201	3.6253827	26.158058	-14.102531	-139.41	15.206024	1793.2476933002472
12	4036.3003	75.73818	4117.8706	3929.7563	4497.7656	82.55209	4623.6274	4349.291	1000.0	1000.0	47999	159.99193	58.945515	268.7857	12.3566475	159.99171	58.945652	269.0596	14.302084	1.1792511	3.6575465	27.596643	-13.712775	-160.6111	16.691103	1959.915090084076
13	4363.3516	118.16986	4487.814	4169.808	4938.177	186.11111	5142.4775	4498.5366	1000.0	1000.0	51999	180.706	64.43791	293.44815	10.0498	180.70578	64.438446	292.74203	10.398174	1.447052	3.745875	27.644367	-13.120097	-181.31903	17.55405	2125.9558341503143
14	4356.939	135.66669	4565.49	4185.614	5149.657	109.1278	5289.3945	4951.133	1000.0	1000.0	55999	201.04659	69.586975	316.68192	11.380765	201.04636	69.587296	317.47772	11.732991	1.7066998	3.852529	28.243725	-12.429781	-201.62158	19.495527	2293.4912610054016
15	4765.8843	89.46465	4862.728	4620.416	5238.724	82.22544	5370.435	5115.891	1000.0	1000.0	59999	220.19868	74.3043	335.11435	8.099215	220.19833	74.30448	336.92392	11.39433	1.9592233	3.926815	29.75716	-14.798933	-220.77267	20.43836	2462.706707239151
16	4913.5967	120.39038	5024.6475	4719.9526	5646.837	86.80405	5808.7197	5483.624	1000.0	1000.0	63999	239.55547	78.2053	366.7287	8.246576	239.5557	78.20645	365.31418	5.136038	2.139789	3.9940624	25.949963	-15.123905	-240.07988	21.924158	2632.4864342212677
17	5180.4624	113.55236	5359.438	5064.2227	5525.7773	1346.9553	6210.8833	1497.8944	1000.0	1000.0	67999	257.75494	81.97373	379.27167	3.6418734	257.7544	81.97511	381.39618	9.020509	2.3094966	4.0278783	30.92275	-12.822567	-258.25967	22.83369	2811.8413174152374
18	4130.876	2011.4222	5389.357	648.63495	5792.0356	70.12185	5903.818	5677.899	1000.0	1000.0	71999	274.79947	85.799706	395.4182	3.9570704	274.7996	85.80057	395.41953	4.91961	2.4697535	4.0480223	31.815788	-13.493853	-275.30005	23.892763	2993.2290749549866
19	5621.803	207.39615	5978.76	5465.429	6103.073	109.906166	6248.3037	5877.444	1000.0	1000.0	75999	287.67697	92.05421	421.43277	-5.2483196	287.67673	92.05489	420.3512	-10.5334635	2.4559336	4.042172	35.419743	-13.643999	-288.15155	25.843702	3181.3576562404633
20	5686.862	96.31497	5840.568	5578.54	6246.7266	99.0449	6455.85	6105.484	1000.0	1000.0	79999	303.41025	95.04254	434.53143	-41.711662	303.41013	95.04292	432.80045	-31.884882	2.6189477	4.047885	39.24496	-15.455294	-303.86188	25.763428	3382.6148738861084
21	5815.2896	112.26001	5980.0767	5665.9976	5765.0864	104.3952	5946.1265	5612.2114	1000.0	1000.0	83999	318.5288	97.721565	448.8236	-36.23993	318.5285	97.723625	450.12088	-27.45142	2.7289402	4.034925	36.88653	-15.009566	-318.9449	27.822906	3588.5815217494965
22	4880.14	1867.0768	6040.6045	1650.1447	5763.3076	107.745575	5909.402	5543.922	1000.0	1000.0	87999	329.83157	103.64172	462.41318	-49.111675	329.831	103.64369	463.8315	-48.50926	2.8412063	4.080355	34.29485	-12.589416	-330.26953	29.884214	3798.9957077503204
23	5451.622	866.4211	6071.859	3963.3884	5935.1904	55.590145	6019.688	5852.3623	1000.0	1000.0	91999	342.62216	106.41418	473.7633	-39.00658	342.62152	106.41622	475.9533	-47.801796	2.9002972	4.0742626	31.548742	-11.675583	-343.0008	30.84753	4009.606615781784
24	6217.3223	78.4303	6284.9443	6084.4644	6597.2017	103.21137	6734.1216	6360.4673	1000.0	1000.0	95999	354.58728	108.6823	495.14465	-101.97708	354.58667	108.683876	496.44125	-75.066124	3.0148804	4.090894	36.22786	-17.340717	-354.94928	31.521349	4219.9399061203
25	6205.285	51.777348	6279.785	6149.147	6346.0776	76.50366	6451.3955	6221.7637	1000.0	1000.0	99999	366.85687	110.89493	502.2092	-56.705666	366.8565	110.89633	502.43314	-48.003147	3.0775087	4.073832	40.676247	-12.595072	-367.20337	29.378542	4430.249366521835
26	6203.018	316.07507	6590.5503	5711.1094	5567.85	1655.8939	6744.3335	1179.1399	1000.0	1000.0	103999	378.6648	112.173065	512.82526	-18.652742	378.66388	112.174515	511.48737	-16.749146	3.2269318	4.0861506	34.507797	-15.190546	-378.98114	32.48504	4620.56236577034
27	6338.4595	174.67351	6599.9863	6107.8843	7221.782	98.810974	7338.7124	7036.233	1000.0	1000.0	107999	389.35373	113.430435	522.02295	-57.855976	389.3534	113.43157	521.765	-49.265697	3.256318	4.0635567	46.93377	-13.428762	-389.64236	32.893112	4811.173769950867
28	6462.9434	125.269325	6587.8447	6307.312	6230.862	1675.227	7234.11	1747.9865	1000.0	1000.0	111999	399.59924	114.18799	529.5519	-17.677351	399.59924	114.18926	530.24225	-12.318792	3.279971	4.0482044	38.877716	-11.248632	-399.86276	32.505356	5002.957937717438
29	6557.5205	183.08113	6775.7983	6292.479	7418.068	134.42967	7561.8623	7144.5327	1000.0	1000.0	115999	409.78152	114.94918	541.22906	-4.8510604	409.7814	114.949715	540.4426	-5.4861097	3.3526604	4.0372605	35.359413	-17.046888	-410.0255	32.65099	5242.351368427277
30	6589.6304	176.38382	6695.4976	6284.209	7381.3525	52.5309	7466.556	7308.9434	1000.0	1000.0	119999	418.85403	116.10728	547.50464	-55.136684	418.85367	116.10854	550.5462	-36.252285	3.3821585	4.0007124	35.496548	-12.74015	-419.0968	31.889477	5494.427634000778
31	6767.6396	76.505844	6870.2876	6655.9966	7365.189	68.85823	7472.875	7236.8706	1000.0	1000.0	123999	428.3705	116.663605	560.31836	-28.514196	428.3698	116.663	560.50055	-20.434723	3.473507	4.0083375	51.080917	-11.5173025	-428.62073	32.484905	5734.320030450821
32	6790.755	99.809494	6890.5117	6656.4077	6566.9937	99.2655	6713.8613	6390.8145	1000.0	1000.0	127999	437.7639	117.26253	569.1635	-27.025639	437.76416	117.26367	567.27563	-25.55429	3.5273228	3.9973025	38.444958	-11.895791	-437.97946	31.970814	5953.41771197319
33	6950.329	133.22256	7087.0044	6729.9517	7596.7197	95.8501	7828.34	7473.378	1000.0	1000.0	131999	445.97208	118.67473	577.70807	-22.748833	445.97153	118.67526	578.4106	-31.13857	3.6466792	3.9960136	39.29652	-13.842485	-446.1832	31.57023	6170.265094995499
34	7019.6685	173.29988	7207.441	6776.058	7199.439	55.671078	7321.098	7133.7114	1000.0	1000.0	135999	454.6784	119.34791	586.6945	-72.04838	454.67825	119.34768	585.6244	-44.192413	3.6882737	4.0321007	46.684143	-13.339691	-454.85544	31.89974	6374.330144405365
35	7185.3994	126.63502	7312.7407	6975.4126	7216.047	1707.6113	7895.874	2096.7727	1000.0	1000.0	139999	462.60733	119.859505	596.6895	-37.929756	462.60727	119.860214	596.7764	-49.67469	3.7518709	4.0028453	33.18159	-12.589876	-462.78064	32.230385	6575.636474132538
36	7123.97	121.06659	7305.565	6964.5894	7359.275	77.66595	7505.007	7208.756	1000.0	1000.0	143999	470.85785	120.43193	607.47314	-29.596102	470.8576	120.43228	604.16235	-34.548584	3.8750355	3.9936554	39.856644	-13.8516865	-471.03195	32.120544	6776.451192617416
37	7110.7407	257.10672	7321.0605	6678.091	7317.622	100.52678	7477.471	7128.898	1000.0	1000.0	147999	478.49396	120.82629	608.7611	-59.965935	478.49368	120.82695	609.24677	-33.302864	3.9158876	3.9802306	38.558784	-12.711719	-478.64868	33.367172	7007.736030578613
38	7107.092	192.90147	7321.9497	6832.5146	7748.5767	123.94206	7902.653	7560.819	1000.0	1000.0	151999	485.8547	121.78293	626.8844	-6.6676865	485.85443	121.78268	621.39514	5.6566734	3.9658642	4.0091033	36.377045	-14.7375	-485.9964	34.18686	7255.398854970932
39	7389.147	309.14087	7764.4336	6904.296	7473.878	1657.622	8227.226	2506.1406	1000.0	1000.0	155999	492.9616	122.26471	631.1725	-36.06591	492.9612	122.265495	631.05316	-41.112297	4.073035	4.0353746	39.636562	-13.441607	-493.0937	34.47001	7498.845743656158
40	7375.8857	123.12962	7580.259	7265.775	8158.0713	99.16488	8253.29	7951.763	1000.0	1000.0	159999	499.94067	123.095	637.6824	-12.628186	499.9404	123.0955	640.8439	-21.631582	4.07417	4.0070667	43.356373	-13.687935	-500.05276	34.522587	7743.014338970184
41	7678.49	198.58107	7914.5967	7411.2393	8419.4	101.987755	8567.984	8206.665	1000.0	1000.0	163999	507.22775	123.94889	644.7542	-44.40775	507.22733	123.94911	644.97473	-15.436036	4.192111	4.0217385	50.229782	-13.724489	-507.35724	35.383163	7983.295989274979
42	7679.8086	208.48251	7908.874	7373.8164	7757.913	1487.8811	8417.012	3308.5278	1000.0	1000.0	167999	514.4453	123.91931	652.38153	-23.937136	514.4452	123.920296	649.427	-27.94634	4.1472664	3.9874008	47.407894	-12.893062	-514.5135	35.238316	8189.895495176315
43	7657.534	182.99872	7870.121	7396.935	6528.6357	2486.8486	8359.972	1372.214	1000.0	1000.0	171999	520.4642	125.069435	657.5315	-19.216322	520.464	125.06973	659.6889	-16.173998	4.30678	4.0513964	36.35016	-13.797545	-520.5443	36.350346	8387.739822864532
44	6262.4624	2495.6152	7783.8228	1942.5424	7569.827	969.6705	8146.1763	5398.7217	1000.0	1000.0	175999	524.7511	128.19467	662.602	-47.43943	524.7508	128.19519	662.8813	-59.075283	4.3501115	4.067527	40.933414	-14.273506	-524.8334	38.841442	8585.716270446777
45	7811.7363	106.811104	7937.7295	7657.4673	7959.3438	1803.4626	8741.093	2577.3545	1000.0	1000.0	179999	531.0603	129.36598	677.0078	-66.55452	531.06024	129.36656	673.904	-58.734608	4.416698	4.0689645	47.22685	-12.123133	-531.1457	38.804882	8785.362042665482
46	7802.619	271.34665	8045.9385	7369.8267	6865.5845	2488.0894	8602.276	972.9829	1000.0	1000.0	183999	536.9463	129.79234	682.55457	-54.85621	536.9461	129.79305	681.3842	-82.48929	4.3808827	4.040102	45.282074	-13.033507	-536.9895	40.080563	8985.172147989273
47	6316.1978	2562.6404	8073.239	1894.811	6637.978	1643.1932	8111.457	3436.3132	1000.0	1000.0	187999	540.01697	133.23415	687.1313	-81.2373	540.0165	133.23535	685.4796	-91.55675	4.474394	4.076654	38.40137	-11.652541	-540.06665	43.10766	9184.581454992294
48	7692.294	188.83876	7897.5796	7383.923	7476.55	1521.3394	8472.25	3134.9443	1000.0	1000.0	191999	545.0688	134.04884	692.1808	-39.487625	545.0678	134.0506	691.4339	-38.270573	4.4767323	4.093161	45.00174	-12.356418	-545.0579	43.571342	9383.991426706314
49	7905.499	84.31419	8019.7183	7781.9478	8489.745	896.82983	9000.281	5834.063	1000.0	1000.0	195999	550.07764	134.05116	695.9002	-61.439735	550.07794	134.05344	693.3824	-75.19671	4.515539	4.0699043	42.653736	-12.568187	-550.0744	42.44677	9582.296723127365
50	7871.1064	212.98412	8183.0503	7581.4683	8106.966	462.9853	8600.956	6800.207	1000.0	1000.0	199999	554.89606	134.29747	696.428	-71.536804	554.8956	134.29893	697.7903	-129.0608	4.553545	4.087618	38.856956	-13.191363	-554.8699	41.565422	9780.469989299774
51	7992.547	108.10289	8177.9146	7912.2505	8813.067	80.365875	8955.1	8711.3125	1000.0	1000.0	203999	559.4337	134.13281	702.67267	-14.763195	559.43335	134.13364	702.82837	-22.295593	4.5809045	4.0827193	46.93302	-13.494566	-559.4071	39.987133	9978.760943889618
52	7382.5923	1037.5862	8115.1396	5594.8994	8885.071	154.0032	9047.014	8573.807	1000.0	1000.0	207999	563.3717	136.11288	705.5441	-424.36475	563.3709	136.11635	705.1778	-395.31235	4.6001444	4.097144	48.695736	-14.722248	-563.29517	44.676334	10177.305327415466
53	8037.033	155.71156	8249.95	7831.1064	8761.792	103.287704	8906.047	8522.767	1000.0	1000.0	211999	567.348	137.27176	712.34283	-297.3032	567.3478	137.27365	714.3045	-316.1602	4.619451	4.1203895	47.25974	-13.415274	-567.2656	45.151176	10375.226359844208
54	8146.2334	170.90155	8380.121	7897.528	8494.106	55.789703	8557.268	8383.142	1000.0	1000.0	215999	571.6008	137.24121	718.8507	-322.74146	571.6009	137.24211	719.47076	-339.0886	4.6727266	4.0966773	44.563866	-12.951815	-571.50385	44.43497	10573.843210935593
55	8190.8438	190.61298	8383.669	7902.9795	8022.1494	128.93137	8246.851	7802.9907	1000.0	1000.0	219999	575.6601	137.70128	722.2534	-343.45276	575.65955	137.70271	721.87006	-347.30807	4.7195983	4.127766	40.959908	-12.532557	-575.6051	44.838226	10773.069485902786
56	8244.433	182.4595	8392.84	7934.9043	8599.705	91.371826	8716.074	8383.787	1000.0	1000.0	223999	580.8867	136.73193	727.4859	-373.95987	580.88654	136.73253	726.5638	-364.67337	4.754342	4.127209	38.67283	-12.59607	-580.8056	44.39793	10971.276934146881
57	8488.451	95.933235	8635.421	8366.866	8845.844	139.85973	9051.054	8610.917	1000.0	1000.0	227999	584.8587	137.65047	737.2763	-286.4085	584.8591	137.65001	734.40686	-302.35052	4.79222	4.15369	49.025757	-14.623063	-584.7454	45.000145	11202.425013780594
58	8380.337	87.43245	8478.939	8258.247	8348.691	83.103455	8491.668	8210.161	1000.0	1000.0	231999	589.2327	137.80716	755.8181	-231.81635	589.23267	137.8081	753.793	-246.2011	4.792209	4.160592	42.521847	-13.814119	-589.0884	44.763203	11446.477574586868
59	8399.933	204.11877	8739.401	8222.789	8290.706	1724.3649	9045.029	3123.967	1000.0	1000.0	235999	593.1252	138.32614	759.4664	-248.91106	593.1255	138.32623	758.19666	-260.43625	4.8698306	4.1801953	38.944866	-13.020454	-592.9704	45.532158	11694.843860149384
60	8566.044	93.426704	8690.36	8427.821	8997.047	147.02328	9241.568	8670.755	1000.0	1000.0	239999	597.3665	138.32845	762.44354	-243.48007	597.36633	138.33	764.2296	-253.65334	4.88546	4.1699157	47.783146	-13.125684	-597.2537	44.215023	11939.403798103333
61	8598.652	118.31251	8785.846	8485.67	8058.022	118.51519	8239.113	7865.9106	1000.0	1000.0	243999	601.7085	138.60637	765.6224	-239.2247	601.7081	138.60693	766.93695	-249.1986	5.0309167	4.2042174	48.101246	-13.055843	-601.5922	47.746555	12189.28802061081
62	8577.667	175.98326	8795.105	8364.734	9147.955	86.26605	9206.186	8907.096	1000.0	1000.0	247999	606.653	138.18939	769.80597	-226.8829	606.65265	138.19177	770.9771	-215.38693	5.0248747	4.186576	53.501335	-11.966831	-606.50916	47.90418	12406.985991954803
63	8513.807	247.96207	8817.443	8248.582	8827.6875	1108.8689	9529.074	5543.6855	1000.0	1000.0	251999	610.49725	139.32756	778.4039	-246.47418	610.4974	139.32756	775.9176	-250.97533	5.02046	4.1948013	46.01099	-11.264239	-610.3552	48.07029	12620.091545581818
64	8868.245	100.263176	9039.067	8781.827	8780.623	84.89929	8915.364	8647.235	1000.0	1000.0	255999	614.9156	139.13782	778.74335	-231.47609	614.91516	139.139	779.17737	-250.1699	5.1065173	4.2177987	49.08236	-14.777851	-614.78986	46.47743	12830.507112979889
65	8815.59	63.954216	8894.385	8724.934	9479.315	218.09323	9722.207	8985.07	1000.0	1000.0	259999	619.0341	139.92688	789.47797	-207.52858	619.0346	139.92824	786.8514	-215.75717	5.07068	4.1931486	48.77624	-13.424812	-618.88763	46.82936	13078.260358333588
66	8660.947	73.60029	8756.772	8552.087	9503.431	136.928	9646.524	9170.577	1000.0	1000.0	263999	623.3306	140.09535	796.17993	-193.71043	623.33	140.09822	790.9805	-186.7629	5.196979	4.2549133	45.520725	-12.616249	-623.1826	49.432655	13324.264925479889
67	8487.494	286.68243	8838.203	8047.6406	9100.552	97.11326	9219.152	8917.795	1000.0	1000.0	267999	627.937	139.95065	798.88354	-162.85085	627.93695	139.95387	799.34296	-162.85954	5.1932197	4.229108	50.888775	-13.739888	-627.7829	48.80782	13548.975945472717
68	8932.258	140.1345	9163.051	8800.275	9491.619	87.89867	9642.782	9285.503	1000.0	1000.0	271999	631.9853	140.33992	808.9196	-182.03473	631.98553	140.34073	808.3595	-176.89305	5.177421	4.24353	44.80659	-11.169393	-631.8035	51.827816	13763.081386327744
69	8880.019	134.33281	9090.075	8721.478	9617.515	159.37816	9929.666	9392.74	1000.0	1000.0	275999	635.61426	140.34317	809.5879	-225.25455	635.614	140.34343	811.0213	-230.11024	5.23669	4.262283	43.533203	-12.746769	-635.42413	53.121952	13978.600576400757
70	9030.658	160.42348	9243.266	8797.43	9296.524	278.62598	9658.687	8625.641	1000.0	1000.0	279999	638.9744	141.33757	816.54645	-243.72574	638.9743	141.3381	817.4532	-262.65848	5.212879	4.242676	47.014847	-13.715414	-638.80865	49.026764	14221.09967803955
71	9076.364	183.1881	9280.852	8780.418	8037.05	2997.5293	9772.614	1568.6481	1000.0	1000.0	283999	642.8399	140.9648	818.6964	-296.41458	642.8398	140.96703	816.57184	-317.74597	5.2642164	4.2497034	46.405266	-12.662644	-642.61615	52.56161	14469.150353908539
72	9032.289	193.16954	9342.488	8813.744	9671.248	127.85842	9824.634	9429.27	1000.0	1000.0	287999	645.95734	141.54085	825.321	-236.96802	645.95734	141.54211	824.95404	-231.48303	5.2717915	4.262379	45.811462	-13.407743	-645.7351	52.468124	14696.389907598495
73	9044.152	160.94582	9213.185	8784.754	9789.888	120.10348	9974.666	9611.783	1000.0	1000.0	291999	649.9846	140.9991	821.02484	-199.10324	649.9847	141.00299	821.5842	-239.84448	5.2948594	4.2748694	54.2724	-12.558911	-649.7818	51.7245	14892.335219144821
74	6983.533	3463.967	9163.2295	993.5656	9426.055	126.35797	9612.502	9249.15	1000.0	1000.0	295999	651.65765	142.99095	829.211	-177.26645	651.6581	142.993	826.55945	-198.2547	5.3797474	4.278116	56.110714	-13.284085	-651.42926	54.260075	15088.575158834457
75	8924.916	186.434	9228.857	8720.816	9519.956	235.26942	9863.769	9187.208	1000.0	1000.0	299999	653.392	145.5672	828.4829	-231.98009	653.3913	145.56856	831.3992	-234.71913	5.3344545	4.2826757	49.297546	-12.709096	-653.1668	53.365784	15291.075508832932
76	9329.581	86.02103	9430.057	9202.429	9146.8545	80.99349	9303.278	9042.984	1000.0	1000.0	303999	657.432	145.63962	834.5652	-214.40157	657.4319	145.6417	835.1891	-198.93323	5.4019656	4.3165445	46.122513	-13.783806	-657.1823	54.046474	15511.16250538826
77	9337.41	113.878815	9486.699	9207.639	10003.193	156.74832	10184.018	9682.355	1000.0	1000.0	307999	660.6722	145.8757	837.3764	-219.64288	660.67236	145.87782	838.6336	-204.78177	5.4620757	4.3157997	49.416157	-12.743589	-660.42944	54.24988	15729.815509080887
78	9485.408	109.29976	9625.3	9322.545	9994.17	188.75002	10302.99	9598.116	1000.0	1000.0	311999	663.6756	146.91237	848.2925	-221.40054	663.67505	146.91327	850.16223	-221.28717	5.38085	4.2468905	42.620354	-15.548265	-663.4324	54.20421	15939.084659576416
79	9236.283	280.37408	9652.022	8958.238	9558.904	180.68576	9863.565	9333.88	1000.0	1000.0	315999	667.9818	146.01668	855.49304	-236.9775	667.98157	146.01767	854.30676	-240.15913	5.476729	4.2788434	51.130844	-10.908091	-667.71027	58.509342	16138.020620584488
80	9497.64	184.27327	9745.079	9281.765	10053.098	96.17939	10223.118	9931.866	1000.0	1000.0	319999	670.59	147.01605	855.54913	-251.3858	670.59033	147.01447	852.94684	-207.79762	5.516097	4.286261	41.3444	-12.26041	-670.3289	62.234665	16334.762714385986
81	9339.826	41.510372	9388.312	9275.178	9097.493	189.45764	9297.856	8622.109	1000.0	1000.0	323999	674.2789	146.69502	852.95435	-221.4945	674.2788	146.69792	853.21265	-192.9342	5.5298567	4.3332787	48.064255	-12.744269	-674.0085	61.660202	16530.277874946594
82	9455.855	243.84239	9755.983	9096.666	8720.215	2409.8936	10306.883	2692.898	1000.0	1000.0	327999	677.70105	146.72667	862.6067	-229.34758	677.701	146.72945	860.0454	-221.44968	5.5835743	4.3478746	60.662365	-12.998664	-677.4189	60.805428	16723.79081249237
83	9505.092	134.14664	9643.628	9299.367	8204.846	2734.9993	9830.761	1551.3256	1000.0	1000.0	331999	680.6915	147.46817	865.73193	-233.87505	680.6911	147.47	867.7737	-228.93057	5.587182	4.355173	50.050453	-13.153347	-680.40515	60.058987	16917.186631441116
84	9423.091	152.30418	9565.431	9166.815	9920.119	204.6123	10324.247	9441.859	1000.0	1000.0	335999	683.93286	147.11949	867.9692	-227.55171	683.9324	147.12193	865.25867	-251.04083	5.6574655	4.343566	50.202286	-13.685778	-683.64655	60.63727	17118.669778347015
85	9505.23	30.794182	9548.251	9461.242	9746.639	103.59237	9864.276	9561.486	1000.0	1000.0	339999	686.59595	148.13338	876.5698	-197.03127	686.5961	148.13446	872.9909	-222.2036	5.664382	4.3358097	51.255333	-12.019485	-686.3049	61.679096	17323.49085688591
86	7972.1133	2929.5095	9765.789	2901.0044	10005.069	69.32605	10130.448	9902.591	1000.0	1000.0	343999	688.64185	150.06682	877.45233	-165.06369	688.64166	150.06607	879.3222	-175.79755	5.6930532	4.327857	53.699833	-13.734914	-688.34814	65.215355	17528.995354413986
87	9412.293	123.143776	9560.171	9268.417	9868.402	108.785545	10025.456	9730.339	1000.0	1000.0	347999	691.3804	151.66748	880.0158	-153.11298	691.38	151.66927	881.64594	-161.97787	5.737634	4.375887	58.752163	-12.324421	-691.0526	68.40701	17731.019988536835
88	8163.6855	2314.6213	9625.708	4156.8877	9655.822	1878.4535	10449.835	4028.4246	1000.0	1000.0	351999	694.1556	151.17601	881.7052	-168.14621	694.1555	151.17857	883.3683	-162.3928	5.760442	4.3963933	46.22126	-12.797635	-693.8479	67.34095	17930.10070490837
89	9387.91	185.07298	9602.271	9186.306	9889.106	100.95283	10095.544	9749.828	1000.0	1000.0	355999	695.8599	152.77127	883.8432	-199.68478	695.8599	152.77176	882.7897	-204.20929	5.772591	4.377283	56.01864	-13.327305	-695.51514	72.488815	18130.204312324524
90	9704.209	198.00105	9958.369	9436.375	9559.825	44.895786	9632.179	9491.492	1000.0	1000.0	359999	698.4165	153.06128	882.96204	-196.88576	698.41656	153.06235	885.45636	-203.333	5.7463307	4.3973365	64.711174	-12.385358	-698.01184	75.08364	18336.851902484894
91	9717.786	84.47384	9794.349	9589.409	10012.284	109.16376	10173.607	9874.534	1000.0	1000.0	363999	700.0876	153.99309	890.6654	-205.98541	700.0872	153.99779	891.2282	-329.40994	5.782353	4.405866	46.75694	-14.368433	-699.7147	72.88147	18550.412496566772
92	9730.07	131.16536	9917.786	9560.369	9913.333	227.09682	10226.128	9560.76	1000.0	1000.0	367999	702.85376	154.49895	888.3544	-150.02106	702.854	154.49777	891.16547	-167.56027	5.7897363	4.3842654	57.70729	-11.531986	-702.51404	71.25725	18761.04295015335
93	9840.879	291.5589	10328.356	9584.093	9108.607	1559.7316	9913.709	4817.297	1000.0	1000.0	371999	705.98474	154.38737	893.44	-207.42319	705.9846	154.38686	891.86816	-217.58719	5.856345	4.3991885	46.24562	-12.619688	-705.5972	67.131	18968.02842068672
94	9727.8545	213.10936	9984.121	9461.553	10360.397	96.37432	10485.832	10115.941	1000.0	1000.0	375999	709.2389	153.20488	895.81116	-225.91154	709.23816	153.20956	897.1243	-232.70854	5.820865	4.3888106	51.194614	-12.228941	-708.8666	70.70028	19171.668362379074
95	9648.835	200.8783	9829.278	9315.115	9963.353	134.06842	10163.116	9739.529	1000.0	1000.0	379999	711.46	153.5779	897.99286	-167.1524	711.4594	153.58212	902.568	-168.22447	5.88434	4.397282	73.09999	-12.679504	-711.0505	75.37237	19375.30705857277
96	9883.139	194.54628	10180.054	9652.667	10630.701	113.15387	10885.1455	10485.755	1000.0	1000.0	383999	714.05225	153.78885	904.065	-169.35907	714.0525	153.7875	902.0924	-167.55714	5.948803	4.4265795	58.804955	-12.298165	-713.6839	75.711365	19577.234703540802
97	9786.283	203.67302	10033.94	9500.719	10483.794	113.34666	10749.169	10372.887	1000.0	1000.0	387999	716.312	154.28178	905.2693	-161.42242	716.3118	154.2853	907.14746	-174.425	5.917622	4.4163465	50.000237	-12.385273	-715.9021	76.29992	19780.29432463646
98	9856.058	93.615875	9973.093	9711.239	10608.466	158.35992	10858.081	10250.926	1000.0	1000.0	391999	718.71594	154.54062	907.54803	-140.64229	718.71686	154.53938	909.2616	-138.69128	5.9534264	4.396771	47.823032	-11.78743	-718.29926	75.66667	19982.037712574005
99	9782.229	188.05272	10063.546	9586.692	10377.662	113.984985	10531.321	10183.007	1000.0	1000.0	395999	721.77954	153.97502	916.2688	-197.0437	721.7785	153.97876	914.7089	-188.59982	5.9685125	4.416957	52.6912	-12.137441	-721.4066	75.91208	20195.486654043198
100	9830.477	222.0194	10115.37	9493.88	10532.2295	134.0607	10749.125	10355.074	1000.0	1000.0	399999	724.94385	154.12373	912.4245	-201.81001	724.9436	154.12285	918.0959	-194.12718	6.0258427	4.4214644	59.24491	-15.836012	-724.527	77.63299	20416.085023641586
