Epoch	AverageTestEnv0Ret	StdTestEnv0Ret	MaxTestEnv0Ret	MinTestEnv0Ret	AverageEnv0Ret	StdEnv0Ret	MaxEnv0Ret	MinEnv0Ret	AverageTestEnv1Ret	StdTestEnv1Ret	MaxTestEnv1Ret	MinTestEnv1Ret	AverageEnv1Ret	StdEnv1Ret	MaxEnv1Ret	MinEnv1Ret	AverageEpRet	StdEpRet	MaxEpRet	MinEpRet	AverageTestEpRet	StdTestEpRet	MaxTestEpRet	MinTestEpRet	EpLen	TestEpLen	TotalEnvInteracts	AverageQ1Vals	StdQ1Vals	MaxQ1Vals	MinQ1Vals	AverageQ2Vals	StdQ2Vals	MaxQ2Vals	MinQ2Vals	AverageLogPi	StdLogPi	MaxLogPi	MinLogPi	LossPi	LossQ	Time
1	219.26004	45.191814	336.20953	180.52922	-286.81342	39.15314	-240.08708	-342.18393	-164.69312	19.786087	-133.01407	-204.87704	-238.40395	16.991302	-221.73131	-262.8377	-525.2174	55.82532	-463.43652	-605.02167	54.566917	45.001442	176.33917	11.850804	1000.0	1000.0	3999	10.025605	6.487151	53.527683	-4.3886247	10.027266	6.4842286	54.882572	-4.527923	-7.4910316	2.5913153	11.27286	-18.4259	-16.034063	1.1940863	178.2834014892578
2	-479.4296	32.999588	-406.38388	-520.0587	-273.70026	40.33965	-216.28395	-327.5947	127.872025	47.1931	214.84541	48.705776	-267.60974	53.4072	-182.40018	-320.69144	-541.31	65.96868	-445.5792	-631.4535	-351.55756	60.800304	-261.2	-441.88602	1000.0	1000.0	7999	40.88598	17.95849	141.81108	1.7879477	40.886314	17.958515	139.68567	1.4575813	-1.3341373	5.6295037	29.14615	-19.703674	-86.17244	6.534247	406.52478289604187
3	-765.3427	96.26222	-646.68506	-901.3158	-705.8573	359.0428	-334.4891	-1090.8265	-163.71072	87.76504	73.504555	-245.98848	-310.4046	90.37494	-197.59422	-441.84882	-1016.2619	374.24765	-626.1352	-1479.6082	-929.0534	121.49813	-693.0536	-1105.3615	1000.0	1000.0	11999	126.0942	45.478786	263.00488	40.41592	126.09198	45.483093	263.4528	39.66475	10.014641	6.8544025	42.376408	-21.748318	-267.5242	25.089542	637.5453102588654
4	-1388.3029	62.06803	-1253.829	-1473.5515	-1309.4789	131.5261	-1168.9836	-1505.5992	-609.5627	130.08221	-418.46814	-921.19867	-479.86975	45.603344	-430.53824	-534.8394	-1789.3486	160.37334	-1599.522	-2040.4386	-1997.8656	143.11647	-1816.2808	-2285.6118	1000.0	1000.0	15999	283.34293	72.58021	548.0998	120.35394	283.34232	72.58417	547.3002	120.69327	18.233978	6.963447	57.421593	-16.442507	-594.85126	62.403282	871.0852837562561
5	-1311.4729	60.36479	-1245.2162	-1442.2188	-1382.6837	80.37611	-1329.3461	-1521.2539	-425.1081	80.009445	-277.07153	-510.50784	-484.512	84.34899	-401.39645	-588.9528	-1867.1958	136.92567	-1730.7426	-2067.2683	-1736.5813	126.7815	-1531.1642	-1917.7598	1000.0	1000.0	19999	633.5814	163.319	1099.3218	275.4012	633.5796	163.32384	1098.7616	277.628	28.791016	7.660261	93.40926	-8.591286	-1338.6136	303.40527	1121.2447595596313
6	-1353.2415	139.5231	-1175.15	-1537.8934	-1746.6586	49.503136	-1661.113	-1778.2711	-396.17682	59.71375	-271.66937	-517.19244	-386.04272	51.89309	-309.95633	-449.11758	-2132.7012	79.4995	-2032.2216	-2226.6467	-1749.4183	161.84792	-1546.9797	-1999.8734	1000.0	1000.0	23999	1166.8745	142.24733	1518.1658	721.3869	1166.8743	142.24062	1518.4677	722.37695	31.64693	7.7789664	101.70804	-6.6526604	-2415.75	453.77893	1386.79443693161
7	-1425.7753	82.49047	-1230.8622	-1529.5765	-1666.1039	102.57979	-1563.7021	-1822.16	-459.73813	45.36289	-359.40067	-534.2536	-490.12	44.489944	-441.7753	-561.4682	-2156.2239	142.41188	-2005.4775	-2383.6282	-1885.5134	119.009476	-1590.2628	-2063.8303	1000.0	1000.0	27999	1455.9475	82.236496	1797.547	1170.7285	1455.9491	82.232155	1809.8757	1169.0112	29.350502	7.2538614	80.54729	-7.6901693	-2969.841	347.73074	1641.0193271636963
8	-1741.7922	147.32	-1445.9928	-1886.398	-1498.2561	131.00381	-1340.4966	-1646.1049	-538.85944	59.613293	-415.87494	-624.28986	-458.63568	33.032913	-430.96252	-514.8964	-1956.8917	115.26544	-1829.6476	-2086.9114	-2280.6514	148.43214	-1988.2135	-2450.2354	1000.0	1000.0	31999	1603.4695	40.99026	1877.9253	1431.6553	1603.4691	40.9784	1874.6277	1429.6555	26.30742	6.9188423	66.02786	-6.5225735	-3252.17	284.23523	1876.49565076828
9	-1408.1887	67.368996	-1299.3972	-1497.4972	-1511.9247	75.6778	-1432.1628	-1636.5355	-617.7437	99.44189	-440.58557	-753.3008	-462.3225	47.531006	-414.95557	-532.37427	-1974.2473	102.68066	-1854.6069	-2116.0518	-2025.9326	161.28575	-1758.222	-2243.1501	1000.0	1000.0	35999	1673.1272	54.113613	1959.4921	1511.6116	1673.1282	54.12731	1954.2717	1532.1764	26.25551	6.37674	60.010693	-5.4741936	-3394.7625	266.7779	2111.9237706661224
10	-1494.6333	51.943993	-1400.1024	-1582.9277	-1458.6444	58.177914	-1378.0051	-1539.9005	-538.5907	43.59786	-465.18607	-605.5118	-587.21277	39.279297	-527.26746	-637.4285	-2045.8572	62.829865	-1972.2107	-2129.8499	-2033.224	58.318996	-1962.0629	-2178.1108	1000.0	1000.0	39999	1795.9525	46.427956	1992.8751	1632.4194	1795.9541	46.416725	1984.2444	1632.9487	24.775354	6.3029456	59.732677	-6.821192	-3638.7664	256.65787	2348.45605802536
11	-1549.8237	186.25444	-1112.8099	-1773.6938	-1595.9614	100.3169	-1444.6034	-1692.9167	-476.46844	87.4287	-320.89664	-607.6116	-465.45816	51.66667	-412.05444	-546.12274	-2061.4197	72.822014	-1990.7261	-2166.51	-2026.2922	181.20834	-1545.1779	-2213.053	1000.0	1000.0	43999	1815.0211	36.56659	2001.4111	1713.5004	1815.0211	36.556946	2008.8168	1711.6559	20.891966	6.335095	62.152058	-8.935148	-3666.9368	202.85469	2605.452872276306
12	-1231.6902	7.737264	-1220.2399	-1250.7621	-1522.0454	46.04317	-1457.5581	-1577.0889	-394.86505	100.75814	-291.10303	-502.51297	-399.40732	55.162086	-314.64978	-467.14307	-1921.4528	50.275463	-1854.1941	-1970.9369	-1626.5554	96.355125	-1522.174	-1732.0178	1000.0	1000.0	47999	1780.4084	30.219038	1965.9656	1686.1168	1780.4092	30.203293	1966.856	1681.2983	18.32291	6.3200564	59.296837	-17.260792	-3595.9653	180.40585	2867.3201899528503
13	-596.41425	278.9334	-209.1394	-999.02704	-1358.1653	80.97517	-1259.9772	-1449.6373	-349.56982	53.693596	-216.06573	-407.7117	-349.2632	27.446898	-324.79987	-392.78226	-1707.4285	56.67389	-1650.2649	-1776.3457	-945.9841	243.18457	-610.5919	-1311.6486	1000.0	1000.0	51999	1725.9093	47.635803	1904.919	1591.9272	1725.9093	47.630665	1897.8385	1586.4856	15.10285	6.5730567	56.777332	-13.526308	-3480.116	133.64793	3145.3274755477905
14	-470.14365	89.41206	-354.8624	-658.46576	-1037.7671	82.423	-962.081	-1168.5061	-390.58386	44.531013	-286.53046	-457.15884	-283.67612	41.369442	-239.24872	-351.0992	-1321.4432	83.226006	-1211.8217	-1446.2366	-860.72754	84.34457	-746.72845	-1072.1644	1000.0	1000.0	55999	1590.6226	67.53619	1795.8713	1421.6318	1590.623	67.54305	1785.1139	1420.7445	10.541395	6.436611	54.4112	-19.746494	-3198.7295	94.38812	3467.405161380768
15	-354.79053	25.692793	-303.10037	-379.29733	-726.25397	60.52525	-639.5319	-787.26514	-309.18698	3.1532993	-303.95404	-315.2749	-310.38162	17.291601	-298.8396	-340.24802	-1036.6355	48.028492	-979.7799	-1089.6858	-663.9774	27.863338	-607.88184	-686.7351	1000.0	1000.0	59999	1399.0059	79.17412	1646.7812	1213.9209	1399.0055	79.17624	1652.8279	1209.8774	5.1932974	6.132189	58.719986	-17.718435	-2808.5457	71.149796	3775.610285282135
16	142.93869	11.49798	164.46327	131.32428	-554.4243	53.880276	-469.04605	-601.0293	-294.2829	4.471527	-285.4232	-300.44614	-287.32715	30.31849	-247.7394	-329.9825	-841.7515	82.416626	-716.78546	-931.01184	-151.3442	11.309357	-130.41103	-163.12129	1000.0	1000.0	63999	1200.2761	79.005516	1449.1486	1023.3802	1200.2771	79.005486	1451.5509	1021.2766	1.1150557	5.4817305	44.64205	-18.367445	-2408.6187	64.21098	4070.739960670471
17	280.03098	23.548409	295.13358	212.22812	-495.6551	50.532806	-431.16132	-568.68066	-233.01028	2.1017628	-227.50206	-235.32503	-303.1844	34.271004	-245.16309	-333.3219	-798.8395	75.77663	-676.3244	-881.653	47.020702	21.67248	60.27294	-15.273943	1000.0	1000.0	67999	1031.9442	63.45257	1261.34	880.2879	1031.9448	63.454247	1261.1376	880.7345	0.39241776	4.81095	45.235344	-21.361395	-2072.557	65.79578	4357.222145557404
18	-33.537254	15.53018	-17.533504	-63.51895	-555.8954	25.29206	-514.8168	-582.86743	-211.72363	3.0015361	-208.48985	-216.64748	-321.76044	4.3645315	-318.6844	-329.26135	-877.6558	27.80831	-834.94836	-912.12885	-245.2609	18.377548	-226.16734	-280.16644	1000.0	1000.0	71999	902.20544	46.6589	1121.0652	771.63586	902.2052	46.664654	1120.956	767.7458	0.07858484	4.4708443	35.681854	-19.060177	-1813.4156	57.33805	4646.938653230667
19	37.57378	32.004177	95.67458	1.3004788	-473.47546	56.250763	-383.1799	-537.69745	-188.83607	1.3378199	-185.95042	-191.35841	-269.8825	31.243788	-227.3813	-315.07797	-743.3579	86.69128	-610.5612	-852.7754	-151.2623	31.390406	-95.68384	-186.89886	1000.0	1000.0	75999	790.46954	46.80711	1068.7727	669.55945	790.46985	46.811604	1063.8569	669.4647	-1.0581348	5.065532	50.56662	-19.30055	-1589.1698	69.05721	4955.362589359283
20	-347.5666	85.67191	-225.53392	-485.0895	-609.62506	110.1693	-459.9504	-770.67664	-253.24167	3.9148905	-245.77861	-257.76593	-284.41046	35.125782	-261.70105	-345.06982	-894.0355	115.74011	-722.2311	-1032.3777	-600.8082	89.03486	-473.04218	-741.0273	1000.0	1000.0	79999	710.2855	109.08177	1405.0359	523.58124	710.28345	109.10535	1390.1091	547.9552	0.55183357	7.62128	68.90628	-20.765287	-1432.4445	255.94788	5255.5560529232025
21	-1717.3474	95.16351	-1526.7681	-1888.106	-1101.8279	315.45834	-768.3477	-1465.0531	-350.7843	5.06783	-340.08264	-356.4689	-357.09692	34.776443	-318.2979	-397.38858	-1458.9248	349.09958	-1095.4775	-1850.6246	-2068.1318	90.57833	-1882.9464	-2228.1885	1000.0	1000.0	83999	696.34265	282.1791	2117.9226	422.434	696.3427	282.1937	2241.9343	444.70312	4.388112	10.132011	68.38018	-18.40087	-1414.3566	914.5715	5560.652573347092
22	-1391.7598	88.81069	-1287.0171	-1519.1271	-1661.6733	258.65482	-1431.7322	-2061.1052	-405.81152	35.615902	-357.47815	-453.75378	-412.84213	20.310078	-398.66165	-447.66916	-2074.5154	260.78885	-1830.3938	-2460.244	-1797.5713	54.145954	-1734.2537	-1888.7838	1000.0	1000.0	87999	786.4331	546.90924	2583.2866	360.81146	786.42816	546.9037	2596.978	353.70868	8.544729	11.026996	72.700035	-17.520653	-1602.6637	1993.4816	5872.120721101761
23	-887.7213	593.8284	50.469425	-1891.0713	-1398.8716	204.99704	-1055.3967	-1584.2468	-366.63452	71.941635	-260.34476	-468.1594	-395.25485	28.859867	-355.46002	-426.8903	-1794.1265	184.71346	-1482.287	-1964.689	-1254.3558	649.05536	-209.87534	-2326.9028	1000.0	1000.0	91999	940.7919	803.8364	3312.0544	284.25604	940.78827	803.83057	3241.4873	299.13766	12.524682	11.29819	93.49715	-17.85337	-1921.1073	2838.6794	6251.79437994957
24	-793.68445	406.3798	-244.65723	-1439.6459	-1002.1638	440.44818	-323.34464	-1539.847	-369.03564	81.345985	-253.12741	-522.4681	-334.29428	43.865128	-284.9766	-401.4155	-1336.4581	467.79483	-631.40765	-1941.2626	-1162.7201	482.7984	-497.78464	-1962.114	1000.0	1000.0	95999	1129.1469	1053.3948	3975.9285	246.28186	1129.1364	1053.3993	3951.5935	268.57037	15.746294	11.73123	152.83203	-17.87872	-2309.015	4046.898	6676.588855981827
25	-1113.1791	244.59802	-687.61237	-1607.6627	-1611.6707	500.56183	-1052.3866	-2188.322	-384.49612	54.91625	-295.4208	-492.84735	-413.1008	26.465017	-387.04724	-448.59717	-2024.7714	509.6499	-1440.5394	-2636.9192	-1497.6753	287.72443	-1036.3083	-2051.9475	1000.0	1000.0	99999	1370.4943	1335.0331	5354.268	255.08183	1370.4834	1335.0128	5100.941	253.69887	20.795412	13.219009	211.96107	-18.172749	-2814.328	6231.258	6943.019630432129
26	-1374.0237	392.03094	-944.5114	-1965.2163	-1302.4843	421.0896	-670.7144	-1808.6575	-376.16864	42.200054	-316.17645	-422.60458	-411.7766	66.093636	-319.88654	-494.73782	-1714.2609	468.583	-1054.4957	-2303.3953	-1750.1924	427.9363	-1280.4396	-2387.8208	1000.0	1000.0	103999	1848.105	1745.3286	6501.4194	260.92502	1848.0957	1745.2894	6534.9507	266.96045	29.797907	13.900169	214.36516	-12.903852	-3816.573	11062.102	7206.043565273285
27	-1724.0762	309.66342	-1278.5106	-2220.4082	-1636.2288	192.22131	-1365.4464	-1837.6382	-466.78842	53.831505	-388.39487	-562.0436	-440.6141	37.91986	-380.23914	-476.86353	-2076.8428	190.90762	-1802.2885	-2314.5017	-2190.8647	320.89752	-1690.1906	-2608.8032	1000.0	1000.0	107999	2857.6807	2308.6309	8916.899	388.94867	2857.6707	2308.5476	8896.87	388.49164	40.04913	14.240603	360.17062	-6.916651	-5924.6357	21704.053	7531.037649393082
28	-1869.4441	366.52167	-1341.1185	-2485.8777	-1641.0942	270.90408	-1308.3501	-2011.5154	-468.34415	68.16911	-345.9754	-564.15845	-477.7713	62.857555	-372.6074	-532.5827	-2118.8655	214.3944	-1840.9329	-2384.1228	-2337.7883	371.74554	-1835.6265	-2946.7512	1000.0	1000.0	111999	4381.401	2855.0269	12400.561	930.93774	4381.408	2854.9377	12457.4795	900.76654	47.72371	15.049961	353.9205	-1.3993378	-9056.856	40567.297	7859.303572177887
29	-1889.7664	472.19962	-1369.9525	-2792.8738	-1998.3896	230.75517	-1808.9896	-2377.166	-479.2229	48.761703	-402.18948	-560.7913	-431.07776	18.05868	-415.24646	-461.6571	-2429.4673	246.53757	-2234.928	-2838.8232	-2368.9893	440.12753	-1856.0436	-3227.0476	1000.0	1000.0	115999	6304.6084	3765.4429	16724.48	1794.1179	6304.6406	3765.2808	16795.947	1785.8802	54.44444	18.202185	384.1309	-1.4799175	-12983.366	64166.184	8188.042753458023
30	-1898.0219	423.68466	-1351.8329	-2795.0903	-2060.5542	323.3912	-1600.3351	-2506.9585	-462.02667	43.711887	-397.16138	-545.3657	-438.98346	35.96982	-385.1406	-483.0373	-2499.5374	303.16946	-2083.3723	-2938.8447	-2360.0483	414.819	-1897.1986	-3211.3914	1000.0	1000.0	119999	8564.499	4901.291	23213.178	2686.8696	8564.5205	4900.9927	22595.805	2684.7756	63.147564	22.11284	428.36386	4.325369	-17592.271	115050.71	8505.593063354492
31	-2349.6274	195.72643	-1876.2172	-2650.658	-1906.3368	67.53728	-1792.9694	-1964.7017	-461.62885	58.786465	-345.87875	-558.0545	-449.24323	75.56589	-337.70734	-519.62885	-2355.58	141.20021	-2130.6765	-2482.477	-2811.2563	183.18292	-2370.6477	-3095.0347	1000.0	1000.0	123999	11362.237	5818.1753	28374.932	3995.7961	11362.231	5817.9253	28643.621	3985.118	72.48559	24.5105	370.893	6.056856	-23322.152	173099.05	8794.699210166931
32	-2191.5776	454.59805	-1051.1982	-2631.2014	-1887.424	51.198246	-1845.4371	-1970.8605	-438.16568	83.81789	-286.5843	-561.67773	-498.68265	24.232666	-461.88852	-526.5154	-2386.1064	64.59412	-2339.1067	-2497.3757	-2629.7434	490.5607	-1398.038	-3057.1287	1000.0	1000.0	127999	14483.299	7003.354	34049.406	5955.647	14483.307	7002.8975	33216.152	5851.04	78.1973	27.327482	411.55173	5.957557	-29670.412	236471.4	9099.787811756134
33	-2233.2957	151.00446	-1958.6838	-2459.8677	-2185.4504	75.859146	-2093.7856	-2299.5032	-442.02554	57.850864	-333.49295	-536.7048	-509.37808	30.961151	-457.90802	-540.72296	-2694.8284	72.8291	-2634.5085	-2819.2532	-2675.321	184.72012	-2319.246	-2942.6982	1000.0	1000.0	131999	18501.918	9403.931	45513.754	7334.259	18501.979	9403.363	45745.375	7434.0723	84.29951	28.395508	407.58224	9.419367	-37940.473	371534.4	9457.5066177845
34	-2344.2136	305.05377	-1884.6375	-2748.8462	-2019.4805	92.84049	-1904.8307	-2138.8928	-482.57806	61.129257	-367.7566	-554.19305	-476.77106	32.644505	-443.1623	-520.4469	-2496.2517	124.7275	-2352.3313	-2659.3398	-2826.7915	323.1139	-2252.394	-3248.7915	1000.0	1000.0	135999	23764.47	11554.193	56360.555	9062.399	23764.451	11553.531	56337.414	9049.651	96.27364	35.452084	658.4295	11.269973	-48696.527	595887.94	9802.294399023056
35	-2443.351	147.19188	-2278.8792	-2677.8494	-2163.112	255.4542	-1790.8453	-2512.6597	-428.06183	114.36742	-227.43164	-583.43195	-513.31616	39.756424	-468.61023	-573.2498	-2676.4282	225.94728	-2364.0952	-3000.8164	-2871.4128	243.9718	-2506.3108	-3199.858	1000.0	1000.0	139999	30021.389	14336.528	81344.35	12616.1875	30021.586	14335.94	84091.69	12603.428	111.28401	47.003197	716.8102	14.571281	-61527.09	976531.9	10111.779368162155
36	-2298.1353	390.49875	-1625.5619	-2918.2908	-2137.718	47.196	-2086.3066	-2214.6157	-507.971	72.39453	-303.5848	-579.37854	-507.83	49.752636	-432.33746	-567.3937	-2645.5479	54.694828	-2561.0984	-2714.1702	-2806.106	343.9049	-2157.4392	-3221.8755	1000.0	1000.0	143999	38529.047	18268.475	98268.6	16612.396	38529.098	18267.162	100850.73	16381.958	123.04369	48.474808	749.9014	14.173893	-78904.02	1568966.1	10385.476159572601
37	-2339.8071	218.66853	-1896.2667	-2738.9333	-2298.585	75.21	-2212.4468	-2403.368	-494.28433	53.525425	-425.485	-576.5824	-480.92426	67.51879	-410.34012	-581.81354	-2779.5093	90.558105	-2622.7869	-2836.2126	-2834.0913	207.61377	-2378.7922	-3181.707	1000.0	1000.0	147999	48901.984	23461.414	129132.305	20697.238	48902.14	23460.04	130776.016	20439.865	138.02069	56.785313	1184.0687	14.728734	-100177.805	2447847.8	10666.421233177185
38	-2225.3755	223.12848	-1899.4567	-2666.6143	-2455.9556	189.23021	-2225.3367	-2691.8547	-512.5318	50.983166	-422.47958	-578.6185	-524.6111	59.93693	-440.9202	-601.9444	-2980.5667	195.09677	-2763.1157	-3245.7686	-2737.9072	191.50487	-2456.5437	-3168.5747	1000.0	1000.0	151999	61082.402	29480.713	155794.94	25716.098	61082.414	29479.615	156962.12	25657.79	145.76578	60.396492	983.3082	23.664322	-124890.305	3502165.0	10984.433250665665
39	-2664.7278	211.12794	-2247.4783	-3000.7808	-2497.0583	180.20749	-2288.3506	-2777.4536	-549.6739	29.533327	-495.0391	-600.24805	-533.6728	15.206085	-524.0334	-559.9922	-3030.7312	181.52502	-2813.9656	-3302.5042	-3214.4016	225.15324	-2782.3215	-3601.029	1000.0	1000.0	155999	74345.234	34271.89	182660.11	32752.06	74345.586	34270.758	182614.75	32061.86	154.8887	67.254814	1193.037	14.335872	-151851.16	4457132.0	11324.121052026749
40	-2338.936	157.97076	-2084.9573	-2585.2476	-2388.912	151.64987	-2140.2583	-2528.4807	-538.9291	36.08601	-478.3948	-597.7889	-511.559	25.355694	-480.73486	-550.8299	-2900.4712	160.92819	-2642.9229	-3079.3105	-2877.8647	149.63269	-2637.323	-3130.487	1000.0	1000.0	159999	90795.93	41385.137	217259.8	41923.395	90795.77	41383.89	213350.78	42214.668	168.99078	73.838264	1065.137	22.377247	-185581.94	6079517.5	11772.102398872375
41	-2359.2712	235.80402	-1805.7186	-2633.151	-2417.2678	69.751175	-2339.5566	-2529.3003	-559.31305	39.893986	-479.33276	-603.9895	-536.8877	45.22183	-467.26047	-585.7882	-2954.1553	104.49771	-2855.5012	-3115.0884	-2918.5845	241.94673	-2353.944	-3237.1404	1000.0	1000.0	163999	109015.2	51201.78	267977.06	49928.89	109015.44	51199.95	266050.16	49603.227	182.21307	80.1561	1143.5123	22.421398	-222601.56	9319131.0	12082.265002250671
42	-2449.341	226.03864	-2187.8674	-2909.616	-2431.626	88.381	-2348.0703	-2557.1511	-498.41498	53.666306	-428.9168	-618.1259	-539.47473	37.841644	-480.9746	-580.9235	-2971.1008	75.588646	-2881.1992	-3053.3142	-2947.7559	252.2871	-2678.481	-3527.742	1000.0	1000.0	167999	132229.7	63609.703	330861.78	57881.734	132229.84	63606.336	330102.78	58119.06	199.42744	83.52865	1687.2627	23.988346	-270190.47	14032685.0	12365.229921102524
43	-2554.7065	162.52951	-2249.3125	-2797.7869	-2483.3616	126.03717	-2315.0234	-2634.2444	-548.3597	46.011925	-471.9059	-631.87744	-592.4224	38.67011	-546.6165	-650.3281	-3075.7842	134.22998	-2861.64	-3205.4998	-3103.0662	138.10957	-2881.1902	-3314.7979	1000.0	1000.0	171999	162084.66	83454.586	456705.53	70087.78	162085.28	83449.42	450143.06	69852.016	220.24362	92.981766	1900.4648	28.182663	-331914.75	24978230.0	12694.263942956924
44	-2633.773	194.36601	-2397.883	-3005.7166	-2531.5752	56.281094	-2471.7444	-2605.7524	-593.38434	31.029425	-546.5632	-647.67004	-567.8993	37.50861	-521.85834	-607.69244	-3099.4749	26.984907	-3079.437	-3145.9148	-3227.1577	188.20906	-3001.9106	-3562.8098	1000.0	1000.0	175999	210697.77	112954.23	597543.25	82496.766	210697.34	112945.78	593075.75	82441.66	258.39722	118.46856	2305.4905	30.239738	-432426.7	51232412.0	13039.852253198624
45	-2584.201	251.94116	-2082.0742	-2817.113	-2714.5833	123.06299	-2585.4702	-2905.895	-540.244	49.018246	-427.11844	-603.38916	-570.8874	48.154583	-522.16626	-648.09015	-3285.4707	131.50484	-3107.6365	-3478.91	-3124.4448	243.45259	-2651.4182	-3373.5889	1000.0	1000.0	179999	278215.12	146641.27	753932.5	107399.7	278213.8	146633.45	747990.75	107492.52	298.15607	140.88419	2686.8235	32.932743	-570595.56	84620740.0	13360.97628569603
46	-2817.8806	216.51465	-2366.797	-2993.3833	-2545.1206	55.352177	-2492.6084	-2624.2446	-579.26697	28.40223	-534.65356	-618.3443	-586.8866	29.751148	-558.3488	-636.7861	-3132.0073	82.01408	-3052.195	-3261.0308	-3397.1477	233.94804	-2906.756	-3575.2131	1000.0	1000.0	183999	352299.78	180582.52	912877.5	141413.03	352298.16	180577.84	906605.5	141505.38	323.925	146.60202	2159.8167	38.556698	-720618.6	126849320.0	13697.036297798157
47	-2811.6606	98.94368	-2652.943	-2964.4546	-2696.1135	123.88164	-2520.8997	-2846.9807	-587.58875	29.186878	-544.1042	-634.3555	-592.60156	49.118587	-541.7683	-669.6525	-3288.7153	151.74377	-3120.2163	-3516.6333	-3399.2493	87.21264	-3266.0752	-3518.5405	1000.0	1000.0	187999	428960.12	210274.83	1073047.5	172438.92	428958.75	210270.14	1057443.8	172068.19	364.4418	167.38007	3253.8591	46.05533	-875954.7	178098160.0	14144.523642778397
48	-2773.937	96.72487	-2637.2124	-2963.5112	-2705.9663	120.818146	-2576.3464	-2894.7847	-615.5384	77.56306	-550.3123	-827.7811	-588.2459	19.814873	-565.38666	-618.46783	-3294.212	119.6771	-3141.7332	-3472.0178	-3389.475	115.032104	-3264.4602	-3599.4595	1000.0	1000.0	191999	508220.06	242940.14	1219879.1	205275.84	508218.75	242936.52	1202403.2	208561.44	404.3175	198.86118	3704.4995	43.649494	-1036612.06	241897280.0	14590.816241264343
49	-2843.2166	154.40454	-2537.0203	-2983.6565	-2803.4253	116.74313	-2662.2974	-2959.7458	-558.1769	61.871754	-438.06396	-695.74994	-585.86395	19.986412	-558.627	-605.1678	-3389.2893	107.72164	-3267.159	-3518.3728	-3401.3933	194.46664	-2975.0842	-3620.2666	1000.0	1000.0	195999	589419.8	272405.97	1353300.8	241217.28	589419.0	272405.0	1361404.4	240026.36	420.6493	202.6476	4140.511	57.140858	-1200869.4	286263330.0	15037.656657457352
50	-2757.6023	159.43907	-2470.913	-2953.2568	-2830.4976	37.48077	-2791.2456	-2891.403	-589.71875	44.676647	-517.5797	-697.4662	-579.01196	8.773596	-569.5811	-590.5719	-3409.5095	31.446037	-3375.6377	-3460.9841	-3347.321	185.41908	-3026.1326	-3557.8772	1000.0	1000.0	199999	670022.6	300668.06	1547209.6	277418.2	670020.8	300668.6	1507078.9	274765.44	461.87183	222.73238	5116.2344	52.6597	-1363667.8	319158200.0	15490.669428110123
51	-2715.2913	118.94077	-2531.7502	-2867.2078	-2824.1433	72.97402	-2721.9111	-2916.0183	-529.4415	58.73077	-411.96375	-607.58026	-577.1322	32.50297	-522.88025	-605.0799	-3401.2756	60.782616	-3303.3787	-3462.736	-3244.7327	116.476006	-3082.6519	-3455.4648	1000.0	1000.0	203999	747501.56	329127.9	1644979.5	325402.53	747501.5	329125.03	1641254.4	320527.22	485.52347	223.61635	5623.5557	39.662056	-1519646.5	358935800.0	15935.043162345886
52	-2948.4626	43.210167	-2837.0144	-2988.1895	-2762.553	65.7929	-2676.972	-2847.7485	-586.18475	19.1237	-543.90137	-609.20197	-593.4505	5.9398007	-584.1225	-600.05	-3356.0037	62.539883	-3273.6355	-3440.7144	-3534.6477	56.15989	-3380.9158	-3584.3052	1000.0	1000.0	207999	820023.3	367448.28	1888875.4	333347.34	820025.2	367449.16	1894444.8	329838.22	479.39185	225.08727	4338.474	68.096634	-1666979.1	429262430.0	16278.222243070602
53	-2816.5605	162.31955	-2538.4822	-3015.3418	-2816.1748	69.80427	-2745.8447	-2900.1606	-600.17053	30.166834	-542.9139	-666.3027	-573.8059	14.327298	-552.54816	-592.9604	-3389.981	79.60732	-3301.0781	-3475.228	-3416.7312	162.34918	-3162.5754	-3622.886	1000.0	1000.0	211999	894948.9	419918.4	2149739.8	361801.9	894948.75	419913.2	2132355.5	361923.12	528.1971	246.85059	5363.5674	68.1255	-1817924.0	551764100.0	16587.644872426987
54	-2914.2935	63.826626	-2796.118	-3014.9736	-2773.1445	36.973473	-2731.3125	-2814.7998	-576.2184	137.34427	-180.32742	-687.3806	-580.66125	20.020714	-557.6289	-612.5195	-3353.8057	30.389952	-3304.484	-3384.0469	-3490.5122	121.242355	-3154.2874	-3591.9045	1000.0	1000.0	215999	967592.5	464466.75	2271128.2	402584.38	967592.1	464462.75	2275388.2	399746.2	519.99365	229.51483	5761.0835	66.41656	-1965248.0	663194240.0	16868.05216240883
55	-2774.0554	249.52843	-2317.1611	-2978.1335	-2766.4822	61.96552	-2667.5422	-2822.879	-609.38904	24.706223	-577.37067	-672.96625	-607.54297	35.93023	-554.87634	-655.0993	-3374.0251	36.442265	-3322.6416	-3425.3782	-3383.4448	263.81888	-2911.4602	-3632.503	1000.0	1000.0	219999	1035247.1	491564.47	2386113.8	451047.7	1035245.4	491553.75	2385362.8	450816.53	494.282	228.82986	4688.999	59.02153	-2100746.2	706059400.0	17143.602917909622
56	-2826.409	120.9906	-2630.3074	-2996.643	-2872.775	62.823826	-2804.7734	-2946.034	-604.3688	34.03709	-572.43805	-694.6549	-626.7578	46.924953	-587.8333	-705.7549	-3499.5327	92.73426	-3392.6067	-3629.6714	-3430.778	130.2387	-3216.032	-3600.259	1000.0	1000.0	223999	1100883.5	524092.7	2539984.0	525438.7	1100883.4	524082.9	2545243.2	518295.94	471.91232	216.79091	4387.782	55.665485	-2233802.5	805476160.0	17503.307281255722
57	-2772.9766	157.79689	-2594.2383	-3072.964	-2772.0952	98.28149	-2642.9004	-2917.1292	-602.64575	17.623936	-567.887	-628.9029	-608.29535	32.86695	-552.48944	-632.99396	-3380.3906	69.46335	-3275.8943	-3469.6187	-3375.6223	147.58945	-3201.813	-3640.8513	1000.0	1000.0	227999	1168667.6	567546.2	2799873.0	557674.2	1168668.0	567535.2	2766927.2	544927.8	507.02777	243.77895	4703.2144	67.72814	-2372231.8	989013200.0	17916.40575504303
58	-2877.5356	110.78722	-2609.4565	-2985.5132	-2870.6753	49.83392	-2813.254	-2946.8135	-607.6846	30.968185	-577.2383	-686.7679	-646.8431	36.60874	-588.36115	-688.5097	-3517.5186	67.21786	-3431.4536	-3596.4438	-3485.22	114.92342	-3218.8604	-3585.132	1000.0	1000.0	231999	1261317.4	619531.25	3142608.8	592066.9	1261317.1	619511.6	3118680.0	587505.0	598.5603	279.5742	7451.8345	81.762726	-2563725.5	1186470000.0	18372.43892145157
59	-2949.7065	50.790134	-2851.1206	-3020.4607	-2814.3406	133.3243	-2591.793	-2923.32	-606.23224	18.502008	-583.7249	-634.48914	-620.5049	16.995264	-604.7302	-647.321	-3434.8455	144.456	-3198.8254	-3558.7485	-3555.939	41.214787	-3484.0034	-3605.762	1000.0	1000.0	235999	1400054.1	699929.3	3601658.2	641829.94	1400054.8	699897.06	3621530.5	639940.56	755.9662	381.81488	8300.737	89.790726	-2848814.2	1603455400.0	18723.007081985474
60	-2935.607	68.0945	-2793.0476	-3006.6187	-2901.7246	26.943432	-2868.5435	-2928.3772	-608.1856	28.485949	-567.9296	-665.23956	-566.80774	19.341412	-540.8214	-587.66583	-3468.5322	38.749447	-3409.3647	-3516.0432	-3543.7922	82.48	-3368.0278	-3627.5994	1000.0	1000.0	239999	1572625.0	789914.1	3923633.2	696493.6	1572626.0	789884.56	3940393.8	687268.25	816.3731	425.1256	7932.373	111.70599	-3198287.2	1912037600.0	19047.423812150955
61	-2984.3716	46.825165	-2911.4253	-3074.0208	-2923.5342	44.973564	-2848.116	-2966.9736	-602.9283	17.129581	-578.8759	-638.04114	-632.26984	40.104202	-576.8829	-684.9094	-3555.804	59.738842	-3464.5698	-3622.9714	-3587.3	50.732605	-3505.3503	-3680.7734	1000.0	1000.0	243999	1750823.8	874225.2	4532768.0	763981.94	1750814.9	874201.9	4366628.0	757860.25	917.96185	502.1682	11867.551	111.67099	-3561022.5	2393488000.0	19428.29943728447
62	-2973.09	48.232895	-2869.4167	-3026.0977	-2896.5762	12.627893	-2882.0867	-2913.393	-606.52637	39.549576	-535.8974	-699.22577	-602.5814	26.908913	-556.3932	-623.28796	-3499.1577	36.864384	-3438.48	-3536.6812	-3579.6165	62.486195	-3443.6228	-3667.3027	1000.0	1000.0	247999	1909202.0	924935.5	4591426.0	880500.94	1909203.9	924908.7	4602904.5	876499.2	929.3458	503.4304	9809.545	114.864914	-3876566.0	2644913400.0	19794.04444384575
63	-2923.1372	43.762947	-2877.1384	-3002.6555	-2918.895	32.632553	-2878.271	-2967.3784	-568.2682	37.872875	-490.2965	-615.79285	-585.43933	21.2544	-559.8932	-618.4406	-3504.3342	42.21492	-3438.164	-3553.4214	-3491.4055	70.153145	-3372.8298	-3600.0828	1000.0	1000.0	251999	2064531.8	982831.56	4977879.0	960249.94	2064528.6	982803.0	4990238.5	952332.06	1091.6234	583.1184	16421.72	108.98636	-4193452.0	3162686200.0	20180.60718679428
64	-2917.4263	45.909084	-2846.5137	-2988.02	-2913.5894	51.8513	-2831.4858	-2959.412	-564.71155	44.232334	-468.90323	-607.0436	-590.94867	27.113504	-561.65497	-629.5808	-3504.538	76.42499	-3393.1409	-3588.9932	-3482.138	72.18803	-3344.7908	-3585.5562	1000.0	1000.0	255999	2209802.2	1036872.5	5212483.0	1080353.6	2209796.5	1036863.4	5229309.5	1088872.6	1100.5599	595.7235	20651.965	120.62982	-4482407.0	3457327000.0	20512.788552761078
65	-2927.7178	105.06428	-2628.8308	-3015.567	-2928.3286	24.840206	-2887.2834	-2954.064	-586.5594	27.559216	-516.5533	-616.8479	-593.7334	45.21516	-517.8096	-628.6723	-3522.0618	33.807697	-3471.8735	-3564.8916	-3514.2773	114.39088	-3210.9675	-3607.13	1000.0	1000.0	259999	2342530.8	1115475.8	5716584.5	1180678.9	2342529.2	1115420.5	5724493.0	1180182.9	1112.7578	548.382	11401.02	117.39405	-4755914.0	4143144400.0	20796.402045726776
66	-2985.1204	14.880172	-2962.632	-3014.6094	-2966.576	52.210487	-2914.865	-3050.0898	-588.7919	60.50599	-424.405	-674.74854	-573.7119	34.701992	-539.04224	-631.2313	-3540.2878	66.08643	-3453.9072	-3607.6133	-3573.9116	62.962406	-3403.9731	-3637.3806	1000.0	1000.0	263999	2535899.5	1234032.0	6460811.0	1328038.2	2535899.2	1233971.2	6387277.5	1335389.8	1403.811	680.60846	17478.941	136.63165	-5153401.0	5212669400.0	21078.266402244568
67	-2973.0237	51.13378	-2870.7722	-3026.2817	-2968.1606	28.98512	-2928.3562	-3006.5508	-601.39624	20.699211	-564.66046	-631.8174	-620.052	45.06483	-543.43097	-657.23145	-3588.2126	54.720936	-3500.0237	-3639.5251	-3574.4194	58.839016	-3450.8262	-3642.9314	1000.0	1000.0	267999	2768985.5	1399021.9	7168647.0	1467239.8	2768988.8	1398954.8	7195954.5	1474131.5	1469.3915	773.62634	26655.39	124.67256	-5623424.0	6483926000.0	21391.432563066483
68	-2998.7334	14.377076	-2976.5303	-3022.6575	-2971.7407	36.147984	-2935.24	-3027.6963	-592.5068	24.608377	-533.9987	-616.62787	-585.50586	14.628969	-563.2369	-600.3172	-3557.246	38.496426	-3508.307	-3609.4163	-3591.2407	24.233776	-3554.1528	-3623.2334	1000.0	1000.0	271999	2977175.8	1564022.4	7979185.5	1597783.9	2977169.5	1563946.0	7953367.5	1603573.4	1640.0122	785.0522	24212.715	192.94434	-6047045.5	7783765000.0	21664.10409116745
69	-2981.4314	23.430109	-2945.1191	-3025.955	-3005.36	17.290333	-2975.7312	-3019.0554	-584.1749	42.993706	-463.31107	-622.1204	-636.481	47.831802	-573.0987	-703.00586	-3641.841	61.40432	-3548.8298	-3715.0195	-3565.6062	60.936672	-3408.4302	-3636.51	1000.0	1000.0	275999	3188289.2	1707670.0	8531647.0	1683946.8	3188286.8	1707610.1	8543812.0	1707631.5	2148.7393	1044.6703	29961.643	185.77939	-6469249.0	9694664000.0	21937.122139930725
70	-2990.2043	24.119516	-2938.8389	-3023.069	-2959.296	50.201725	-2875.1277	-3001.7915	-598.24854	20.413242	-556.68	-618.95044	-601.8861	25.403961	-580.15247	-644.8052	-3561.182	27.119698	-3519.9329	-3588.7388	-3588.4531	33.419266	-3547.4438	-3636.3943	1000.0	1000.0	279999	3333281.2	1688641.5	8565775.0	1815958.9	3333270.5	1688589.0	8605401.0	1809924.8	2543.132	1258.8582	39708.22	213.57294	-6757941.0	11319806000.0	22237.57924056053
71	-2979.1157	30.411772	-2924.2212	-3025.6797	-2972.8591	58.17089	-2878.8147	-3030.1309	-633.8684	39.37734	-583.70593	-705.1743	-566.6822	6.4186444	-556.53143	-573.5589	-3539.541	56.60675	-3452.3735	-3600.5842	-3612.984	46.78234	-3552.155	-3715.3884	1000.0	1000.0	283999	3520514.2	1723331.4	9197472.0	1987138.8	3520523.2	1723255.4	9201733.0	1977477.1	2521.0151	1321.895	48691.652	264.4702	-7143931.0	12796300000.0	22559.379234075546
72	-2991.7046	48.59066	-2901.2827	-3096.0076	-2962.102	55.86989	-2897.0972	-3031.6829	-589.8329	42.135265	-523.3687	-667.4206	-573.11206	39.8324	-530.55853	-631.3964	-3535.2139	90.93541	-3439.8174	-3632.4907	-3581.5378	76.79458	-3453.3215	-3725.031	1000.0	1000.0	287999	3756358.2	1859135.2	10002532.0	2079751.4	3756345.5	1859054.6	9967899.0	2098757.8	2911.3062	1464.4072	52929.41	402.34082	-7624085.5	15451688000.0	22901.267370700836
73	-2974.684	34.912624	-2922.4639	-3035.816	-2970.2578	22.5534	-2940.9202	-3003.1826	-608.93365	34.825085	-555.5777	-677.7774	-598.0782	29.953276	-558.2834	-640.5837	-3568.3362	43.91094	-3499.2034	-3609.774	-3583.618	41.22771	-3527.8633	-3639.2278	1000.0	1000.0	291999	3976228.8	1978508.1	10546408.0	2223236.8	3976239.2	1978410.4	10545458.0	2211597.0	3482.1826	1865.2726	48503.816	450.7304	-8067502.5	18738094000.0	23252.742558002472
74	-2997.42	35.44849	-2922.4731	-3065.9822	-2999.2048	58.846817	-2919.737	-3062.302	-588.79205	36.228413	-515.9973	-631.89984	-570.27344	12.880096	-559.6206	-592.15686	-3569.4783	65.18955	-3486.4148	-3640.9077	-3586.2122	48.57063	-3494.6475	-3659.5815	1000.0	1000.0	295999	4171334.5	1960428.0	10546367.0	2306616.5	4171313.8	1960363.6	10625204.0	2327089.8	3668.7808	1861.3754	49258.4	484.26385	-8456030.0	20094812000.0	23535.390285253525
75	-3017.3335	48.581944	-2914.5867	-3094.8784	-3009.1006	17.909058	-2983.654	-3031.1045	-603.11865	39.722385	-556.9154	-697.49084	-594.4075	36.91235	-543.7052	-648.0061	-3603.5078	45.902077	-3546.0032	-3667.3518	-3620.452	64.05238	-3486.6963	-3727.9827	1000.0	1000.0	299999	4295981.0	1939011.9	10678946.0	2402388.2	4295978.0	1938949.2	10598738.0	2371019.5	4190.7925	2355.7637	83775.73	592.9791	-8697584.0	21495040000.0	23813.788330316544
76	-2996.9702	43.81012	-2943.8716	-3089.1907	-2974.2922	20.891245	-2952.0708	-3008.6233	-589.9821	46.67463	-462.18857	-636.87964	-555.898	54.756268	-478.19083	-607.67725	-3530.1904	59.588413	-3430.2617	-3576.064	-3586.9524	55.39473	-3472.9395	-3683.1543	1000.0	1000.0	303999	4340332.5	1933104.0	10752462.0	2494978.8	4340334.5	1933006.6	10565979.0	2495408.5	5096.3315	3052.1526	85610.67	470.50192	-8779276.0	21097415000.0	24148.862233638763
77	-2996.064	27.206663	-2956.0288	-3042.4385	-2985.2903	20.154858	-2963.994	-3005.574	-599.9718	52.120655	-481.3152	-644.9078	-598.7116	27.031454	-566.04755	-641.0578	-3584.002	44.27221	-3530.0413	-3646.3403	-3596.036	61.255882	-3466.2842	-3687.3462	1000.0	1000.0	307999	4300285.0	2034036.8	10796414.0	2312866.8	4300292.0	2033963.6	10907812.0	2332158.8	4661.722	2803.8647	75617.38	496.34067	-8690334.0	22017526000.0	24484.122042179108
78	-3023.0662	64.513626	-2940.888	-3140.315	-2993.2898	26.758717	-2973.901	-3039.1663	-584.2235	29.154028	-523.21014	-615.6287	-598.3721	59.12035	-516.677	-682.90546	-3591.662	61.87145	-3492.6772	-3656.8062	-3607.2903	78.42312	-3515.087	-3752.2183	1000.0	1000.0	311999	4204018.0	2102374.2	10755642.0	2117974.2	4204027.0	2102264.0	10805745.0	2100130.8	4892.192	3267.3577	96809.516	403.36557	-8490495.0	24081269000.0	24763.6737909317
79	-2985.4673	34.0182	-2885.5955	-3008.5312	-2975.0217	29.35848	-2941.823	-3021.7847	-604.5521	27.82613	-563.1447	-666.63513	-606.3742	20.805033	-582.1738	-637.9192	-3581.3958	41.477406	-3536.6611	-3632.3503	-3590.019	54.409687	-3448.7402	-3665.1326	1000.0	1000.0	315999	4038162.5	2102596.2	10567832.0	1950810.6	4038177.0	2102444.2	10602079.0	1990241.5	5048.6626	3136.458	87966.52	473.19897	-8153560.0	25230027000.0	25044.104914665222
80	-3000.9573	24.17258	-2969.847	-3040.7234	-3035.2861	21.957502	-3014.837	-3068.7822	-573.9168	24.631453	-532.22675	-618.0412	-615.57434	28.327255	-579.2727	-658.1319	-3650.8606	48.174362	-3594.1096	-3726.914	-3574.8738	37.780163	-3509.3643	-3632.285	1000.0	1000.0	319999	3907762.0	2119047.5	10626523.0	1863199.8	3907761.0	2119005.8	10903522.0	1873422.6	5208.016	3164.1611	106731.33	587.4593	-7887545.5	26249270000.0	25399.865114212036
81	-2994.8042	23.607588	-2957.8809	-3035.094	-2992.0837	39.492737	-2956.166	-3058.9177	-617.4132	11.875426	-602.2066	-635.951	-595.2333	35.419735	-534.04785	-619.6008	-3587.3171	64.37191	-3490.2139	-3671.3315	-3612.2173	26.983883	-3574.8623	-3665.3015	1000.0	1000.0	323999	3760945.2	2037790.4	10144441.0	1830109.8	3760947.8	2037757.0	10007492.0	1840534.4	6070.231	4152.3364	124571.66	654.9761	-7595598.0	25611063000.0	25678.963187217712
82	-3023.9656	56.92078	-2937.7498	-3132.1973	-3040.2424	41.22043	-2974.4978	-3088.4026	-604.0748	37.85476	-534.37555	-676.29315	-644.5988	31.087902	-598.9109	-680.9082	-3684.8413	20.417744	-3655.406	-3713.011	-3628.0403	66.63505	-3495.7888	-3717.556	1000.0	1000.0	327999	3622253.8	1893530.6	9450149.0	1958665.4	3622240.2	1893508.0	9664866.0	1971768.4	5635.674	3549.1177	84987.836	720.97766	-7310786.5	23013257000.0	25954.663680315018
83	-3022.1572	42.278477	-2939.364	-3085.7708	-2973.7437	53.212563	-2895.3706	-3030.0408	-601.1685	16.471655	-570.6729	-628.8272	-594.74304	33.73475	-549.0885	-628.386	-3568.4866	82.0297	-3470.982	-3658.4268	-3623.3257	52.2603	-3528.5662	-3695.6575	1000.0	1000.0	331999	3432374.0	1734795.9	9478398.0	1848144.9	3432381.2	1734710.5	9225070.0	1809904.2	5120.58	3535.6086	89083.92	469.0865	-6924349.5	20014370000.0	26280.205756664276
84	-3004.7683	20.541544	-2974.3975	-3041.9045	-3010.812	39.42003	-2968.5942	-3074.7205	-602.7584	14.877011	-578.95905	-625.5976	-608.27277	38.48657	-560.6038	-664.0297	-3619.085	58.355595	-3556.8386	-3694.9333	-3607.5266	22.151903	-3573.9153	-3660.151	1000.0	1000.0	335999	3304910.0	1672982.4	8892618.0	1711373.5	3304910.2	1672972.5	8790488.0	1690434.4	5689.219	3726.0337	98367.14	617.9469	-6668067.0	18496004000.0	26721.41897892952
85	-2981.512	39.16819	-2921.046	-3042.2903	-2998.212	69.37551	-2908.3118	-3074.4844	-649.30774	44.93291	-596.7077	-754.04944	-576.7174	33.518574	-527.08997	-620.835	-3574.9294	88.38898	-3480.835	-3677.1418	-3630.8196	61.033302	-3573.139	-3789.0845	1000.0	1000.0	339999	3171744.5	1598739.1	8499595.0	1609071.1	3171717.0	1598671.9	8432991.0	1614327.9	6027.424	4497.123	103534.81	666.6392	-6395919.5	16811703000.0	27081.60524749756
86	-2997.5776	21.827854	-2956.2922	-3026.4414	-2998.6763	31.997637	-2956.4495	-3035.9763	-618.3555	19.855036	-592.77985	-662.1461	-659.97705	23.120869	-628.2354	-693.48816	-3658.6533	22.688612	-3637.1528	-3696.8303	-3615.933	29.891273	-3575.2192	-3686.9685	1000.0	1000.0	343999	2985056.2	1511109.8	8079745.0	1359872.6	2985057.0	1511098.9	8082794.0	1338311.6	5073.009	3687.9656	100749.336	479.5689	-6014900.0	15247031000.0	27417.922662734985
87	-3001.995	18.01536	-2962.0984	-3023.6165	-3009.2996	15.735178	-2989.818	-3033.1082	-619.3958	36.565598	-560.9966	-669.97546	-632.3105	27.88569	-595.3768	-668.4994	-3641.61	41.874516	-3585.195	-3701.6074	-3621.3906	36.525383	-3561.411	-3688.222	1000.0	1000.0	347999	2760515.5	1423678.6	7764347.0	1312000.1	2760525.0	1423638.0	7717984.0	1342291.1	4997.562	3245.5454	65419.61	393.3578	-5558120.0	12633202000.0	27724.54492545128
88	-3004.2576	41.656837	-2902.094	-3063.7517	-2990.903	18.32133	-2972.0447	-3012.0554	-593.27594	54.324726	-457.30533	-661.73596	-631.152	75.287506	-552.75806	-755.47375	-3622.0552	87.57705	-3526.1284	-3761.6157	-3597.5332	74.67346	-3460.6738	-3725.4878	1000.0	1000.0	351999	2576860.5	1374695.8	7115855.5	1161532.4	2576854.5	1374709.1	7244668.0	1191757.9	4624.226	3478.5474	84426.56	449.20367	-5188894.5	11021201000.0	28036.17090344429
89	-3026.1392	54.56226	-2959.1936	-3172.737	-3029.1067	32.080074	-3002.8843	-3083.8916	-610.43036	15.175002	-590.6459	-633.91956	-676.7841	27.62456	-637.4477	-714.10547	-3705.8906	15.305127	-3682.0635	-3721.3394	-3636.5698	54.95414	-3556.3662	-3773.2083	1000.0	1000.0	355999	2356663.0	1342689.0	6718269.0	963645.56	2356668.2	1342649.5	6750491.0	1056807.9	4120.622	3056.7173	54996.527	434.57422	-4740351.0	10308400000.0	28380.987322330475
90	-2998.3328	4.9141927	-2994.506	-3012.3533	-3044.2244	26.352892	-3008.973	-3073.5754	-597.57446	2.11158	-594.14685	-602.0026	-654.3906	54.759644	-591.95605	-740.4489	-3698.615	72.780525	-3600.929	-3805.739	-3595.9075	5.515513	-3589.0452	-3610.3252	1000.0	1000.0	359999	2127625.5	1307120.5	6450890.0	759893.6	2127646.0	1307071.1	6336935.0	822908.94	4435.697	3759.962	81479.336	409.1089	-4276164.5	9961468000.0	28734.791266918182
91	-2980.9976	21.122955	-2941.1504	-3016.5078	-3027.7637	47.978245	-2999.1711	-3110.8535	-481.60416	186.2526	-166.66234	-705.88995	-590.7583	29.908266	-543.47595	-626.4673	-3618.522	71.708565	-3544.7656	-3737.3208	-3462.602	196.7638	-3134.2202	-3679.9111	1000.0	1000.0	363999	1908618.8	1248540.5	5803065.0	651458.06	1908615.8	1248541.6	5664691.0	650519.56	3994.9941	3126.8816	77915.375	401.41522	-3834705.5	9755604000.0	29080.580928325653
92	-3008.474	9.276918	-2995.6714	-3026.0117	-2992.442	9.872713	-2975.895	-3002.005	-594.1235	7.541627	-577.8874	-608.17365	-552.8944	55.982082	-456.91043	-592.9308	-3545.3362	56.347973	-3452.4905	-3591.6782	-3602.5977	10.072803	-3590.6907	-3619.8242	1000.0	1000.0	367999	1684790.4	1141756.5	5030996.0	631977.2	1684802.4	1141743.1	5026482.0	575074.44	3581.554	2548.4119	63048.46	327.27972	-3384321.5	7428800000.0	29455.606242895126
93	-2988.8982	27.56988	-2955.7927	-3044.916	-3078.1677	77.913734	-3015.46	-3211.6262	-599.95605	17.495726	-574.8197	-631.07825	-629.07214	33.446003	-596.51953	-684.8982	-3707.24	111.045006	-3611.9795	-3896.5244	-3588.8542	33.092155	-3551.7742	-3659.2705	1000.0	1000.0	371999	1499391.6	1057949.9	4541041.5	465588.34	1499413.8	1057918.6	4463643.0	393236.1	3548.4946	2818.6936	53260.0	345.316	-3014707.0	6540697000.0	29840.043875694275
94	-2994.0454	57.622345	-2848.351	-3039.25	-3024.5527	61.62992	-2952.1404	-3119.115	-577.9872	68.96472	-373.69104	-630.7544	-621.41705	33.00538	-595.8211	-677.486	-3645.9697	55.040607	-3565.185	-3714.936	-3572.0325	88.34579	-3362.97	-3636.703	1000.0	1000.0	375999	1349871.8	1014298.4	4094347.2	391344.56	1349890.0	1014300.06	4071635.8	326499.06	4080.771	3002.5688	47677.594	407.22205	-2713526.2	5743342000.0	30265.335174798965
95	-3030.345	30.924244	-2994.6658	-3087.606	-3008.589	18.619204	-2978.091	-3027.8875	-609.0709	30.038088	-569.49316	-660.26306	-626.31726	36.95702	-573.3271	-677.4861	-3634.9062	34.176193	-3601.2144	-3688.4014	-3639.4155	48.294212	-3568.2659	-3735.6108	1000.0	1000.0	379999	1168675.8	931151.7	3889221.8	274613.2	1168689.1	931168.5	3854697.0	248344.55	3628.3916	2967.8103	61972.55	399.9829	-2345892.8	4981400600.0	30612.075233221054
96	-2982.4263	36.685528	-2933.2295	-3061.6548	-2999.3818	13.835231	-2977.556	-3015.949	-594.73376	22.77585	-553.4499	-637.6227	-560.0665	56.1507	-485.24875	-641.8167	-3559.4482	56.38957	-3486.5574	-3644.5303	-3577.1597	34.840748	-3526.3274	-3643.2769	1000.0	1000.0	383999	1025502.3	860805.94	3627467.0	204325.42	1025499.8	860816.0	3644163.2	176276.45	3116.9543	2645.35	56944.492	331.8417	-2060231.4	4522918400.0	30893.485846042633
97	-2987.139	48.077255	-2902.051	-3086.7893	-2966.4023	25.432377	-2939.5615	-3006.982	-591.24634	19.296785	-550.4492	-620.8338	-604.69525	9.528222	-595.1044	-616.79254	-3571.0977	18.385866	-3556.354	-3602.624	-3578.3855	57.096764	-3492.1511	-3707.623	1000.0	1000.0	387999	929946.0	834233.0	3517549.2	92831.9	929951.25	834259.1	3510672.8	76240.84	2926.4685	2393.7153	50191.24	267.63156	-1872683.5	4239158500.0	31202.07579922676
98	-3008.6682	17.785776	-2993.557	-3049.766	-2995.2146	25.939955	-2970.615	-3036.123	-602.827	5.7636366	-596.1262	-615.6507	-626.6859	52.900257	-571.01935	-705.87274	-3621.9004	39.631886	-3569.9092	-3681.103	-3611.4949	22.783974	-3596.0396	-3665.4167	1000.0	1000.0	391999	861649.56	822120.94	3523478.5	69993.18	861633.9	822115.9	3355193.2	59564.09	3667.576	4070.9211	116272.625	324.15524	-1737095.6	4124067300.0	31574.285145998
99	-2998.837	44.31318	-2941.7827	-3088.8994	-3033.9158	77.92542	-2948.6067	-3150.401	-551.34705	136.04956	-169.5564	-712.19305	-640.3993	17.201593	-625.7214	-669.59247	-3674.315	74.78209	-3574.3281	-3781.2458	-3550.184	155.677	-3144.1025	-3755.8782	1000.0	1000.0	395999	825530.9	839163.7	3578994.5	52390.95	825525.6	839137.4	3426305.8	5.7171407	3443.2305	3284.6133	72075.19	232.73952	-1664329.8	4379037700.0	31845.925330877304
100	-2987.3586	23.749468	-2945.9497	-3019.9	-3035.9578	32.124012	-2983.9714	-3064.1062	-598.49475	27.526024	-555.7274	-670.4339	-601.0531	41.535923	-545.76324	-656.8689	-3637.0112	36.139378	-3580.4348	-3680.9568	-3585.853	41.184467	-3522.3494	-3667.6633	1000.0	1000.0	399999	749978.5	820118.06	3325681.0	8566.353	749965.06	820135.44	3320632.5	5.6810136	3208.8071	3144.2961	61373.227	141.63501	-1507723.2	4047267800.0	32125.495719194412
101	-3056.3787	65.20615	-2952.9182	-3173.659	-3077.1604	31.026281	-3039.4248	-3114.9766	-608.26935	13.421602	-588.968	-632.73596	-631.13403	31.273132	-599.8379	-677.27094	-3708.2944	34.994087	-3659.8862	-3757.3162	-3664.648	72.09531	-3559.8054	-3778.0337	1000.0	1000.0	403999	654196.8	764527.5	3295939.5	5.3698735	654177.9	764556.3	3226676.2	5.6524363	2979.0542	2585.0967	61711.28	205.1646	-1315238.2	3518604800.0	32466.686079978943
102	-2968.42	92.008835	-2756.3325	-3158.2957	-3045.1704	29.309862	-2997.579	-3069.7932	-574.76404	15.674817	-548.56793	-600.7489	-610.09717	32.70917	-561.2865	-645.4187	-3655.2676	44.85396	-3597.7102	-3715.2117	-3543.184	88.71162	-3357.0813	-3743.2476	1000.0	1000.0	407999	599242.7	734929.2	3099928.2	5.344577	599233.8	734936.06	3110551.5	5.6397424	2459.5688	2056.4277	40831.62	60.92516	-1206620.2	3348515800.0	32787.45481944084
103	-3047.8113	46.143486	-3001.5566	-3156.655	-3010.1067	17.36682	-2984.8574	-3028.3845	-578.8522	21.47272	-545.353	-615.1267	-575.17456	48.580677	-525.9023	-655.4413	-3585.2812	39.394695	-3529.2349	-3640.2986	-3626.6636	37.511333	-3569.6892	-3702.008	1000.0	1000.0	411999	537005.3	697142.4	2847269.8	-65.43281	536983.25	697134.2	2837651.2	5.6228027	2645.6306	2243.5542	39195.953	76.747574	-1079642.1	2978825700.0	33062.94294452667
104	-3007.431	41.12613	-2937.6711	-3090.619	-2978.8623	50.10499	-2897.3298	-3033.341	-601.2468	31.594658	-536.45825	-656.56024	-585.9255	14.767533	-565.92346	-606.9928	-3564.7876	58.53606	-3478.9917	-3640.3337	-3608.6777	43.961765	-3533.7434	-3688.746	1000.0	1000.0	415999	474117.03	630730.06	2854211.5	-559.9451	474095.34	630734.0	2744616.8	5.623166	2381.9072	2072.101	53083.277	47.441345	-952794.1	2591976700.0	33339.69310641289
105	-2978.9448	65.629295	-2816.5273	-3028.122	-3002.827	16.660585	-2982.547	-3028.3674	-607.14856	60.074974	-559.8964	-776.3683	-591.1482	50.59448	-508.1117	-642.4855	-3593.975	57.35119	-3512.363	-3670.8528	-3586.0933	90.15653	-3415.5571	-3802.1558	1000.0	1000.0	419999	419438.75	570350.25	2234402.5	-663.941	419453.88	570324.0	2200104.2	5.6229854	2474.2417	2117.7234	51478.68	69.50588	-843844.9	2324846300.0	33631.403620004654
106	-2978.9595	37.11797	-2904.684	-3028.2483	-3019.0557	21.298529	-3000.881	-3055.3542	-625.34283	30.205942	-595.37103	-697.7573	-646.1926	41.235817	-605.00165	-711.3195	-3665.2483	34.285297	-3616.0845	-3712.2004	-3604.302	49.040245	-3545.3384	-3713.7231	1000.0	1000.0	423999	373749.94	510544.56	1995719.4	-1089.0623	373770.16	510506.8	1981030.9	5.6398373	2224.5403	1768.1461	45895.83	99.87132	-752255.4	1925731300.0	33933.39301776886
107	-2994.9524	52.02243	-2885.2458	-3099.7764	-2973.1582	79.52516	-2860.146	-3077.754	-579.595	48.22821	-511.84863	-693.9194	-611.6832	27.076647	-566.79736	-635.3833	-3584.8413	68.76533	-3474.3066	-3644.5513	-3574.5469	73.23198	-3472.3691	-3698.7546	1000.0	1000.0	427999	321223.22	441819.84	1855802.9	-1874.2056	321260.2	441762.72	1902160.0	5.622819	1925.7568	1601.0272	31173.2	63.204426	-644787.8	1499231400.0	34264.82236790657
108	-3021.8894	38.52484	-2943.2192	-3070.738	-3038.871	72.675026	-2923.2566	-3121.3142	-599.87256	94.71663	-516.4708	-857.6578	-578.6735	22.711918	-559.75024	-617.0485	-3617.5444	71.62592	-3496.863	-3681.0645	-3621.7622	104.568695	-3534.9658	-3916.2087	1000.0	1000.0	431999	278630.97	376449.53	1719233.0	-3619.941	278740.94	376369.72	1785141.6	5.4965935	1754.7589	1423.6101	37037.78	66.6208	-559660.06	1219636400.0	34598.79912018776
109	-3017.6362	19.17491	-2992.253	-3056.59	-3041.018	115.73372	-2932.0327	-3235.934	-604.2695	35.734833	-525.0128	-653.81793	-577.2674	87.57947	-433.70505	-666.93866	-3618.2852	31.345003	-3588.0085	-3669.6392	-3621.9058	43.51915	-3527.3457	-3669.6309	1000.0	1000.0	435999	234561.53	311837.25	1326856.0	-4977.6553	234798.16	311675.25	1362985.2	-23.130978	1485.2959	1291.065	32651.525	68.567825	-470680.7	959670500.0	34939.83696222305
110	-3028.0474	37.198208	-2975.4036	-3106.8027	-3033.1624	33.102264	-2984.631	-3066.0188	-617.72546	25.54469	-589.17035	-675.0158	-638.27594	29.629122	-599.13794	-680.44806	-3671.4385	58.333775	-3583.769	-3746.4668	-3645.7727	53.006996	-3577.8801	-3781.8184	1000.0	1000.0	439999	198129.84	258780.23	1013600.4	-5923.3545	198506.97	258508.77	1012027.44	4.4762683	1336.5798	1012.7894	20426.857	106.34936	-397487.06	686043300.0	35298.77164244652
111	-3017.9478	51.933407	-2938.5125	-3095.203	-3008.7341	36.9216	-2951.2197	-3042.5168	-640.1356	26.37285	-587.9806	-673.1108	-673.61646	116.17902	-591.84515	-874.05176	-3682.3506	137.96431	-3572.168	-3916.5686	-3658.0833	55.758465	-3551.532	-3750.386	1000.0	1000.0	443999	171184.2	222131.64	882412.3	-5855.7783	171546.38	221865.36	840337.1	3.7874446	1011.9789	825.3498	24039.031	58.721783	-343722.56	495400900.0	35675.419269800186
112	-3021.8171	56.15968	-2948.6707	-3127.7666	-3009.359	38.547295	-2964.6565	-3069.871	-596.6376	41.36124	-545.8184	-703.1112	-632.4214	33.119797	-595.8006	-684.59955	-3641.7803	39.17191	-3599.3745	-3684.4382	-3618.4546	53.056423	-3543.5034	-3703.6294	1000.0	1000.0	447999	148256.3	187410.42	744694.8	-5125.1055	148417.7	187301.33	727515.6	3.4656534	907.49	796.4698	18940.621	55.343533	-298084.03	394765540.0	35954.80319571495
113	-2982.7864	42.45644	-2887.6455	-3036.3037	-3010.7349	26.562729	-2973.728	-3040.6548	-610.8314	9.585477	-598.69507	-634.3051	-629.2021	31.173395	-595.9264	-662.2796	-3639.937	57.11374	-3569.6543	-3702.9343	-3593.6177	45.141994	-3489.3303	-3647.367	1000.0	1000.0	451999	130616.19	156232.53	630419.6	-2784.1	130651.64	156229.58	625354.94	3.4149477	841.6628	811.5204	26042.87	69.38746	-262549.16	293204300.0	36228.57328891754
114	-3013.5393	32.974155	-2938.0327	-3050.4124	-2977.1897	63.717724	-2892.2188	-3067.9817	-621.40375	61.421402	-564.18665	-787.98865	-642.1649	16.71594	-615.59296	-659.7901	-3619.3547	61.93302	-3552.009	-3720.1404	-3634.9429	80.67471	-3507.2913	-3832.816	1000.0	1000.0	455999	118021.17	129376.13	528566.44	-2407.9346	118021.305	129394.33	532264.7	3.4077322	616.86554	667.04596	18346.8	50.38348	-237730.95	213954110.0	36547.0035097599
115	-2992.662	47.193203	-2891.898	-3061.9634	-2974.1133	45.911777	-2918.8374	-3034.5002	-629.34796	44.017	-574.21716	-736.7356	-648.6875	34.53731	-589.0408	-672.2719	-3622.801	27.325377	-3591.1094	-3665.6885	-3622.0103	74.23763	-3512.2766	-3738.912	1000.0	1000.0	459999	117695.234	113162.484	457722.2	-1562.4791	117692.47	113171.445	454134.47	3.4509737	608.89954	586.5868	20484.479	56.75135	-238630.08	189619600.0	36884.98281669617
116	-2974.532	91.021	-2799.633	-3094.5093	-2977.4045	47.67093	-2930.653	-3049.1072	-603.32043	21.908278	-585.76355	-656.09186	-651.9869	18.623938	-634.4308	-682.8996	-3629.3916	65.82586	-3565.084	-3732.0066	-3577.8528	103.3706	-3390.2148	-3723.5334	1000.0	1000.0	463999	120125.24	96290.44	387001.34	-2292.5967	120126.97	96299.164	391389.28	3.5877051	357.92047	332.7116	7315.334	56.12084	-242188.95	146752980.0	37223.5920715332
117	-2855.9243	148.84367	-2589.465	-3051.1245	-3001.7642	21.998566	-2976.3682	-3026.0408	-601.437	11.822097	-583.87885	-624.1178	-605.37695	26.20176	-564.3307	-637.2756	-3607.141	38.78309	-3540.699	-3636.984	-3457.3613	149.59338	-3175.594	-3635.0034	1000.0	1000.0	467999	117197.05	82479.08	335261.53	-2120.3938	117195.89	82487.305	345673.56	3.7173836	319.801	240.32681	7411.2944	53.39898	-236545.94	101913230.0	37558.42280578613
118	-2949.8147	105.85709	-2650.3396	-3030.6643	-2935.7197	54.08014	-2852.8552	-3001.6245	-596.8036	6.809197	-588.9343	-606.7681	-608.45544	7.077801	-596.2404	-613.2371	-3544.1753	54.357548	-3466.0925	-3613.2124	-3546.6184	109.07471	-3239.9946	-3630.1548	1000.0	1000.0	471999	112737.13	70508.195	300807.72	-2186.5837	112736.36	70521.5	300394.8	3.8523192	295.83444	236.42215	4949.1826	70.519424	-227212.9	72922100.0	37921.26494026184
119	-2966.3992	86.38141	-2768.4531	-3090.02	-2966.3071	26.357212	-2922.3071	-2991.1968	-602.7055	10.545701	-590.15546	-629.96124	-607.5939	6.038282	-601.2218	-615.9289	-3573.901	30.775654	-3523.5288	-3607.1257	-3569.1047	89.94601	-3370.415	-3719.9812	1000.0	1000.0	475999	105910.75	60498.457	262720.0	-155.25557	105909.21	60511.527	264283.78	3.9586074	232.9867	152.26466	2877.6821	61.221657	-213104.7	55613630.0	38238.29468154907
120	-2889.7063	126.95085	-2535.7217	-2986.4868	-3007.518	91.40288	-2915.9097	-3152.2075	-607.06506	11.760116	-588.22266	-622.9383	-604.6498	6.762447	-593.00476	-609.4204	-3612.168	85.449646	-3523.315	-3745.2122	-3496.7715	123.48882	-3154.144	-3581.8523	1000.0	1000.0	479999	96178.69	50465.676	247255.58	-1078.1782	96178.016	50478.125	246702.33	4.0379896	200.08722	133.8564	5691.2646	57.795185	-193319.81	39720820.0	38511.48198533058
121	-2905.3198	174.08054	-2519.2703	-3030.0166	-2956.1816	47.889454	-2904.3728	-3008.6519	-598.8542	6.1472235	-591.29816	-613.8527	-596.8152	2.2928653	-593.3047	-599.64215	-3552.9968	49.4215	-3497.6775	-3608.2942	-3504.1738	174.81789	-3118.0718	-3635.7068	1000.0	1000.0	483999	86774.45	42992.62	230642.6	6.198167	86772.07	42995.47	230290.66	4.09962	179.32497	114.8341	4085.7622	56.29752	-174462.03	26658734.0	38788.0094730854
122	-2937.7642	119.83816	-2616.8938	-3049.863	-2950.9048	33.08788	-2902.1921	-2993.3538	-594.87	4.737765	-582.28644	-600.19116	-600.9282	9.627482	-593.5873	-617.26013	-3551.8328	37.99252	-3495.7793	-3591.9905	-3532.634	119.38428	-3214.1536	-3647.2698	1000.0	1000.0	487999	77650.12	36957.336	219465.61	6.2560186	77648.51	36963.312	216969.75	4.16426	159.42795	95.28912	2309.5833	48.027096	-156003.14	18332546.0	39069.39532828331
123	-2970.929	58.06834	-2816.3147	-3021.7341	-2907.9026	19.853586	-2882.4631	-2936.387	-591.4126	6.3978257	-582.87665	-600.8997	-595.4624	4.0155444	-589.01355	-599.9844	-3503.365	16.236036	-3482.4473	-3525.4006	-3562.3413	58.020397	-3409.2063	-3607.3274	1000.0	1000.0	491999	68747.0	30973.992	187210.69	6.2950325	68746.13	30980.842	187693.2	1420.1531	141.49585	89.034996	2946.5986	35.224667	-138056.72	12713413.0	39348.77705621719
124	-2882.5361	126.5261	-2622.8113	-3023.164	-2970.4097	20.551973	-2942.2283	-2992.5195	-592.73285	12.898583	-556.7566	-609.66425	-598.1678	4.545435	-590.66486	-602.44305	-3568.5776	21.26325	-3544.6714	-3591.1047	-3475.2688	127.91822	-3218.3982	-3632.8281	1000.0	1000.0	495999	60743.38	26346.51	162002.73	2040.7393	60742.72	26348.701	161215.39	9118.847	136.14522	77.76094	2324.484	33.750153	-122003.875	8716367.0	39621.122980594635
125	-2868.773	142.76923	-2561.4292	-2994.6604	-2877.236	49.082096	-2830.8345	-2952.4392	-567.61676	40.56538	-479.03522	-601.14	-593.11316	14.312941	-577.4166	-616.40643	-3470.349	48.613846	-3408.251	-3542.6565	-3436.3894	169.32658	-3040.4644	-3585.967	1000.0	1000.0	499999	53778.03	22019.902	173247.47	3718.2827	53776.957	22021.264	161407.08	10651.875	120.49507	58.591587	1835.835	29.151058	-108001.195	6657424.5	39894.86220097542
126	-2815.605	200.95564	-2499.7014	-2994.2244	-2928.0251	48.67237	-2855.402	-2979.8142	-547.2547	40.83672	-493.95706	-606.0824	-579.2977	13.401247	-562.4979	-597.74786	-3507.3228	44.986313	-3453.15	-3565.1558	-3362.8599	233.33745	-2993.6584	-3597.3171	1000.0	1000.0	503999	47556.117	19467.846	169809.4	7193.8647	47555.18	19469.496	169288.97	13458.789	112.52188	52.4904	1543.1533	21.643768	-95509.13	5299542.0	40165.29046702385
127	-2869.6997	108.065834	-2672.6755	-3006.4539	-2933.3057	62.639145	-2825.5256	-2980.7502	-582.0834	24.631073	-542.39484	-624.38257	-597.70667	6.5316935	-587.28345	-604.5798	-3531.0127	59.186703	-3430.1055	-3578.1743	-3451.7832	100.90954	-3280.7576	-3607.9546	1000.0	1000.0	507999	42016.27	18571.729	207472.55	7639.5674	42015.9	18572.035	183564.44	9578.023	106.89812	49.402985	1980.8086	20.000713	-84374.13	5024403.5	40437.351780653
128	-2799.7476	159.99524	-2515.5742	-2995.7288	-2872.2307	84.26462	-2729.354	-2946.0283	-558.61536	42.038757	-462.90732	-625.2602	-565.91077	17.6337	-544.27783	-584.1059	-3438.1414	98.96106	-3273.6318	-3528.4707	-3358.3628	162.06642	-3053.4946	-3540.3755	1000.0	1000.0	511999	37704.434	19736.809	199539.05	6926.309	37704.02	19736.725	206478.61	5335.4097	108.56006	51.925755	2271.8174	21.970177	-75807.83	6000038.0	40768.87336730957
129	-2844.1099	121.918915	-2608.8071	-2981.3271	-2816.2004	102.54485	-2701.8767	-2976.4202	-565.7077	33.19985	-478.9957	-596.1028	-587.79266	14.180699	-566.27	-605.95074	-3403.9932	109.30336	-3268.1467	-3564.1968	-3409.8171	139.25447	-3087.8027	-3571.525	1000.0	1000.0	515999	34585.54	21319.406	212629.53	6399.3423	34584.598	21317.32	216120.14	4624.157	103.13286	49.876373	2427.047	20.151604	-69557.18	6505435.0	41112.79479908943
130	-2700.0322	196.3671	-2492.166	-2985.707	-2902.5037	110.98492	-2711.0247	-2976.0881	-525.7947	35.917355	-472.3249	-590.81744	-558.04974	24.599083	-525.67163	-588.60315	-3460.5535	130.21974	-3236.6963	-3561.0571	-3225.8271	200.45876	-2985.3274	-3573.2002	1000.0	1000.0	519999	31806.568	22994.518	245078.4	6030.9746	31806.396	22992.826	253105.19	2877.9673	101.81956	47.52653	2516.819	19.180452	-64054.11	7574725.0	41390.63775420189
131	-2860.5005	132.9078	-2512.0764	-2992.9363	-2734.7751	93.5708	-2639.022	-2874.8154	-546.48083	40.829803	-473.00912	-589.11774	-561.28516	18.88774	-541.66376	-592.44434	-3296.06	111.52733	-3180.6858	-3467.2598	-3406.9812	145.27089	-3001.3484	-3536.2773	1000.0	1000.0	523999	31769.568	30941.82	308681.03	5577.336	31769.344	30933.006	305874.0	2003.2802	106.90622	60.966537	2334.7578	12.999497	-64398.336	13593126.0	41668.65019607544
132	-2924.3667	70.567345	-2782.8833	-3009.8174	-2878.9153	89.57129	-2771.9614	-2994.2092	-560.7174	35.27229	-518.4823	-621.9095	-577.4149	13.435853	-560.0325	-597.18677	-3456.3303	100.29455	-3331.994	-3591.396	-3485.0845	74.10074	-3349.0845	-3589.1594	1000.0	1000.0	527999	36560.047	44613.79	346181.62	7061.8257	36559.164	44613.28	349816.6	6627.8696	127.61156	62.785885	2032.0436	16.837032	-74482.69	25896876.0	41950.05589008331
133	-2944.0898	67.93999	-2834.6208	-3018.8782	-2921.9746	68.797066	-2818.6084	-2984.7825	-534.1758	42.521725	-482.19775	-600.92175	-579.0719	39.42221	-512.07947	-610.2088	-3501.0469	64.39298	-3407.9878	-3589.4026	-3478.2656	95.00956	-3334.0447	-3605.223	1000.0	1000.0	531999	43767.367	53378.21	381638.72	2418.7007	43765.355	53376.312	387625.2	5983.3545	145.30032	65.891304	2270.7544	25.233547	-89169.12	33896572.0	42232.13823699951
134	-2933.4597	84.10337	-2709.6558	-3017.369	-2819.2275	113.53391	-2632.498	-2939.5522	-576.56946	31.156137	-502.7118	-624.6441	-569.0443	33.019802	-532.92993	-616.0613	-3388.272	88.102936	-3248.5593	-3483.3088	-3510.0293	109.19119	-3212.3677	-3597.563	1000.0	1000.0	535999	50586.863	58910.68	454056.47	6303.631	50583.574	58906.324	464465.44	10472.348	153.85834	69.697235	2828.4622	24.502188	-102971.57	36662970.0	42526.61685156822
135	-2675.7207	340.14453	-1845.2153	-2977.9607	-2824.2715	40.72624	-2781.2832	-2891.2075	-587.4016	18.631197	-561.7679	-625.3866	-581.2596	48.3343	-527.4248	-653.9624	-3405.531	69.21457	-3330.9397	-3485.2021	-3263.1226	350.54892	-2406.9832	-3603.3472	1000.0	1000.0	539999	58710.56	68735.87	576012.6	7220.5205	58707.734	68730.29	567136.25	8100.317	166.8621	73.46856	3137.9512	36.54572	-119648.43	47214124.0	42824.34248495102
136	-2856.2656	104.83172	-2666.8384	-2976.1326	-2785.3992	91.65998	-2674.8315	-2927.0115	-598.03625	19.196966	-564.867	-633.1686	-599.9899	14.010106	-576.55945	-611.4454	-3385.3892	99.377426	-3251.3909	-3528.9136	-3454.3022	109.42121	-3269.956	-3594.2795	1000.0	1000.0	543999	75259.52	93045.41	784871.94	11653.097	75254.08	93034.59	781461.6	12180.794	200.16498	96.65261	2959.821	38.590843	-154862.66	96244536.0	43126.221405506134
137	-2961.0884	39.575104	-2897.0203	-3022.0864	-2889.6575	79.09053	-2786.1606	-2990.8245	-560.5762	48.22992	-449.29947	-617.2514	-565.2835	16.526327	-539.57806	-579.8551	-3454.941	87.81462	-3325.7388	-3552.8037	-3521.6646	58.30228	-3392.7239	-3581.3816	1000.0	1000.0	547999	106919.06	127362.734	992950.75	12021.811	106913.23	127355.71	982532.6	13071.721	269.11487	142.09209	4067.2266	40.38493	-220408.0	177682480.0	43427.708463430405
138	-2956.1733	59.46258	-2826.5432	-3055.7737	-2921.9668	51.079147	-2882.0994	-3008.201	-587.30145	17.807302	-549.43787	-606.54663	-641.68964	31.720587	-605.3612	-689.8554	-3563.6567	81.74783	-3491.19	-3698.0564	-3543.4746	61.231842	-3406.0745	-3612.3032	1000.0	1000.0	551999	157952.19	164712.0	1551751.2	13401.545	157939.16	164709.0	1567682.0	15054.614	350.13693	193.2161	4001.8254	47.87831	-326209.47	286083040.0	43766.58022212982
139	-2934.6353	56.056614	-2851.354	-3023.0127	-2935.4087	38.58595	-2882.0542	-2981.7454	-597.6338	20.957413	-564.9345	-638.36725	-640.60944	44.264004	-573.02625	-680.9163	-3576.018	18.28076	-3554.7715	-3598.188	-3532.2695	50.805153	-3430.273	-3602.0127	1000.0	1000.0	555999	237374.17	213489.9	1851308.2	18166.361	237368.23	213478.52	1815367.2	22490.156	458.5854	275.7817	6532.666	56.48105	-489251.5	456599460.0	44107.648124456406
140	-2934.308	41.697426	-2837.1294	-2980.0464	-2902.3474	53.573975	-2818.2104	-2960.5967	-607.0746	55.81767	-517.11896	-743.052	-645.2449	61.34739	-595.3976	-746.6129	-3547.5925	86.47607	-3415.7112	-3643.5525	-3541.3828	79.08248	-3354.2485	-3669.6006	1000.0	1000.0	559999	324741.56	259431.52	2163956.8	20086.193	324732.47	259438.77	2161893.2	28182.393	508.7486	281.7415	5903.032	68.310776	-665361.1	543343400.0	44383.46039533615
141	-2982.344	16.231262	-2958.1558	-3011.086	-2938.2754	24.913328	-2897.6665	-2958.874	-583.4993	26.272577	-515.8338	-612.99207	-601.53955	39.628166	-552.71216	-659.52344	-3539.8152	55.54756	-3450.3787	-3597.5789	-3565.8433	28.926939	-3511.0356	-3611.307	1000.0	1000.0	563999	405598.56	297021.9	2435015.0	19453.012	405595.5	297024.75	2462229.2	31303.838	519.88904	305.21432	8266.571	79.50967	-828026.06	645297100.0	44659.85611152649
142	-2999.6484	8.291997	-2985.4397	-3014.3113	-2910.6519	52.16015	-2831.6362	-2977.048	-575.5021	25.8719	-526.42365	-606.55896	-603.9973	33.982174	-545.98816	-632.23914	-3514.6492	65.45185	-3453.1099	-3609.287	-3575.151	31.184898	-3523.3003	-3620.8704	1000.0	1000.0	567999	480726.66	324148.78	2528913.2	21373.098	480721.44	324134.53	2521300.2	29668.197	488.21143	239.88503	5284.1445	90.71185	-979558.6	730602900.0	44937.64096903801
143	-2995.9097	32.75608	-2928.2896	-3046.6724	-2930.017	46.845688	-2859.2993	-2974.8035	-604.6751	22.13075	-566.2574	-640.39716	-648.86896	64.65992	-575.47504	-751.81134	-3578.886	51.470245	-3491.6711	-3621.2122	-3600.5852	41.93839	-3521.4463	-3649.2717	1000.0	1000.0	571999	555549.7	350507.72	2572297.5	23432.637	555548.6	350484.25	2618820.5	27418.45	469.41736	248.93051	5618.0767	76.19351	-1131593.9	849349060.0	45217.299684762955
144	-3002.1199	5.9701915	-2993.079	-3017.96	-2941.1401	48.9831	-2858.1665	-2978.9263	-601.12683	7.043039	-596.0538	-621.9169	-617.1935	26.435001	-591.82654	-661.4016	-3558.3337	63.74423	-3449.9932	-3613.647	-3603.2468	12.778978	-3589.1328	-3639.877	1000.0	1000.0	575999	636031.56	376647.34	2666937.0	17181.729	636032.44	376621.5	2680815.0	16351.4795	457.3238	252.22046	4731.833	88.52913	-1294111.5	925269900.0	45515.96030688286
145	-2885.175	152.11922	-2545.8726	-3002.7893	-2973.213	25.041945	-2935.4329	-2997.5464	-570.7921	14.357181	-545.43274	-585.77405	-587.69275	6.2159133	-577.3602	-592.67993	-3560.9058	20.929945	-3527.8757	-3582.3406	-3455.9668	144.55148	-3130.29	-3586.8528	1000.0	1000.0	579999	718653.6	395665.1	2754658.8	14670.731	718646.4	395646.8	2745167.5	14324.866	505.08252	292.6495	7963.3696	101.85461	-1461356.0	986139600.0	45821.53226566315
146	-2987.6626	28.75082	-2912.9304	-3009.2305	-2959.479	48.569176	-2885.594	-3020.4287	-558.0855	32.851475	-494.7653	-605.06775	-593.8928	17.187017	-569.8567	-616.60205	-3553.372	41.56841	-3502.196	-3608.3801	-3545.748	36.215908	-3488.3972	-3593.563	1000.0	1000.0	583999	801713.7	418134.97	2939740.0	20509.88	801708.4	418132.25	2923725.2	12404.427	465.17255	253.19775	4924.61	111.13429	-1629269.1	1074165500.0	46125.45344185829
147	-2925.5957	46.171734	-2888.6038	-2999.8232	-2938.6702	39.456345	-2903.4597	-3004.293	-592.8895	14.719777	-551.6335	-602.5623	-596.68634	11.398479	-584.515	-610.1863	-3535.3564	35.059563	-3499.3245	-3588.808	-3518.4856	36.54541	-3485.1255	-3584.6003	1000.0	1000.0	587999	894755.5	444828.9	2976289.5	18944.395	894751.8	444830.53	2981693.5	9462.127	463.9373	255.19954	4771.0117	102.83539	-1819628.0	1290256000.0	46427.56149172783
148	-2959.9692	38.151978	-2897.9536	-2999.5261	-2950.6926	48.256493	-2880.6462	-2996.713	-551.02167	63.127995	-463.23148	-659.66986	-577.0333	60.345078	-515.16754	-677.0357	-3527.7256	30.71097	-3486.681	-3557.682	-3510.991	43.670155	-3412.7126	-3570.9907	1000.0	1000.0	591999	1002263.8	485110.75	3146567.5	18676.336	1002257.5	485116.34	3127011.0	4587.9497	453.79123	250.6101	4693.526	87.39728	-2037275.6	1484556300.0	46784.136405706406
149	-2953.8574	63.628326	-2779.5435	-3010.8896	-2904.6543	37.454006	-2840.5293	-2934.2285	-591.7169	30.49447	-532.06146	-634.31067	-572.72076	16.303818	-558.5142	-599.77783	-3477.3752	23.729507	-3440.3071	-3505.3604	-3545.5742	56.310856	-3401.7349	-3602.4915	1000.0	1000.0	595999	1108209.6	524881.9	3112722.8	17853.346	1108207.8	524906.2	3093298.5	2618.2053	421.49292	219.54485	4976.0757	92.144104	-2250375.8	1564523900.0	47157.27004671097
150	-2847.533	133.32375	-2543.967	-2975.6897	-2954.4268	74.483734	-2831.0032	-3030.4294	-569.86285	29.238426	-528.3112	-632.6164	-577.49316	34.84664	-518.7543	-610.08875	-3531.92	79.8662	-3422.7273	-3640.5183	-3417.3958	146.04381	-3072.2783	-3555.28	1000.0	1000.0	599999	1196609.8	557778.4	3030874.2	10903.775	1196599.8	557814.25	3014033.5	5680.8516	457.97452	225.2523	4544.4326	110.2404	-2425362.5	1567468300.0	47546.295776605606
151	-2927.7126	77.16088	-2754.505	-3014.5535	-2902.65	8.619426	-2888.6294	-2911.7222	-592.162	22.540134	-554.11847	-631.4318	-655.05084	54.593357	-575.1852	-729.0067	-3557.7007	53.33876	-3482.0493	-3632.3906	-3519.8745	69.13463	-3370.2463	-3606.2798	1000.0	1000.0	603999	1239767.9	566530.1	3003165.8	6558.6777	1239763.0	566536.2	3041483.5	6.5196605	473.0216	220.98598	4896.4854	122.46004	-2508472.5	1483438100.0	47905.48282623291
152	-2922.6545	129.8987	-2663.538	-3016.3293	-2879.3215	92.192825	-2785.7302	-3016.8535	-618.52527	59.49913	-559.41614	-768.79205	-590.1765	41.265957	-538.36707	-642.45325	-3469.498	102.99989	-3324.0972	-3580.3926	-3541.1797	156.74232	-3232.068	-3690.832	1000.0	1000.0	607999	1248701.6	561973.1	3057178.5	14824.179	1248698.0	561983.5	3097403.0	6.530369	449.1309	212.70465	4860.022	102.57272	-2523546.5	1363586600.0	48243.93921208382
153	-2957.7795	46.39914	-2847.1316	-2997.2136	-2943.362	84.30321	-2834.0208	-3069.5525	-601.98303	27.806997	-581.9505	-678.8509	-588.46246	28.162626	-541.7514	-612.12897	-3531.8247	59.708805	-3443.088	-3611.3037	-3559.7625	32.52833	-3486.6528	-3600.8977	1000.0	1000.0	611999	1239550.5	555398.7	3257258.5	20888.2	1239546.0	555403.44	3221205.8	6.55957	431.49188	198.88132	3343.4807	105.26152	-2504182.2	1313802100.0	48582.71393823624
154	-2989.0896	26.150017	-2915.685	-3011.4229	-3011.123	12.398381	-2992.1033	-3024.6401	-598.31836	6.5874567	-590.421	-615.75354	-577.9285	23.449286	-541.74506	-606.513	-3589.0515	25.925726	-3560.8765	-3631.153	-3587.4082	21.920225	-3531.4387	-3608.0215	1000.0	1000.0	615999	1218251.1	564328.56	3456023.5	27503.066	1218245.6	564302.7	3505983.2	12982.494	441.77692	209.6606	4624.8	104.3916	-2460019.2	1496689400.0	48922.0633122921
155	-2960.523	16.328613	-2933.0225	-2992.2527	-2933.4526	32.608017	-2890.8464	-2975.4482	-589.87964	30.097502	-544.45746	-643.02155	-569.9471	87.732445	-453.32724	-694.9946	-3503.4	100.43711	-3405.443	-3670.4429	-3550.4023	34.836548	-3500.4336	-3608.6597	1000.0	1000.0	619999	1212278.8	595913.5	3609121.0	30020.107	1212279.0	595889.25	3622480.5	13293.17	486.40616	239.31746	5664.1226	112.61122	-2450980.5	1851362300.0	49276.614607810974
156	-2966.434	29.098804	-2908.9954	-2995.731	-2914.8967	80.62296	-2776.0808	-2975.4	-550.3607	49.794643	-472.70856	-618.4716	-611.22894	63.903564	-545.00574	-716.78394	-3526.1257	114.551125	-3371.7546	-3692.184	-3516.7944	38.713795	-3464.6042	-3584.522	1000.0	1000.0	623999	1225522.2	625870.5	3707055.0	42479.133	1225519.0	625854.0	3748997.5	4130.7383	586.47	315.82086	8901.161	123.47328	-2479593.2	1964352500.0	49616.05401420593
157	-2963.1133	35.13595	-2920.9998	-3016.189	-2908.3813	16.664955	-2888.158	-2932.3103	-562.4052	48.395714	-433.536	-615.72217	-625.6118	26.65488	-594.44684	-657.6226	-3533.9932	34.54604	-3492.7844	-3578.0618	-3525.5188	63.29209	-3354.536	-3586.6494	1000.0	1000.0	627999	1255168.4	660453.2	3780217.2	39102.875	1255172.1	660423.94	3775683.8	6.65535	584.2798	296.87344	6766.4487	128.77676	-2540322.2	2136446800.0	49911.56493782997
158	-2945.343	49.046165	-2861.1272	-3012.4438	-2878.7422	55.61629	-2788.6921	-2940.8203	-579.38556	64.40874	-497.25848	-734.4695	-615.39514	52.069073	-531.2227	-662.29645	-3494.1375	62.485798	-3401.921	-3558.0876	-3524.7285	61.42644	-3443.411	-3622.7344	1000.0	1000.0	631999	1271053.0	680862.3	3726800.0	44057.215	1271063.0	680838.44	3759700.8	6.675395	541.3525	272.59296	7230.0767	110.192116	-2569959.8	1973020800.0	50235.13117623329
159	-2960.4407	33.8572	-2908.0	-3011.537	-2916.1199	17.883533	-2897.322	-2945.4016	-623.6014	63.20468	-493.03333	-739.42645	-597.3844	28.363335	-575.1972	-645.7117	-3513.5042	30.60634	-3476.7134	-3559.192	-3584.0417	69.87353	-3464.6174	-3717.3513	1000.0	1000.0	635999	1263276.6	690961.8	3794898.0	35711.176	1263280.5	690929.7	3860023.2	5412.4316	572.7954	292.8517	11673.89	118.51085	-2553374.5	2086427000.0	50593.41792798042
160	-2981.9531	31.436562	-2920.8037	-3041.1174	-2944.3772	25.832897	-2913.642	-2981.333	-612.2914	43.879036	-543.364	-705.8064	-585.30524	17.419838	-564.40436	-606.2266	-3529.6826	30.77082	-3478.0464	-3553.604	-3594.2446	48.998566	-3527.7905	-3695.0994	1000.0	1000.0	639999	1253768.0	702466.06	3814682.5	20030.09	1253780.0	702417.44	3855737.5	6.689634	701.34625	393.1775	14768.153	141.22664	-2534196.2	2213235700.0	50905.65042757988
161	-2994.4587	39.301132	-2947.4707	-3095.3777	-2912.8062	21.030838	-2878.1655	-2933.2993	-624.63696	72.9461	-510.0954	-762.0708	-599.509	25.694944	-559.5666	-628.65704	-3512.315	25.067219	-3491.368	-3553.495	-3619.0957	74.48639	-3489.2292	-3750.23	1000.0	1000.0	643999	1246174.4	717282.7	3924227.0	19999.713	1246183.4	717227.44	3936731.2	6.6930075	679.2263	329.79788	12852.312	122.92023	-2518559.8	2234934300.0	51199.197727680206
162	-2971.0562	42.398758	-2881.6152	-3037.5417	-2935.1658	76.38618	-2823.735	-3027.3928	-586.53845	52.720013	-478.49442	-665.83606	-669.7044	112.57359	-556.4749	-845.3824	-3604.87	147.8214	-3380.21	-3756.7405	-3557.5945	68.095894	-3445.4575	-3703.378	1000.0	1000.0	647999	1233028.0	725272.25	3934952.5	7844.7163	1233028.8	725257.25	3987376.2	6049.8525	679.46985	332.92548	13329.166	144.65897	-2491732.8	2328848100.0	51535.31352138519
163	-2965.2717	45.49106	-2872.4014	-3048.6619	-2960.2122	59.29803	-2891.4456	-3051.3171	-675.70734	94.430145	-558.37634	-896.3308	-585.92114	38.519176	-532.9016	-641.7175	-3546.1333	76.818954	-3462.1133	-3634.0134	-3640.979	75.07529	-3569.445	-3844.4414	1000.0	1000.0	651999	1218184.2	723425.94	4050012.0	5149.2046	1218183.5	723400.8	4118722.0	6.721178	703.4055	327.65518	6836.138	112.36092	-2460913.0	2218771700.0	51895.45639848709
164	-2952.4976	93.91345	-2709.158	-3047.6406	-2960.2886	36.88639	-2907.4822	-3001.4858	-598.1029	37.176407	-540.1372	-679.5371	-548.13513	34.39616	-510.4479	-601.9623	-3508.4236	34.943436	-3455.4539	-3553.4768	-3550.6008	112.98901	-3269.8452	-3727.1777	1000.0	1000.0	655999	1200412.4	721216.4	4095089.0	-675.4673	1200403.1	721199.0	4090069.2	11278.834	757.7739	378.75464	13002.542	149.66829	-2425853.2	2237962200.0	52198.24161243439
165	-2970.2764	38.251915	-2896.0588	-3015.6978	-2985.5737	31.981596	-2930.3914	-3006.5947	-562.2546	43.668056	-482.4676	-631.3043	-584.0124	16.225534	-567.36597	-602.3287	-3569.5862	42.729595	-3498.7517	-3608.209	-3532.5312	62.309338	-3378.5264	-3628.5354	1000.0	1000.0	659999	1193636.6	732160.4	4084837.5	17843.84	1193639.1	732129.56	4066029.0	6.746406	843.70795	432.358	9876.438	173.07399	-2413800.2	2402579200.0	52501.631160736084
166	-2993.4038	32.295357	-2948.2437	-3049.6782	-2990.9685	28.077927	-2965.65	-3038.1511	-595.37463	33.29509	-557.8466	-659.3987	-566.78876	33.72718	-517.0391	-607.804	-3557.7573	39.1748	-3492.2158	-3595.9902	-3588.7788	39.67806	-3533.9941	-3661.2043	1000.0	1000.0	663999	1195847.2	745334.25	4080710.0	-4256.937	1195855.2	745319.25	3912890.2	10855.416	922.7469	438.15607	9467.408	158.88492	-2417504.2	2358343400.0	52791.30805015564
167	-2996.75	42.710716	-2912.3787	-3087.9866	-2996.9854	17.85349	-2970.0173	-3015.6838	-591.23914	39.70578	-517.1924	-658.2506	-599.3764	13.624528	-579.25165	-614.36536	-3596.3618	28.34153	-3564.903	-3624.6868	-3587.989	49.381107	-3510.7925	-3690.769	1000.0	1000.0	667999	1174655.0	745816.3	3932146.0	19743.049	1174651.0	745807.0	3935923.8	1718.5118	829.55176	364.1743	6423.6963	191.6513	-2372712.0	2225489400.0	53082.52038836479
168	-2946.0266	83.00587	-2780.727	-3024.1064	-3015.7805	35.45048	-2977.6262	-3051.9897	-584.3993	46.20067	-497.09827	-678.92694	-579.5979	35.539894	-518.2167	-603.7209	-3595.3784	33.22	-3568.5718	-3652.3003	-3530.4258	78.4266	-3375.404	-3654.5085	1000.0	1000.0	671999	1149604.0	742083.9	4217488.5	14942.44	1149601.0	742070.7	4073879.8	6.780851	858.7207	414.3526	9549.217	173.00725	-2323112.5	2241568000.0	53372.982043504715
169	-2988.1746	56.691288	-2856.4507	-3089.9153	-2939.3076	89.04092	-2833.2048	-3039.4946	-602.359	38.630936	-565.3878	-694.66376	-594.47815	70.52926	-508.97385	-704.5596	-3533.7856	95.1682	-3379.1267	-3630.8105	-3590.5337	88.84917	-3423.4004	-3784.5789	1000.0	1000.0	675999	1127600.0	740113.1	4278350.5	1578.7686	1127605.0	740112.94	4249060.5	10789.082	869.95374	474.7153	12196.261	126.38162	-2277123.0	2293097200.0	53661.7687087059
170	-2962.8887	42.623344	-2852.8208	-3000.6995	-3049.855	74.68188	-2984.995	-3176.9001	-623.7663	37.904408	-560.0251	-685.2178	-574.54877	32.20769	-540.6791	-626.92706	-3624.4038	66.45844	-3563.233	-3735.5835	-3586.655	61.024746	-3473.5044	-3677.1467	1000.0	1000.0	679999	1093275.0	720013.7	4036540.0	-2712.9429	1093272.8	720014.1	3914254.2	6.796854	970.26	571.01666	21351.34	169.7872	-2207258.5	2261681000.0	54021.09134936333
171	-2941.9683	111.89874	-2730.7976	-3113.1528	-3054.3704	53.837387	-3015.1924	-3147.1375	-581.4212	17.20701	-556.9307	-616.999	-591.8361	15.961488	-565.104	-607.3388	-3646.2065	58.886246	-3589.7395	-3743.8513	-3523.39	107.9861	-3311.3696	-3680.4397	1000.0	1000.0	683999	1075381.5	718935.9	4288573.0	-710.3959	1075380.5	718894.1	4141915.5	1753.7933	865.5351	465.1701	13919.824	187.89543	-2175112.5	2380017400.0	54373.13385605812
172	-2965.4634	43.37233	-2913.6245	-3066.6736	-2990.3638	72.55043	-2900.452	-3070.176	-637.841	54.303665	-535.69666	-743.97	-636.0676	9.998552	-622.9337	-649.8591	-3626.4316	81.16774	-3531.8916	-3720.0352	-3603.3042	56.39052	-3488.7385	-3706.9216	1000.0	1000.0	687999	1081149.5	748828.0	4478897.5	-8368.745	1081154.0	748785.0	4445563.0	6.800021	980.53845	535.47003	15756.072	188.98093	-2186998.8	2516083700.0	54664.2728664875
173	-3006.2244	26.956293	-2958.569	-3047.5168	-2976.3071	47.218987	-2913.9949	-3046.9927	-612.15765	23.588707	-579.3294	-662.5795	-639.7001	43.66599	-601.6988	-713.13965	-3616.007	41.02731	-3572.3684	-3677.9592	-3618.382	26.76977	-3573.8323	-3679.9624	1000.0	1000.0	691999	1087873.5	774152.75	4168571.8	-9031.896	1087874.1	774118.1	4189499.5	6.8156576	902.45074	487.03812	15925.505	168.14912	-2201255.0	2580744700.0	54948.96921133995
174	-3013.3193	40.35975	-2957.5793	-3082.764	-2984.6338	35.865192	-2937.4045	-3033.2659	-659.04236	63.295433	-600.6607	-816.54865	-592.8376	22.24057	-556.5533	-617.0745	-3577.4717	48.360733	-3523.9243	-3633.1326	-3672.3618	83.35367	-3584.959	-3894.8833	1000.0	1000.0	695999	1093666.1	789574.3	3918772.0	-10418.794	1093667.2	789555.94	3884319.8	6.819009	1326.5514	871.9609	22829.902	205.7453	-2210685.0	2598323500.0	55254.44603562355
175	-3010.8442	37.86629	-2950.311	-3077.2244	-3008.047	39.176105	-2960.2285	-3068.2168	-581.36444	33.29859	-510.02902	-631.5546	-642.43286	36.35669	-582.0146	-678.0869	-3650.48	25.078217	-3609.611	-3671.1328	-3592.209	40.873905	-3525.785	-3673.8367	1000.0	1000.0	699999	1080450.4	788840.56	4189540.2	-8331.923	1080452.5	788810.9	4199903.5	1613.2333	1317.1252	711.8223	19493.37	221.05455	-2184719.8	2637576000.0	55557.50583910942
176	-2995.4668	34.417522	-2938.0151	-3068.5046	-2989.9934	18.090992	-2959.2356	-3003.8643	-605.77576	50.30802	-533.3705	-724.03644	-610.32715	29.104965	-578.33545	-657.36017	-3600.3203	14.375995	-3580.5215	-3616.5957	-3601.2427	63.010693	-3471.3855	-3731.9578	1000.0	1000.0	703999	1067992.6	775624.94	4177071.8	6329.7686	1067991.5	775600.8	4191944.8	6101.2476	1284.8224	717.0908	14909.187	176.88676	-2157546.5	2501476600.0	55841.039675712585
177	-3017.0142	51.633026	-2941.9895	-3151.435	-3013.0435	78.06128	-2923.814	-3133.3398	-638.98645	127.56581	-498.1539	-934.60065	-655.38	63.098717	-569.87714	-729.9573	-3668.424	21.800577	-3646.6707	-3703.217	-3656.0005	170.49484	-3492.939	-4086.036	1000.0	1000.0	707999	1036452.9	745343.2	4064519.8	9728.388	1036457.25	745320.44	4028287.8	9413.002	1359.0972	801.5596	21479.465	202.83835	-2091556.0	2548008700.0	56131.85529899597
178	-2995.5532	52.868984	-2901.9177	-3101.7542	-2959.0732	92.111115	-2827.0798	-3079.895	-621.44147	32.575855	-583.8351	-693.7942	-674.4431	42.25859	-616.092	-735.3466	-3633.5164	122.048805	-3443.1719	-3749.47	-3616.9946	69.46945	-3504.785	-3795.5483	1000.0	1000.0	711999	1005473.1	731440.25	4436563.5	3281.0613	1005467.8	731392.3	4354599.5	33893.684	1320.2404	784.90546	18499.246	222.62128	-2032038.1	2423601400.0	56503.46530151367
179	-3002.2463	56.36787	-2899.3843	-3079.9392	-2992.2976	14.89837	-2972.5786	-3012.4287	-642.07916	43.403606	-582.67426	-715.43536	-613.46716	56.29393	-537.3432	-695.74347	-3605.7646	61.35446	-3509.9216	-3680.9915	-3644.3254	65.13467	-3538.004	-3770.021	1000.0	1000.0	715999	1000474.56	747870.9	4464601.0	23884.84	1000476.0	747827.7	4311107.5	38730.465	1462.7726	891.5975	23537.945	199.7583	-2020874.5	2553545200.0	56843.177050828934
180	-3035.9517	67.31753	-2948.1458	-3177.1604	-3008.0444	17.292135	-2982.3528	-3027.389	-622.56775	45.87199	-567.71515	-705.1631	-651.1257	50.802418	-579.25696	-704.95154	-3659.1702	42.362507	-3606.6458	-3712.1729	-3658.5195	90.66037	-3563.675	-3813.705	1000.0	1000.0	719999	980256.25	736845.2	4235345.0	30904.668	980261.75	736825.7	4125496.5	48107.453	1351.7787	771.93945	16473.814	191.0469	-1980134.9	2563395000.0	57142.79170823097
181	-3020.2925	68.79486	-2917.057	-3120.2466	-2973.7126	19.747963	-2942.7183	-2995.5337	-650.2628	122.07118	-480.59634	-911.66626	-674.3112	30.827446	-646.5358	-725.6338	-3648.024	13.5645275	-3631.201	-3668.352	-3670.5554	166.95729	-3469.5818	-4031.9128	1000.0	1000.0	723999	974329.3	744351.3	4294283.5	17031.85	974333.44	744326.75	4178813.5	38392.523	1446.9022	824.61884	20227.174	261.38248	-1968755.8	2682866000.0	57434.2060110569
182	-3041.3628	89.16875	-2833.7754	-3208.9736	-3042.9175	45.486996	-3000.1106	-3118.7742	-583.14703	34.504158	-499.18774	-619.2373	-654.7406	85.73775	-554.1635	-787.1923	-3697.658	96.85054	-3554.2742	-3822.054	-3624.5098	87.9977	-3427.795	-3769.1086	1000.0	1000.0	727999	958392.9	725529.2	4079133.0	-17579.703	958392.8	725529.75	3994322.8	9169.671	1504.9891	868.0222	15832.467	203.22083	-1935825.1	2756706000.0	57719.10005450249
183	-2987.4949	54.16519	-2886.0225	-3037.4602	-2996.3975	11.480053	-2980.6587	-3012.8726	-671.6431	46.66966	-628.9976	-805.11084	-647.83997	47.85907	-568.7453	-692.19806	-3644.2375	47.184563	-3562.8052	-3676.1501	-3659.138	44.148117	-3561.7903	-3710.1323	1000.0	1000.0	731999	947655.3	702210.44	3981820.2	7159.653	947657.9	702176.4	3969963.5	27116.494	1529.8325	841.3549	17744.086	224.92989	-1915045.6	2655939000.0	58001.58381342888
184	-2979.5422	68.63639	-2869.7112	-3077.4927	-2982.6758	37.737034	-2924.816	-3029.811	-599.6034	83.16054	-444.21033	-754.9508	-617.03174	42.333553	-554.4188	-672.5285	-3599.7075	79.40287	-3479.2349	-3702.3394	-3579.1458	82.34493	-3444.1924	-3689.644	1000.0	1000.0	735999	934235.8	677857.25	4129396.5	25029.732	934233.2	677821.7	4093128.5	34197.69	1455.1691	775.2009	18823.447	237.9765	-1887113.9	2596423200.0	58284.839179992676
185	-3027.7	97.77937	-2869.9773	-3267.4817	-2985.1587	22.850067	-2948.33	-3009.431	-611.3898	31.213278	-561.4676	-656.3776	-593.12384	37.428417	-534.8798	-626.0046	-3578.2827	40.659798	-3520.6526	-3635.3408	-3639.0898	102.59586	-3511.3174	-3894.008	1000.0	1000.0	739999	924977.9	657259.9	4086075.5	22305.074	924978.2	657242.1	4186650.5	35302.18	1423.6813	754.4699	17652.93	252.16959	-1869287.4	2511560000.0	58577.433847904205
186	-3012.0898	45.255005	-2942.9473	-3102.5234	-2987.0703	47.529575	-2906.473	-3029.5742	-673.0654	75.614174	-577.30347	-838.28375	-671.62823	96.684105	-598.9416	-837.3501	-3658.6987	51.167225	-3607.0752	-3743.823	-3685.1555	87.14571	-3578.8513	-3908.36	1000.0	1000.0	743999	919100.06	643762.1	3469318.2	30232.473	919091.94	643761.06	3568050.8	49013.18	1456.9451	779.2448	19730.408	267.66217	-1856267.2	2282513000.0	58882.75717687607
187	-3006.411	64.91151	-2920.223	-3161.0513	-2989.3958	12.362298	-2968.1165	-2997.638	-618.12646	44.410152	-563.2794	-713.4855	-609.1113	60.493244	-524.7175	-673.0338	-3598.507	71.4629	-3492.834	-3670.6177	-3624.5376	101.113075	-3504.45	-3874.5366	1000.0	1000.0	747999	882230.06	612765.06	3236881.8	19067.977	882239.8	612735.9	3201753.2	48363.332	1437.098	705.40643	13483.113	270.65607	-1778860.9	1974662900.0	59200.583673238754
188	-2999.711	44.179108	-2919.1277	-3088.204	-3025.533	55.184277	-2949.4253	-3105.3499	-635.8693	41.68809	-588.0457	-734.66266	-667.5913	40.237415	-629.12787	-727.3935	-3693.1243	53.265675	-3630.7683	-3753.4404	-3635.58	64.3188	-3555.796	-3734.5586	1000.0	1000.0	751999	832778.9	571313.75	3306704.8	23880.36	832786.25	571287.06	3161209.2	27967.758	1461.4142	753.0659	21137.184	172.06602	-1679287.0	1860835700.0	59555.155277729034
189	-2966.0288	79.114784	-2743.7727	-3050.9473	-3021.4504	26.657368	-2985.6008	-3060.1746	-592.8331	25.765467	-532.6651	-629.32825	-632.43463	36.15455	-585.1872	-679.5309	-3653.8848	38.441437	-3598.3853	-3704.7197	-3558.862	84.825874	-3347.801	-3680.2754	1000.0	1000.0	755999	799525.75	541751.2	3252993.2	-4125.5264	799521.75	541751.7	3176025.2	17891.443	1421.1066	710.91064	18144.363	293.57367	-1613403.1	1727601800.0	59912.87768959999
190	-3006.5093	34.5064	-2959.2795	-3091.0742	-2992.2498	24.959925	-2969.6116	-3032.3906	-610.36304	23.274986	-562.89185	-648.9815	-665.5882	107.01387	-552.94257	-839.599	-3657.8376	93.47827	-3582.6511	-3812.728	-3616.8726	23.833178	-3572.3025	-3653.966	1000.0	1000.0	759999	773942.3	511953.84	3084799.5	8.813146	773930.4	511950.78	2983873.2	22722.508	1546.448	862.2771	25771.758	293.67365	-1561980.9	1508986500.0	60270.92903757095
191	-2970.4812	46.772247	-2848.9927	-3031.33	-2919.4812	44.86975	-2865.3845	-2965.4485	-614.28723	36.37864	-550.3958	-687.0636	-652.3825	39.828552	-594.8973	-702.62915	-3571.8638	83.235695	-3460.2817	-3668.0776	-3584.7683	76.29711	-3399.3887	-3718.3936	1000.0	1000.0	763999	740065.5	478741.34	2755258.8	20797.596	740059.44	478762.8	2732186.2	48982.035	1312.0175	720.9552	21984.312	268.91476	-1491952.4	1318211600.0	60577.46469044685
192	-3017.3315	61.180927	-2930.909	-3121.7324	-3002.0442	44.92559	-2946.8909	-3064.6814	-594.1378	35.516956	-515.7334	-640.45	-596.7775	33.104027	-549.05304	-629.86096	-3598.8218	60.04088	-3524.1182	-3690.0417	-3611.4695	55.290665	-3499.5615	-3695.0247	1000.0	1000.0	767999	699984.2	442625.0	2752294.5	6889.538	699971.94	442632.44	2579792.8	21484.09	1428.0043	854.3985	28469.078	284.25455	-1410838.1	1214312100.0	60885.20160937309
193	-2993.964	52.53337	-2893.376	-3075.7478	-2970.2964	72.63086	-2887.716	-3062.1248	-591.291	27.579424	-545.97473	-632.9638	-649.81305	54.07454	-567.5802	-718.058	-3620.1096	114.64014	-3479.372	-3737.6108	-3585.2551	66.62257	-3439.3506	-3678.2412	1000.0	1000.0	771999	667341.75	407976.5	2591105.2	15135.747	667342.8	407953.44	2398215.0	31777.125	1276.4235	725.51776	19437.658	206.76659	-1346296.9	1126378500.0	61174.362190485
194	-2979.2236	32.352818	-2935.0251	-3027.268	-3027.8477	34.33315	-2988.1208	-3082.7756	-656.3547	90.79235	-541.08154	-871.89374	-632.9472	108.83215	-519.5061	-799.9443	-3660.7944	102.026054	-3538.3025	-3821.6409	-3635.5781	75.43533	-3539.9832	-3806.919	1000.0	1000.0	775999	641186.2	382262.8	2685271.0	19180.805	641192.3	382257.28	2801496.2	37631.63	1318.6405	707.49475	18884.4	258.49603	-1293505.8	975663550.0	61461.49074673653
195	-2983.92	56.370148	-2894.38	-3069.1738	-3029.8826	47.310333	-2959.7805	-3080.3035	-659.98334	96.155136	-557.867	-872.6748	-647.22705	58.28498	-546.95496	-690.13904	-3677.1096	54.313076	-3612.201	-3751.335	-3643.903	108.29888	-3470.516	-3860.0264	1000.0	1000.0	779999	605101.44	353237.78	1991370.6	-21422.79	605098.4	353243.78	1979154.8	7827.5815	1408.0376	908.8267	33431.414	251.03221	-1218449.0	761745000.0	61764.83849596977
196	-2982.2856	20.233053	-2957.8213	-3013.631	-2939.6792	58.76857	-2841.7993	-2986.6797	-602.0741	32.258884	-565.0505	-672.881	-626.67975	65.391655	-556.7005	-732.0403	-3566.359	95.82983	-3466.287	-3716.2786	-3584.3599	36.549763	-3530.8132	-3679.815	1000.0	1000.0	783999	551019.5	319105.84	1838710.1	11638.733	551016.8	319113.47	1875557.0	7.200315	1094.8555	541.6211	14170.389	229.1351	-1107566.8	610952700.0	62076.50490999222
197	-2973.395	46.357147	-2871.401	-3025.2695	-2993.6277	73.46202	-2932.018	-3114.7932	-602.9881	30.274546	-561.5452	-660.27466	-612.39496	44.28292	-574.4793	-686.1837	-3606.0227	75.406425	-3519.8472	-3721.8633	-3576.3835	52.672077	-3465.9973	-3670.863	1000.0	1000.0	787999	489352.47	278825.75	1705307.2	8.938194	489353.4	278818.75	1664107.0	792.8934	1014.3466	534.4992	15767.797	215.95064	-982985.5	508416000.0	62365.395634651184
198	-2985.4675	30.205719	-2939.1833	-3031.2292	-2982.121	52.734303	-2891.6387	-3023.9275	-596.703	42.910408	-525.4341	-691.2135	-578.1146	23.444277	-552.7034	-612.5724	-3560.2356	52.451218	-3477.9688	-3620.468	-3582.1707	58.741165	-3513.0916	-3722.4429	1000.0	1000.0	791999	430937.75	245012.95	1822601.2	-14655.73	430941.62	245007.2	1745039.2	2377.4724	1003.85925	588.559	19075.256	198.54495	-865386.75	441043200.0	62653.366151571274
199	-2954.4243	49.78226	-2868.3901	-3014.043	-3017.216	18.394056	-2989.1416	-3040.608	-604.0545	33.511696	-552.24567	-662.9655	-563.09814	64.9814	-463.6825	-639.39417	-3580.3142	56.324535	-3485.1172	-3628.5356	-3558.479	45.32164	-3476.8687	-3645.0166	1000.0	1000.0	795999	380651.22	216505.22	1605178.5	-17516.57	380655.9	216500.53	1725967.2	7.1961327	1107.5918	758.9443	32433.227	194.08548	-764877.56	339271100.0	63040.077396154404
200	-2981.1125	31.126173	-2907.2324	-3024.7449	-3001.4863	15.520687	-2974.748	-3012.3896	-616.82635	39.41089	-576.67487	-698.63934	-619.28845	37.625317	-590.412	-683.88934	-3620.7747	22.325377	-3602.8018	-3658.6375	-3597.9387	38.457462	-3568.263	-3702.3674	1000.0	1000.0	799999	337009.62	190265.05	1452388.4	-3377.2021	337003.06	190276.2	1449171.1	7.213363	894.76465	586.31366	24984.629	156.64203	-676702.4	263584110.0	63405.97496652603
