Epoch	AverageTestEnv0Ret	StdTestEnv0Ret	MaxTestEnv0Ret	MinTestEnv0Ret	AverageEnv0Ret	StdEnv0Ret	MaxEnv0Ret	MinEnv0Ret	AverageEpRet	StdEpRet	MaxEpRet	MinEpRet	AverageTestEpRet	StdTestEpRet	MaxTestEpRet	MinTestEpRet	EpLen	TestEpLen	TotalEnvInteracts	AverageQ1Vals	StdQ1Vals	MaxQ1Vals	MinQ1Vals	AverageQ2Vals	StdQ2Vals	MaxQ2Vals	MinQ2Vals	AverageLogPi	StdLogPi	MaxLogPi	MinLogPi	LossPi	LossQ	Time
1	-127.85628	1.6328825	-124.79495	-130.71822	-311.72235	49.387077	-279.45938	-397.12195	-311.72235	49.387077	-279.45938	-397.12195	-127.85628	1.6328825	-124.79495	-130.71822	1000.0	1000.0	3999	3.285098	2.875685	16.922337	-9.792747	3.319174	2.8135214	16.730366	-0.95091623	-3.3679638	1.3075334	9.706162	-10.729196	1.5790534	0.9499971	129.7655804157257
2	-108.941246	32.097805	-83.52802	-199.0884	-290.63913	60.12608	-227.12788	-388.41492	-290.63913	60.12608	-227.12788	-388.41492	-108.941246	32.097805	-83.52802	-199.0884	1000.0	1000.0	7999	11.187819	4.723884	32.483257	-10.589786	11.198835	4.696735	33.364227	-0.9989135	-1.9996897	2.4480834	14.107767	-14.724102	4.6713114	2.2210355	298.1966915130615
3	80.24249	35.29606	148.59076	13.425301	-245.04327	124.63343	-104.980576	-445.8953	-245.04327	124.63343	-104.980576	-445.8953	80.24249	35.29606	148.59076	13.425301	1000.0	1000.0	11999	21.89767	6.789596	50.455288	-3.4749744	21.897898	6.7921014	50.499672	-0.9024676	-1.3867846	2.9034657	14.548458	-13.54721	8.849518	3.6656446	469.65804290771484
4	-461.649	33.789623	-413.05356	-525.02484	-188.42206	45.226604	-143.76968	-256.94495	-188.42206	45.226604	-143.76968	-256.94495	-461.649	33.789623	-413.05356	-525.02484	1000.0	1000.0	15999	32.088093	9.060075	65.14699	7.9914174	32.087814	9.060421	65.573524	8.552612	-1.3298137	3.0105555	18.81202	-14.326157	12.743127	4.680362	645.1324162483215
5	-329.74762	18.277544	-294.60486	-360.8896	-311.1526	20.447464	-287.57352	-341.60373	-311.1526	20.447464	-287.57352	-341.60373	-329.74762	18.277544	-294.60486	-360.8896	1000.0	1000.0	19999	41.644863	12.917465	81.05784	14.267504	41.64406	12.91952	81.41168	14.3316	-0.7235166	3.2383735	22.283064	-14.815414	16.338781	5.7176337	877.992018699646
6	15.193541	15.208569	38.678604	-6.277488	-316.27985	45.775345	-245.40613	-367.12665	-316.27985	45.775345	-245.40613	-367.12665	15.193541	15.208569	38.678604	-6.277488	1000.0	1000.0	23999	53.55784	16.80978	94.55796	15.601768	53.55712	16.812696	93.31245	16.934082	-0.19095403	3.2713857	21.239996	-15.597361	21.179922	6.722784	1111.1145145893097
7	-7.720941	22.709253	33.5475	-48.014744	-219.16588	51.12434	-166.00334	-302.3777	-219.16588	51.12434	-166.00334	-302.3777	-7.720941	22.709253	33.5475	-48.014744	1000.0	1000.0	27999	63.81923	19.287878	101.2864	17.885483	63.818363	19.288528	100.94789	17.674816	-0.13464239	3.228477	21.163525	-13.830612	24.550665	6.667372	1380.4776322841644
8	20.426603	19.334383	60.584698	-4.13458	-360.66565	59.766956	-279.01602	-423.5318	-360.66565	59.766956	-279.01602	-423.5318	20.426603	19.334383	60.584698	-4.13458	1000.0	1000.0	31999	71.98029	21.801443	108.63047	18.519495	71.97984	21.800928	109.34923	18.879585	-0.27514398	3.354844	22.887934	-13.89333	27.165583	6.8282237	1683.2585496902466
9	-354.87677	38.550014	-280.24182	-415.96735	-289.03958	75.392746	-197.09842	-406.9296	-289.03958	75.392746	-197.09842	-406.9296	-354.87677	38.550014	-280.24182	-415.96735	1000.0	1000.0	35999	78.48267	22.39889	112.87035	21.203869	78.482376	22.399334	111.36998	21.20952	-0.4565739	3.293858	22.477993	-14.137418	29.041023	6.3868613	2018.358241558075
10	-163.90373	42.157932	-69.411736	-198.71782	-238.12749	72.482574	-173.89175	-360.89105	-238.12749	72.482574	-173.89175	-360.89105	-163.90373	42.157932	-69.411736	-198.71782	1000.0	1000.0	39999	85.3265	22.595491	119.05861	22.34564	85.3261	22.595837	118.015854	22.958212	-0.19629832	3.1414518	22.83889	-14.854024	31.256332	5.5756335	2359.9503531455994
11	-228.01059	59.19508	-124.99008	-318.10666	-191.3086	69.58269	-101.83883	-296.2677	-191.3086	69.58269	-101.83883	-296.2677	-228.01059	59.19508	-124.99008	-318.10666	1000.0	1000.0	43999	91.97067	23.114365	123.69928	24.44391	91.97057	23.115097	123.57608	24.305693	-0.19712532	3.0171177	22.004093	-13.108443	33.296703	5.316491	2592.3141322135925
12	-136.2717	67.84152	-23.250582	-230.82678	-136.19316	71.5676	-53.694782	-244.4859	-136.19316	71.5676	-53.694782	-244.4859	-136.2717	67.84152	-23.250582	-230.82678	1000.0	1000.0	47999	96.81789	22.975063	126.69049	25.93009	96.81772	22.975414	127.992905	25.28955	-0.3726238	2.9289134	20.658863	-13.06692	35.24847	4.859754	2795.3791642189026
13	-126.736404	80.57328	-13.911793	-248.50438	-194.28473	58.273163	-145.87862	-291.58517	-194.28473	58.273163	-145.87862	-291.58517	-126.736404	80.57328	-13.911793	-248.50438	1000.0	1000.0	51999	101.23796	22.882174	131.76357	27.230276	101.23803	22.882137	130.85826	26.717258	-0.42511475	2.8655136	20.436142	-13.813171	36.74353	4.6392684	2999.7038593292236
14	-176.26352	124.60128	-19.86024	-375.95584	-248.93764	85.23213	-114.83912	-349.4347	-248.93764	85.23213	-114.83912	-349.4347	-176.26352	124.60128	-19.86024	-375.95584	1000.0	1000.0	55999	105.0979	22.646955	136.5045	28.486881	105.09758	22.64728	136.18181	28.413979	-0.5470219	2.8574338	28.48975	-15.102404	38.167454	4.3910127	3228.7813873291016
15	-123.5396	79.18893	-39.641068	-297.06357	-168.17105	71.506355	-94.61347	-249.95111	-168.17105	71.506355	-94.61347	-249.95111	-123.5396	79.18893	-39.641068	-297.06357	1000.0	1000.0	59999	108.9796	22.597853	138.17212	30.189571	108.97937	22.59797	137.70383	29.901323	-0.5928361	2.8331175	19.32862	-13.860744	39.74	4.377928	3464.02690243721
16	-227.93289	28.658127	-186.31241	-274.6428	-230.79189	24.098362	-208.2971	-271.13245	-230.79189	24.098362	-208.2971	-271.13245	-227.93289	28.658127	-186.31241	-274.6428	1000.0	1000.0	63999	112.19183	22.450916	140.24673	30.946297	112.1916	22.450853	140.20819	31.167625	-0.6265566	2.8298168	34.08035	-14.051763	40.95654	4.4780455	3687.2449100017548
17	-270.88895	42.78933	-151.7839	-306.31088	-209.46214	18.884333	-176.89565	-223.1863	-209.46214	18.884333	-176.89565	-223.1863	-270.88895	42.78933	-151.7839	-306.31088	1000.0	1000.0	67999	114.91289	22.200554	146.2197	32.180645	114.91301	22.200302	145.41711	32.02502	-0.6272573	2.8891766	27.101036	-13.851181	42.80628	4.6079855	3870.6140596866608
18	-97.92645	10.62156	-84.50413	-117.72473	-235.24513	103.624435	-89.06978	-378.89673	-235.24513	103.624435	-89.06978	-378.89673	-97.92645	10.62156	-84.50413	-117.72473	1000.0	1000.0	71999	117.72771	22.111332	146.9224	32.658463	117.72759	22.111395	147.4084	32.496227	-0.68371814	2.8304613	20.200592	-13.177116	44.147186	4.787758	4062.6499106884003
19	-119.47017	11.083232	-106.25518	-138.24426	-214.03389	28.801874	-179.2205	-255.2515	-214.03389	28.801874	-179.2205	-255.2515	-119.47017	11.083232	-106.25518	-138.24426	1000.0	1000.0	75999	119.99988	22.04368	147.90211	33.40184	119.99986	22.043715	148.423	33.053856	-0.63318497	2.8513775	26.560585	-13.471695	44.739376	4.628353	4265.6902503967285
20	-180.73221	4.230259	-172.94745	-187.22635	-264.9221	52.761448	-216.05432	-343.40506	-264.9221	52.761448	-216.05432	-343.40506	-180.73221	4.230259	-172.94745	-187.22635	1000.0	1000.0	79999	121.82071	21.944862	151.30031	33.068775	121.82058	21.944668	149.78656	33.049904	-0.6895039	2.8513439	19.65887	-13.879197	45.525505	4.6743975	4469.883696317673
21	-205.02173	12.284283	-184.17493	-226.3574	-337.35767	47.11188	-256.42776	-370.27228	-337.35767	47.11188	-256.42776	-370.27228	-205.02173	12.284283	-184.17493	-226.3574	1000.0	1000.0	83999	123.33719	21.630028	152.67775	33.524105	123.33733	21.629562	152.08005	33.381905	-0.6204864	2.8673005	24.227043	-13.976786	45.41735	4.772529	4678.2952473163605
22	-206.68198	5.304883	-197.28821	-215.06648	-317.77765	27.109148	-294.1518	-362.14655	-317.77765	27.109148	-294.1518	-362.14655	-206.68198	5.304883	-197.28821	-215.06648	1000.0	1000.0	87999	125.40849	21.561243	154.52551	33.655487	125.40838	21.560974	154.65924	33.71422	-0.7199599	2.7285683	22.72398	-14.21067	46.19462	4.7322226	4886.799154520035
23	-265.5215	4.9565415	-257.52426	-275.60782	-370.50476	38.51772	-312.74606	-416.55905	-370.50476	38.51772	-312.74606	-416.55905	-265.5215	4.9565415	-257.52426	-275.60782	1000.0	1000.0	91999	126.70636	21.440063	155.88612	32.77242	126.70637	21.439455	154.70784	33.754192	-0.76233315	2.6672366	24.665554	-13.969533	46.52207	4.527243	5097.586571216583
24	-254.50069	7.1214776	-240.48141	-264.34186	-329.7389	32.95765	-293.0217	-364.6659	-329.7389	32.95765	-293.0217	-364.6659	-254.50069	7.1214776	-240.48141	-264.34186	1000.0	1000.0	95999	127.88503	21.171518	156.53816	34.328514	127.88507	21.170946	156.89366	34.316082	-0.76149917	2.6376944	26.936628	-15.153621	46.78677	4.272937	5322.078178167343
25	-253.90955	7.7244134	-241.45671	-271.25684	-311.31842	27.362595	-270.21948	-347.14572	-311.31842	27.362595	-270.21948	-347.14572	-253.90955	7.7244134	-241.45671	-271.25684	1000.0	1000.0	99999	129.08311	20.958275	156.58199	33.48747	129.08298	20.957142	156.7891	33.74855	-0.80229616	2.618532	21.788778	-12.441776	47.92819	4.4145555	5560.166186332703
26	-236.90063	6.5079503	-229.18031	-251.73131	-376.49176	33.693047	-337.3712	-418.07037	-376.49176	33.693047	-337.3712	-418.07037	-236.90063	6.5079503	-229.18031	-251.73131	1000.0	1000.0	103999	130.02176	20.787819	158.33234	33.80533	130.0221	20.787346	158.63148	33.91854	-0.7711381	2.6153917	26.038488	-14.325508	48.876846	4.221094	5800.825790882111
27	-144.21031	7.941234	-130.11058	-155.99353	-298.036	29.107021	-258.40714	-331.57153	-298.036	29.107021	-258.40714	-331.57153	-144.21031	7.941234	-130.11058	-155.99353	1000.0	1000.0	107999	130.84386	20.77604	161.24846	33.94151	130.84396	20.775164	159.97556	34.13998	-0.7426891	2.6086369	29.43824	-13.145981	48.773197	4.3162622	6010.117472887039
28	-195.39163	4.076835	-188.76266	-203.75195	-315.21588	39.111298	-268.49313	-369.0739	-315.21588	39.111298	-268.49313	-369.0739	-195.39163	4.076835	-188.76266	-203.75195	1000.0	1000.0	111999	132.0017	20.396324	161.32263	33.790512	132.00162	20.395782	160.98048	34.289608	-0.65925974	2.5999603	24.701529	-13.308861	47.419518	4.2114935	6218.404574632645
29	-142.80591	4.2036824	-136.35406	-151.20306	-315.80762	85.27436	-183.59966	-409.70016	-315.80762	85.27436	-183.59966	-409.70016	-142.80591	4.2036824	-136.35406	-151.20306	1000.0	1000.0	115999	132.94649	20.266035	160.3547	34.350315	132.9465	20.265263	161.8305	35.180717	-0.66961056	2.6000729	30.687885	-13.249877	47.872734	4.2507763	6426.774828672409
30	-193.35658	4.461576	-187.63084	-199.37372	-310.54813	10.376124	-301.7306	-327.72568	-310.54813	10.376124	-301.7306	-327.72568	-193.35658	4.461576	-187.63084	-199.37372	1000.0	1000.0	119999	133.6551	19.987934	161.47372	34.217213	133.65512	19.987576	161.21526	34.624718	-0.64490604	2.5992484	23.073666	-13.148735	45.67321	4.0362816	6713.5980813503265
31	-217.71915	6.3615274	-203.88301	-225.05342	-297.7943	23.693403	-260.74503	-325.2576	-297.7943	23.693403	-260.74503	-325.2576	-217.71915	6.3615274	-203.88301	-225.05342	1000.0	1000.0	123999	134.57756	19.88939	161.5706	33.84282	134.57777	19.888758	159.90024	34.22295	-0.6264667	2.6148977	29.17314	-13.974475	48.198303	4.1413198	7006.093588352203
32	-153.967	2.9394007	-149.21716	-158.99052	-260.47678	29.013514	-226.74878	-299.76154	-260.47678	29.013514	-226.74878	-299.76154	-153.967	2.9394007	-149.21716	-158.99052	1000.0	1000.0	127999	135.0649	19.541239	161.51936	34.433956	135.06519	19.540703	161.57582	34.29377	-0.64858294	2.5879285	35.80465	-13.539354	47.40675	3.9024475	7228.308309078217
33	-119.8651	5.049547	-110.46573	-124.70965	-242.4071	52.70987	-185.6657	-317.18878	-242.4071	52.70987	-185.6657	-317.18878	-119.8651	5.049547	-110.46573	-124.70965	1000.0	1000.0	131999	135.56993	19.375954	163.63742	34.565636	135.56995	19.375378	164.0551	34.83281	-0.5966668	2.6081302	30.059744	-13.2704935	45.94705	4.041467	7441.802962303162
34	-199.73918	4.315963	-191.09499	-206.70047	-314.84286	20.271965	-298.2062	-348.46176	-314.84286	20.271965	-298.2062	-348.46176	-199.73918	4.315963	-191.09499	-206.70047	1000.0	1000.0	135999	136.53409	19.312956	164.14711	34.33585	136.53416	19.312565	163.10716	34.43713	-0.55021787	2.6212463	22.57988	-13.597283	46.1206	4.0661	7657.97696018219
35	-199.67581	5.952891	-190.1259	-210.68079	-276.46783	49.797626	-230.95027	-359.91592	-276.46783	49.797626	-230.95027	-359.91592	-199.67581	5.952891	-190.1259	-210.68079	1000.0	1000.0	139999	137.14465	19.274317	164.3393	34.103195	137.14474	19.273283	164.39612	34.413414	-0.56312925	2.6547277	27.011734	-14.800428	46.655422	3.9937649	7880.626987218857
36	-183.74878	9.634971	-167.30788	-198.43892	-318.92654	110.902336	-181.06868	-463.79007	-318.92654	110.902336	-181.06868	-463.79007	-183.74878	9.634971	-167.30788	-198.43892	1000.0	1000.0	143999	137.55727	18.947805	163.64896	34.318386	137.55746	18.947159	163.54668	34.144253	-0.552265	2.630556	23.01441	-13.98923	46.86873	3.9795837	8104.558195590973
37	-135.01445	6.683813	-123.438736	-146.30365	-293.36768	33.106316	-257.7185	-344.41467	-293.36768	33.106316	-257.7185	-344.41467	-135.01445	6.683813	-123.438736	-146.30365	1000.0	1000.0	147999	137.88126	18.861265	164.02708	32.92817	137.88127	18.860844	162.73947	33.492252	-0.53615904	2.6427767	22.019165	-14.266016	45.533657	3.9811158	8323.98301935196
38	-186.13364	8.211858	-175.0855	-202.24023	-261.0942	48.083813	-178.18816	-296.11807	-261.0942	48.083813	-178.18816	-296.11807	-186.13364	8.211858	-175.0855	-202.24023	1000.0	1000.0	151999	138.33492	18.829725	164.87222	33.080296	138.33504	18.82909	164.76913	33.308987	-0.4989044	2.6086123	30.02533	-13.468809	46.336357	4.0058093	8537.034482240677
39	-288.29315	9.311441	-276.6065	-302.79947	-229.45428	27.855244	-193.8583	-271.99365	-229.45428	27.855244	-193.8583	-271.99365	-288.29315	9.311441	-276.6065	-302.79947	1000.0	1000.0	155999	138.07649	18.593456	163.22076	32.400608	138.07683	18.592644	163.3676	33.57377	-0.5679111	2.5901816	29.677622	-13.792809	46.424282	3.8175066	8749.948449850082
40	-213.19319	12.212831	-191.15236	-233.47256	-290.75586	52.889347	-202.057	-340.18484	-290.75586	52.889347	-202.057	-340.18484	-213.19319	12.212831	-191.15236	-233.47256	1000.0	1000.0	159999	138.19756	18.584616	162.5054	31.811674	138.19759	18.584019	162.46165	32.75487	-0.56752646	2.566026	30.402096	-14.00673	46.267082	3.7708862	8998.200625658035
41	-221.11731	7.1683416	-206.27913	-232.83075	-270.59735	21.336615	-234.43597	-286.81613	-270.59735	21.336615	-234.43597	-286.81613	-221.11731	7.1683416	-206.27913	-232.83075	1000.0	1000.0	163999	138.84084	18.42568	163.68492	32.393845	138.84106	18.425207	164.78873	32.911804	-0.5566272	2.5567725	24.739069	-13.797954	46.44825	3.7071307	9271.74759554863
42	-285.44534	8.004883	-271.03082	-295.5253	-366.16016	91.76001	-272.33173	-487.22	-366.16016	91.76001	-272.33173	-487.22	-285.44534	8.004883	-271.03082	-295.5253	1000.0	1000.0	167999	138.98067	18.21484	164.39716	32.304405	138.9806	18.214806	163.8896	32.58414	-0.5898905	2.55534	29.992317	-13.7067585	46.51704	3.6721573	9522.834639549255
43	-178.35875	5.626207	-169.66502	-187.41904	-363.57056	45.132023	-322.22894	-439.42422	-363.57056	45.132023	-322.22894	-439.42422	-178.35875	5.626207	-169.66502	-187.41904	1000.0	1000.0	171999	139.40051	18.067095	166.64366	32.862846	139.40076	18.066605	165.4936	32.52378	-0.56317514	2.5530841	21.791069	-14.071363	45.8092	3.6313667	9736.794688224792
44	-124.03886	10.683235	-103.07514	-137.52814	-218.43558	87.51027	-125.980316	-307.15762	-218.43558	87.51027	-125.980316	-307.15762	-124.03886	10.683235	-103.07514	-137.52814	1000.0	1000.0	175999	139.34322	17.944263	163.69167	30.782154	139.34315	17.943752	163.78918	32.62555	-0.58335537	2.5225956	27.218782	-12.1574335	46.23049	3.573792	9950.481331586838
45	-231.75456	15.154244	-216.59108	-260.07986	-273.30032	53.498238	-185.8971	-331.07626	-273.30032	53.498238	-185.8971	-331.07626	-231.75456	15.154244	-216.59108	-260.07986	1000.0	1000.0	179999	139.1095	17.562748	163.35841	32.776623	139.10979	17.56214	162.80682	33.058685	-0.56046915	2.5436704	30.076263	-13.981893	46.948875	3.6659486	10212.334594249725
46	-183.17172	5.0278263	-175.974	-190.19284	-267.50977	50.605812	-197.76544	-319.43884	-267.50977	50.605812	-197.76544	-319.43884	-183.17172	5.0278263	-175.974	-190.19284	1000.0	1000.0	183999	138.85764	17.349686	161.84087	33.097458	138.8577	17.349308	162.91109	32.79263	-0.6118075	2.514597	23.201986	-13.945914	46.85551	3.6903799	10507.406002044678
47	-226.77405	22.548595	-199.76219	-262.66312	-313.35687	71.21837	-215.37032	-395.55615	-313.35687	71.21837	-215.37032	-395.55615	-226.77405	22.548595	-199.76219	-262.66312	1000.0	1000.0	187999	138.97932	17.436243	163.45557	32.392242	138.97948	17.436039	163.2813	32.7604	-0.5704842	2.5183072	25.924295	-15.728704	46.60123	3.724582	10764.595929145813
48	-257.442	26.262302	-216.33632	-307.67477	-385.19046	97.14375	-222.03024	-471.94983	-385.19046	97.14375	-222.03024	-471.94983	-257.442	26.262302	-216.33632	-307.67477	1000.0	1000.0	191999	139.51794	17.274317	165.23413	33.156475	139.51794	17.273834	165.2987	33.226948	-0.60034555	2.5161076	40.17567	-13.40867	50.291103	3.646841	10990.142300367355
49	-236.91971	20.112263	-204.1313	-281.69943	-435.31845	98.86536	-300.10532	-554.5369	-435.31845	98.86536	-300.10532	-554.5369	-236.91971	20.112263	-204.1313	-281.69943	1000.0	1000.0	195999	140.34721	17.011198	166.38373	32.220802	140.34743	17.01084	166.66867	32.913902	-0.44602805	2.5752041	23.527164	-13.853633	48.649635	3.7833984	11217.422768592834
50	-199.31326	5.705709	-186.86719	-206.55785	-331.13242	59.999138	-272.24017	-413.9587	-331.13242	59.999138	-272.24017	-413.9587	-199.31326	5.705709	-186.86719	-206.55785	1000.0	1000.0	199999	140.9438	17.19919	164.7259	32.755894	140.94398	17.197794	165.20518	33.363323	-0.58628285	2.5297384	21.943193	-14.633812	51.39857	3.8759234	11434.536481618881
51	-146.65678	8.635664	-130.55946	-159.69058	-292.58295	58.493656	-191.37973	-329.78223	-292.58295	58.493656	-191.37973	-329.78223	-146.65678	8.635664	-130.55946	-159.69058	1000.0	1000.0	203999	140.93022	17.109097	165.72614	32.660393	140.9302	17.109055	166.52397	32.826645	-0.58908874	2.5171196	30.882645	-13.113854	51.459633	3.876436	11649.694609642029
52	-488.46185	22.385744	-466.33392	-540.4112	-387.53394	78.596504	-270.73642	-473.1681	-387.53394	78.596504	-270.73642	-473.1681	-488.46185	22.385744	-466.33392	-540.4112	1000.0	1000.0	207999	140.57678	16.849892	165.10922	32.149426	140.57683	16.849705	165.4425	32.84007	-0.5798284	2.574849	27.18254	-14.116885	51.407276	3.9982047	11866.94868516922
53	-176.88515	8.768891	-160.93875	-189.75183	-382.24933	59.789776	-334.30798	-484.11166	-382.24933	59.789776	-334.30798	-484.11166	-176.88515	8.768891	-160.93875	-189.75183	1000.0	1000.0	211999	140.1072	16.732962	164.39644	32.296158	140.10738	16.73261	163.81967	33.341778	-0.6052313	2.5327322	36.856167	-13.996965	49.462547	3.8868954	12088.788391113281
54	-401.52292	19.849989	-374.34567	-440.4842	-422.7597	40.629723	-367.8308	-481.603	-422.7597	40.629723	-367.8308	-481.603	-401.52292	19.849989	-374.34567	-440.4842	1000.0	1000.0	215999	140.34305	16.556313	163.96483	32.7451	140.34334	16.556002	163.8424	33.035046	-0.5170207	2.5328457	23.555132	-13.670052	46.26696	3.9175346	12309.021936178207
55	-384.6773	18.23364	-342.9419	-412.98355	-451.12817	58.59027	-373.23138	-538.31616	-451.12817	58.59027	-373.23138	-538.31616	-384.6773	18.23364	-342.9419	-412.98355	1000.0	1000.0	219999	141.04025	16.830275	166.6372	32.07512	141.04028	16.830091	164.98888	33.0204	-0.5520973	2.5315704	24.497763	-14.660056	48.15455	3.7948654	12563.258095026016
56	-264.1378	17.347242	-230.67804	-297.48212	-412.1994	64.25671	-339.90094	-492.66968	-412.1994	64.25671	-339.90094	-492.66968	-264.1378	17.347242	-230.67804	-297.48212	1000.0	1000.0	223999	142.07971	16.538538	166.84297	32.380306	142.07986	16.538029	166.93713	33.17818	-0.5217307	2.486575	33.072388	-12.726215	46.075207	3.7345288	12864.868402004242
57	-210.78452	20.487389	-178.96214	-240.10646	-467.9831	82.751564	-371.19662	-592.1195	-467.9831	82.751564	-371.19662	-592.1195	-210.78452	20.487389	-178.96214	-240.10646	1000.0	1000.0	227999	143.22734	16.856064	169.13542	31.495907	143.22745	16.855658	168.57024	33.00316	-0.36523762	2.5587676	43.901943	-13.260427	42.025787	3.6540995	13136.346556186676
58	-256.01334	21.128372	-224.77655	-298.6257	-481.1435	22.419247	-447.3847	-505.0075	-481.1435	22.419247	-447.3847	-505.0075	-256.01334	21.128372	-224.77655	-298.6257	1000.0	1000.0	231999	145.41914	16.969305	169.12534	32.444416	145.4193	16.968933	169.80823	32.553627	-0.4078442	2.542483	34.986897	-13.962813	40.26278	3.7517881	13363.91074848175
59	-461.8631	29.617077	-408.24277	-524.21643	-563.42395	49.68415	-493.61176	-618.0609	-563.42395	49.68415	-493.61176	-618.0609	-461.8631	29.617077	-408.24277	-524.21643	1000.0	1000.0	235999	146.89523	17.191168	172.93231	31.660378	146.89536	17.19069	173.28325	32.21526	-0.40851903	2.5444274	36.095455	-14.250363	43.012093	3.8866515	13592.083255052567
60	-679.7285	150.15561	-235.43881	-779.32587	-469.86346	71.42669	-396.96774	-560.79724	-469.86346	71.42669	-396.96774	-560.79724	-679.7285	150.15561	-235.43881	-779.32587	1000.0	1000.0	239999	148.73215	17.257162	175.00267	31.25453	148.73224	17.256147	175.03252	32.090637	-0.38114133	2.5889323	27.499502	-13.131043	42.21593	3.7929337	13854.78942155838
61	-186.25961	11.508532	-161.9632	-203.16742	-550.7813	84.7712	-433.34058	-668.50977	-550.7813	84.7712	-433.34058	-668.50977	-186.25961	11.508532	-161.9632	-203.16742	1000.0	1000.0	243999	150.27956	17.387547	176.41045	31.290071	150.2797	17.386747	174.91609	31.27065	-0.3888818	2.5491745	48.332386	-14.793184	40.774204	3.9117572	14119.571472644806
62	-804.4505	121.64862	-465.44006	-937.04425	-529.52344	93.48236	-444.893	-672.67505	-529.52344	93.48236	-444.893	-672.67505	-804.4505	121.64862	-465.44006	-937.04425	1000.0	1000.0	247999	152.07812	17.51243	178.18185	31.488235	152.07834	17.511782	178.02031	31.685844	-0.3757779	2.524259	23.030563	-12.611693	42.77903	3.7815604	14362.198173046112
63	-311.99277	8.856582	-296.96634	-325.5116	-548.932	107.45337	-441.13303	-718.72565	-548.932	107.45337	-441.13303	-718.72565	-311.99277	8.856582	-296.96634	-325.5116	1000.0	1000.0	251999	153.47102	17.59264	179.96362	31.47404	153.47124	17.591957	180.10698	31.756557	-0.40436292	2.5181866	28.546562	-14.182386	41.68818	3.8877695	14583.935257911682
64	-199.1614	22.879196	-168.22614	-233.10503	-406.635	44.459	-360.14743	-479.59576	-406.635	44.459	-360.14743	-479.59576	-199.1614	22.879196	-168.22614	-233.10503	1000.0	1000.0	255999	154.45392	17.711174	179.5686	30.398998	154.45403	17.710512	180.56514	30.655539	-0.32986468	2.5521967	30.206488	-13.981155	40.234306	3.8411782	14807.041291475296
65	-253.63196	12.183989	-232.4078	-279.51733	-365.5741	46.46287	-292.6995	-414.2857	-365.5741	46.46287	-292.6995	-414.2857	-253.63196	12.183989	-232.4078	-279.51733	1000.0	1000.0	259999	155.76064	17.869734	182.32755	29.856768	155.76086	17.868896	183.31415	30.957602	-0.27748486	2.5448043	26.784897	-14.747006	38.96941	3.864904	15077.28473830223
66	-323.95605	24.193316	-269.9415	-360.99045	-298.62643	66.71493	-212.66338	-385.44473	-298.62643	66.71493	-212.66338	-385.44473	-323.95605	24.193316	-269.9415	-360.99045	1000.0	1000.0	263999	157.35678	17.939674	182.48819	30.611464	157.35693	17.939167	181.67017	30.924173	-0.30926114	2.573394	24.89492	-15.82431	42.381454	4.037031	15356.307710647583
67	-227.9011	18.684801	-204.74762	-260.46832	-458.98117	29.621557	-409.88	-489.08072	-458.98117	29.621557	-409.88	-489.08072	-227.9011	18.684801	-204.74762	-260.46832	1000.0	1000.0	267999	158.2648	18.120737	184.37177	30.558182	158.26492	18.120428	184.16478	30.529213	-0.33924016	2.5626972	23.285458	-14.427208	40.20866	3.9854817	15594.791625022888
68	-380.59384	18.105444	-353.545	-407.42523	-411.2149	87.201256	-320.16977	-553.67474	-411.2149	87.201256	-320.16977	-553.67474	-380.59384	18.105444	-353.545	-407.42523	1000.0	1000.0	271999	159.13515	18.126137	184.37404	29.99255	159.13522	18.126143	184.21918	30.781027	-0.28643373	2.564173	46.19486	-17.245464	41.059032	3.965087	15814.727964639664
69	-177.96898	12.8022785	-161.78119	-198.02681	-443.72293	103.46946	-278.70108	-556.24713	-443.72293	103.46946	-278.70108	-556.24713	-177.96898	12.8022785	-161.78119	-198.02681	1000.0	1000.0	275999	159.80981	18.152048	183.98743	28.931679	159.80995	18.152235	185.06284	29.47695	-0.20713824	2.5961907	32.92725	-13.489615	36.421238	4.0422826	16034.67316198349
70	-154.85928	23.725967	-106.82142	-192.04814	-376.19794	56.240627	-325.03806	-466.30463	-376.19794	56.240627	-325.03806	-466.30463	-154.85928	23.725967	-106.82142	-192.04814	1000.0	1000.0	279999	160.58835	18.349169	186.27898	28.83923	160.58842	18.348623	185.96559	29.457487	-0.23377742	2.5772712	27.611689	-16.086761	34.13636	4.1174464	16252.412065029144
71	-414.31412	24.7754	-381.1047	-467.25607	-343.51175	57.703003	-268.91998	-431.06497	-343.51175	57.703003	-268.91998	-431.06497	-414.31412	24.7754	-381.1047	-467.25607	1000.0	1000.0	283999	161.82246	18.521496	187.45164	28.691172	161.82271	18.520937	187.84824	28.760284	-0.23872285	2.5765898	27.270283	-13.025103	34.144955	3.8822923	16470.15426850319
72	-474.8205	29.070965	-414.1902	-514.35266	-479.29254	138.41977	-374.5585	-715.3429	-479.29254	138.41977	-374.5585	-715.3429	-474.8205	29.070965	-414.1902	-514.35266	1000.0	1000.0	287999	162.74435	18.253517	188.75058	26.62498	162.74426	18.254328	202.76018	22.744673	-0.24098903	2.5900228	34.508694	-14.155282	30.328497	3.9805796	16694.01819396019
73	-119.432846	24.690466	-81.85508	-160.20778	-486.05316	80.47549	-358.6302	-581.6418	-486.05316	80.47549	-358.6302	-581.6418	-119.432846	24.690466	-81.85508	-160.20778	1000.0	1000.0	291999	163.17204	18.15295	187.45877	28.473587	163.1721	18.152605	187.18738	28.95579	-0.26321918	2.5889008	24.210495	-15.142705	31.8035	3.9724224	16937.54980134964
74	-713.1429	17.037195	-684.63464	-747.64954	-433.80994	41.081543	-373.27228	-488.9219	-433.80994	41.081543	-373.27228	-488.9219	-713.1429	17.037195	-684.63464	-747.64954	1000.0	1000.0	295999	163.87785	18.483156	189.6098	27.799988	163.87807	18.483097	191.47725	28.714685	-0.24994342	2.5975292	32.72124	-15.037713	32.349518	4.0304465	17175.419973134995
75	-551.0219	13.645917	-525.8599	-566.09674	-458.12823	115.94439	-367.62332	-655.10516	-458.12823	115.94439	-367.62332	-655.10516	-551.0219	13.645917	-525.8599	-566.09674	1000.0	1000.0	299999	164.84756	18.494638	191.979	28.550472	164.84782	18.493198	190.87575	28.896706	-0.22541627	2.6409662	25.966993	-14.476568	30.894861	4.1698723	17416.833379745483
76	-576.4696	32.645393	-517.43524	-620.2188	-426.5087	69.26999	-336.02716	-521.0885	-426.5087	69.26999	-336.02716	-521.0885	-576.4696	32.645393	-517.43524	-620.2188	1000.0	1000.0	303999	165.66415	19.537962	193.18108	25.155323	165.6643	19.536327	193.83072	25.135948	-0.21549453	2.6426811	63.107605	-16.071545	36.901608	4.405676	17662.623388528824
77	-469.54663	33.68982	-388.34644	-506.3475	-530.3635	45.71896	-480.3706	-604.2499	-530.3635	45.71896	-480.3706	-604.2499	-469.54663	33.68982	-388.34644	-506.3475	1000.0	1000.0	307999	166.84874	20.217096	194.43669	25.520515	166.84885	20.215963	195.49539	25.369644	-0.19050816	2.652073	33.650352	-14.860516	39.224148	4.5703425	17919.03130221367
78	-314.97418	27.917412	-270.95032	-376.27164	-484.391	103.495544	-371.26367	-612.87054	-484.391	103.495544	-371.26367	-612.87054	-314.97418	27.917412	-270.95032	-376.27164	1000.0	1000.0	311999	168.06638	20.161718	195.21187	23.418516	168.06662	20.160053	194.70546	22.360914	-0.2124339	2.638731	33.405025	-13.630564	38.796017	4.6164446	18203.947058916092
79	-606.0841	28.386503	-575.1136	-655.9902	-378.4057	75.60541	-271.89716	-452.41125	-378.4057	75.60541	-271.89716	-452.41125	-606.0841	28.386503	-575.1136	-655.9902	1000.0	1000.0	315999	168.65948	19.90024	197.44005	25.789259	168.65982	19.899717	197.17334	26.239344	-0.23132408	2.624173	23.622326	-14.570883	45.116497	4.6836457	18477.896062135696
80	-267.74353	20.91916	-238.44888	-304.79718	-381.98737	19.847748	-353.8979	-400.9879	-381.98737	19.847748	-353.8979	-400.9879	-267.74353	20.91916	-238.44888	-304.79718	1000.0	1000.0	319999	168.9226	20.149296	197.98233	21.834255	168.92271	20.148914	198.1806	27.08659	-0.17146856	2.664257	34.27413	-12.671383	40.81164	4.8139257	18696.25701355934
81	-686.5022	30.556787	-651.5937	-753.38715	-461.8119	23.54819	-425.8959	-486.90253	-461.8119	23.54819	-425.8959	-486.90253	-686.5022	30.556787	-651.5937	-753.38715	1000.0	1000.0	323999	168.87906	19.753	198.00592	25.040913	168.87917	19.753014	196.50255	25.498259	-0.2396765	2.6335316	20.359058	-13.284918	39.148247	4.6143126	18914.640671014786
82	-301.93686	20.798065	-255.2871	-328.28647	-494.42847	64.301506	-405.84122	-587.5837	-494.42847	64.301506	-405.84122	-587.5837	-301.93686	20.798065	-255.2871	-328.28647	1000.0	1000.0	327999	169.07788	19.781265	196.0182	27.810661	169.078	19.780262	196.74973	28.18159	-0.21297354	2.6582623	30.148895	-13.73181	35.48478	4.451086	19134.818892478943
83	-266.39337	24.153748	-220.48802	-317.71036	-515.482	77.2367	-412.58652	-623.60254	-515.482	77.2367	-412.58652	-623.60254	-266.39337	24.153748	-220.48802	-317.71036	1000.0	1000.0	331999	169.20778	19.69459	197.75163	26.592224	169.2078	19.69401	198.20647	27.912315	-0.26074463	2.6174583	31.650047	-17.126352	35.392723	4.512083	19356.470638275146
84	-657.3705	27.089039	-629.24615	-719.3797	-533.2175	76.36987	-472.97806	-663.36945	-533.2175	76.36987	-472.97806	-663.36945	-657.3705	27.089039	-629.24615	-719.3797	1000.0	1000.0	335999	168.89586	19.599764	194.75702	26.492174	168.89626	19.599249	195.04968	25.712011	-0.26358598	2.6493392	40.758446	-14.130657	33.546806	4.4526167	19578.53704214096
85	-523.9217	9.077841	-511.71912	-537.2223	-452.68954	78.73047	-367.3003	-548.7673	-452.68954	78.73047	-367.3003	-548.7673	-523.9217	9.077841	-511.71912	-537.2223	1000.0	1000.0	339999	169.48784	20.192247	196.93431	24.855274	169.48778	20.19183	196.94554	25.812885	-0.15746947	2.7175388	26.942205	-15.832355	32.198017	4.4929895	19861.601423740387
86	-294.96243	24.084255	-245.31229	-329.85226	-447.96747	38.45969	-405.01865	-510.03452	-447.96747	38.45969	-405.01865	-510.03452	-294.96243	24.084255	-245.31229	-329.85226	1000.0	1000.0	343999	170.64198	20.71246	199.17294	25.924265	170.64224	20.7115	200.70648	25.10083	-0.22417063	2.6979198	43.847584	-13.424256	31.209972	4.406583	20096.556723833084
87	-497.68768	21.728334	-470.9669	-553.3381	-431.94666	33.01049	-386.46503	-477.84412	-431.94666	33.01049	-386.46503	-477.84412	-497.68768	21.728334	-470.9669	-553.3381	1000.0	1000.0	347999	171.61195	20.788929	199.32632	24.565174	171.61208	20.78858	197.90924	22.306854	-0.16827933	2.711954	28.405529	-13.1499405	31.900127	4.422961	20316.546238660812
88	-264.57788	18.855022	-233.1855	-290.14005	-382.92584	29.810947	-334.14526	-412.6379	-382.92584	29.810947	-334.14526	-412.6379	-264.57788	18.855022	-233.1855	-290.14005	1000.0	1000.0	351999	172.37816	20.701857	202.31078	25.996412	172.37817	20.701479	199.91284	26.207838	-0.16537707	2.6675568	30.376442	-14.2260685	29.646204	4.437203	20538.067711353302
89	-395.7504	38.589222	-324.12238	-464.1886	-436.71817	42.09825	-402.6532	-505.93314	-436.71817	42.09825	-402.6532	-505.93314	-395.7504	38.589222	-324.12238	-464.1886	1000.0	1000.0	355999	173.31656	20.780397	200.4574	15.374076	173.31676	20.780146	200.85304	25.919706	-0.09663735	2.710907	25.04344	-14.93292	27.409477	4.4927454	20821.481607198715
90	-134.88153	22.69523	-108.35759	-183.86015	-432.44995	122.41923	-230.72354	-560.29315	-432.44995	122.41923	-230.72354	-560.29315	-134.88153	22.69523	-108.35759	-183.86015	1000.0	1000.0	359999	174.02466	20.652876	201.57036	21.204044	174.02467	20.652105	201.26929	26.13674	-0.15358245	2.682566	34.642757	-12.714507	30.693829	4.4976664	21104.636926651
91	-309.54648	17.640741	-282.74048	-332.69608	-360.99216	25.916162	-332.08963	-399.24304	-360.99216	25.916162	-332.08963	-399.24304	-309.54648	17.640741	-282.74048	-332.69608	1000.0	1000.0	363999	174.84436	20.773258	202.85382	17.32763	174.84457	20.77298	203.4775	26.51713	-0.1213979	2.6615362	33.590893	-14.667093	24.08243	4.370731	21383.520812511444
92	-190.021	37.340256	-120.112015	-236.3033	-196.7022	75.64897	-77.48257	-270.87143	-196.7022	75.64897	-77.48257	-270.87143	-190.021	37.340256	-120.112015	-236.3033	1000.0	1000.0	367999	175.63872	20.802408	204.4658	4.853153	175.63882	20.80201	204.36646	14.763479	-0.13510643	2.6642444	51.96582	-13.431004	30.517805	4.6078935	21662.07277917862
93	-261.4106	20.427975	-237.33833	-295.16467	-300.7086	70.11232	-224.53194	-391.7314	-300.7086	70.11232	-224.53194	-391.7314	-261.4106	20.427975	-237.33833	-295.16467	1000.0	1000.0	371999	176.79492	20.79643	206.13962	2.7874951	176.79492	20.796072	206.02684	7.23413	-0.026622944	2.7897532	32.66146	-14.127847	30.180487	4.8864756	21913.028129577637
94	-233.76987	12.533141	-217.2914	-263.27985	-332.81662	30.332153	-292.50354	-374.59476	-332.81662	30.332153	-292.50354	-374.59476	-233.76987	12.533141	-217.2914	-263.27985	1000.0	1000.0	375999	178.1821	20.782928	205.8024	14.217355	178.1823	20.781927	205.60287	20.00587	-0.024807002	2.785753	99.981674	-12.631304	29.433897	4.8619204	22156.513075590134
95	-315.45782	21.598299	-284.935	-359.54663	-439.1886	67.20573	-334.32083	-518.50574	-439.1886	67.20573	-334.32083	-518.50574	-315.45782	21.598299	-284.935	-359.54663	1000.0	1000.0	379999	179.11906	20.974888	207.9967	2.429021	179.11914	20.974045	206.87752	7.942274	-0.016301591	2.7807732	64.64324	-14.122155	29.461843	4.999539	22418.839540719986
96	-400.23642	34.967884	-353.9393	-457.25735	-359.48447	84.90379	-214.14223	-427.5995	-359.48447	84.90379	-214.14223	-427.5995	-400.23642	34.967884	-353.9393	-457.25735	1000.0	1000.0	383999	180.05605	21.098797	213.61115	25.236975	180.05624	21.098507	208.43524	24.80826	-0.04657961	2.7925448	93.533066	-17.377907	33.48711	4.6976085	22726.37434911728
97	-144.92787	38.385227	-89.90452	-229.47948	-299.98087	60.797207	-230.07498	-376.81674	-299.98087	60.797207	-230.07498	-376.81674	-144.92787	38.385227	-89.90452	-229.47948	1000.0	1000.0	387999	180.77406	21.172684	208.56798	26.28808	180.77408	21.172253	209.37157	25.195883	-0.10000627	2.7317483	50.42871	-13.485654	34.53088	4.874835	23008.05062532425
98	-58.48574	25.501532	-1.5402045	-108.06819	-197.1531	42.357098	-124.704506	-230.00233	-197.1531	42.357098	-124.704506	-230.00233	-58.48574	25.501532	-1.5402045	-108.06819	1000.0	1000.0	391999	181.33098	20.899212	292.6422	23.396067	181.33104	20.898369	279.943	24.929483	-0.08422549	2.7089062	42.61429	-14.645993	31.06129	4.89614	23241.198132038116
99	-172.61392	17.487627	-134.5592	-205.323	-339.57516	90.03936	-223.1314	-473.95834	-339.57516	90.03936	-223.1314	-473.95834	-172.61392	17.487627	-134.5592	-205.323	1000.0	1000.0	395999	180.46162	21.559141	327.5319	25.226135	180.4618	21.559637	341.65924	26.316051	-0.17763609	2.7075846	49.85423	-15.062537	32.513454	4.765581	23474.172835826874
100	-23.961102	19.282696	-0.38634393	-58.08198	-355.3586	95.56376	-251.631	-470.15213	-355.3586	95.56376	-251.631	-470.15213	-23.961102	19.282696	-0.38634393	-58.08198	1000.0	1000.0	399999	179.38312	22.56319	246.76396	24.755886	179.3829	22.562885	248.09746	24.783089	-0.13852821	2.730687	29.567192	-13.581167	28.949724	4.657773	23767.239099502563
101	-214.4522	20.461624	-186.1026	-251.95683	-337.8106	36.177547	-293.5425	-394.2803	-337.8106	36.177547	-293.5425	-394.2803	-214.4522	20.461624	-186.1026	-251.95683	1000.0	1000.0	403999	179.44606	23.030458	268.7567	24.612597	179.4461	23.031134	243.02213	23.36103	-0.073209174	2.7447267	30.59821	-15.780914	30.237106	4.712611	24076.22785949707
102	-274.69843	27.157198	-222.13914	-325.69168	-358.45776	48.876488	-295.4128	-432.57266	-358.45776	48.876488	-295.4128	-432.57266	-274.69843	27.157198	-222.13914	-325.69168	1000.0	1000.0	407999	179.81763	23.578083	210.79985	24.302147	179.81772	23.576689	214.24428	23.640411	-0.118323356	2.7459624	28.247662	-13.933554	29.645645	4.666912	24330.50837993622
103	-262.00113	16.068644	-229.73462	-282.0845	-382.71002	80.842896	-261.64136	-459.1265	-382.71002	80.842896	-261.64136	-459.1265	-262.00113	16.068644	-229.73462	-282.0845	1000.0	1000.0	411999	180.34583	23.654804	209.85954	25.630892	180.34584	23.65433	210.76242	23.679081	-0.054776836	2.7881308	33.578663	-14.070694	28.337997	4.6338515	24574.92911028862
104	-310.67932	23.823433	-267.6827	-359.8023	-444.04718	54.821014	-356.1945	-505.67377	-444.04718	54.821014	-356.1945	-505.67377	-310.67932	23.823433	-267.6827	-359.8023	1000.0	1000.0	415999	181.17984	23.72545	211.97606	25.079304	181.1798	23.724693	213.18187	25.545744	-0.13376817	2.7286835	40.191254	-14.69146	28.74883	4.5238123	24808.271754980087
105	-221.46506	21.268202	-192.45984	-254.66464	-477.92755	94.5375	-363.14142	-591.71136	-477.92755	94.5375	-363.14142	-591.71136	-221.46506	21.268202	-192.45984	-254.66464	1000.0	1000.0	419999	180.94794	24.188341	214.92221	25.728792	180.94801	24.188595	215.04375	20.8299	-0.12472599	2.6924663	25.900518	-13.9704895	28.745792	4.6293592	25030.813913822174
106	-195.27007	11.703976	-167.53123	-211.11357	-336.2026	24.34813	-311.35413	-364.49042	-336.2026	24.34813	-311.35413	-364.49042	-195.27007	11.703976	-167.53123	-211.11357	1000.0	1000.0	423999	180.9182	24.854612	211.63913	14.155777	180.91833	24.854208	211.68887	21.514063	-0.102245055	2.7294354	33.265335	-12.316853	31.169853	4.7817855	25253.214349508286
107	-255.46237	39.067284	-207.05151	-324.90012	-441.28638	54.18205	-407.59262	-535.0412	-441.28638	54.18205	-407.59262	-535.0412	-255.46237	39.067284	-207.05151	-324.90012	1000.0	1000.0	427999	180.65157	24.673998	210.5466	19.24665	180.6515	24.673208	210.10544	23.909874	-0.2033211	2.6605344	26.52449	-13.366243	34.097633	4.57446	25525.642604589462
108	-181.05042	14.121763	-160.49207	-210.93977	-396.92914	90.94748	-248.58386	-480.96576	-396.92914	90.94748	-248.58386	-480.96576	-181.05042	14.121763	-160.49207	-210.93977	1000.0	1000.0	431999	179.12692	25.793905	213.12233	15.489042	179.1272	25.79339	210.46838	20.502758	-0.23209383	2.6591613	25.62614	-15.455037	32.179943	4.7991714	25823.02402806282
109	-74.94397	18.529894	-32.49765	-99.79788	-325.72067	36.121593	-281.0476	-373.76834	-325.72067	36.121593	-281.0476	-373.76834	-74.94397	18.529894	-32.49765	-99.79788	1000.0	1000.0	435999	177.58632	26.786488	208.23196	20.09586	177.5862	26.786509	210.98404	18.776188	-0.24600242	2.6879961	24.34629	-13.768831	31.83006	4.694083	26119.777330636978
110	-140.4697	14.759866	-113.10599	-163.67917	-354.84082	15.131584	-343.80914	-380.93173	-354.84082	15.131584	-343.80914	-380.93173	-140.4697	14.759866	-113.10599	-163.67917	1000.0	1000.0	439999	176.4739	27.973717	208.24	12.258966	176.47408	27.973309	209.85089	16.529577	-0.19147453	2.709293	24.500938	-12.429134	27.951042	5.081708	26416.968804121017
111	-241.56377	10.959608	-225.3955	-268.19202	-413.66675	53.320606	-337.34827	-484.12674	-413.66675	53.320606	-337.34827	-484.12674	-241.56377	10.959608	-225.3955	-268.19202	1000.0	1000.0	443999	175.88416	28.270952	208.32254	4.694675	175.88396	28.27205	207.96884	13.99065	-0.2084935	2.7270486	25.865322	-12.935439	28.90727	5.010319	26667.478093385696
112	-139.6413	17.430927	-116.52423	-169.64212	-320.0608	87.54538	-232.74176	-434.1454	-320.0608	87.54538	-232.74176	-434.1454	-139.6413	17.430927	-116.52423	-169.64212	1000.0	1000.0	447999	175.66843	27.96146	207.49786	13.012594	175.66837	27.961798	207.23495	16.371214	-0.17267074	2.7596426	26.40586	-15.169979	25.576448	4.8863354	26890.183881044388
113	-139.94449	45.129124	-64.67398	-219.33832	-282.71487	73.68981	-156.03326	-337.9696	-282.71487	73.68981	-156.03326	-337.9696	-139.94449	45.129124	-64.67398	-219.33832	1000.0	1000.0	451999	175.53522	27.871445	206.50792	-12.848601	175.53514	27.872189	209.80803	12.450483	-0.20036162	2.7236068	21.74424	-14.753203	25.342188	4.720485	27113.069741487503
114	-245.85674	11.995308	-221.93471	-268.03995	-328.48712	58.70886	-236.1379	-381.78888	-328.48712	58.70886	-236.1379	-381.78888	-245.85674	11.995308	-221.93471	-268.03995	1000.0	1000.0	455999	175.33125	27.841711	206.97752	2.7124403	175.33163	27.840912	205.39227	1.582648	-0.26491693	2.6796024	20.596706	-15.107828	29.204594	4.6499095	27406.871191978455
115	-277.31525	15.3786745	-240.15878	-296.7308	-417.9314	104.58441	-314.02457	-571.7789	-417.9314	104.58441	-314.02457	-571.7789	-277.31525	15.3786745	-240.15878	-296.7308	1000.0	1000.0	459999	174.9303	28.242413	208.67699	2.7202756	174.9302	28.242764	205.94577	1.5888633	-0.21392985	2.7210627	26.17214	-13.719011	32.4741	5.1006885	27705.634518146515
116	-219.14743	16.732738	-191.3888	-242.35196	-413.28757	119.54086	-254.10957	-584.795	-413.28757	119.54086	-254.10957	-584.795	-219.14743	16.732738	-191.3888	-242.35196	1000.0	1000.0	463999	174.51828	28.483213	207.26776	2.7348483	174.51813	28.483023	207.94122	1.6040199	-0.15478933	2.7623184	25.848131	-16.751684	28.4731	4.861583	27941.90481710434
117	-262.33823	18.639214	-234.01881	-299.99863	-372.8891	89.55736	-222.64406	-456.69183	-372.8891	89.55736	-222.64406	-456.69183	-262.33823	18.639214	-234.01881	-299.99863	1000.0	1000.0	467999	174.19826	29.43485	207.3478	2.7486486	174.19818	29.435772	208.87544	1.6177676	-0.20508185	2.7324932	29.784235	-12.7245	28.154081	4.8512883	28173.73291993141
118	-176.93759	11.584282	-156.03983	-195.17216	-292.8639	73.65716	-200.9849	-394.96115	-292.8639	73.65716	-200.9849	-394.96115	-176.93759	11.584282	-156.03983	-195.17216	1000.0	1000.0	471999	174.2738	30.030891	207.18016	2.7638018	174.2738	30.03056	207.89368	1.6335799	-0.18985341	2.7337904	38.269543	-14.423478	24.81851	5.0511823	28407.383652210236
119	-168.99677	13.898489	-140.7758	-190.80443	-362.5548	52.204235	-300.35895	-440.30682	-362.5548	52.204235	-300.35895	-440.30682	-168.99677	13.898489	-140.7758	-190.80443	1000.0	1000.0	475999	174.12236	30.061079	206.9872	2.7806463	174.12206	30.06157	207.78534	1.6518301	-0.18308787	2.7322943	24.123056	-14.803737	18.069555	4.724208	28639.74931383133
120	10.440659	20.162954	39.950592	-27.421616	-343.6221	92.60989	-220.26671	-465.4753	-343.6221	92.60989	-220.26671	-465.4753	10.440659	20.162954	39.950592	-27.421616	1000.0	1000.0	479999	174.43333	30.407259	208.5287	2.7921288	174.4332	30.407875	208.38535	1.6637211	-0.14950104	2.7409387	27.319103	-13.279383	20.095594	4.814707	28872.051788568497
121	-65.92916	13.23252	-48.454502	-90.20902	-345.7665	97.64398	-178.55214	-416.18427	-345.7665	97.64398	-178.55214	-416.18427	-65.92916	13.23252	-48.454502	-90.20902	1000.0	1000.0	483999	174.97728	31.298946	210.31726	2.8080347	174.97733	31.299395	210.20706	1.6803762	-0.15445504	2.7577672	27.665483	-13.323179	20.957254	4.8192987	29156.36365532875
122	18.899746	13.798026	44.60388	-2.4979866	-379.7828	49.42157	-310.5566	-449.80423	-379.7828	49.42157	-310.5566	-449.80423	18.899746	13.798026	44.60388	-2.4979866	1000.0	1000.0	487999	175.27039	31.734325	209.72064	2.8249469	175.2702	31.73484	209.39748	1.6970327	-0.15451705	2.7854989	23.957687	-13.366034	20.783434	4.864245	29456.359582901
123	54.728935	28.451483	119.98315	25.651514	-277.56985	16.58492	-264.6938	-305.9858	-277.56985	16.58492	-264.6938	-305.9858	54.728935	28.451483	119.98315	25.651514	1000.0	1000.0	491999	175.52296	32.298504	208.92863	-7.6953373	175.52303	32.298306	208.2201	1.7113607	-0.107369415	2.799604	43.23881	-15.064237	20.3202	4.967674	29751.532072544098
124	110.844215	30.426144	160.17142	67.14644	-280.69324	46.78097	-220.93341	-343.386	-280.69324	46.78097	-220.93341	-343.386	110.844215	30.426144	160.17142	67.14644	1000.0	1000.0	495999	176.10152	32.131878	210.76376	2.8553855	176.1016	32.132072	209.11453	1.7284881	-0.15352646	2.780568	24.500484	-13.150863	23.614368	5.022011	30045.587559223175
125	39.317795	21.299187	60.162308	-4.6279917	-232.74948	88.30305	-98.3316	-323.4127	-232.74948	88.30305	-98.3316	-323.4127	39.317795	21.299187	60.162308	-4.6279917	1000.0	1000.0	499999	176.90994	32.504272	212.55252	-4.517456	176.90987	32.504852	210.529	1.7439255	-0.019866256	2.8442135	28.196812	-14.192692	26.520533	5.1106386	30346.480419158936
126	50.134113	32.377647	92.44217	-5.2582107	-362.79382	62.030296	-256.21124	-407.2439	-362.79382	62.030296	-256.21124	-407.2439	50.134113	32.377647	92.44217	-5.2582107	1000.0	1000.0	503999	177.82787	33.622643	213.15506	-6.184612	177.82768	33.623158	212.63342	1.7607391	-0.055751424	2.8290272	32.303036	-13.77179	30.611149	5.6792874	30648.501108169556
127	-53.198383	23.47082	0.62143105	-90.91339	-332.40436	91.51795	-229.73029	-441.09982	-332.40436	91.51795	-229.73029	-441.09982	-53.198383	23.47082	0.62143105	-90.91339	1000.0	1000.0	507999	178.3379	33.92169	214.24335	2.9023688	178.33792	33.922222	214.0705	1.7770102	-0.10933143	2.7802541	43.73127	-15.320044	28.50262	5.06268	30910.445439338684
128	-240.8345	33.294655	-189.12143	-293.27005	-308.20676	15.899342	-287.1206	-328.52652	-308.20676	15.899342	-287.1206	-328.52652	-240.8345	33.294655	-189.12143	-293.27005	1000.0	1000.0	511999	178.36862	34.34783	216.49623	2.9173486	178.36826	34.348232	217.04315	1.7921783	-0.12163206	2.7733216	18.815187	-13.162659	27.030582	5.6079082	31159.18372964859
129	-269.7708	20.999289	-240.56839	-313.99548	-299.46317	58.563778	-201.0526	-346.25797	-299.46317	58.563778	-201.0526	-346.25797	-269.7708	20.999289	-240.56839	-313.99548	1000.0	1000.0	515999	178.64397	34.82958	213.61316	-6.659074	178.64406	34.830082	214.71236	1.809405	-0.05077853	2.8187373	31.796474	-15.17639	30.836843	6.0277786	31402.591995954514
130	-99.88542	34.432774	-17.75997	-146.50882	-301.8062	121.85594	-111.74489	-409.88153	-301.8062	121.85594	-111.74489	-409.88153	-99.88542	34.432774	-17.75997	-146.50882	1000.0	1000.0	519999	178.23338	35.27261	215.199	2.9484696	178.23315	35.27328	220.11282	1.8251739	-0.058159936	2.844802	22.925552	-13.382858	32.800747	5.9173913	31635.760912895203
131	-322.26004	20.291248	-286.86395	-357.06894	-219.02652	111.40736	-78.06734	-377.23544	-219.02652	111.40736	-78.06734	-377.23544	-322.26004	20.291248	-286.86395	-357.06894	1000.0	1000.0	523999	177.6026	35.706333	217.37134	-6.1831713	177.60265	35.706078	214.52435	1.8418679	-0.1456781	2.7917147	34.64433	-17.46194	29.514383	5.625492	31869.61023259163
132	-209.3497	38.846054	-144.25517	-253.98889	-414.2819	33.360847	-361.15173	-449.73373	-414.2819	33.360847	-361.15173	-449.73373	-209.3497	38.846054	-144.25517	-253.98889	1000.0	1000.0	527999	177.17264	36.290665	212.78145	2.0106432	177.17245	36.29216	212.32668	1.8577698	-0.14943703	2.7555811	29.539919	-14.113087	31.779144	6.0507765	32114.950468301773
133	-397.49908	22.486635	-370.08557	-430.9197	-386.64136	29.734547	-362.15842	-437.44598	-386.64136	29.734547	-362.15842	-437.44598	-397.49908	22.486635	-370.08557	-430.9197	1000.0	1000.0	531999	176.00348	37.450207	212.3935	-10.448877	176.00334	37.450214	212.2554	1.8750801	-0.26088637	2.7748587	21.106922	-12.894566	33.88259	5.7079663	32364.29234313965
134	-551.16833	24.04744	-527.4377	-607.54767	-356.75253	33.076782	-312.3691	-391.86267	-356.75253	33.076782	-312.3691	-391.86267	-551.16833	24.04744	-527.4377	-607.54767	1000.0	1000.0	535999	174.49706	38.517185	214.02022	0.12410331	174.497	38.516735	212.4503	1.8912337	-0.24909842	2.801321	21.405088	-14.386468	31.382187	6.011378	32633.182837486267
135	-624.4915	14.732296	-600.74567	-650.14386	-324.53656	44.07858	-281.06604	-397.3965	-324.53656	44.07858	-281.06604	-397.3965	-624.4915	14.732296	-600.74567	-650.14386	1000.0	1000.0	539999	173.72316	38.906284	211.93834	3.0267239	173.72328	38.90677	212.3984	1.9071171	-0.18351208	2.8250055	29.389904	-15.760606	24.19839	5.8110347	32939.383578300476
136	-79.12155	21.790825	-39.53854	-121.600655	-348.5921	35.092575	-292.5351	-388.28366	-348.5921	35.092575	-292.5351	-388.28366	-79.12155	21.790825	-39.53854	-121.600655	1000.0	1000.0	543999	174.24397	39.537525	214.85579	-4.2934885	174.24374	39.539097	215.4019	1.923679	-0.1701652	2.8260722	29.459454	-13.241322	25.87559	6.136708	33251.55762052536
137	-399.50833	21.640837	-357.24948	-427.9875	-413.75943	61.68592	-350.40912	-513.269	-413.75943	61.68592	-350.40912	-513.269	-399.50833	21.640837	-357.24948	-427.9875	1000.0	1000.0	547999	174.01675	40.23311	213.92505	1.143724	174.01648	40.234154	213.81493	1.9419746	-0.19311273	2.8230033	28.128145	-14.521012	22.082563	6.111699	33574.501183986664
138	-448.05347	9.778212	-426.85782	-462.5177	-486.11868	108.45796	-378.96072	-649.7959	-486.11868	108.45796	-378.96072	-649.7959	-448.05347	9.778212	-426.85782	-462.5177	1000.0	1000.0	551999	173.53914	41.102325	212.41919	-11.049003	173.53877	41.103317	213.57538	1.9627459	-0.19573334	2.8588028	36.85521	-14.676849	21.308168	5.921315	33851.37484622002
139	-471.55527	26.524672	-437.64856	-512.12683	-466.46005	104.34063	-399.5105	-646.6037	-466.46005	104.34063	-399.5105	-646.6037	-471.55527	26.524672	-437.64856	-512.12683	1000.0	1000.0	555999	173.9795	41.18803	214.14244	-24.28968	173.97954	41.187202	214.1094	1.980243	-0.13674843	2.8931792	36.708622	-13.6203785	14.813564	5.799384	34085.28584051132
140	-569.4481	7.974061	-553.09814	-582.6203	-512.5024	73.850655	-391.5846	-583.8461	-512.5024	73.850655	-391.5846	-583.8461	-569.4481	7.974061	-553.09814	-582.6203	1000.0	1000.0	559999	174.88348	41.54054	214.2234	-19.193048	174.8833	41.54117	213.87488	1.9970045	-0.13484466	2.8945577	30.348768	-13.394825	23.164865	6.1992726	34320.09478378296
141	-561.6325	19.91155	-534.9251	-593.9707	-458.9166	75.782906	-332.62842	-534.45276	-458.9166	75.782906	-332.62842	-534.45276	-561.6325	19.91155	-534.9251	-593.9707	1000.0	1000.0	563999	175.42734	42.21908	216.50456	-11.192123	175.42735	42.219326	215.64726	2.016567	-0.12643054	2.8870153	38.39395	-12.408044	22.56825	6.287965	34559.44258069992
142	-594.62146	20.328629	-565.23926	-637.1607	-512.22266	40.366665	-448.45993	-549.3046	-512.22266	40.366665	-448.45993	-549.3046	-594.62146	20.328629	-565.23926	-637.1607	1000.0	1000.0	567999	175.71268	42.46773	216.72243	-24.554293	175.7126	42.468758	218.45049	2.0344193	-0.19765961	2.8663592	32.48058	-14.345595	22.528347	6.480485	34797.174773454666
143	-503.43506	13.605838	-476.28098	-523.67975	-462.54477	69.79069	-377.84207	-565.6952	-462.54477	69.79069	-377.84207	-565.6952	-503.43506	13.605838	-476.28098	-523.67975	1000.0	1000.0	571999	175.5397	43.01667	217.54626	-23.352701	175.53925	43.017857	217.38507	2.0531068	-0.26190773	2.861186	29.049387	-15.38052	21.916706	6.161083	35066.09651970863
144	-506.97623	20.230255	-479.9037	-539.35736	-420.5498	78.03985	-347.82248	-535.60785	-420.5498	78.03985	-347.82248	-535.60785	-506.97623	20.230255	-479.9037	-539.35736	1000.0	1000.0	575999	174.46156	43.52156	216.14946	-4.675257	174.46172	43.521873	215.72552	2.0727015	-0.31816813	2.8752842	36.746143	-15.371225	26.54826	6.4809895	35372.723422288895
145	-516.26843	8.261018	-505.78955	-528.8588	-448.229	48.785515	-375.86172	-493.87866	-448.229	48.785515	-375.86172	-493.87866	-516.26843	8.261018	-505.78955	-528.8588	1000.0	1000.0	579999	172.67355	44.20681	216.58679	-6.1407037	172.6735	44.207684	215.08922	2.0917127	-0.31939223	2.8411553	27.467846	-13.333794	24.311419	6.3344717	35645.28116631508
146	-327.81885	35.251877	-279.73132	-385.99454	-455.73517	76.64898	-324.60217	-518.6918	-455.73517	76.64898	-324.60217	-518.6918	-327.81885	35.251877	-279.73132	-385.99454	1000.0	1000.0	583999	172.0685	44.66603	214.79517	0.45746565	172.0688	44.66652	215.57661	2.1076143	-0.3079106	2.8342597	35.48242	-13.441403	24.210922	6.3125153	35886.11035466194
147	-216.24368	44.47163	-144.57831	-278.54095	-382.7841	75.56687	-291.30106	-480.8113	-382.7841	75.56687	-291.30106	-480.8113	-216.24368	44.47163	-144.57831	-278.54095	1000.0	1000.0	587999	172.04996	45.371674	216.55994	-0.81444764	172.04958	45.37265	214.59549	2.1264074	-0.3152539	2.8506596	30.244648	-13.414202	23.847979	6.5266857	36122.98936390877
148	-348.2503	24.434877	-297.05927	-378.1393	-364.2453	117.39713	-257.59653	-553.1021	-364.2453	117.39713	-257.59653	-553.1021	-348.2503	24.434877	-297.05927	-378.1393	1000.0	1000.0	591999	172.0018	45.829956	218.64792	3.255374	172.0019	45.82984	216.87854	2.1463385	-0.3020788	2.8695834	33.875225	-14.681742	19.805473	6.6614957	36355.256925821304
149	-361.57355	17.810099	-335.50378	-390.415	-324.93332	44.35421	-263.02243	-382.32916	-324.93332	44.35421	-263.02243	-382.32916	-361.57355	17.810099	-335.50378	-390.415	1000.0	1000.0	595999	171.62436	46.027245	214.00714	-16.643383	171.62427	46.02786	214.08751	2.1647205	-0.3476696	2.8406854	25.037897	-12.942482	18.244255	6.305158	36588.01945924759
150	-212.45097	57.785404	-109.49461	-287.84372	-489.02408	42.157722	-430.70056	-540.01	-489.02408	42.157722	-430.70056	-540.01	-212.45097	57.785404	-109.49461	-287.84372	1000.0	1000.0	599999	172.08542	46.617638	216.03278	-17.554543	172.08504	46.620766	219.08397	2.1841547	-0.25350702	2.881982	28.573854	-12.6937065	13.955678	6.599654	36831.08612680435
151	-361.27267	37.06227	-284.3058	-413.29868	-425.58142	49.37215	-361.17877	-497.85168	-425.58142	49.37215	-361.17877	-497.85168	-361.27267	37.06227	-284.3058	-413.29868	1000.0	1000.0	603999	172.50623	47.595444	218.42007	0.47878766	172.506	47.597286	219.43198	2.2038546	-0.23768818	2.930379	25.96968	-14.598901	15.209893	6.7605166	37074.135700941086
152	-44.33369	82.320854	42.230957	-256.56003	-467.7092	35.453632	-430.21985	-525.2472	-467.7092	35.453632	-430.21985	-525.2472	-44.33369	82.320854	42.230957	-256.56003	1000.0	1000.0	607999	172.61935	48.91966	218.97914	3.3302236	172.61772	48.92493	218.32758	2.226331	-0.2897802	2.935333	41.369785	-13.09674	11.050785	6.5750194	37314.35732841492
153	3.9401975	35.90082	42.946648	-62.269974	-310.71988	111.435616	-147.8805	-462.6885	-310.71988	111.435616	-147.8805	-462.6885	3.9401975	35.90082	42.946648	-62.269974	1000.0	1000.0	611999	173.25702	49.818333	219.05525	3.3415635	173.25513	49.824825	220.58052	2.2476923	-0.2635933	2.9611487	31.05877	-13.593183	11.684846	7.0633593	37551.42643237114
154	-422.66583	28.322292	-367.7564	-473.61615	-430.08496	60.40397	-341.0501	-492.37708	-430.08496	60.40397	-341.0501	-492.37708	-422.66583	28.322292	-367.7564	-473.61615	1000.0	1000.0	615999	174.14708	50.863476	223.6672	2.2301056	174.14546	50.867645	222.50179	2.2705028	-0.17622773	2.9634154	34.422928	-11.949347	5.413627	7.0230927	37787.47865343094
155	-264.1247	29.11692	-217.56546	-309.0478	-384.12997	53.86061	-330.7092	-464.93005	-384.12997	53.86061	-330.7092	-464.93005	-264.1247	29.11692	-217.56546	-309.0478	1000.0	1000.0	619999	175.2321	51.756287	225.43301	-12.561855	175.22961	51.764114	225.8961	2.2933645	-0.25058585	2.9706826	27.040314	-15.548132	9.10566	7.061071	38018.034636974335
156	-487.3187	22.576668	-447.73215	-523.3246	-455.06735	95.04796	-311.27682	-577.3406	-455.06735	95.04796	-311.27682	-577.3406	-487.3187	22.576668	-447.73215	-523.3246	1000.0	1000.0	623999	174.89818	52.574146	224.09015	-19.061682	174.8959	52.581104	224.73158	2.3170993	-0.28218117	2.9744291	30.656237	-14.858447	11.933588	6.7241297	38249.14627337456
157	-314.70645	27.59192	-273.74863	-363.09763	-366.52728	52.31936	-279.19894	-418.44803	-366.52728	52.31936	-279.19894	-418.44803	-314.70645	27.59192	-273.74863	-363.09763	1000.0	1000.0	627999	174.3574	53.392284	224.6985	-4.1295223	174.3549	53.399307	225.31607	2.3399034	-0.3534882	2.9358993	26.179604	-12.940793	13.202524	7.057171	38481.76802659035
158	-369.276	18.143806	-339.19373	-400.96613	-447.66492	58.84198	-369.26703	-533.9268	-447.66492	58.84198	-369.26703	-533.9268	-369.276	18.143806	-339.19373	-400.96613	1000.0	1000.0	631999	174.1466	54.14749	223.95073	-18.340755	174.14333	54.159	224.74493	2.3633897	-0.33470625	2.9801636	31.147112	-13.308441	19.404652	7.0589013	38716.817509412766
159	-452.6591	12.9595585	-436.92264	-478.0542	-451.2614	166.8857	-214.28276	-643.5184	-451.2614	166.8857	-214.28276	-643.5184	-452.6591	12.9595585	-436.92264	-478.0542	1000.0	1000.0	635999	173.45763	54.607105	223.38194	-9.831023	173.45374	54.62107	224.18237	2.3866596	-0.40568888	2.9559083	33.80205	-13.835133	17.982925	7.3361626	38952.559406757355
160	-530.913	11.082432	-512.5599	-547.5184	-378.6979	80.19816	-295.66052	-509.6605	-378.6979	80.19816	-295.66052	-509.6605	-530.913	11.082432	-512.5599	-547.5184	1000.0	1000.0	639999	172.46886	54.808136	223.15686	-10.545765	172.46439	54.821236	224.00618	2.41203	-0.35937294	2.9772036	34.726974	-13.827154	17.066057	7.801945	39268.129019737244
161	-292.11823	21.292234	-270.6662	-343.4425	-436.969	91.07065	-294.4465	-538.10516	-436.969	91.07065	-294.4465	-538.10516	-292.11823	21.292234	-270.6662	-343.4425	1000.0	1000.0	643999	172.07196	55.33481	226.33754	3.3896625	172.0679	55.34655	228.9425	2.441124	-0.33633152	2.972579	26.179657	-14.256525	17.11611	7.377571	39585.54952263832
162	-393.69693	35.405308	-333.61597	-445.1499	-476.40527	81.62294	-363.776	-592.00916	-476.40527	81.62294	-363.776	-592.00916	-393.69693	35.405308	-333.61597	-445.1499	1000.0	1000.0	647999	172.65866	55.604965	226.54971	-3.5752516	172.6552	55.615562	229.71773	2.4692867	-0.3364856	3.0049045	46.715046	-12.350824	17.922964	7.587299	39823.26918768883
163	-424.12988	12.406204	-404.1733	-448.9143	-424.4247	43.604557	-385.063	-492.28275	-424.4247	43.604557	-385.063	-492.28275	-424.12988	12.406204	-404.1733	-448.9143	1000.0	1000.0	651999	172.42058	55.692856	227.6976	-24.499838	172.4171	55.703472	228.23318	2.492836	-0.36957103	2.987155	30.7169	-12.131121	16.050362	7.746473	40061.02918148041
164	-481.6036	30.861595	-414.7293	-518.94476	-295.53052	110.069626	-130.08806	-439.9259	-295.53052	110.069626	-130.08806	-439.9259	-481.6036	30.861595	-414.7293	-518.94476	1000.0	1000.0	655999	172.41428	55.784546	227.14577	-24.450014	172.4111	55.795025	226.828	2.523235	-0.38037577	2.994425	40.744156	-12.7873125	13.114715	7.712187	40297.255447387695
165	-491.65176	11.516028	-476.75626	-514.8624	-379.1219	25.866966	-334.62738	-397.39713	-379.1219	25.866966	-334.62738	-397.39713	-491.65176	11.516028	-476.75626	-514.8624	1000.0	1000.0	659999	171.97934	56.072506	229.445	-9.874238	171.97554	56.08369	229.28795	2.5485623	-0.38496047	3.0138366	38.38292	-14.51717	13.7727995	7.698159	40532.89688706398
166	-407.13394	14.615938	-383.71838	-435.43457	-486.7326	40.943527	-440.5456	-546.413	-486.7326	40.943527	-440.5456	-546.413	-407.13394	14.615938	-383.71838	-435.43457	1000.0	1000.0	663999	171.89848	56.136463	230.59056	-13.754534	171.89522	56.14592	231.46713	2.5773761	-0.29895768	3.032527	30.69944	-12.970051	10.833306	8.054893	40767.71739244461
167	-381.7713	11.995354	-362.16977	-399.73557	-470.51184	30.11404	-422.9074	-505.755	-470.51184	30.11404	-422.9074	-505.755	-381.7713	11.995354	-362.16977	-399.73557	1000.0	1000.0	667999	172.8712	56.77441	227.85446	-4.928297	172.8677	56.785248	227.14642	2.604958	-0.2992745	2.9723377	27.149857	-13.678911	6.610361	7.3540874	41010.6119863987
168	-327.3239	30.166164	-277.62894	-381.06937	-451.2759	25.994925	-419.28796	-486.31366	-451.2759	25.994925	-419.28796	-486.31366	-327.3239	30.166164	-277.62894	-381.06937	1000.0	1000.0	671999	173.33466	57.63387	232.07468	-13.1958275	173.33115	57.64376	233.14038	2.6324065	-0.36886483	2.9959967	32.71729	-12.748728	10.1344795	7.530601	41253.83503127098
169	-279.97565	25.955814	-248.42244	-323.10165	-442.71643	50.139584	-366.08792	-487.60294	-442.71643	50.139584	-366.08792	-487.60294	-279.97565	25.955814	-248.42244	-323.10165	1000.0	1000.0	675999	173.46065	58.454716	230.77994	-21.538586	173.45773	58.46252	232.91945	2.6596098	-0.39549622	2.9998493	34.62703	-13.631083	11.359563	7.824447	41492.50290751457
170	-427.2785	16.610374	-400.8924	-463.57657	-427.0295	18.061874	-399.6005	-449.35626	-427.0295	18.061874	-399.6005	-449.35626	-427.2785	16.610374	-400.8924	-463.57657	1000.0	1000.0	679999	172.60632	58.978184	234.44203	-5.85847	172.60281	58.987347	232.20648	2.686515	-0.39264324	3.0128994	32.017952	-14.002786	13.292135	7.723554	41728.01298618317
171	-306.6983	21.646578	-270.62708	-353.64764	-385.80243	151.81174	-232.22476	-576.3951	-385.80243	151.81174	-232.22476	-576.3951	-306.6983	21.646578	-270.62708	-353.64764	1000.0	1000.0	683999	172.24213	59.34745	231.49046	-10.104359	172.23892	59.35646	233.73735	2.712984	-0.42779472	3.0090077	29.668072	-15.217012	19.687824	7.828036	41963.88402199745
172	-613.1432	9.584961	-594.7018	-624.26074	-417.39267	113.57091	-236.26694	-521.62646	-417.39267	113.57091	-236.26694	-521.62646	-613.1432	9.584961	-594.7018	-624.26074	1000.0	1000.0	687999	172.21698	59.699642	232.6576	-6.499646	172.2138	59.707935	233.8557	2.7422352	-0.38974148	3.043917	44.6952	-13.023626	17.127985	8.469175	42198.49605679512
173	-411.13525	35.139378	-359.25922	-463.74487	-527.0836	97.23299	-434.80914	-687.80554	-527.0836	97.23299	-434.80914	-687.80554	-411.13525	35.139378	-359.25922	-463.74487	1000.0	1000.0	691999	171.62206	60.18688	234.64311	3.4585629	171.61838	60.19695	233.16006	2.773193	-0.41523275	3.0503786	60.47686	-15.128929	22.748003	7.831191	42432.90198755264
174	-451.28604	70.80597	-349.37344	-591.6412	-434.64642	101.052956	-324.997	-552.5069	-434.64642	101.052956	-324.997	-552.5069	-451.28604	70.80597	-349.37344	-591.6412	1000.0	1000.0	695999	172.06915	60.089058	232.23532	-5.154929	172.066	60.09873	233.7445	2.7992494	-0.45279485	3.0070872	40.684402	-12.104638	20.497429	7.536215	42667.69693517685
175	-501.1434	29.391296	-466.64938	-550.46716	-456.09662	99.98209	-346.09662	-598.3023	-456.09662	99.98209	-346.09662	-598.3023	-501.1434	29.391296	-466.64938	-550.46716	1000.0	1000.0	699999	171.50496	60.253983	233.5409	3.4693909	171.50237	60.261898	236.86555	2.8267457	-0.50658804	2.9863963	39.163013	-15.201803	22.478891	7.7567225	42903.176951646805
176	-349.56342	30.578821	-301.6075	-406.04022	-444.81836	49.282604	-398.69342	-520.01306	-444.81836	49.282604	-398.69342	-520.01306	-349.56342	30.578821	-301.6075	-406.04022	1000.0	1000.0	703999	170.3355	60.190563	232.10175	-11.158717	170.3327	60.197937	235.13748	2.8543115	-0.55205137	2.9621384	46.03243	-15.8337	26.09506	7.9082494	43136.52222919464
177	-371.68842	27.837208	-321.68845	-403.54575	-443.82245	56.043537	-352.46088	-493.62424	-443.82245	56.043537	-352.46088	-493.62424	-371.68842	27.837208	-321.68845	-403.54575	1000.0	1000.0	707999	169.08354	60.075512	228.68462	1.1219811	169.08089	60.083134	228.08759	2.878693	-0.5375041	2.9875941	34.139626	-14.575058	21.114119	7.700514	43372.78238296509
178	-130.25414	49.152115	-41.24396	-214.83995	-503.3105	30.811123	-478.01657	-555.6585	-503.3105	30.811123	-478.01657	-555.6585	-130.25414	49.152115	-41.24396	-214.83995	1000.0	1000.0	711999	167.80736	60.27146	228.32924	-31.12881	167.805	60.278378	226.72961	2.9025984	-0.5200732	3.035243	35.949715	-13.784779	18.268202	7.3761945	43615.012117385864
179	-412.0358	18.946194	-393.0641	-463.353	-524.837	29.067274	-475.04596	-547.8773	-524.837	29.067274	-475.04596	-547.8773	-412.0358	18.946194	-393.0641	-463.353	1000.0	1000.0	715999	166.94458	60.254105	228.12093	0.27651954	166.94206	60.261196	227.78326	2.9273365	-0.62959576	2.976009	42.630173	-13.262943	21.365671	7.24557	43851.16463685036
180	-653.7103	23.984102	-616.2215	-688.97284	-513.8681	42.91274	-473.03888	-585.7252	-513.8681	42.91274	-473.03888	-585.7252	-653.7103	23.984102	-616.2215	-688.97284	1000.0	1000.0	719999	165.62608	60.315292	226.88136	-9.462245	165.62308	60.322384	224.26807	2.9547112	-0.57398677	3.0241113	43.894035	-13.324524	23.396301	7.725247	44082.00075006485
181	-412.46524	37.063625	-374.3485	-490.3414	-598.5065	69.647354	-479.82526	-656.1843	-598.5065	69.647354	-479.82526	-656.1843	-412.46524	37.063625	-374.3485	-490.3414	1000.0	1000.0	723999	164.81335	60.45027	226.6799	-16.4365	164.81053	60.45691	225.93446	2.9824545	-0.5622727	3.053758	24.734205	-13.706279	26.216448	7.6428223	44314.7441034317
182	-484.98535	19.085203	-444.832	-513.70337	-558.83124	25.571102	-519.9934	-586.21893	-558.83124	25.571102	-519.9934	-586.21893	-484.98535	19.085203	-444.832	-513.70337	1000.0	1000.0	727999	163.0804	60.481785	224.84622	-16.064796	163.07793	60.488663	224.23337	3.0088117	-0.65363055	2.9762473	38.85413	-13.316829	24.183243	7.5751143	44619.230525016785
183	-497.11758	33.222466	-451.37714	-559.81244	-484.3233	59.783646	-393.89862	-539.0566	-484.3233	59.783646	-393.89862	-539.0566	-497.11758	33.222466	-451.37714	-559.81244	1000.0	1000.0	731999	162.3751	60.25028	223.4427	2.9702446	162.3725	60.257236	224.87343	3.0356488	-0.5615227	3.040818	39.233868	-14.04013	22.949396	7.4447227	44917.31577992439
184	-428.14264	31.681004	-372.46512	-479.1656	-564.2919	43.787167	-507.242	-630.3721	-564.2919	43.787167	-507.242	-630.3721	-428.14264	31.681004	-372.46512	-479.1656	1000.0	1000.0	735999	161.84547	60.482693	222.8837	-25.754671	161.84317	60.488316	223.12021	3.0637224	-0.6533253	2.9808195	29.812603	-16.562449	28.256824	7.335875	45160.990661621094
185	-574.19037	57.643158	-462.88824	-675.33466	-591.9054	73.71097	-492.5095	-698.86694	-591.9054	73.71097	-492.5095	-698.86694	-574.19037	57.643158	-462.88824	-675.33466	1000.0	1000.0	739999	161.91	60.571644	225.3934	-19.601286	161.90764	60.577644	224.55368	3.0890982	-0.60827905	3.028232	33.187782	-12.49326	22.897812	7.7039514	45404.83553314209
186	-430.9183	54.95374	-343.83136	-520.8764	-560.7968	82.38166	-440.3764	-662.85803	-560.7968	82.38166	-440.3764	-662.85803	-430.9183	54.95374	-343.83136	-520.8764	1000.0	1000.0	743999	162.46814	61.07221	225.79932	3.580438	162.46585	61.077854	224.16608	3.114849	-0.6374647	3.0266025	28.596832	-12.788705	20.322739	7.326238	45687.387291908264
187	-539.98596	10.7608185	-514.18097	-550.9089	-539.02325	80.55887	-433.30264	-646.85864	-539.02325	80.55887	-433.30264	-646.85864	-539.98596	10.7608185	-514.18097	-550.9089	1000.0	1000.0	747999	163.00171	61.608562	224.67244	3.5927813	162.99944	61.613884	224.52686	3.1418462	-0.653649	2.971299	32.0282	-13.932728	20.510878	7.3034534	45992.434009075165
188	-573.7539	61.89028	-463.98492	-679.1089	-526.47784	32.163326	-479.45453	-569.1359	-526.47784	32.163326	-479.45453	-569.1359	-573.7539	61.89028	-463.98492	-679.1089	1000.0	1000.0	751999	163.57237	62.47885	229.94006	-5.185408	163.57005	62.483185	227.58304	3.1702893	-0.57687694	3.0410757	41.773434	-13.082104	17.645456	7.6189585	46260.45878434181
189	-454.39853	22.73683	-422.38202	-491.72415	-495.9694	123.178444	-331.5682	-677.4541	-495.9694	123.178444	-331.5682	-677.4541	-454.39853	22.73683	-422.38202	-491.72415	1000.0	1000.0	755999	164.3105	63.273544	229.71928	-9.143309	164.30852	63.279804	229.9197	3.1976075	-0.59749395	3.0381274	27.151287	-14.276221	18.779364	8.063154	46513.21546840668
190	-510.7894	46.385395	-384.6723	-544.77356	-571.42914	85.06401	-520.50226	-718.75146	-571.42914	85.06401	-520.50226	-718.75146	-510.7894	46.385395	-384.6723	-544.77356	1000.0	1000.0	759999	164.7474	63.725555	228.41113	3.6326795	164.74551	63.73089	229.40971	3.22449	-0.62209576	3.016057	33.231323	-12.913981	17.238714	8.299834	46779.44648480415
191	-482.06998	52.64753	-393.90057	-545.74634	-592.3413	74.621086	-508.66412	-696.62683	-592.3413	74.621086	-508.66412	-696.62683	-482.06998	52.64753	-393.90057	-545.74634	1000.0	1000.0	763999	165.13362	64.30116	231.26465	-2.0197642	165.1312	64.307014	231.17139	3.2516088	-0.5741421	3.0405304	26.949806	-11.921847	8.369871	8.34815	47087.38697576523
192	-470.07928	29.746616	-435.63748	-522.95776	-518.0725	55.28455	-448.2112	-575.50665	-518.0725	55.28455	-448.2112	-575.50665	-470.07928	29.746616	-435.63748	-522.95776	1000.0	1000.0	767999	165.88907	65.0787	232.3161	-11.7045765	165.88701	65.08411	230.55032	3.2793381	-0.5621743	3.0518668	35.83785	-14.655689	-0.054825317	8.501297	47372.04358243942
193	-453.1749	128.62584	-233.69914	-647.9453	-605.54614	29.012009	-555.35834	-623.7567	-605.54614	29.012009	-555.35834	-623.7567	-453.1749	128.62584	-233.69914	-647.9453	1000.0	1000.0	771999	165.97073	65.529236	232.72887	3.6466515	165.96877	65.53393	233.88412	3.3075325	-0.6173988	3.0244534	30.66307	-12.058632	2.6334038	7.769085	47616.735246658325
194	-397.34213	23.286108	-364.98444	-438.6577	-588.34045	78.240036	-468.5771	-678.28143	-588.34045	78.240036	-468.5771	-678.28143	-397.34213	23.286108	-364.98444	-438.6577	1000.0	1000.0	775999	165.25325	65.81269	231.30891	-1.841625	165.25153	65.81665	229.88037	3.3366544	-0.670325	2.9930682	25.025433	-17.53804	6.7931566	8.173261	47861.59322786331
195	-601.4559	44.909794	-535.2533	-675.10046	-615.92554	11.693987	-598.9965	-630.26184	-615.92554	11.693987	-598.9965	-630.26184	-601.4559	44.909794	-535.2533	-675.10046	1000.0	1000.0	779999	164.95222	65.991	232.57031	-2.336351	164.9504	65.9962	234.48413	3.3659842	-0.6536707	3.0170867	45.130016	-13.916401	3.502604	8.512619	48099.184442043304
196	-474.00055	56.231956	-400.78745	-603.0341	-524.2047	18.918898	-500.48386	-551.5914	-524.2047	18.918898	-500.48386	-551.5914	-474.00055	56.231956	-400.78745	-603.0341	1000.0	1000.0	783999	165.3826	66.402756	232.04124	2.7422407	165.38086	66.40623	232.13028	3.3983376	-0.60339576	3.0888255	19.915922	-11.815395	8.124038	8.521128	48335.78991007805
197	-374.81607	84.286545	-270.51047	-571.6838	-620.2859	66.65351	-532.502	-720.14435	-620.2859	66.65351	-532.502	-720.14435	-374.81607	84.286545	-270.51047	-571.6838	1000.0	1000.0	787999	164.99794	66.81357	232.46266	-5.9847803	164.99593	66.81813	234.36096	3.429681	-0.6205039	3.0656066	34.567764	-11.913497	4.4693246	8.782946	48572.3188560009
198	-431.06372	34.116684	-372.85004	-489.3259	-490.11957	128.63791	-278.3997	-604.6015	-490.11957	128.63791	-278.3997	-604.6015	-431.06372	34.116684	-372.85004	-489.3259	1000.0	1000.0	791999	164.11694	66.94743	231.70697	1.749901	164.11536	66.951126	233.15099	3.4622304	-0.72201127	3.010052	27.474823	-13.5343685	1.5655491	8.520698	48809.358728170395
199	-504.1748	32.98272	-451.05246	-558.51843	-474.17477	89.843	-321.05746	-546.3313	-474.17477	89.843	-321.05746	-546.3313	-504.1748	32.98272	-451.05246	-558.51843	1000.0	1000.0	795999	163.48032	66.53458	238.00426	-19.874504	163.4788	66.53729	231.56816	3.4970336	-0.73751134	2.9822936	24.257624	-13.535731	4.1605577	8.384279	49047.30321311951
200	-533.4344	14.603589	-510.0267	-553.15015	-592.25385	42.83794	-542.1596	-659.37775	-592.25385	42.83794	-542.1596	-659.37775	-533.4344	14.603589	-510.0267	-553.15015	1000.0	1000.0	799999	162.09917	66.49886	231.5631	-6.5933123	162.09784	66.5027	229.96844	3.527049	-0.7191281	3.0059118	34.015602	-13.755599	8.258044	8.56188	49338.50163578987
