Epoch	AverageTestEnv0Ret	StdTestEnv0Ret	MaxTestEnv0Ret	MinTestEnv0Ret	AverageEnv0Ret	StdEnv0Ret	MaxEnv0Ret	MinEnv0Ret	AverageTestEnv1Ret	StdTestEnv1Ret	MaxTestEnv1Ret	MinTestEnv1Ret	AverageEnv1Ret	StdEnv1Ret	MaxEnv1Ret	MinEnv1Ret	AverageEpRet	StdEpRet	MaxEpRet	MinEpRet	AverageTestEpRet	StdTestEpRet	MaxTestEpRet	MinTestEpRet	EpLen	TestEpLen	TotalEnvInteracts	AverageQ1Vals	StdQ1Vals	MaxQ1Vals	MinQ1Vals	AverageQ2Vals	StdQ2Vals	MaxQ2Vals	MinQ2Vals	AverageLogPi	StdLogPi	MaxLogPi	MinLogPi	LossPi	LossQ	Time
1	-194.12953	40.67135	-111.47681	-269.40884	-262.25974	38.629818	-198.35648	-302.04477	-194.12953	40.67135	-111.47681	-269.40884	-262.25974	38.629818	-198.35648	-302.04477	-262.25974	38.629818	-198.35648	-302.04477	-194.12953	40.67135	-111.47681	-269.40884	1000.0	1000.0	3999	3.8879259	3.0375915	18.987474	-0.50805706	3.8727834	3.0587876	19.008755	-4.4089556	-3.1451893	1.4291455	12.099766	-10.885594	3.6680527	0.90328974	69.90347647666931
2	-724.1181	77.685295	-589.9799	-857.11115	-278.97458	97.62576	-166.36177	-432.5023	-724.1181	77.685295	-589.9799	-857.11115	-278.97458	97.62576	-166.36177	-432.5023	-278.97458	97.62576	-166.36177	-432.5023	-724.1181	77.685295	-589.9799	-857.11115	1000.0	1000.0	7999	14.388742	5.237883	36.392406	-0.500778	14.388257	5.233093	37.020374	-4.5774612	-1.8063525	2.3890045	16.814306	-13.735829	11.892903	2.6781185	156.20966815948486
3	-104.1682	29.277264	-32.509148	-146.31532	-286.75037	48.667816	-211.79213	-346.57303	-104.1682	29.277264	-32.509148	-146.31532	-286.75037	48.667816	-211.79213	-346.57303	-286.75037	48.667816	-211.79213	-346.57303	-104.1682	29.277264	-32.509148	-146.31532	1000.0	1000.0	11999	26.343584	6.1842275	63.80442	6.255317	26.343298	6.175538	63.418037	5.8742814	-1.4411849	2.568952	15.047434	-13.636049	20.86034	4.124628	245.3962640762329
4	988.25183	55.253937	1066.5841	880.0199	5.37583	36.688908	65.10972	-25.380228	988.25183	55.253937	1066.5841	880.0199	5.37583	36.688908	65.10972	-25.380228	5.37583	36.688908	65.10972	-25.380228	988.25183	55.253937	1066.5841	880.0199	1000.0	1000.0	15999	31.268175	8.215233	65.84406	10.13439	31.268776	8.207631	63.60509	9.910449	-2.2817018	2.0700004	13.968423	-14.452137	24.048506	4.574585	337.4669134616852
5	1199.504	625.1643	1853.4266	122.61728	810.83264	201.39383	1067.0258	507.45184	1199.504	625.1643	1853.4266	122.61728	810.83264	201.39383	1067.0258	507.45184	810.83264	201.39383	1067.0258	507.45184	1199.504	625.1643	1853.4266	122.61728	1000.0	1000.0	19999	35.77554	10.720715	77.76849	13.391386	35.77612	10.715443	76.870056	12.954335	-2.372618	2.022511	15.358209	-12.11906	27.516375	4.1855516	429.602676153183
6	2118.615	83.34602	2254.201	1977.6152	1406.3553	174.96526	1554.0453	1121.2228	2118.615	83.34602	2254.201	1977.6152	1406.3553	174.96526	1554.0453	1121.2228	1406.3553	174.96526	1554.0453	1121.2228	2118.615	83.34602	2254.201	1977.6152	1000.0	1000.0	23999	44.046783	14.233706	90.93771	16.828604	44.04728	14.229211	93.00065	15.847129	-1.8787525	2.3585925	21.092966	-14.213588	33.736217	5.1367846	524.3905811309814
7	2246.4995	53.086784	2339.6694	2173.994	806.01526	527.044	1642.9708	333.5942	2246.4995	53.086784	2339.6694	2173.994	806.01526	527.044	1642.9708	333.5942	806.01526	527.044	1642.9708	333.5942	2246.4995	53.086784	2339.6694	2173.994	1000.0	1000.0	27999	54.758095	18.671076	113.09174	20.661291	54.75809	18.66649	109.73518	19.657808	-1.1381018	2.7891564	23.272247	-14.136433	41.51548	6.5776825	619.1576237678528
8	2588.7642	72.6309	2711.1296	2421.3809	1955.2332	98.14856	2122.5278	1883.9282	2588.7642	72.6309	2711.1296	2421.3809	1955.2332	98.14856	2122.5278	1883.9282	1955.2332	98.14856	2122.5278	1883.9282	2588.7642	72.6309	2711.1296	2421.3809	1000.0	1000.0	31999	65.86218	23.621399	125.6377	23.340887	65.86218	23.617062	126.15886	22.468786	-0.87398624	2.9956284	20.327908	-14.075123	49.58519	7.479924	712.1431539058685
9	2857.0122	53.723015	2926.5144	2753.8628	2310.8066	53.885956	2395.566	2257.34	2857.0122	53.723015	2926.5144	2753.8628	2310.8066	53.885956	2395.566	2257.34	2310.8066	53.885956	2395.566	2257.34	2857.0122	53.723015	2926.5144	2753.8628	1000.0	1000.0	35999	79.7504	27.884075	146.29158	24.107506	79.75053	27.88112	145.80113	23.283058	-0.6710712	3.0599732	21.54563	-14.567129	58.113235	8.805455	804.0999336242676
10	3182.8716	82.789604	3403.7803	3096.6228	2498.5977	171.89618	2739.9612	2284.7378	3182.8716	82.789604	3403.7803	3096.6228	2498.5977	171.89618	2739.9612	2284.7378	2498.5977	171.89618	2739.9612	2284.7378	3182.8716	82.789604	3403.7803	3096.6228	1000.0	1000.0	39999	93.8219	31.987032	160.88998	24.568068	93.82142	31.983995	160.61995	23.245905	-0.4006387	3.179346	23.005339	-14.099329	67.16795	9.871523	896.4302859306335
11	3351.565	63.492054	3462.9292	3250.7812	2246.5142	911.46204	2822.1924	668.7018	3351.565	63.492054	3462.9292	3250.7812	2246.5142	911.46204	2822.1924	668.7018	2246.5142	911.46204	2822.1924	668.7018	3351.565	63.492054	3462.9292	3250.7812	1000.0	1000.0	43999	107.44197	36.903923	182.0314	24.132431	107.44177	36.90217	183.35982	24.312523	-0.081023134	3.303992	19.264282	-16.20879	73.01085	11.100646	988.9414203166962
12	3547.136	64.42154	3673.878	3448.9412	3059.2922	60.885277	3139.9136	2973.7725	3547.136	64.42154	3673.878	3448.9412	3059.2922	60.885277	3139.9136	2973.7725	3059.2922	60.885277	3139.9136	2973.7725	3547.136	64.42154	3673.878	3448.9412	1000.0	1000.0	47999	122.0501	41.818848	200.68137	23.897255	122.05021	41.81736	199.96036	20.99225	0.07720316	3.3889751	19.74508	-14.01863	81.68314	12.638467	1081.4768016338348
13	3808.4858	122.73138	4009.424	3590.8237	3279.3418	101.69332	3402.2153	3122.7556	3808.4858	122.73138	4009.424	3590.8237	3279.3418	101.69332	3402.2153	3122.7556	3279.3418	101.69332	3402.2153	3122.7556	3808.4858	122.73138	4009.424	3590.8237	1000.0	1000.0	51999	137.6687	46.39815	225.27762	23.45203	137.66818	46.397964	228.91518	19.607447	0.32857516	3.501323	21.617193	-13.72683	91.136314	13.915025	1174.2214767932892
14	3984.9875	83.26579	4127.7236	3881.2798	2870.4006	1025.1233	3550.002	1097.472	3984.9875	83.26579	4127.7236	3881.2798	2870.4006	1025.1233	3550.002	1097.472	2870.4006	1025.1233	3550.002	1097.472	3984.9875	83.26579	4127.7236	3881.2798	1000.0	1000.0	55999	151.62184	51.399696	246.35689	21.565695	151.6213	51.399986	249.41945	10.558385	0.4471182	3.5705597	20.612358	-13.820831	101.021095	16.388895	1266.571991443634
15	4043.3843	95.63508	4128.584	3849.9055	3395.3564	253.81325	3646.9458	2976.1372	4043.3843	95.63508	4128.584	3849.9055	3395.3564	253.81325	3646.9458	2976.1372	3395.3564	253.81325	3646.9458	2976.1372	4043.3843	95.63508	4128.584	3849.9055	1000.0	1000.0	59999	164.93407	56.195198	262.93372	20.153782	164.93285	56.19738	261.5319	7.5252585	0.57847005	3.6745265	23.087833	-15.376232	113.58563	18.429577	1358.9205865859985
16	4186.7495	84.13104	4349.7773	4076.9534	3759.5596	60.78591	3834.8315	3687.3022	4186.7495	84.13104	4349.7773	4076.9534	3759.5596	60.78591	3834.8315	3687.3022	3759.5596	60.78591	3834.8315	3687.3022	4186.7495	84.13104	4349.7773	4076.9534	1000.0	1000.0	63999	179.29968	59.889225	276.44943	16.7676	179.29834	59.891823	275.9773	4.253031	0.70488805	3.7761548	30.878487	-13.475537	122.10003	19.837425	1452.2817041873932
17	4421.8145	84.23617	4551.563	4305.829	3895.4639	84.441055	4035.7998	3825.9592	4421.8145	84.23617	4551.563	4305.829	3895.4639	84.441055	4035.7998	3825.9592	3895.4639	84.441055	4035.7998	3825.9592	4421.8145	84.23617	4551.563	4305.829	1000.0	1000.0	67999	193.04575	63.125843	290.87524	10.93334	193.04494	63.128662	291.01636	-3.9655519	0.85354906	3.8130841	29.789516	-14.161333	128.30557	20.66829	1543.0038108825684
18	4064.2583	1159.4937	4620.222	595.7427	3985.1191	140.16656	4186.082	3803.7935	4064.2583	1159.4937	4620.222	595.7427	3985.1191	140.16656	4186.082	3803.7935	3985.1191	140.16656	4186.082	3803.7935	4064.2583	1159.4937	4620.222	595.7427	1000.0	1000.0	71999	206.16394	66.19669	304.9338	12.527736	206.16304	66.19941	305.55527	-20.560904	1.0605565	3.8874636	40.876167	-14.949991	136.17253	21.47248	1634.0791339874268
19	4581.6436	97.36049	4778.011	4412.866	3459.882	909.36383	4167.871	1901.2933	4581.6436	97.36049	4778.011	4412.866	3459.882	909.36383	4167.871	1901.2933	3459.882	909.36383	4167.871	1901.2933	4581.6436	97.36049	4778.011	4412.866	1000.0	1000.0	75999	218.2772	69.23452	317.81424	0.8441896	218.27524	69.24025	316.6691	-82.39576	1.1791574	3.9920595	28.07255	-13.761832	148.36456	22.114925	1727.9402544498444
20	4713.6084	97.334465	4921.5293	4560.37	4199.103	83.072876	4297.489	4069.0557	4713.6084	97.334465	4921.5293	4560.37	4199.103	83.072876	4297.489	4069.0557	4199.103	83.072876	4297.489	4069.0557	4713.6084	97.334465	4921.5293	4560.37	1000.0	1000.0	79999	228.53896	72.418274	335.88275	0.8474438	228.5355	72.4266	335.40115	-63.029705	1.2550278	4.0319977	37.733646	-15.477812	148.05237	24.636734	1823.1293470859528
21	5079.13	137.12605	5275.673	4854.6924	4364.5947	131.35445	4588.57	4255.337	5079.13	137.12605	5275.673	4854.6924	4364.5947	131.35445	4588.57	4255.337	4364.5947	131.35445	4588.57	4255.337	5079.13	137.12605	5275.673	4854.6924	1000.0	1000.0	83999	239.08527	74.45029	353.36334	0.8744593	239.08305	74.45779	350.24353	-69.8165	1.280874	4.0343804	34.63775	-13.604374	153.24042	25.77923	1915.244473695755
22	4891.015	64.592186	4974.059	4801.0957	4324.3896	177.84549	4506.995	4134.0103	4891.015	64.592186	4974.059	4801.0957	4324.3896	177.84549	4506.995	4134.0103	4324.3896	177.84549	4506.995	4134.0103	4891.015	64.592186	4974.059	4801.0957	1000.0	1000.0	87999	249.6586	76.06348	358.50153	0.9037164	249.656	76.072754	358.48663	-49.26879	1.3727939	4.030665	33.22218	-13.078748	161.7698	25.116808	2005.1958496570587
23	5246.637	89.13509	5398.5723	5139.6504	4604.5996	111.724724	4716.9834	4420.436	5246.637	89.13509	5398.5723	5139.6504	4604.5996	111.724724	4716.9834	4420.436	4604.5996	111.724724	4716.9834	4420.436	5246.637	89.13509	5398.5723	5139.6504	1000.0	1000.0	91999	259.4206	77.81588	369.69336	0.926736	259.41837	77.82288	368.11285	-63.34235	1.5408893	4.122092	36.436337	-12.800289	173.2234	27.994022	2096.3993632793427
24	5299.066	81.14865	5437.0493	5185.88	4728.615	156.07414	4918.0347	4484.5845	5299.066	81.14865	5437.0493	5185.88	4728.615	156.07414	4918.0347	4484.5845	4728.615	156.07414	4918.0347	4484.5845	5299.066	81.14865	5437.0493	5185.88	1000.0	1000.0	95999	268.7779	79.19034	378.55106	0.9536701	268.77567	79.19875	379.1483	-41.09964	1.6866149	4.123582	45.972275	-18.33212	177.45435	28.052225	2188.339769601822
25	5476.1475	98.83287	5671.8267	5347.4463	4630.5454	331.70322	5087.197	4155.183	5476.1475	98.83287	5671.8267	5347.4463	4630.5454	331.70322	5087.197	4155.183	4630.5454	331.70322	5087.197	4155.183	5476.1475	98.83287	5671.8267	5347.4463	1000.0	1000.0	99999	277.76068	80.93622	389.5272	0.9772805	277.75812	80.94416	387.4162	-63.50693	1.76176	4.1694665	35.67975	-14.568122	185.1219	29.445179	2280.7925131320953
26	5789.6724	115.28014	5943.556	5608.7964	5059.4014	107.35655	5171.002	4887.0356	5789.6724	115.28014	5943.556	5608.7964	5059.4014	107.35655	5171.002	4887.0356	5059.4014	107.35655	5171.002	4887.0356	5789.6724	115.28014	5943.556	5608.7964	1000.0	1000.0	103999	286.13196	83.333855	399.65564	1.0007547	286.12933	83.34271	399.5479	-58.463894	1.9911691	4.21943	48.35194	-13.728744	187.79138	32.752647	2372.664792537689
27	5513.6772	232.3701	5746.9517	4926.368	5078.958	72.81238	5169.134	4966.245	5513.6772	232.3701	5746.9517	4926.368	5078.958	72.81238	5169.134	4966.245	5078.958	72.81238	5169.134	4966.245	5513.6772	232.3701	5746.9517	4926.368	1000.0	1000.0	107999	295.38446	84.917694	409.03735	1.0233299	295.38232	84.92573	406.42276	-59.437897	2.1810315	4.274223	55.503986	-13.111988	188.7858	32.287247	2463.9881162643433
28	5491.8506	884.9015	5900.4653	2847.7988	5105.3237	296.9171	5384.4565	4616.2974	5491.8506	884.9015	5900.4653	2847.7988	5105.3237	296.9171	5384.4565	4616.2974	5105.3237	296.9171	5384.4565	4616.2974	5491.8506	884.9015	5900.4653	2847.7988	1000.0	1000.0	111999	304.83316	86.395164	423.51312	1.0477283	304.8321	86.399414	423.53815	-49.635292	2.2643027	4.3172736	57.282864	-13.099799	201.94073	31.84441	2555.9192764759064
29	5837.295	216.4983	6065.232	5301.7827	5219.006	73.7001	5296.183	5113.507	5837.295	216.4983	6065.232	5301.7827	5219.006	73.7001	5296.183	5113.507	5219.006	73.7001	5296.183	5113.507	5837.295	216.4983	6065.232	5301.7827	1000.0	1000.0	115999	314.1457	87.27958	432.63156	1.0721987	314.14386	87.28722	433.2677	-38.596447	2.3798063	4.399559	50.898613	-15.098964	209.37656	33.935528	2646.6177077293396
30	5860.328	77.670044	6031.4736	5733.895	4812.477	928.54846	5490.7603	3230.0947	5860.328	77.670044	6031.4736	5733.895	4812.477	928.54846	5490.7603	3230.0947	4812.477	928.54846	5490.7603	3230.0947	5860.328	77.670044	6031.4736	5733.895	1000.0	1000.0	119999	321.58743	88.763145	441.11237	1.096786	321.58548	88.77134	442.42645	-83.851074	2.4323082	4.4055514	58.361343	-12.5313015	212.1917	35.157158	2737.4053885936737
31	5906.9077	116.589424	6076.0874	5753.675	5079.129	589.8708	5475.3423	4061.5615	5906.9077	116.589424	6076.0874	5753.675	5079.129	589.8708	5475.3423	4061.5615	5079.129	589.8708	5475.3423	4061.5615	5906.9077	116.589424	6076.0874	5753.675	1000.0	1000.0	123999	327.31305	91.41827	446.8212	1.1210722	327.31067	91.42909	446.2604	-67.90231	2.535386	4.507606	49.850147	-12.321045	222.62253	38.145584	2829.1289591789246
32	6142.483	90.96761	6297.9634	6008.717	5348.838	87.3821	5472.6167	5229.966	6142.483	90.96761	6297.9634	6008.717	5348.838	87.3821	5472.6167	5229.966	5348.838	87.3821	5472.6167	5229.966	6142.483	90.96761	6297.9634	6008.717	1000.0	1000.0	127999	333.72614	92.50895	452.83496	1.1412964	333.72415	92.51832	453.62698	-63.754353	2.5265741	4.4972444	39.30403	-14.20945	226.51598	39.470882	2923.9887211322784
33	5775.7373	88.66946	5888.5547	5613.3574	5293.779	108.15411	5435.193	5130.9146	5775.7373	88.66946	5888.5547	5613.3574	5293.779	108.15411	5435.193	5130.9146	5293.779	108.15411	5435.193	5130.9146	5775.7373	88.66946	5888.5547	5613.3574	1000.0	1000.0	131999	340.27133	93.258545	462.9722	1.1670027	340.2697	93.265976	456.83057	-64.30771	2.627979	4.536493	54.613167	-14.0943575	226.56366	38.97721	3018.4434943199158
34	5932.5127	137.43384	6186.8003	5713.055	5453.4087	75.63919	5541.0347	5340.4	5932.5127	137.43384	6186.8003	5713.055	5453.4087	75.63919	5541.0347	5340.4	5453.4087	75.63919	5541.0347	5340.4	5932.5127	137.43384	6186.8003	5713.055	1000.0	1000.0	135999	346.33627	93.76808	460.54028	1.1864418	346.33383	93.779816	463.74097	-73.69116	2.7058222	4.555996	42.24209	-15.5206585	217.8031	41.273026	3110.987804412842
35	6004.72	115.05109	6104.6436	5738.9604	5674.015	160.25412	5820.655	5434.2246	6004.72	115.05109	6104.6436	5738.9604	5674.015	160.25412	5820.655	5434.2246	5674.015	160.25412	5820.655	5434.2246	6004.72	115.05109	6104.6436	5738.9604	1000.0	1000.0	139999	351.39197	94.74572	472.06522	1.2071543	351.3898	94.75544	468.87534	-101.17698	2.808527	4.5960593	53.179585	-13.703343	215.01085	40.51986	3201.9196853637695
36	6452.6313	74.07122	6558.591	6363.573	5765.0576	217.14636	6025.13	5484.2466	6452.6313	74.07122	6558.591	6363.573	5765.0576	217.14636	6025.13	5484.2466	5765.0576	217.14636	6025.13	5484.2466	6452.6313	74.07122	6558.591	6363.573	1000.0	1000.0	143999	358.0774	94.88345	480.8046	1.2276073	358.0745	94.896164	481.8957	-87.56399	2.827189	4.490764	65.20547	-13.663996	214.89806	40.21142	3294.7878527641296
37	6231.94	1189.5574	6760.0215	2670.6155	5829.479	226.27864	6025.7437	5444.873	6231.94	1189.5574	6760.0215	2670.6155	5829.479	226.27864	6025.7437	5444.873	5829.479	226.27864	6025.7437	5444.873	6231.94	1189.5574	6760.0215	2670.6155	1000.0	1000.0	147999	365.13354	95.44127	489.38528	1.2472637	365.1317	95.448784	493.20566	-72.97955	3.028445	4.556288	55.960514	-13.036042	215.54665	39.036907	3386.624578475952
38	6577.038	46.34173	6633.1567	6467.235	4272.603	2096.578	6220.58	922.02893	6577.038	46.34173	6633.1567	6467.235	4272.603	2096.578	6220.58	922.02893	4272.603	2096.578	6220.58	922.02893	6577.038	46.34173	6633.1567	6467.235	1000.0	1000.0	151999	371.08344	98.44012	495.2801	1.2682891	371.08237	98.44671	495.21338	-59.18061	3.1709852	4.62139	55.410202	-13.315506	211.49937	40.817783	3481.292966365814
39	6486.7134	102.51961	6647.3457	6265.06	6010.6436	81.94049	6112.4146	5895.106	6486.7134	102.51961	6647.3457	6265.06	6010.6436	81.94049	6112.4146	5895.106	6010.6436	81.94049	6112.4146	5895.106	6486.7134	102.51961	6647.3457	6265.06	1000.0	1000.0	155999	377.032	101.87323	507.33124	1.2921871	377.03012	101.88148	505.0709	-54.1899	3.1295598	4.678563	48.120644	-14.513605	210.67671	42.31766	3576.59961605072
40	6801.784	165.45927	7078.705	6524.4463	6035.0	130.27061	6198.573	5875.95	6801.784	165.45927	7078.705	6524.4463	6035.0	130.27061	6198.573	5875.95	6035.0	130.27061	6198.573	5875.95	6801.784	165.45927	7078.705	6524.4463	1000.0	1000.0	159999	382.675	102.85794	513.0003	1.3132377	382.6721	102.86967	509.3625	-63.447712	3.2369177	4.7097187	55.393547	-12.046698	216.91554	44.173023	3671.3541038036346
41	6720.6367	101.59303	6922.0083	6554.5283	5967.558	171.07973	6142.5317	5721.689	6720.6367	101.59303	6922.0083	6554.5283	5967.558	171.07973	6142.5317	5721.689	5967.558	171.07973	6142.5317	5721.689	6720.6367	101.59303	6922.0083	6554.5283	1000.0	1000.0	163999	388.98956	102.50108	517.0769	1.3354431	388.98923	102.504875	514.8879	-69.77248	3.322206	4.768297	54.042583	-16.10476	214.12029	43.64491	3763.009006023407
42	7114.7603	143.1404	7489.052	6937.74	6056.928	142.10338	6251.818	5870.81	7114.7603	143.1404	7489.052	6937.74	6056.928	142.10338	6251.818	5870.81	6056.928	142.10338	6251.818	5870.81	7114.7603	143.1404	7489.052	6937.74	1000.0	1000.0	167999	394.23804	103.26862	522.0223	1.3573424	394.23648	103.27409	519.5078	-54.908188	3.3827443	4.7667713	70.38661	-15.827091	210.02687	45.030922	3854.547887325287
43	7046.707	93.53609	7215.8496	6918.011	6253.901	128.91614	6362.256	6034.7246	7046.707	93.53609	7215.8496	6918.011	6253.901	128.91614	6362.256	6034.7246	6253.901	128.91614	6362.256	6034.7246	7046.707	93.53609	7215.8496	6918.011	1000.0	1000.0	171999	400.11615	103.419945	534.3072	1.380323	400.11563	103.4231	529.5265	-57.938946	3.4980326	4.7660146	85.755684	-14.979858	210.3314	43.501617	3946.7846319675446
44	6895.3623	130.79005	7109.8647	6678.7974	6346.417	106.5877	6504.0776	6203.34	6895.3623	130.79005	7109.8647	6678.7974	6346.417	106.5877	6504.0776	6203.34	6346.417	106.5877	6504.0776	6203.34	6895.3623	130.79005	7109.8647	6678.7974	1000.0	1000.0	175999	405.64304	103.50259	537.402	1.402845	405.6419	103.508286	540.04126	-65.46216	3.5676	4.779261	61.24562	-13.269	208.31747	42.205036	4040.535261154175
45	7116.2686	53.24396	7195.2847	6991.488	6337.786	180.59406	6619.2383	6131.943	7116.2686	53.24396	7195.2847	6991.488	6337.786	180.59406	6619.2383	6131.943	6337.786	180.59406	6619.2383	6131.943	7116.2686	53.24396	7195.2847	6991.488	1000.0	1000.0	179999	411.56717	104.093475	543.7131	1.4242547	411.56595	104.10034	543.6004	-58.034836	3.543663	4.697754	57.209644	-12.208373	212.45932	42.781796	4135.419321537018
46	6880.341	108.9219	7000.743	6647.8374	6490.3696	129.25523	6655.843	6306.4834	6880.341	108.9219	7000.743	6647.8374	6490.3696	129.25523	6655.843	6306.4834	6490.3696	129.25523	6655.843	6306.4834	6880.341	108.9219	7000.743	6647.8374	1000.0	1000.0	183999	417.54672	104.54252	549.49884	1.4441572	417.54645	104.54383	548.90436	-69.30878	3.6207528	4.7027607	69.27325	-14.369688	208.16606	43.20712	4228.27682518959
47	7260.9297	88.06763	7479.0527	7167.0254	6580.433	194.33928	6794.2534	6264.2827	7260.9297	88.06763	7479.0527	7167.0254	6580.433	194.33928	6794.2534	6264.2827	6580.433	194.33928	6794.2534	6264.2827	7260.9297	88.06763	7479.0527	7167.0254	1000.0	1000.0	187999	422.77115	105.55328	554.02625	1.4676961	422.77136	105.5539	553.812	-43.58694	3.677268	4.721399	51.78969	-12.147934	222.62006	42.491688	4319.244653940201
48	7362.657	154.15172	7660.937	7037.5913	5887.9536	1122.9332	6797.3057	3971.7644	7362.657	154.15172	7660.937	7037.5913	5887.9536	1122.9332	6797.3057	3971.7644	5887.9536	1122.9332	6797.3057	3971.7644	7362.657	154.15172	7660.937	7037.5913	1000.0	1000.0	191999	428.7581	106.287605	561.2404	1.4941858	428.75735	106.292	561.3589	-95.9138	3.6380043	4.6583304	47.727264	-13.265933	221.82256	42.78725	4411.585163593292
49	6164.115	86.082054	6283.116	5985.027	6605.3574	188.9439	6752.2974	6282.276	6164.115	86.082054	6283.116	5985.027	6605.3574	188.9439	6752.2974	6282.276	6605.3574	188.9439	6752.2974	6282.276	6164.115	86.082054	6283.116	5985.027	1000.0	1000.0	195999	433.71304	108.0131	573.134	1.513228	433.7116	108.018875	571.58624	-123.063805	3.6635122	4.6493044	59.788963	-13.139935	214.2868	43.301975	4502.573930263519
50	5649.6143	242.27654	6089.537	5297.457	6497.6694	152.07117	6695.2827	6279.649	5649.6143	242.27654	6089.537	5297.457	6497.6694	152.07117	6695.2827	6279.649	6497.6694	152.07117	6695.2827	6279.649	5649.6143	242.27654	6089.537	5297.457	1000.0	1000.0	199999	438.3586	108.27581	577.6933	1.5322165	438.35617	108.28728	577.12335	-111.59147	3.6663685	4.6854563	82.305855	-13.376935	237.00786	44.541515	4594.171805858612
51	6991.9844	236.03181	7367.896	6597.949	6700.99	212.85161	6974.7334	6389.5137	6991.9844	236.03181	7367.896	6597.949	6700.99	212.85161	6974.7334	6389.5137	6700.99	212.85161	6974.7334	6389.5137	6991.9844	236.03181	7367.896	6597.949	1000.0	1000.0	203999	442.68445	108.20483	578.2541	1.5485808	442.68265	108.21404	579.0493	-110.62181	3.7253094	4.7078905	55.411526	-12.800636	243.3837	47.47336	4685.274461746216
52	7419.6865	123.54145	7585.725	7195.9585	6802.987	110.98411	6906.142	6623.4736	7419.6865	123.54145	7585.725	7195.9585	6802.987	110.98411	6906.142	6623.4736	6802.987	110.98411	6906.142	6623.4736	7419.6865	123.54145	7585.725	7195.9585	1000.0	1000.0	207999	446.236	108.5758	583.21027	1.5655936	446.23383	108.585625	583.6809	-85.796486	3.7992806	4.7254567	86.20932	-13.243209	235.46669	46.248047	4778.276787281036
53	6459.2495	279.92203	6824.736	6001.8364	6822.9077	166.87648	7090.76	6645.3267	6459.2495	279.92203	6824.736	6001.8364	6822.9077	166.87648	7090.76	6645.3267	6822.9077	166.87648	7090.76	6645.3267	6459.2495	279.92203	6824.736	6001.8364	1000.0	1000.0	211999	450.1603	108.99025	587.54474	1.5820781	450.15857	108.99837	590.7493	-115.923035	3.79418	4.6874275	50.365856	-13.673799	238.36847	46.748226	4871.656749486923
54	7509.702	161.70474	7783.831	7291.169	6864.4795	157.78098	7129.997	6739.745	7509.702	161.70474	7783.831	7291.169	6864.4795	157.78098	7129.997	6739.745	6864.4795	157.78098	7129.997	6739.745	7509.702	161.70474	7783.831	7291.169	1000.0	1000.0	215999	453.8747	109.7305	591.86847	1.6021669	453.87485	109.73384	590.6673	-78.25017	3.8974297	4.709354	52.565926	-12.722741	227.07753	46.580837	4962.542561531067
55	7099.198	241.14882	7437.4673	6634.3066	6995.878	125.91261	7157.245	6812.087	7099.198	241.14882	7437.4673	6634.3066	6995.878	125.91261	7157.245	6812.087	6995.878	125.91261	7157.245	6812.087	7099.198	241.14882	7437.4673	6634.3066	1000.0	1000.0	219999	458.45163	110.02195	594.82245	1.6231847	458.4492	110.03147	594.06445	-95.07809	3.9234972	4.702179	72.41296	-12.9735155	231.62785	45.045082	5052.905817747116
56	7575.255	130.44505	7819.738	7357.96	6918.2754	163.69368	7094.6636	6661.5044	7575.255	130.44505	7819.738	7357.96	6918.2754	163.69368	7094.6636	6661.5044	6918.2754	163.69368	7094.6636	6661.5044	7575.255	130.44505	7819.738	7357.96	1000.0	1000.0	223999	463.44244	110.506325	601.03516	1.6385852	463.4412	110.51463	599.7116	-78.22318	3.9161913	4.6634846	50.801483	-15.681732	229.12482	46.712536	5144.576195001602
57	7470.1616	636.70465	7896.6587	5596.1606	6990.9688	231.7426	7254.6943	6617.882	7470.1616	636.70465	7896.6587	5596.1606	6990.9688	231.7426	7254.6943	6617.882	6990.9688	231.7426	7254.6943	6617.882	7470.1616	636.70465	7896.6587	5596.1606	1000.0	1000.0	227999	467.65692	110.57836	606.4308	1.6581715	467.65643	110.579994	603.8954	-59.7459	3.9808035	4.7506123	112.124725	-13.065746	238.31052	47.298374	5236.497540950775
58	7654.2344	267.47775	8131.244	7184.2896	6926.1797	258.48108	7175.817	6536.1685	7654.2344	267.47775	8131.244	7184.2896	6926.1797	258.48108	7175.817	6536.1685	6926.1797	258.48108	7175.817	6536.1685	7654.2344	267.47775	8131.244	7184.2896	1000.0	1000.0	231999	472.63507	110.61206	609.92487	1.6772	472.6344	110.61493	606.04816	-58.330914	3.9989157	4.658265	45.679924	-13.013464	216.74875	46.945957	5327.941969156265
59	7882.4272	168.35709	8155.2974	7686.7354	6905.608	261.87018	7298.112	6584.999	7882.4272	168.35709	8155.2974	7686.7354	6905.608	261.87018	7298.112	6584.999	6905.608	261.87018	7298.112	6584.999	7882.4272	168.35709	8155.2974	7686.7354	1000.0	1000.0	235999	476.18344	111.277466	612.642	1.6979042	476.18268	111.27917	613.8248	-53.994854	3.9347613	4.7177687	79.110916	-13.199997	240.9056	46.3448	5420.160034418106
60	6775.161	737.8863	7361.1016	4669.7944	6996.211	128.5231	7145.4424	6796.9917	6775.161	737.8863	7361.1016	4669.7944	6996.211	128.5231	7145.4424	6796.9917	6996.211	128.5231	7145.4424	6796.9917	6775.161	737.8863	7361.1016	4669.7944	1000.0	1000.0	239999	478.8939	111.770065	632.4972	1.7163749	478.89423	111.769775	629.3039	-63.455284	4.0289407	4.6855164	67.49519	-12.637321	233.3857	49.531837	5512.792562961578
61	8025.9766	151.99556	8196.46	7760.5796	6308.675	1701.5757	7443.1953	3374.9043	8025.9766	151.99556	8196.46	7760.5796	6308.675	1701.5757	7443.1953	3374.9043	6308.675	1701.5757	7443.1953	3374.9043	8025.9766	151.99556	8196.46	7760.5796	1000.0	1000.0	243999	481.18124	112.73812	628.78284	1.7374926	481.18085	112.74067	633.2782	-60.941666	4.011501	4.6843696	80.97638	-14.098728	225.26297	47.864407	5606.8375408649445
62	7927.763	159.31538	8175.1436	7628.206	7038.156	169.86873	7261.336	6832.682	7927.763	159.31538	8175.1436	7628.206	7038.156	169.86873	7261.336	6832.682	7038.156	169.86873	7261.336	6832.682	7927.763	159.31538	8175.1436	7628.206	1000.0	1000.0	247999	484.44452	113.19163	639.93964	1.7568736	484.44464	113.19369	635.37756	-96.148315	4.088135	4.7106485	64.72051	-13.591278	219.75719	52.779713	5708.262469530106
63	7216.8735	1386.5876	7921.109	3068.149	7154.033	175.66995	7419.4526	6948.264	7216.8735	1386.5876	7921.109	3068.149	7154.033	175.66995	7419.4526	6948.264	7154.033	175.66995	7419.4526	6948.264	7216.8735	1386.5876	7921.109	3068.149	1000.0	1000.0	251999	487.98788	113.74882	646.48914	1.7776085	487.98724	113.75182	645.3617	-78.91213	4.1032557	4.6671743	80.55432	-13.4535	210.14098	49.23559	5829.732326030731
64	7497.1143	102.90498	7699.6963	7334.4824	7268.274	220.27013	7581.5835	6970.2827	7497.1143	102.90498	7699.6963	7334.4824	7268.274	220.27013	7581.5835	6970.2827	7268.274	220.27013	7581.5835	6970.2827	7497.1143	102.90498	7699.6963	7334.4824	1000.0	1000.0	255999	491.52887	114.035286	647.42	1.7963516	491.52847	114.03716	644.5129	-59.158443	4.1808386	4.71844	58.857468	-16.260187	224.99522	50.379818	5925.4832055568695
65	8186.0977	200.15498	8603.6045	7918.0874	7460.7324	220.09814	7814.8887	7260.628	8186.0977	200.15498	8603.6045	7918.0874	7460.7324	220.09814	7814.8887	7260.628	7460.7324	220.09814	7814.8887	7260.628	8186.0977	200.15498	8603.6045	7918.0874	1000.0	1000.0	259999	495.26855	114.45306	645.4084	1.8140942	495.26855	114.456276	646.83484	-39.275753	4.171796	4.7280364	84.0306	-12.984446	225.91943	49.716038	6020.174038887024
66	8106.5728	160.24182	8246.62	7677.852	7357.557	275.28745	7794.347	7031.9194	8106.5728	160.24182	8246.62	7677.852	7357.557	275.28745	7794.347	7031.9194	7357.557	275.28745	7794.347	7031.9194	8106.5728	160.24182	8246.62	7677.852	1000.0	1000.0	263999	498.8068	113.95865	661.3491	1.8338783	498.8069	113.95779	661.4686	-28.740805	4.2076526	4.7174683	66.61601	-13.311174	231.57678	47.90876	6113.49570441246
67	7455.768	102.59541	7658.5703	7297.396	5864.0527	2190.041	7237.3306	2074.811	7455.768	102.59541	7658.5703	7297.396	5864.0527	2190.041	7237.3306	2074.811	5864.0527	2190.041	7237.3306	2074.811	7455.768	102.59541	7658.5703	7297.396	1000.0	1000.0	267999	502.04544	114.72281	663.2351	1.8517102	502.04572	114.72329	664.4697	-85.817924	4.3020883	4.7612367	47.38417	-12.306257	239.63269	53.090797	6209.311947584152
68	7382.4556	98.01362	7506.3057	7236.9463	7162.8755	437.03983	7765.0493	6568.168	7382.4556	98.01362	7506.3057	7236.9463	7162.8755	437.03983	7765.0493	6568.168	7162.8755	437.03983	7765.0493	6568.168	7382.4556	98.01362	7506.3057	7236.9463	1000.0	1000.0	271999	503.1877	117.523186	667.3252	1.8709664	503.1892	117.51646	667.2778	-87.943665	4.278852	4.790834	81.486755	-14.4345665	243.82246	56.162758	6304.656900882721
69	7894.0615	228.79868	8272.935	7571.5977	7321.8525	120.35218	7465.084	7190.4546	7894.0615	228.79868	8272.935	7571.5977	7321.8525	120.35218	7465.084	7190.4546	7321.8525	120.35218	7465.084	7190.4546	7894.0615	228.79868	8272.935	7571.5977	1000.0	1000.0	275999	505.20428	117.05918	668.6579	1.8892152	505.2057	117.05404	668.8675	-129.43344	4.3189178	4.7418814	66.64421	-13.336279	241.02615	55.803055	6427.344134807587
70	7169.456	97.093834	7295.836	7047.78	7385.745	191.33258	7696.496	7175.035	7169.456	97.093834	7295.836	7047.78	7385.745	191.33258	7696.496	7175.035	7385.745	191.33258	7696.496	7175.035	7169.456	97.093834	7295.836	7047.78	1000.0	1000.0	279999	507.99008	117.4279	667.8167	1.9073437	507.9908	117.4232	669.1851	-85.36871	4.277241	4.753732	64.198326	-13.385854	248.82034	53.146652	6521.219722986221
71	7907.698	87.38518	8078.511	7728.48	7497.737	140.21356	7655.3804	7301.574	7907.698	87.38518	8078.511	7728.48	7497.737	140.21356	7655.3804	7301.574	7497.737	140.21356	7655.3804	7301.574	7907.698	87.38518	8078.511	7728.48	1000.0	1000.0	283999	510.88843	116.77817	670.2017	1.9241073	510.891	116.76748	672.54913	-58.023174	4.2865214	4.756402	58.697124	-15.367839	240.56975	55.959892	6614.654724359512
72	8240.129	152.42159	8526.006	7966.8755	7410.456	89.80432	7475.0083	7256.6514	8240.129	152.42159	8526.006	7966.8755	7410.456	89.80432	7475.0083	7256.6514	7410.456	89.80432	7475.0083	7256.6514	8240.129	152.42159	8526.006	7966.8755	1000.0	1000.0	287999	513.536	117.59754	682.7317	1.9443082	513.53876	117.58469	682.08997	-47.638027	4.329151	4.778307	85.7416	-12.655121	248.68687	52.389736	6705.782277107239
73	7588.956	130.7161	7803.9653	7369.0083	7471.8154	160.7943	7749.431	7366.0015	7588.956	130.7161	7803.9653	7369.0083	7471.8154	160.7943	7749.431	7366.0015	7471.8154	160.7943	7749.431	7366.0015	7588.956	130.7161	7803.9653	7369.0083	1000.0	1000.0	291999	516.6066	117.21941	685.1222	1.965036	516.60767	117.21876	686.4192	-90.271904	4.4220114	4.817669	92.84907	-13.041117	252.89304	55.813927	6797.042600870132
74	8131.389	165.0052	8443.21	7909.571	7437.1484	88.386406	7519.8936	7289.992	8131.389	165.0052	8443.21	7909.571	7437.1484	88.386406	7519.8936	7289.992	7437.1484	88.386406	7519.8936	7289.992	8131.389	165.0052	8443.21	7909.571	1000.0	1000.0	295999	518.3823	118.02272	687.2968	1.9818386	518.3843	118.01884	684.51794	-93.80487	4.3670216	4.7920356	55.343758	-15.04633	252.95341	57.17761	6889.066245794296
75	7632.497	42.594204	7700.888	7566.5576	7476.722	224.55168	7699.838	7103.841	7632.497	42.594204	7700.888	7566.5576	7476.722	224.55168	7699.838	7103.841	7476.722	224.55168	7699.838	7103.841	7632.497	42.594204	7700.888	7566.5576	1000.0	1000.0	299999	521.3518	117.38394	682.43054	2.001828	521.3549	117.37312	682.2753	-46.830162	4.3762836	4.7933416	61.12114	-13.464919	256.85565	54.099106	6982.890916109085
76	8342.506	153.95848	8528.965	8025.219	7544.8765	141.88934	7759.7354	7396.903	8342.506	153.95848	8528.965	8025.219	7544.8765	141.88934	7759.7354	7396.903	7544.8765	141.88934	7759.7354	7396.903	8342.506	153.95848	8528.965	8025.219	1000.0	1000.0	303999	524.45593	117.368576	688.5561	2.0219755	524.4576	117.36366	691.05853	-49.02466	4.4577947	4.830385	56.81762	-14.176979	246.0074	56.283688	7076.6237716674805
77	8241.826	147.88707	8418.598	7997.2793	7462.6963	186.71237	7666.244	7169.5337	8241.826	147.88707	8418.598	7997.2793	7462.6963	186.71237	7666.244	7169.5337	7462.6963	186.71237	7666.244	7169.5337	8241.826	147.88707	8418.598	7997.2793	1000.0	1000.0	307999	526.6494	117.650375	693.6618	2.0423913	526.6506	117.64618	691.583	-91.20683	4.4085927	4.759129	104.75871	-14.286648	237.57326	54.59907	7172.9715893268585
78	8139.482	220.813	8467.272	7738.685	7670.808	64.20564	7769.8364	7607.8984	8139.482	220.813	8467.272	7738.685	7670.808	64.20564	7769.8364	7607.8984	7670.808	64.20564	7769.8364	7607.8984	8139.482	220.813	8467.272	7738.685	1000.0	1000.0	311999	529.61395	117.417755	696.77014	2.0595953	529.6167	117.40336	694.834	-33.860138	4.508069	4.775377	69.62722	-12.6767025	249.85388	56.324955	7270.089346885681
79	8200.323	126.58136	8413.144	8023.9106	7734.7065	60.777718	7833.1807	7677.3794	8200.323	126.58136	8413.144	8023.9106	7734.7065	60.777718	7833.1807	7677.3794	7734.7065	60.777718	7833.1807	7677.3794	8200.323	126.58136	8413.144	8023.9106	1000.0	1000.0	315999	533.2024	117.33519	709.31195	2.0822408	533.2047	117.324425	704.9987	-75.94299	4.4982815	4.7052536	74.01636	-14.091635	228.7831	54.827213	7385.487502813339
80	7892.428	145.08495	8258.521	7734.159	7650.43	174.49382	7825.5845	7407.445	7892.428	145.08495	8258.521	7734.159	7650.43	174.49382	7825.5845	7407.445	7650.43	174.49382	7825.5845	7407.445	7892.428	145.08495	8258.521	7734.159	1000.0	1000.0	319999	535.0799	118.62456	714.3765	2.100806	535.0827	118.61556	711.80975	-51.92345	4.4955325	4.726983	55.520664	-12.041998	240.24057	57.99771	7480.002582073212
81	8365.322	193.80417	8721.672	8097.8896	6747.7256	1393.539	7780.0317	4365.0166	8365.322	193.80417	8721.672	8097.8896	6747.7256	1393.539	7780.0317	4365.0166	6747.7256	1393.539	7780.0317	4365.0166	8365.322	193.80417	8721.672	8097.8896	1000.0	1000.0	323999	537.9932	117.59198	719.4776	2.1223102	537.9937	117.58795	713.3411	-72.575455	4.4907517	4.7709303	79.55955	-12.391417	250.539	60.222202	7575.667690515518
82	7849.005	1509.1569	8799.149	3379.5337	7551.041	84.80162	7674.386	7461.383	7849.005	1509.1569	8799.149	3379.5337	7551.041	84.80162	7674.386	7461.383	7551.041	84.80162	7674.386	7461.383	7849.005	1509.1569	8799.149	3379.5337	1000.0	1000.0	327999	538.96454	119.29299	715.771	2.140386	538.96747	119.28037	715.2902	-120.14482	4.569028	4.8743753	63.851242	-12.815111	272.44443	60.17791	7671.710757732391
83	7962.681	206.15977	8326.879	7549.863	7570.876	133.0145	7786.38	7427.813	7962.681	206.15977	8326.879	7549.863	7570.876	133.0145	7786.38	7427.813	7570.876	133.0145	7786.38	7427.813	7962.681	206.15977	8326.879	7549.863	1000.0	1000.0	331999	539.97217	119.80303	716.4543	2.160581	539.97534	119.78954	713.6013	-61.49455	4.5821414	4.814531	56.390575	-14.234191	271.90372	63.25615	7767.441739797592
84	8355.884	133.86589	8512.574	8107.1646	7542.971	70.64233	7641.1807	7458.166	8355.884	133.86589	8512.574	8107.1646	7542.971	70.64233	7641.1807	7458.166	7542.971	70.64233	7641.1807	7458.166	8355.884	133.86589	8512.574	8107.1646	1000.0	1000.0	335999	541.7181	119.14285	717.15955	2.1818402	541.71893	119.13493	715.361	-145.99939	4.573265	4.857248	57.445087	-13.024015	280.2073	62.853443	7863.074213981628
85	8540.94	173.77359	8829.427	8256.659	7701.8745	204.45056	7975.1523	7399.1694	8540.94	173.77359	8829.427	8256.659	7701.8745	204.45056	7975.1523	7399.1694	7701.8745	204.45056	7975.1523	7399.1694	8540.94	173.77359	8829.427	8256.659	1000.0	1000.0	339999	542.6499	118.777695	716.91376	2.199905	542.6549	118.76046	715.761	-101.939644	4.6488776	4.880022	63.92208	-12.377499	282.9363	63.98732	7958.34175491333
86	8500.783	162.31242	8770.209	8209.399	6694.7256	1654.363	7730.924	3830.7903	8500.783	162.31242	8770.209	8209.399	6694.7256	1654.363	7730.924	3830.7903	6694.7256	1654.363	7730.924	3830.7903	8500.783	162.31242	8770.209	8209.399	1000.0	1000.0	343999	543.86865	118.81456	718.4452	2.223569	543.86957	118.80875	716.03766	-73.45413	4.597054	4.8345146	66.27102	-13.292763	283.03714	64.31674	8054.20321559906
87	8509.485	155.80594	8872.802	8316.669	7553.2856	133.7411	7782.018	7443.2886	8509.485	155.80594	8872.802	8316.669	7553.2856	133.7411	7782.018	7443.2886	7553.2856	133.7411	7782.018	7443.2886	8509.485	155.80594	8872.802	8316.669	1000.0	1000.0	347999	544.483	119.82017	717.8176	2.2430341	544.485	119.81215	717.4046	-127.59433	4.5814056	4.8840313	63.77395	-13.933407	305.35165	66.43844	8149.55629658699
88	8519.672	132.19283	8779.5205	8269.404	7629.045	150.26167	7799.542	7393.015	8519.672	132.19283	8779.5205	8269.404	7629.045	150.26167	7799.542	7393.015	7629.045	150.26167	7799.542	7393.015	8519.672	132.19283	8779.5205	8269.404	1000.0	1000.0	351999	544.72974	119.515	715.3271	2.2607927	544.7313	119.508316	717.1422	-107.06243	4.6850343	4.936068	79.71783	-13.695898	308.72137	68.71636	8246.64386677742
89	7961.296	189.86374	8286.997	7667.8545	7508.4775	372.13663	8065.566	7021.9717	7961.296	189.86374	8286.997	7667.8545	7508.4775	372.13663	8065.566	7021.9717	7508.4775	372.13663	8065.566	7021.9717	7961.296	189.86374	8286.997	7667.8545	1000.0	1000.0	355999	544.54736	119.68061	720.0475	2.2786229	544.5487	119.67465	715.64026	-85.18433	4.689196	5.048353	72.40435	-12.533558	325.6687	65.04554	8347.222646713257
90	8347.128	224.7751	8659.553	7815.2935	7664.06	137.19629	7843.657	7473.7144	8347.128	224.7751	8659.553	7815.2935	7664.06	137.19629	7843.657	7473.7144	7664.06	137.19629	7843.657	7473.7144	8347.128	224.7751	8659.553	7815.2935	1000.0	1000.0	359999	544.52106	119.32719	713.5481	2.2965522	544.5222	119.32267	713.50916	-84.9621	4.7213125	5.058308	61.38932	-14.575882	333.73117	66.61227	8446.672549962997
91	8569.652	738.2648	8988.241	6390.526	7791.5117	229.73793	8131.161	7483.079	8569.652	738.2648	8988.241	6390.526	7791.5117	229.73793	8131.161	7483.079	7791.5117	229.73793	8131.161	7483.079	8569.652	738.2648	8988.241	6390.526	1000.0	1000.0	363999	543.8566	118.89694	716.3594	2.312847	543.8572	118.89609	716.6382	-102.283646	4.748292	5.0894117	76.73732	-13.354542	310.614	70.98075	8547.457392692566
92	8175.5874	1566.7192	9041.402	3512.1443	6453.7056	2024.4202	7860.094	2959.379	8175.5874	1566.7192	9041.402	3512.1443	6453.7056	2024.4202	7860.094	2959.379	6453.7056	2024.4202	7860.094	2959.379	8175.5874	1566.7192	9041.402	3512.1443	1000.0	1000.0	367999	544.68677	119.4631	716.3563	2.329605	544.6884	119.45411	713.5239	-101.32162	4.7329726	4.93107	53.538765	-14.560848	306.65335	69.23244	8645.64919090271
93	8720.967	119.39562	8881.476	8487.486	7765.0786	153.4423	7976.29	7546.4146	8720.967	119.39562	8881.476	8487.486	7765.0786	153.4423	7976.29	7546.4146	7765.0786	153.4423	7976.29	7546.4146	8720.967	119.39562	8881.476	8487.486	1000.0	1000.0	371999	546.0516	120.56153	715.20087	2.3489041	546.05206	120.56484	713.51825	-103.4256	4.815938	4.909685	53.802914	-13.775467	287.47095	70.44625	8743.372245550156
94	8691.787	162.19426	8916.079	8389.485	7866.711	146.8776	8119.449	7755.1143	8691.787	162.19426	8916.079	8389.485	7866.711	146.8776	8119.449	7755.1143	7866.711	146.8776	8119.449	7755.1143	8691.787	162.19426	8916.079	8389.485	1000.0	1000.0	375999	547.8545	120.58812	717.5275	2.365416	547.8565	120.57782	714.9539	-88.58896	4.8639097	5.008054	57.398907	-13.97795	301.3923	70.52663	8837.726914644241
95	8249.765	422.3802	8906.61	7558.515	7830.8877	195.83842	8048.877	7543.496	8249.765	422.3802	8906.61	7558.515	7830.8877	195.83842	8048.877	7543.496	7830.8877	195.83842	8048.877	7543.496	8249.765	422.3802	8906.61	7558.515	1000.0	1000.0	379999	549.5611	120.68848	719.7201	2.3865001	549.56274	120.68353	721.8729	-71.53919	4.894132	5.002314	86.99628	-13.122576	293.19608	73.33455	8929.03247332573
96	8676.987	234.89703	9119.362	8401.817	8138.619	156.15259	8323.846	7898.0264	8676.987	234.89703	9119.362	8401.817	8138.619	156.15259	8323.846	7898.0264	8138.619	156.15259	8323.846	7898.0264	8676.987	234.89703	9119.362	8401.817	1000.0	1000.0	383999	552.2079	120.56096	725.34033	2.4070218	552.2098	120.5576	726.5072	-81.10385	4.9257927	5.00161	108.59058	-11.971696	297.36075	68.378845	9022.474083185196
97	6746.232	1769.6669	7890.251	2705.3835	8076.675	193.00452	8409.569	7936.944	6746.232	1769.6669	7890.251	2705.3835	8076.675	193.00452	8409.569	7936.944	8076.675	193.00452	8409.569	7936.944	6746.232	1769.6669	7890.251	2705.3835	1000.0	1000.0	387999	555.6129	120.319984	727.15643	2.4280071	555.61554	120.31022	733.7768	-82.24932	4.882277	4.9085116	66.00612	-13.904119	298.8635	64.17373	9115.507298469543
98	9233.885	152.95406	9479.278	8882.454	7840.0	60.239246	7933.1226	7772.273	9233.885	152.95406	9479.278	8882.454	7840.0	60.239246	7933.1226	7772.273	7840.0	60.239246	7933.1226	7772.273	9233.885	152.95406	9479.278	8882.454	1000.0	1000.0	391999	557.76733	120.657776	730.1033	2.4489841	557.7704	120.647865	732.0808	-59.242447	4.8943496	4.924539	132.88522	-12.692618	291.1102	71.73143	9209.81039738655
99	9107.072	105.86431	9265.613	8939.477	7954.084	178.33894	8195.892	7692.349	9107.072	105.86431	9265.613	8939.477	7954.084	178.33894	8195.892	7692.349	7954.084	178.33894	8195.892	7692.349	9107.072	105.86431	9265.613	8939.477	1000.0	1000.0	395999	560.5212	121.591354	732.23114	2.4715135	560.5209	121.59316	731.87915	-68.647736	4.841677	4.838834	73.923035	-13.0902195	275.63794	71.18036	9300.478002548218
100	8771.348	205.83832	9065.314	8472.719	8131.662	272.42743	8527.508	7826.228	8771.348	205.83832	9065.314	8472.719	8131.662	272.42743	8527.508	7826.228	8131.662	272.42743	8527.508	7826.228	8771.348	205.83832	9065.314	8472.719	1000.0	1000.0	399999	563.5612	121.93565	735.5495	2.4912834	563.5624	121.932846	734.6689	-88.3213	4.9183173	4.8601484	63.81039	-13.8090515	268.51413	75.95474	9391.515910625458
101	9037.784	184.81953	9347.38	8586.547	8325.075	104.52736	8452.585	8209.776	9037.784	184.81953	9347.38	8586.547	8325.075	104.52736	8452.585	8209.776	8325.075	104.52736	8452.585	8209.776	9037.784	184.81953	9347.38	8586.547	1000.0	1000.0	403999	566.2462	120.89212	737.05945	2.5123603	566.2489	120.88126	735.3804	-75.26381	4.92476	4.8536005	72.334305	-15.124843	279.6113	67.79817	9489.39655137062
102	9189.328	196.72388	9433.437	8779.619	7944.2656	183.25378	8152.0723	7757.3057	9189.328	196.72388	9433.437	8779.619	7944.2656	183.25378	8152.0723	7757.3057	7944.2656	183.25378	8152.0723	7757.3057	9189.328	196.72388	9433.437	8779.619	1000.0	1000.0	407999	568.6925	122.01852	739.9509	2.5317867	568.693	122.01436	741.0316	-126.56567	4.985043	4.8940234	71.138435	-12.437983	267.3706	79.80408	9588.4610414505
103	9083.933	132.51956	9334.408	8842.0	8232.9375	109.66381	8412.62	8124.3804	9083.933	132.51956	9334.408	8842.0	8232.9375	109.66381	8412.62	8124.3804	8232.9375	109.66381	8412.62	8124.3804	9083.933	132.51956	9334.408	8842.0	1000.0	1000.0	411999	571.30774	122.451126	745.0359	2.552954	571.3095	122.44474	743.8134	-62.928925	4.9782686	4.836501	65.114075	-12.34981	266.54578	74.69314	9687.763678789139
104	8781.917	122.69763	8988.195	8550.058	8366.196	283.16666	8760.249	8027.447	8781.917	122.69763	8988.195	8550.058	8366.196	283.16666	8760.249	8027.447	8366.196	283.16666	8760.249	8027.447	8781.917	122.69763	8988.195	8550.058	1000.0	1000.0	415999	574.9676	122.32901	748.89325	2.5732625	574.97046	122.31659	752.2822	-44.67644	5.038752	4.8380713	82.396225	-15.26577	249.47916	66.72737	9785.683534622192
105	9303.549	178.56422	9724.272	9120.202	8012.007	284.55933	8333.559	7552.687	9303.549	178.56422	9724.272	9120.202	8012.007	284.55933	8333.559	7552.687	8012.007	284.55933	8333.559	7552.687	9303.549	178.56422	9724.272	9120.202	1000.0	1000.0	419999	576.7176	122.076	755.8317	2.5975833	576.7195	122.07227	752.3419	-54.898464	5.030303	5.0554194	64.275154	-13.271911	235.70258	74.94895	9884.306866168976
106	9038.843	164.97813	9257.533	8728.755	7888.419	220.02711	8150.9653	7624.4307	9038.843	164.97813	9257.533	8728.755	7888.419	220.02711	8150.9653	7624.4307	7888.419	220.02711	8150.9653	7624.4307	9038.843	164.97813	9257.533	8728.755	1000.0	1000.0	423999	576.82587	122.15099	753.5864	2.6168067	576.82715	122.14506	752.91034	-107.81909	5.0834517	4.8834414	74.87968	-14.803664	227.14345	75.2588	9981.739626646042
107	8531.589	133.28656	8706.52	8285.483	8264.789	299.28012	8539.39	7791.338	8531.589	133.28656	8706.52	8285.483	8264.789	299.28012	8539.39	7791.338	8264.789	299.28012	8539.39	7791.338	8531.589	133.28656	8706.52	8285.483	1000.0	1000.0	427999	578.9358	122.831535	757.76337	2.6378806	578.9377	122.82352	757.7941	-78.96762	5.08615	4.8981533	93.02387	-11.771521	238.62584	74.13753	10076.599156141281
108	9539.454	148.94217	9846.196	9340.245	8439.748	211.16351	8761.34	8174.671	9539.454	148.94217	9846.196	9340.245	8439.748	211.16351	8761.34	8174.671	8439.748	211.16351	8761.34	8174.671	9539.454	148.94217	9846.196	9340.245	1000.0	1000.0	431999	581.7894	122.29026	758.30255	2.661346	581.79016	122.28789	760.47687	-56.620014	5.0925727	4.851991	61.189163	-14.14792	241.32376	74.98074	10169.200161218643
109	9112.008	170.27962	9441.5625	8878.229	8577.279	289.1017	8925.284	8132.097	9112.008	170.27962	9441.5625	8878.229	8577.279	289.1017	8925.284	8132.097	8577.279	289.1017	8925.284	8132.097	9112.008	170.27962	9441.5625	8878.229	1000.0	1000.0	435999	584.4211	122.734085	768.03534	2.6849768	584.4373	122.65867	765.05493	-82.18797	5.0839367	4.8705993	55.402035	-13.690964	250.104	76.26659	10263.4890832901
110	8649.444	148.03284	8929.3545	8426.758	8567.236	87.446335	8700.39	8472.545	8649.444	148.03284	8929.3545	8426.758	8567.236	87.446335	8700.39	8472.545	8567.236	87.446335	8700.39	8472.545	8649.444	148.03284	8929.3545	8426.758	1000.0	1000.0	439999	586.48846	124.17274	764.0688	2.7171385	586.5112	124.06913	762.20435	-41.040356	5.119044	4.9079933	73.90116	-12.339708	245.8683	72.627655	10358.488620758057
111	8822.923	143.69543	8972.7705	8455.265	8468.451	265.98376	8803.943	8068.2886	8822.923	143.69543	8972.7705	8455.265	8468.451	265.98376	8803.943	8068.2886	8468.451	265.98376	8803.943	8068.2886	8822.923	143.69543	8972.7705	8455.265	1000.0	1000.0	443999	589.4823	122.70483	765.7609	2.7515519	589.5039	122.599976	766.5586	-39.484814	5.155411	4.9150953	83.932205	-16.20187	238.18584	74.26673	10452.708957910538
112	8962.322	1065.2645	9719.116	5856.3022	8668.447	319.03433	8917.847	8120.971	8962.322	1065.2645	9719.116	5856.3022	8668.447	319.03433	8917.847	8120.971	8668.447	319.03433	8917.847	8120.971	8962.322	1065.2645	9719.116	5856.3022	1000.0	1000.0	447999	591.4788	123.92412	768.81995	2.7879882	591.4987	123.82819	769.6984	-49.158234	5.15176	4.925593	63.12012	-13.156106	251.20425	71.825165	10545.864612102509
113	9331.492	223.42915	9665.528	8885.315	8456.135	129.62589	8651.892	8321.636	9331.492	223.42915	9665.528	8885.315	8456.135	129.62589	8651.892	8321.636	8456.135	129.62589	8651.892	8321.636	9331.492	223.42915	9665.528	8885.315	1000.0	1000.0	451999	594.4934	123.6802	777.91455	2.8227408	594.5134	123.58945	777.4517	-116.04684	5.1931534	4.8550224	66.10596	-15.471028	243.55118	75.97009	10640.540251493454
114	9194.4	132.21634	9467.086	9033.272	8569.297	284.856	8945.371	8146.0464	9194.4	132.21634	9467.086	9033.272	8569.297	284.856	8945.371	8146.0464	8569.297	284.856	8945.371	8146.0464	9194.4	132.21634	9467.086	9033.272	1000.0	1000.0	455999	596.86847	124.68523	777.49567	2.8595536	596.88684	124.60108	780.13104	-91.97163	5.3375463	4.965893	71.452255	-12.264559	247.46024	80.797485	10734.925172805786
115	8982.693	2042.3679	10114.388	2902.705	8715.407	194.4335	9027.1045	8510.952	8982.693	2042.3679	10114.388	2902.705	8715.407	194.4335	9027.1045	8510.952	8715.407	194.4335	9027.1045	8510.952	8982.693	2042.3679	10114.388	2902.705	1000.0	1000.0	459999	599.9001	124.734566	775.76953	2.8955698	599.9181	124.65105	776.7614	-87.50238	5.29412	4.9345107	69.39995	-12.422874	252.23982	74.343636	10829.46525979042
116	9831.627	160.72969	10116.692	9625.295	8733.178	98.51245	8836.5625	8587.643	9831.627	160.72969	10116.692	9625.295	8733.178	98.51245	8836.5625	8587.643	8733.178	98.51245	8836.5625	8587.643	9831.627	160.72969	10116.692	9625.295	1000.0	1000.0	463999	602.23505	124.53261	780.9755	2.9310067	602.2504	124.457794	782.20526	-85.901146	5.3429594	4.9250464	68.37818	-14.867134	265.94263	81.772446	10923.883234739304
117	9456.236	148.8413	9704.775	9161.351	8841.607	63.455444	8909.697	8742.986	9456.236	148.8413	9704.775	9161.351	8841.607	63.455444	8909.697	8742.986	8841.607	63.455444	8909.697	8742.986	9456.236	148.8413	9704.775	9161.351	1000.0	1000.0	467999	604.3306	124.65197	788.7971	2.9668357	604.3446	124.583725	785.7601	-62.00051	5.3671637	4.962135	67.92066	-12.671117	271.22345	76.00425	11018.100655317307
118	9625.534	158.12	9930.578	9364.2295	8769.324	189.58192	9010.516	8492.316	9625.534	158.12	9930.578	9364.2295	8769.324	189.58192	9010.516	8492.316	8769.324	189.58192	9010.516	8492.316	9625.534	158.12	9930.578	9364.2295	1000.0	1000.0	471999	606.7302	124.80734	795.7519	2.9977994	606.744	124.74719	793.7604	-86.552574	5.2351995	4.833092	88.87094	-12.443793	245.21838	80.91141	11112.486201524734
119	9368.912	170.86993	9720.363	9102.641	8930.378	116.05181	9120.843	8811.676	9368.912	170.86993	9720.363	9102.641	8930.378	116.05181	9120.843	8811.676	8930.378	116.05181	9120.843	8811.676	9368.912	170.86993	9720.363	9102.641	1000.0	1000.0	475999	609.96765	124.46147	797.3971	3.0305417	609.98206	124.392006	800.50244	-91.84277	5.401234	4.8263044	66.906235	-13.762413	243.55882	79.074196	11205.896785259247
120	9248.427	1797.6873	10233.174	3896.069	8982.797	149.32475	9127.989	8747.457	9248.427	1797.6873	10233.174	3896.069	8982.797	149.32475	9127.989	8747.457	8982.797	149.32475	9127.989	8747.457	9248.427	1797.6873	10233.174	3896.069	1000.0	1000.0	479999	613.2344	124.06708	796.91656	3.065546	613.24713	124.007126	801.6704	-67.50671	5.4269905	4.9425483	73.47768	-12.590868	262.97232	76.13414	11299.988682985306
121	9341.134	380.89474	9919.138	8766.089	9076.245	296.58832	9351.77	8637.755	9341.134	380.89474	9919.138	8766.089	9076.245	296.58832	9351.77	8637.755	9076.245	296.58832	9351.77	8637.755	9341.134	380.89474	9919.138	8766.089	1000.0	1000.0	483999	614.83203	126.07049	804.9085	3.0974095	614.84393	126.01296	802.56433	-50.643925	5.444068	4.852207	76.52133	-12.448706	234.4318	79.33023	11392.252931594849
122	9882.062	226.3573	10098.353	9351.098	9192.917	211.49419	9387.232	8835.652	9882.062	226.3573	10098.353	9351.098	9192.917	211.49419	9387.232	8835.652	9192.917	211.49419	9387.232	8835.652	9882.062	226.3573	10098.353	9351.098	1000.0	1000.0	487999	618.18353	126.09328	831.368	3.1292737	618.19574	126.03501	831.9638	-23.341137	5.427381	4.8676286	72.76973	-13.026283	229.04819	78.692245	11484.880845069885
123	9757.35	132.88667	9922.6455	9529.132	9150.214	218.49722	9444.912	8829.61	9757.35	132.88667	9922.6455	9529.132	9150.214	218.49722	9444.912	8829.61	9150.214	218.49722	9444.912	8829.61	9757.35	132.88667	9922.6455	9529.132	1000.0	1000.0	491999	622.9582	126.0094	842.67303	3.160766	622.9684	125.95917	836.5089	-52.924793	5.521901	4.867715	63.49505	-12.179007	226.9869	77.58735	11578.199449300766
124	9642.699	185.11292	10120.248	9397.047	9001.496	245.36864	9303.514	8630.2295	9642.699	185.11292	10120.248	9397.047	9001.496	245.36864	9303.514	8630.2295	9001.496	245.36864	9303.514	8630.2295	9642.699	185.11292	10120.248	9397.047	1000.0	1000.0	495999	626.4114	126.95457	850.2321	3.1941447	626.4215	126.907234	854.6505	-58.059002	5.5901113	4.8672295	82.684265	-15.939747	223.56897	85.010216	11671.708182811737
125	9910.23	195.51181	10126.895	9443.85	9003.61	308.60007	9427.74	8634.214	9910.23	195.51181	10126.895	9443.85	9003.61	308.60007	9427.74	8634.214	9003.61	308.60007	9427.74	8634.214	9910.23	195.51181	10126.895	9443.85	1000.0	1000.0	499999	630.02673	127.710175	857.02216	3.2265475	630.0377	127.656555	849.1315	-56.982746	5.5164957	4.800618	62.19198	-11.30478	232.4301	78.05889	11763.87019777298
126	9738.905	125.20342	9979.629	9504.72	9080.51	171.42635	9364.203	8903.611	9738.905	125.20342	9979.629	9504.72	9080.51	171.42635	9364.203	8903.611	9080.51	171.42635	9364.203	8903.611	9738.905	125.20342	9979.629	9504.72	1000.0	1000.0	503999	632.7821	127.86405	860.49396	3.2606747	632.79193	127.8198	858.8482	-43.083027	5.613735	4.9184136	56.35408	-13.502518	244.23447	84.26174	11858.037390470505
127	9605.775	135.41852	9870.692	9364.562	9093.469	108.146935	9236.355	8985.504	9605.775	135.41852	9870.692	9364.562	9093.469	108.146935	9236.355	8985.504	9093.469	108.146935	9236.355	8985.504	9605.775	135.41852	9870.692	9364.562	1000.0	1000.0	507999	634.7247	128.55656	858.2368	3.29199	634.73334	128.51447	861.3762	-76.7036	5.5906677	4.9168973	105.25492	-13.452835	255.26927	85.2048	11951.707530260086
128	9832.343	224.11223	10197.335	9561.299	8940.068	188.58849	9127.288	8708.642	9832.343	224.11223	10197.335	9561.299	8940.068	188.58849	9127.288	8708.642	8940.068	188.58849	9127.288	8708.642	9832.343	224.11223	10197.335	9561.299	1000.0	1000.0	511999	637.76526	128.13007	861.6806	3.3185644	637.7744	128.08702	862.65204	-45.28194	5.6581674	4.919515	104.59267	-12.527805	249.53041	88.29273	12045.782760858536
129	10060.491	206.08768	10370.85	9748.691	9179.971	375.04684	9656.089	8727.082	10060.491	206.08768	10370.85	9748.691	9179.971	375.04684	9656.089	8727.082	9179.971	375.04684	9656.089	8727.082	10060.491	206.08768	10370.85	9748.691	1000.0	1000.0	515999	639.67773	127.54825	860.7552	3.3480709	639.6862	127.50637	862.3309	-45.51658	5.646022	4.896049	103.5928	-14.4084425	237.42836	87.77847	12139.839062452316
130	9332.533	2048.225	10186.72	3196.996	8881.456	143.42116	9035.911	8663.065	9332.533	2048.225	10186.72	3196.996	8881.456	143.42116	9035.911	8663.065	8881.456	143.42116	9035.911	8663.065	9332.533	2048.225	10186.72	3196.996	1000.0	1000.0	519999	640.53986	128.09784	855.8087	3.377454	640.54834	128.05856	857.112	-47.309933	5.635452	4.852089	69.08564	-14.389965	236.08035	87.57538	12230.321256399155
131	10286.158	198.59552	10571.232	9935.834	9427.912	65.04112	9517.547	9333.889	10286.158	198.59552	10571.232	9935.834	9427.912	65.04112	9517.547	9333.889	9427.912	65.04112	9517.547	9333.889	10286.158	198.59552	10571.232	9935.834	1000.0	1000.0	523999	642.9558	128.1572	861.4148	3.4099834	642.96313	128.11632	864.21075	-38.920544	5.639897	4.8380995	58.00106	-12.357641	231.40163	87.26627	12320.673296928406
132	9568.689	1154.6407	10328.678	6179.4053	9274.827	174.42621	9542.844	9060.527	9568.689	1154.6407	10328.678	6179.4053	9274.827	174.42621	9542.844	9060.527	9274.827	174.42621	9542.844	9060.527	9568.689	1154.6407	10328.678	6179.4053	1000.0	1000.0	527999	645.83997	128.2207	864.3115	3.441734	645.8467	128.18668	860.20605	-44.714584	5.6497808	4.8404803	91.901146	-13.871524	225.23395	85.135345	12411.04148888588
133	10082.229	200.93036	10345.868	9745.158	9405.722	120.15647	9596.389	9288.278	10082.229	200.93036	10345.868	9745.158	9405.722	120.15647	9596.389	9288.278	9405.722	120.15647	9596.389	9288.278	10082.229	200.93036	10345.868	9745.158	1000.0	1000.0	531999	647.7301	128.70697	862.4246	3.4697762	647.7374	128.67554	865.68506	-91.50603	5.7002444	4.9194613	75.04149	-12.256127	223.033	94.07086	12501.28262758255
134	9552.966	1862.181	10538.244	3990.5913	9368.354	223.457	9697.45	9125.271	9552.966	1862.181	10538.244	3990.5913	9368.354	223.457	9697.45	9125.271	9368.354	223.457	9697.45	9125.271	9552.966	1862.181	10538.244	3990.5913	1000.0	1000.0	535999	649.64294	128.55089	867.4959	3.4988074	649.6489	128.52245	865.78375	-71.17483	5.6922317	4.8218417	51.36239	-12.821894	231.13312	95.70832	12593.68767285347
135	10216.107	172.64775	10506.879	9933.095	9420.32	120.75288	9561.443	9229.607	10216.107	172.64775	10506.879	9933.095	9420.32	120.75288	9561.443	9229.607	9420.32	120.75288	9561.443	9229.607	10216.107	172.64775	10506.879	9933.095	1000.0	1000.0	539999	650.70917	128.85957	871.91095	3.5268278	650.71606	128.8292	869.0064	-43.17211	5.7107925	4.8881545	67.634155	-13.8352585	228.9119	94.28725	12684.37646317482
136	9059.37	336.739	9832.358	8404.665	9510.173	188.93076	9725.106	9276.15	9059.37	336.739	9832.358	8404.665	9510.173	188.93076	9725.106	9276.15	9510.173	188.93076	9725.106	9276.15	9059.37	336.739	9832.358	8404.665	1000.0	1000.0	543999	652.1855	128.6396	871.957	3.5545545	652.192	128.61037	873.19934	-51.182133	5.700563	4.78675	57.158504	-13.501152	210.65996	93.74884	12775.097025871277
137	10061.797	220.74268	10467.124	9590.915	9408.059	138.8875	9559.225	9265.084	10061.797	220.74268	10467.124	9590.915	9408.059	138.8875	9559.225	9265.084	9408.059	138.8875	9559.225	9265.084	10061.797	220.74268	10467.124	9590.915	1000.0	1000.0	547999	655.01086	128.40773	868.7211	3.5826273	655.0162	128.37715	871.13727	-42.073437	5.816452	4.884247	71.76295	-11.949901	207.65175	88.34568	12865.626183748245
138	9668.005	128.83784	9878.222	9510.483	9007.125	289.4571	9270.187	8527.82	9668.005	128.83784	9878.222	9510.483	9007.125	289.4571	9270.187	8527.82	9007.125	289.4571	9270.187	8527.82	9668.005	128.83784	9878.222	9510.483	1000.0	1000.0	551999	657.2214	129.74437	875.42993	3.60955	657.2271	129.71794	878.35516	-50.5077	5.7665644	4.845571	69.18648	-12.623652	190.50897	90.59102	12956.406088352203
139	9483.736	144.03033	9710.205	9200.238	9269.2295	178.2682	9540.649	9058.907	9483.736	144.03033	9710.205	9200.238	9269.2295	178.2682	9540.649	9058.907	9269.2295	178.2682	9540.649	9058.907	9483.736	144.03033	9710.205	9200.238	1000.0	1000.0	555999	659.9356	129.59193	880.70807	3.6395993	659.9397	129.56854	876.29584	-85.43888	5.7933974	4.8422675	53.637253	-13.799298	199.47731	93.186485	13047.961588382721
140	9688.2	1897.8325	10595.662	4017.3826	7918.917	2103.0806	9542.73	4307.4565	9688.2	1897.8325	10595.662	4017.3826	7918.917	2103.0806	9542.73	4307.4565	7918.917	2103.0806	9542.73	4307.4565	9688.2	1897.8325	10595.662	4017.3826	1000.0	1000.0	559999	661.9484	129.80655	879.18567	3.6654468	661.95386	129.78671	881.5025	-49.76846	5.8249545	4.8408794	49.658314	-13.444262	199.20287	100.43309	13142.176713943481
141	8662.5205	2887.8123	10554.868	1961.5033	9260.496	401.42236	9616.774	8578.848	8662.5205	2887.8123	10554.868	1961.5033	9260.496	401.42236	9616.774	8578.848	9260.496	401.42236	9616.774	8578.848	8662.5205	2887.8123	10554.868	1961.5033	1000.0	1000.0	563999	662.9712	131.75545	882.6026	3.6929066	662.97485	131.73631	888.53094	-84.24618	5.848555	4.8595176	67.60374	-13.467885	175.62202	102.948395	13237.81500697136
142	9895.503	142.99614	10114.432	9716.683	9338.493	294.76923	9761.573	8973.157	9895.503	142.99614	10114.432	9716.683	9338.493	294.76923	9761.573	8973.157	9338.493	294.76923	9761.573	8973.157	9895.503	142.99614	10114.432	9716.683	1000.0	1000.0	567999	663.8516	132.16336	881.59015	3.7186427	663.8572	132.14233	883.19415	-43.493496	5.7680974	4.771349	81.14622	-14.749006	181.59267	96.182724	13331.8885409832
143	9710.899	1754.4683	10636.536	4476.613	9297.691	496.3367	10086.883	8833.293	9710.899	1754.4683	10636.536	4476.613	9297.691	496.3367	10086.883	8833.293	9297.691	496.3367	10086.883	8833.293	9710.899	1754.4683	10636.536	4476.613	1000.0	1000.0	571999	665.5139	131.39677	887.6472	3.7447996	665.5179	131.37704	891.55695	-124.2426	5.8788633	4.8886676	88.28717	-13.8898115	177.35211	104.89489	13426.931465148926
144	9879.154	1320.6135	10490.064	5931.8843	9686.896	107.81847	9807.826	9536.232	9879.154	1320.6135	10490.064	5931.8843	9686.896	107.81847	9807.826	9536.232	9686.896	107.81847	9807.826	9536.232	9879.154	1320.6135	10490.064	5931.8843	1000.0	1000.0	575999	667.1701	132.07582	887.90295	3.7701437	667.175	132.05814	885.4758	-153.90958	5.8450627	4.8971715	104.40814	-12.172736	178.65874	97.066124	13518.768539428711
145	10226.239	181.29456	10404.266	9923.925	9589.809	167.67792	9821.4375	9387.707	10226.239	181.29456	10404.266	9923.925	9589.809	167.67792	9821.4375	9387.707	9589.809	167.67792	9821.4375	9387.707	10226.239	181.29456	10404.266	9923.925	1000.0	1000.0	579999	669.7991	131.90526	885.49927	3.7967017	669.8039	131.88605	887.8257	-80.39413	5.9157333	4.8707237	108.24136	-11.4887295	177.46025	101.56842	13610.472744464874
146	9336.752	193.44543	9690.864	9093.363	7523.3916	3659.871	9981.677	1218.9209	9336.752	193.44543	9690.864	9093.363	7523.3916	3659.871	9981.677	1218.9209	7523.3916	3659.871	9981.677	1218.9209	9336.752	193.44543	9690.864	9093.363	1000.0	1000.0	583999	671.3579	133.68007	889.14777	3.825449	671.3622	133.65744	892.58344	-36.03856	5.943989	4.7892895	134.18706	-12.412038	173.05594	101.74335	13704.267643928528
147	10513.283	158.43558	10761.987	10263.746	9701.37	172.2464	9876.655	9437.343	10513.283	158.43558	10761.987	10263.746	9701.37	172.2464	9876.655	9437.343	9701.37	172.2464	9876.655	9437.343	10513.283	158.43558	10761.987	10263.746	1000.0	1000.0	587999	673.24896	135.01144	895.69574	3.8555613	673.2531	134.99115	895.61176	-51.036217	5.9390807	4.8584023	61.654663	-12.118498	179.69427	101.57303	13796.479771852493
148	10564.047	213.94962	10950.641	10202.825	9811.347	174.34456	10055.001	9634.474	10564.047	213.94962	10950.641	10202.825	9811.347	174.34456	10055.001	9634.474	9811.347	174.34456	10055.001	9634.474	10564.047	213.94962	10950.641	10202.825	1000.0	1000.0	591999	675.91327	134.5784	898.58154	3.884339	675.9178	134.5617	898.3564	-88.28261	6.038128	4.983289	79.19183	-12.18321	177.14754	103.331116	13887.642010688782
149	10070.497	131.57347	10268.066	9787.109	9752.106	193.64192	10055.683	9569.159	10070.497	131.57347	10268.066	9787.109	9752.106	193.64192	10055.683	9569.159	9752.106	193.64192	10055.683	9569.159	10070.497	131.57347	10268.066	9787.109	1000.0	1000.0	595999	677.3486	134.92706	898.35333	3.9123363	677.3527	134.91045	901.28217	-55.830296	5.9178143	4.8639526	58.853317	-12.087464	155.00882	106.28492	13978.472249746323
150	9377.988	2219.8337	10701.784	4520.12	9771.824	280.40424	10070.151	9366.745	9377.988	2219.8337	10701.784	4520.12	9771.824	280.40424	10070.151	9366.745	9771.824	280.40424	10070.151	9366.745	9377.988	2219.8337	10701.784	4520.12	1000.0	1000.0	599999	678.90704	134.97598	890.7533	3.9436464	678.9106	134.95966	890.7617	-43.425003	5.963347	4.8921065	64.98966	-11.902155	149.51431	100.02627	14069.117645978928
151	10629.458	226.94325	10958.835	10174.305	9821.708	241.78625	10071.691	9539.293	10629.458	226.94325	10958.835	10174.305	9821.708	241.78625	10071.691	9539.293	9821.708	241.78625	10071.691	9539.293	10629.458	226.94325	10958.835	10174.305	1000.0	1000.0	603999	681.3643	134.27682	899.21564	3.9703028	681.3677	134.26309	896.0892	-57.553024	6.021526	4.6948223	82.65622	-16.030296	136.57372	100.36039	14160.036801815033
152	10588.875	233.21118	10902.662	10270.78	9797.72	183.09172	10024.62	9514.315	10588.875	233.21118	10902.662	10270.78	9797.72	183.09172	10024.62	9514.315	9797.72	183.09172	10024.62	9514.315	10588.875	233.21118	10902.662	10270.78	1000.0	1000.0	607999	683.0017	134.98863	894.14777	3.996545	683.00507	134.975	901.9123	-55.385582	5.9777184	4.8229346	61.148785	-13.616333	111.89013	102.02425	14251.775867700577
153	10588.045	165.27237	10793.3125	10283.148	10109.949	213.04724	10398.706	9831.498	10588.045	165.27237	10793.3125	10283.148	10109.949	213.04724	10398.706	9831.498	10109.949	213.04724	10398.706	9831.498	10588.045	165.27237	10793.3125	10283.148	1000.0	1000.0	611999	685.3392	135.95218	901.57404	4.021241	685.3424	135.93709	901.66235	-55.512444	6.0723863	4.7030087	68.962906	-13.655119	94.22737	105.25575	14348.768964290619
154	10699.424	140.29758	10847.131	10426.552	9925.529	223.51662	10211.8955	9598.801	10699.424	140.29758	10847.131	10426.552	9925.529	223.51662	10211.8955	9598.801	9925.529	223.51662	10211.8955	9598.801	10699.424	140.29758	10847.131	10426.552	1000.0	1000.0	615999	688.97217	135.72466	911.2182	4.0486536	688.9729	135.71846	910.10986	-144.6017	5.997758	4.830873	58.556343	-11.240153	80.73378	101.71808	14447.765708208084
155	9571.514	1680.3896	10648.545	4562.2285	9881.879	212.74046	10130.418	9561.521	9571.514	1680.3896	10648.545	4562.2285	9881.879	212.74046	10130.418	9561.521	9881.879	212.74046	10130.418	9561.521	9571.514	1680.3896	10648.545	4562.2285	1000.0	1000.0	619999	691.37897	135.76506	920.23267	4.073925	691.3821	135.7542	922.2451	-100.923645	6.0519114	4.8687954	57.888664	-12.0712385	78.858154	109.63769	14543.940593242645
156	9970.112	2295.361	10975.49	3107.918	9703.905	351.47882	10289.99	9361.961	9970.112	2295.361	10975.49	3107.918	9703.905	351.47882	10289.99	9361.961	9703.905	351.47882	10289.99	9361.961	9970.112	2295.361	10975.49	3107.918	1000.0	1000.0	623999	693.73474	137.26898	933.9643	4.102348	693.7377	137.25467	933.8343	-84.764435	6.0359674	4.872839	80.48595	-15.403524	101.41627	101.24186	14640.635577440262
157	10257.6455	804.05945	10740.662	7878.6367	9892.648	212.52544	10177.181	9655.158	10257.6455	804.05945	10740.662	7878.6367	9892.648	212.52544	10177.181	9655.158	9892.648	212.52544	10177.181	9655.158	10257.6455	804.05945	10740.662	7878.6367	1000.0	1000.0	627999	695.4656	136.55814	928.1325	4.130969	695.46765	136.54872	926.42896	-93.56232	6.0826874	4.8658237	58.414642	-13.167177	108.38622	108.9714	14737.728033542633
158	10630.507	128.74092	10831.019	10484.1875	8352.603	3073.509	10301.56	3036.2896	10630.507	128.74092	10831.019	10484.1875	8352.603	3073.509	10301.56	3036.2896	8352.603	3073.509	10301.56	3036.2896	10630.507	128.74092	10831.019	10484.1875	1000.0	1000.0	631999	696.4673	137.18134	927.82764	4.1569214	696.47064	137.16814	931.44446	-106.19304	6.1466875	4.9027333	71.96815	-13.076295	90.0238	104.37245	14835.234257221222
159	9874.718	1661.9672	10717.084	4938.6006	10088.045	353.6798	10540.25	9550.764	9874.718	1661.9672	10717.084	4938.6006	10088.045	353.6798	10540.25	9550.764	10088.045	353.6798	10540.25	9550.764	9874.718	1661.9672	10717.084	4938.6006	1000.0	1000.0	635999	697.208	138.81792	937.9338	4.1864214	697.21	138.80843	942.6146	-159.88437	6.1362724	4.930841	61.455265	-11.568226	109.50924	110.37727	14931.019568920135
160	10523.823	185.18584	10808.327	10205.09	9877.678	351.99725	10286.471	9317.131	10523.823	185.18584	10808.327	10205.09	9877.678	351.99725	10286.471	9317.131	9877.678	351.99725	10286.471	9317.131	10523.823	185.18584	10808.327	10205.09	1000.0	1000.0	639999	697.4429	138.59315	925.05817	4.2117634	697.4459	138.58101	926.62836	-53.864746	6.209966	5.001185	80.21878	-13.634565	113.34512	105.924484	15030.104281663895
161	10693.64	145.56998	10888.829	10408.086	10009.626	104.31509	10170.853	9901.462	10693.64	145.56998	10888.829	10408.086	10009.626	104.31509	10170.853	9901.462	10009.626	104.31509	10170.853	9901.462	10693.64	145.56998	10888.829	10408.086	1000.0	1000.0	643999	698.72095	139.44698	937.9886	4.2390428	698.72314	139.43826	936.71027	-86.10416	6.1021857	4.951719	62.672043	-11.525377	127.1959	106.71823	15127.36779141426
162	10305.926	1678.4102	11132.712	5294.2656	10020.671	150.3819	10152.805	9769.677	10305.926	1678.4102	11132.712	5294.2656	10020.671	150.3819	10152.805	9769.677	10020.671	150.3819	10152.805	9769.677	10305.926	1678.4102	11132.712	5294.2656	1000.0	1000.0	647999	698.4797	139.02869	932.2487	4.2663383	698.4823	139.0185	933.6343	-114.95459	6.2102437	5.0479884	81.70166	-13.477628	103.00804	118.605934	15223.219554901123
163	10661.997	155.97292	10916.316	10404.031	9840.575	252.10764	10081.824	9425.558	10661.997	155.97292	10916.316	10404.031	9840.575	252.10764	10081.824	9425.558	9840.575	252.10764	10081.824	9425.558	10661.997	155.97292	10916.316	10404.031	1000.0	1000.0	651999	700.2112	138.28368	928.4061	4.295	700.213	138.2746	930.86957	-72.5458	6.2466583	5.082981	53.528027	-12.384401	136.24826	113.12929	15318.111057043076
164	10711.764	145.73181	11016.525	10504.864	10104.334	144.20312	10303.004	9902.435	10711.764	145.73181	11016.525	10504.864	10104.334	144.20312	10303.004	9902.435	10104.334	144.20312	10303.004	9902.435	10711.764	145.73181	11016.525	10504.864	1000.0	1000.0	655999	700.00494	138.1769	928.4872	4.320714	700.0083	138.16177	927.867	-60.19912	6.201399	4.9971848	64.91166	-12.712366	125.07206	111.45144	15412.624015808105
165	10245.349	250.09375	10645.623	9731.192	9944.62	294.579	10268.161	9510.342	10245.349	250.09375	10645.623	9731.192	9944.62	294.579	10268.161	9510.342	9944.62	294.579	10268.161	9510.342	10245.349	250.09375	10645.623	9731.192	1000.0	1000.0	659999	701.34827	138.84592	932.93024	4.3492703	701.35	138.83858	929.4303	-95.25434	6.207602	5.0986567	62.326775	-11.102459	154.29831	107.74896	15505.8766310215
166	9263.885	144.91043	9449.919	9066.963	10109.6875	104.260605	10220.04	9972.837	9263.885	144.91043	9449.919	9066.963	10109.6875	104.260605	10220.04	9972.837	10109.6875	104.260605	10220.04	9972.837	9263.885	144.91043	9449.919	9066.963	1000.0	1000.0	663999	700.63544	138.1941	926.7603	4.3756733	700.6375	138.17935	924.9305	-45.273285	6.2219405	5.061957	59.792606	-14.679289	154.95255	107.92913	15597.308172941208
167	10518.1455	210.9595	10967.902	10250.997	9811.207	332.20786	10262.116	9403.332	10518.1455	210.9595	10967.902	10250.997	9811.207	332.20786	10262.116	9403.332	9811.207	332.20786	10262.116	9403.332	10518.1455	210.9595	10967.902	10250.997	1000.0	1000.0	667999	701.4125	138.24155	928.538	4.4008446	701.41547	138.23103	927.9298	-64.63062	6.214784	5.063251	66.54929	-12.871849	147.28146	112.28805	15690.744934082031
168	10049.032	654.92535	10567.621	8170.503	10266.727	116.28412	10413.442	10087.785	10049.032	654.92535	10567.621	8170.503	10266.727	116.28412	10413.442	10087.785	10266.727	116.28412	10413.442	10087.785	10049.032	654.92535	10567.621	8170.503	1000.0	1000.0	671999	701.26166	137.59595	923.7425	4.4286356	701.26447	137.58173	927.8689	-29.081232	6.241872	5.023487	95.13819	-11.196962	194.09415	116.00812	15782.338506937027
169	10780.408	102.176094	10944.798	10642.887	8329.379	2936.094	10260.782	3250.3499	10780.408	102.176094	10944.798	10642.887	8329.379	2936.094	10260.782	3250.3499	8329.379	2936.094	10260.782	3250.3499	10780.408	102.176094	10944.798	10642.887	1000.0	1000.0	675999	701.1462	137.82103	925.5199	4.4561048	701.14655	137.8189	928.18207	-112.562355	6.234908	5.070987	95.74489	-14.477293	211.20572	118.47304	15871.00656580925
170	10871.791	188.39334	11155.073	10540.876	9794.359	109.91096	9921.364	9648.385	10871.791	188.39334	11155.073	10540.876	9794.359	109.91096	9921.364	9648.385	9794.359	109.91096	9921.364	9648.385	10871.791	188.39334	11155.073	10540.876	1000.0	1000.0	679999	698.59546	139.29121	921.9087	4.481815	698.596	139.2816	925.9625	-62.543972	6.260469	5.1741652	113.4351	-11.148165	198.54512	118.871826	15959.670650482178
171	8722.572	1916.7172	9916.851	3076.463	8767.37	2069.3354	10195.47	5218.7163	8722.572	1916.7172	9916.851	3076.463	8767.37	2069.3354	10195.47	5218.7163	8767.37	2069.3354	10195.47	5218.7163	8722.572	1916.7172	9916.851	3076.463	1000.0	1000.0	683999	698.8375	138.88554	917.94745	4.505143	698.83905	138.89082	920.991	-139.58238	6.176027	4.9497857	61.60377	-11.600754	194.82571	119.74253	16052.18681383133
172	10612.388	203.76248	10881.912	10223.672	9755.21	208.87462	9992.343	9452.492	10612.388	203.76248	10881.912	10223.672	9755.21	208.87462	9992.343	9452.492	9755.21	208.87462	9992.343	9452.492	10612.388	203.76248	10881.912	10223.672	1000.0	1000.0	687999	698.2713	139.19751	916.6237	4.529469	698.27216	139.19441	918.2935	-81.64165	6.37023	5.227093	75.29335	-14.635595	201.69868	125.21999	16148.729796886444
173	10248.419	142.54999	10405.227	10032.807	10212.638	97.46543	10347.368	10082.612	10248.419	142.54999	10405.227	10032.807	10212.638	97.46543	10347.368	10082.612	10212.638	97.46543	10347.368	10082.612	10248.419	142.54999	10405.227	10032.807	1000.0	1000.0	691999	698.2758	139.34465	921.7325	4.552804	698.2763	139.33685	922.2525	-53.726616	6.2674823	5.040976	103.08768	-15.240575	191.04135	117.8978	16247.787909030914
174	10320.248	137.17227	10552.738	10082.363	10128.2705	216.6108	10469.763	9933.483	10320.248	137.17227	10552.738	10082.363	10128.2705	216.6108	10469.763	9933.483	10128.2705	216.6108	10469.763	9933.483	10320.248	137.17227	10552.738	10082.363	1000.0	1000.0	695999	699.14307	139.36443	921.45825	4.577712	699.1449	139.36232	921.2535	-59.804	6.2741137	4.902919	78.94014	-15.189901	180.96059	113.21203	16347.69622516632
175	10696.17	194.2291	11116.55	10458.732	10130.684	168.52849	10302.593	9871.327	10696.17	194.2291	11116.55	10458.732	10130.684	168.52849	10302.593	9871.327	10130.684	168.52849	10302.593	9871.327	10696.17	194.2291	11116.55	10458.732	1000.0	1000.0	699999	702.06775	140.31119	929.1268	4.603442	702.0682	140.30965	929.67914	-62.650955	6.212476	4.9133244	64.447044	-12.440779	195.80876	116.93288	16444.360876321793
176	10605.818	145.0757	10830.193	10333.3	10222.079	209.04094	10532.123	9950.573	10605.818	145.0757	10830.193	10333.3	10222.079	209.04094	10532.123	9950.573	10222.079	209.04094	10532.123	9950.573	10605.818	145.0757	10830.193	10333.3	1000.0	1000.0	703999	704.75275	140.68451	930.10077	4.6296086	704.75543	140.67154	926.1462	-26.742462	6.372805	5.0327945	76.65533	-12.792969	197.722	118.6947	16539.057233333588
177	10029.2295	184.41902	10288.107	9677.154	9992.669	109.39686	10157.752	9850.208	10029.2295	184.41902	10288.107	9677.154	9992.669	109.39686	10157.752	9850.208	9992.669	109.39686	10157.752	9850.208	10029.2295	184.41902	10288.107	9677.154	1000.0	1000.0	707999	706.5348	140.06242	928.62964	4.6574655	706.5379	140.05219	931.00494	-41.588535	6.3687882	4.9465795	73.88351	-13.980474	185.3786	118.104324	16637.236861228943
178	10727.143	144.86382	10977.272	10471.232	9998.014	177.5712	10206.742	9803.531	10727.143	144.86382	10977.272	10471.232	9998.014	177.5712	10206.742	9803.531	9998.014	177.5712	10206.742	9803.531	10727.143	144.86382	10977.272	10471.232	1000.0	1000.0	711999	708.2297	140.85362	936.4889	4.683338	708.23	140.84973	936.26263	-40.321877	6.4179955	5.1078506	117.083206	-12.623985	191.97186	114.57516	16730.68247652054
179	11046.789	252.20451	11534.09	10724.155	9222.165	1287.3772	10124.14	7010.758	11046.789	252.20451	11534.09	10724.155	9222.165	1287.3772	10124.14	7010.758	9222.165	1287.3772	10124.14	7010.758	11046.789	252.20451	11534.09	10724.155	1000.0	1000.0	715999	709.46497	141.397	927.4824	4.706354	709.4666	141.39105	928.8278	-61.722763	6.3258886	5.0365653	62.130245	-12.854653	200.44815	120.56793	16822.93083024025
180	10664.885	224.11359	11008.946	10378.402	10168.368	342.1809	10598.127	9740.075	10664.885	224.11359	11008.946	10378.402	10168.368	342.1809	10598.127	9740.075	10168.368	342.1809	10598.127	9740.075	10664.885	224.11359	11008.946	10378.402	1000.0	1000.0	719999	710.63184	140.70688	926.9165	4.732694	710.63293	140.70311	926.73425	-75.967094	6.4059086	5.0691857	66.44617	-12.870211	183.726	129.22505	16914.803569078445
181	10808.063	357.87976	11387.431	10251.603	9973.258	122.36164	10177.532	9867.702	10808.063	357.87976	11387.431	10251.603	9973.258	122.36164	10177.532	9867.702	9973.258	122.36164	10177.532	9867.702	10808.063	357.87976	11387.431	10251.603	1000.0	1000.0	723999	710.0337	141.56297	928.1933	4.758497	710.0363	141.55234	931.9754	-57.34972	6.3753405	4.9545674	84.50205	-13.667788	180.16257	130.40057	17008.03655910492
182	10340.31	197.09186	10687.019	9966.029	10056.645	257.31613	10418.118	9766.465	10340.31	197.09186	10687.019	9966.029	10056.645	257.31613	10418.118	9766.465	10056.645	257.31613	10418.118	9766.465	10340.31	197.09186	10687.019	9966.029	1000.0	1000.0	727999	710.77057	142.05634	926.41034	4.7820306	710.7707	142.05887	935.06464	-26.413872	6.4849844	4.92428	109.390724	-12.377623	182.06125	130.86055	17101.6179728508
183	10417.497	178.89174	10707.831	10086.609	10030.292	124.07625	10156.671	9885.683	10417.497	178.89174	10707.831	10086.609	10030.292	124.07625	10156.671	9885.683	10030.292	124.07625	10156.671	9885.683	10417.497	178.89174	10707.831	10086.609	1000.0	1000.0	731999	714.02576	142.47069	941.6062	4.803899	714.0275	142.4631	936.08997	-55.819355	6.519903	4.842172	127.014854	-14.535087	194.04889	124.95062	17194.708692789078
184	10941.279	203.88348	11356.02	10634.644	8471.587	3319.8142	10462.808	2722.7942	10941.279	203.88348	11356.02	10634.644	8471.587	3319.8142	10462.808	2722.7942	8471.587	3319.8142	10462.808	2722.7942	10941.279	203.88348	11356.02	10634.644	1000.0	1000.0	735999	717.5736	142.49911	937.99445	4.829048	717.5747	142.49953	936.1399	-69.64104	6.5157585	4.9507523	64.56603	-10.530771	207.19975	119.30195	17292.702853679657
185	10798.254	206.93504	11124.362	10402.166	10063.728	350.64252	10637.437	9756.462	10798.254	206.93504	11124.362	10402.166	10063.728	350.64252	10637.437	9756.462	10063.728	350.64252	10637.437	9756.462	10798.254	206.93504	11124.362	10402.166	1000.0	1000.0	739999	718.682	144.58522	946.52966	4.8558784	718.68176	144.58914	943.6974	-60.433712	6.5725517	4.969832	118.50136	-13.668948	200.67201	130.46982	17392.92269730568
186	10785.009	1309.8339	11492.034	6885.658	10282.185	256.3975	10539.12	9950.301	10785.009	1309.8339	11492.034	6885.658	10282.185	256.3975	10539.12	9950.301	10282.185	256.3975	10539.12	9950.301	10785.009	1309.8339	11492.034	6885.658	1000.0	1000.0	743999	721.85626	144.1899	944.5118	4.882079	721.8569	144.1933	940.0594	-79.32022	6.4771724	4.89645	84.75228	-11.2331705	186.63962	123.07845	17491.840913295746
187	10957.899	125.57641	11170.087	10705.874	10309.738	136.9047	10493.714	10175.086	10957.899	125.57641	11170.087	10705.874	10309.738	136.9047	10493.714	10175.086	10309.738	136.9047	10493.714	10175.086	10957.899	125.57641	11170.087	10705.874	1000.0	1000.0	747999	723.1589	144.4323	945.38354	4.909805	723.1587	144.43369	942.0989	-55.412766	6.4905186	4.937261	72.71393	-11.649395	160.68372	130.59097	17591.100610256195
188	10598.145	277.40982	10980.014	10036.675	10199.876	267.8617	10452.541	9792.717	10598.145	277.40982	10980.014	10036.675	10199.876	267.8617	10452.541	9792.717	10199.876	267.8617	10452.541	9792.717	10598.145	277.40982	10980.014	10036.675	1000.0	1000.0	751999	724.10547	144.66441	949.44147	4.936875	724.1069	144.66507	948.1894	-57.91363	6.6225324	4.9805155	57.66814	-12.406359	168.74391	134.2226	17689.356477975845
189	10762.889	116.63239	10926.903	10525.874	10372.068	106.0614	10478.055	10198.147	10762.889	116.63239	10926.903	10525.874	10372.068	106.0614	10478.055	10198.147	10372.068	106.0614	10478.055	10198.147	10762.889	116.63239	10926.903	10525.874	1000.0	1000.0	755999	726.428	144.13008	951.5367	4.9644704	726.428	144.12987	944.2724	-71.41807	6.605934	5.0325947	90.96967	-12.491173	216.4349	133.60397	17787.362123012543
190	8898.259	1688.7008	10026.974	4005.357	10325.397	192.4463	10654.891	10182.091	8898.259	1688.7008	10026.974	4005.357	10325.397	192.4463	10654.891	10182.091	10325.397	192.4463	10654.891	10182.091	8898.259	1688.7008	10026.974	4005.357	1000.0	1000.0	759999	727.3677	143.96301	947.6996	4.99101	727.3694	143.95749	949.3171	-38.32141	6.561362	4.995677	102.58702	-14.120515	204.29869	129.16093	17883.886280298233
191	10957.113	181.31068	11216.669	10678.566	10139.461	19.6448	10172.906	10122.411	10957.113	181.31068	11216.669	10678.566	10139.461	19.6448	10172.906	10122.411	10139.461	19.6448	10172.906	10122.411	10957.113	181.31068	11216.669	10678.566	1000.0	1000.0	763999	727.278	144.8995	942.6777	5.017438	727.27905	144.8957	939.79785	-67.185295	6.627629	5.0127864	68.24454	-12.358568	206.2332	125.73103	17979.44853401184
192	11141.211	108.250656	11305.881	10960.815	8686.027	2979.4062	10719.754	3541.0088	11141.211	108.250656	11305.881	10960.815	8686.027	2979.4062	10719.754	3541.0088	8686.027	2979.4062	10719.754	3541.0088	11141.211	108.250656	11305.881	10960.815	1000.0	1000.0	767999	729.0178	145.27992	948.95776	5.04321	729.01984	145.27548	947.59216	-72.09092	6.514167	4.863405	59.459057	-11.432902	169.73224	133.68279	18074.676051855087
193	10287.933	250.87608	10771.96	9912.43	10496.772	138.1796	10630.674	10265.112	10287.933	250.87608	10771.96	9912.43	10496.772	138.1796	10630.674	10265.112	10496.772	138.1796	10630.674	10265.112	10287.933	250.87608	10771.96	9912.43	1000.0	1000.0	771999	731.20953	145.42615	947.29553	5.0695343	731.20966	145.4279	950.66785	-76.490326	6.664043	4.9373116	98.87313	-14.59791	189.46869	149.17789	18168.032980442047
194	11169.281	149.62622	11459.5625	11029.553	10370.549	315.99622	10873.649	10012.728	11169.281	149.62622	11459.5625	11029.553	10370.549	315.99622	10873.649	10012.728	10370.549	315.99622	10873.649	10012.728	11169.281	149.62622	11459.5625	11029.553	1000.0	1000.0	775999	731.2181	146.1675	952.219	5.095738	731.2201	146.16837	956.2009	-22.35273	6.686565	4.9284096	81.94754	-14.254473	197.3615	139.01077	18261.534821987152
195	10312.123	98.87526	10426.193	10049.361	10422.635	298.3958	10750.275	10027.525	10312.123	98.87526	10426.193	10049.361	10422.635	298.3958	10750.275	10027.525	10422.635	298.3958	10750.275	10027.525	10312.123	98.87526	10426.193	10049.361	1000.0	1000.0	779999	731.309	145.57298	948.5266	5.121914	731.3092	145.57202	946.44836	-110.129005	6.6480007	4.9537144	101.50619	-12.06333	186.64629	136.11806	18354.816347837448
196	11100.713	218.90361	11490.636	10643.598	10306.927	228.62572	10641.86	9997.409	11100.713	218.90361	11490.636	10643.598	10306.927	228.62572	10641.86	9997.409	10306.927	228.62572	10641.86	9997.409	11100.713	218.90361	11490.636	10643.598	1000.0	1000.0	783999	731.0509	146.69566	946.27435	5.1460934	731.051	146.69954	942.216	-111.36086	6.6428843	5.012026	63.932644	-12.020827	208.07565	136.4335	18449.005997419357
197	10464.394	1356.3137	11120.003	6410.2007	10108.021	135.8767	10241.682	9892.99	10464.394	1356.3137	11120.003	6410.2007	10108.021	135.8767	10241.682	9892.99	10108.021	135.8767	10241.682	9892.99	10464.394	1356.3137	11120.003	6410.2007	1000.0	1000.0	787999	731.41754	145.51695	953.6732	5.169937	731.4195	145.51411	952.35046	-55.085255	6.622836	4.985772	102.605316	-13.559383	200.9838	135.79863	18542.32366013527
198	10103.576	2585.1538	11201.118	2378.3098	10422.633	366.6142	10880.784	9909.82	10103.576	2585.1538	11201.118	2378.3098	10422.633	366.6142	10880.784	9909.82	10422.633	366.6142	10880.784	9909.82	10103.576	2585.1538	11201.118	2378.3098	1000.0	1000.0	791999	732.9723	146.48257	955.77234	5.194819	732.97314	146.47885	949.33997	-98.371155	6.6821523	5.0430903	60.75834	-12.200054	201.67964	123.34864	18636.39900803566
199	11064.834	192.6338	11356.179	10777.659	10119.906	478.92365	10608.571	9353.479	11064.834	192.6338	11356.179	10777.659	10119.906	478.92365	10608.571	9353.479	10119.906	478.92365	10608.571	9353.479	11064.834	192.6338	11356.179	10777.659	1000.0	1000.0	795999	735.03424	145.96564	951.9646	5.2205424	735.03326	145.97417	952.4392	-22.217354	6.6137433	4.9706984	90.79938	-14.157354	174.72395	136.41924	18730.67922091484
200	10159.51	2296.4207	11239.106	3284.8457	10290.557	157.278	10480.927	10045.253	10159.51	2296.4207	11239.106	3284.8457	10290.557	157.278	10480.927	10045.253	10290.557	157.278	10480.927	10045.253	10159.51	2296.4207	11239.106	3284.8457	1000.0	1000.0	799999	734.6637	145.38991	955.2489	5.2458596	734.66406	145.39154	955.18835	-62.453114	6.658473	5.0011554	98.06487	-14.816901	152.25809	133.1117	18824.070447683334
