Epoch	AverageTestEnv0Ret	StdTestEnv0Ret	MaxTestEnv0Ret	MinTestEnv0Ret	AverageEnv0Ret	StdEnv0Ret	MaxEnv0Ret	MinEnv0Ret	AverageTestEnv1Ret	StdTestEnv1Ret	MaxTestEnv1Ret	MinTestEnv1Ret	AverageEnv1Ret	StdEnv1Ret	MaxEnv1Ret	MinEnv1Ret	AverageEpRet	StdEpRet	MaxEpRet	MinEpRet	AverageTestEpRet	StdTestEpRet	MaxTestEpRet	MinTestEpRet	EpLen	TestEpLen	TotalEnvInteracts	AverageQ1Vals	StdQ1Vals	MaxQ1Vals	MinQ1Vals	AverageQ2Vals	StdQ2Vals	MaxQ2Vals	MinQ2Vals	AverageLogPi	StdLogPi	MaxLogPi	MinLogPi	LossPi	LossQ	Time
1	621.71515	9.55281	633.6679	606.8007	-358.2131	16.993952	-329.24112	-371.9726	0.0	0.0	0.0	0.0	0.0	0.0	0.0	0.0	-358.2131	16.993952	-329.24112	-371.9726	621.71515	9.55281	633.6679	606.8007	1000.0	1000.0	3999	6.512754	5.948452	19.8495	-10.7833805	6.605397	5.9113193	19.864193	-1.8000474	-8.010847	5.974575	9.073317	-13.860732	1.57561	0.8910844	88.78933453559875
2	562.19965	12.3959675	584.0332	546.838	-360.79004	32.803757	-315.75143	-405.21008	0.0	0.0	0.0	0.0	0.0	0.0	0.0	0.0	-360.79004	32.803757	-315.75143	-405.21008	562.19965	12.3959675	584.0332	546.838	1000.0	1000.0	7999	19.612143	14.837242	32.2222	-10.81624	19.646963	14.830751	33.504814	-2.1932645	-7.1604424	5.4555154	12.427897	-13.693636	4.089911	1.6089382	202.52599549293518
3	838.0846	13.103438	861.75916	818.72516	-209.21173	187.85457	7.1049786	-413.6283	0.0	0.0	0.0	0.0	0.0	0.0	0.0	0.0	-209.21173	187.85457	7.1049786	-413.6283	838.0846	13.103438	861.75916	818.72516	1000.0	1000.0	11999	32.54265	23.590061	35.725773	-10.437143	32.551617	23.589018	35.309395	-2.2009692	-7.01832	5.362676	14.5182705	-15.128273	6.5133166	1.8798574	317.61664390563965
4	759.38275	5.23474	767.32544	750.8835	109.9721	70.10166	181.53665	-3.8236587	0.0	0.0	0.0	0.0	0.0	0.0	0.0	0.0	109.9721	70.10166	181.53665	-3.8236587	759.38275	5.23474	767.32544	750.8835	1000.0	1000.0	15999	41.656635	29.883078	39.72551	-8.977827	41.657375	29.882954	39.19923	-2.1209786	-6.861195	5.2505383	19.42248	-14.913616	8.163357	2.0680835	434.543518781662
5	728.1818	3.8432233	736.11	722.02905	151.24483	93.540596	226.85829	-7.8620076	0.0	0.0	0.0	0.0	0.0	0.0	0.0	0.0	151.24483	93.540596	226.85829	-7.8620076	728.1818	3.8432233	736.11	722.02905	1000.0	1000.0	19999	49.347626	35.326	46.53475	-6.7255793	49.34928	35.32483	46.718357	-1.9818039	-6.3760967	4.9971414	20.858633	-14.05289	9.560234	2.5729663	550.9561402797699
6	705.0852	5.7541695	715.66986	696.38654	271.75897	45.123703	318.60535	201.1236	0.0	0.0	0.0	0.0	0.0	0.0	0.0	0.0	271.75897	45.123703	318.60535	201.1236	705.0852	5.7541695	715.66986	696.38654	1000.0	1000.0	23999	56.46555	40.417896	50.93965	-7.035173	56.46674	40.41678	50.676167	-1.859205	-6.1008577	4.8482027	21.721218	-15.995898	10.817762	2.6286802	667.29749584198
7	736.95514	3.950572	745.47675	732.0476	326.69965	33.260353	371.65668	281.80508	0.0	0.0	0.0	0.0	0.0	0.0	0.0	0.0	326.69965	33.260353	371.65668	281.80508	736.95514	3.950572	745.47675	732.0476	1000.0	1000.0	27999	63.982944	45.89037	56.420975	-8.17551	63.984467	45.889378	56.6708	-1.7030787	-5.7996507	4.7197328	30.942287	-15.439482	12.11668	2.620938	784.5239272117615
8	677.7554	12.156587	701.1974	660.89264	337.81488	27.839472	375.84955	307.58176	0.0	0.0	0.0	0.0	0.0	0.0	0.0	0.0	337.81488	27.839472	375.84955	307.58176	677.7554	12.156587	701.1974	660.89264	1000.0	1000.0	31999	71.67816	51.540546	63.21693	-8.808862	71.67944	51.539658	64.660164	-1.0666766	-5.7263136	4.6898413	26.613573	-16.136456	13.454992	2.701332	902.0616595745087
9	774.4774	5.767966	783.9597	764.2947	308.28015	27.36415	348.81375	272.7876	0.0	0.0	0.0	0.0	0.0	0.0	0.0	0.0	308.28015	27.36415	348.81375	272.7876	774.4774	5.767966	783.9597	764.2947	1000.0	1000.0	35999	78.46892	56.58616	68.98267	-6.3376975	78.47029	56.58529	70.33446	0.9156308	-5.6868286	4.673064	20.73948	-17.354187	14.688341	2.7834725	1021.4065210819244
10	679.02985	17.265465	705.3672	660.72107	401.11728	36.321167	440.2029	342.19272	0.0	0.0	0.0	0.0	0.0	0.0	0.0	0.0	401.11728	36.321167	440.2029	342.19272	679.02985	17.265465	705.3672	660.72107	1000.0	1000.0	39999	84.52958	61.177467	73.69972	-6.5369525	84.53116	61.17625	74.78771	1.0317968	-5.6715007	4.6672893	32.30491	-16.152676	15.661866	2.912087	1139.4856872558594
11	745.192	5.830928	756.20905	735.16724	377.21375	51.23325	453.8372	309.4833	0.0	0.0	0.0	0.0	0.0	0.0	0.0	0.0	377.21375	51.23325	453.8372	309.4833	745.192	5.830928	756.20905	735.16724	1000.0	1000.0	43999	90.47821	65.639015	78.75456	-7.1857724	90.48018	65.63836	78.06573	1.0086257	-5.64815	4.66538	18.540857	-15.877863	16.68889	2.8526523	1257.9654369354248
12	778.16846	62.3223	901.30273	708.5861	337.48492	31.477692	385.88513	299.04468	0.0	0.0	0.0	0.0	0.0	0.0	0.0	0.0	337.48492	31.477692	385.88513	299.04468	778.16846	62.3223	901.30273	708.5861	1000.0	1000.0	47999	95.73865	69.57671	81.06957	-5.307126	95.73975	69.57618	82.79664	1.0719767	-5.668403	4.6822376	36.989464	-15.102297	17.516956	2.797217	1391.0368239879608
13	719.2677	98.827705	946.6493	629.2416	351.95715	41.241066	409.39426	293.81903	0.0	0.0	0.0	0.0	0.0	0.0	0.0	0.0	351.95715	41.241066	409.39426	293.81903	719.2677	98.827705	946.6493	629.2416	1000.0	1000.0	51999	100.8974	73.38303	84.84223	-4.43302	100.89754	73.38247	84.738945	1.202071	-5.653562	4.684689	26.978054	-14.194788	18.555403	2.694718	1543.5545363426208
14	761.08	31.935467	808.00934	709.4275	340.3981	6.301324	345.8601	330.1041	0.0	0.0	0.0	0.0	0.0	0.0	0.0	0.0	340.3981	6.301324	345.8601	330.1041	761.08	31.935467	808.00934	709.4275	1000.0	1000.0	55999	105.82631	76.984764	88.23114	-5.165608	105.82684	76.984436	87.6324	1.0653086	-5.6197705	4.676129	23.030437	-16.964808	19.73152	2.5978062	1696.4598400592804
15	827.8457	38.5163	909.3246	751.45526	361.12134	80.065674	497.18054	290.8807	0.0	0.0	0.0	0.0	0.0	0.0	0.0	0.0	361.12134	80.065674	497.18054	290.8807	827.8457	38.5163	909.3246	751.45526	1000.0	1000.0	59999	110.69772	80.49324	89.87909	-7.120326	110.69772	80.49286	90.797874	0.93181825	-5.679685	4.707413	33.266525	-14.1927185	20.69075	2.5198534	1853.092638015747
16	829.4872	36.043976	918.3022	788.7184	371.1333	49.184143	447.46066	312.0903	0.0	0.0	0.0	0.0	0.0	0.0	0.0	0.0	371.1333	49.184143	447.46066	312.0903	829.4872	36.043976	918.3022	788.7184	1000.0	1000.0	63999	114.88405	83.51702	91.5996	-4.1640434	114.88423	83.516716	92.80992	0.9907283	-5.6838894	4.711505	29.282053	-16.083668	21.425894	2.4499269	1992.2402048110962
17	877.62354	75.25874	1080.4904	822.5338	323.55017	36.2371	366.26694	269.0772	0.0	0.0	0.0	0.0	0.0	0.0	0.0	0.0	323.55017	36.2371	366.26694	269.0772	877.62354	75.25874	1080.4904	822.5338	1000.0	1000.0	67999	118.6606	86.23861	94.16911	-6.3648853	118.66082	86.23833	94.143936	0.7556523	-5.7061377	4.7316084	23.669731	-16.095325	21.63156	2.48119	2117.9639184474945
18	848.1081	19.421625	888.6253	816.6237	325.40555	35.920174	386.1397	297.7135	0.0	0.0	0.0	0.0	0.0	0.0	0.0	0.0	325.40555	35.920174	386.1397	297.7135	848.1081	19.421625	888.6253	816.6237	1000.0	1000.0	71999	122.24705	88.76312	99.24923	-4.521893	122.24721	88.76288	101.38365	0.664773	-5.7287173	4.7471876	33.785065	-15.115675	21.216047	2.3610668	2244.114732503891
19	895.6965	84.69709	1140.2399	842.5356	341.20776	34.117916	399.95636	316.60797	0.0	0.0	0.0	0.0	0.0	0.0	0.0	0.0	341.20776	34.117916	399.95636	316.60797	895.6965	84.69709	1140.2399	842.5356	1000.0	1000.0	75999	125.54865	91.07128	102.219124	-2.3310087	125.54833	91.07111	104.5498	0.6065831	-5.8103576	4.778297	44.099438	-15.278061	21.269016	2.3363907	2370.134590625763
20	849.7958	20.65591	886.2989	821.35004	338.68887	13.029977	352.37964	319.6696	0.0	0.0	0.0	0.0	0.0	0.0	0.0	0.0	338.68887	13.029977	352.37964	319.6696	849.7958	20.65591	886.2989	821.35004	1000.0	1000.0	79999	128.6906	93.24787	102.95474	-1.9984422	128.69054	93.24779	104.96863	0.9228338	-5.786078	4.7752643	27.395172	-14.773275	21.379065	2.314532	2496.6538450717926
21	856.7544	14.29393	877.48737	819.1917	322.0798	24.06187	350.97626	284.14716	0.0	0.0	0.0	0.0	0.0	0.0	0.0	0.0	322.0798	24.06187	350.97626	284.14716	856.7544	14.29393	877.48737	819.1917	1000.0	1000.0	83999	131.5546	95.221245	106.64295	0.055445373	131.55421	95.22093	107.71805	0.84137607	-5.8318143	4.804047	33.650284	-15.1435375	21.587078	2.210241	2643.153660774231
22	859.0843	40.97649	968.3479	810.2705	374.78314	93.86285	536.9703	314.69205	0.0	0.0	0.0	0.0	0.0	0.0	0.0	0.0	374.78314	93.86285	536.9703	314.69205	859.0843	40.97649	968.3479	810.2705	1000.0	1000.0	87999	134.05093	96.94703	109.29769	-0.0721761	134.05086	96.946976	109.91397	2.113521	-5.8388844	4.8104897	40.56034	-15.752495	21.929113	2.2183962	2792.1487333774567
23	817.54724	29.284975	900.6528	788.98566	351.99493	59.39813	452.71747	302.5214	0.0	0.0	0.0	0.0	0.0	0.0	0.0	0.0	351.99493	59.39813	452.71747	302.5214	817.54724	29.284975	900.6528	788.98566	1000.0	1000.0	91999	136.33894	98.55329	112.23522	1.6036232	136.3388	98.55305	111.589554	2.876023	-5.8442655	4.817321	30.106056	-17.286066	22.705807	2.2089417	2946.5659646987915
24	844.0065	12.649154	860.8914	815.0183	329.68915	14.491957	350.40436	311.10806	0.0	0.0	0.0	0.0	0.0	0.0	0.0	0.0	329.68915	14.491957	350.40436	311.10806	844.0065	12.649154	860.8914	815.0183	1000.0	1000.0	95999	138.23055	99.870346	112.50827	3.4996445	138.23048	99.87015	114.93377	4.416584	-5.8665915	4.8199825	37.32877	-14.495228	22.603	2.2270274	3101.61305975914
25	830.2819	21.425179	852.4378	776.8255	353.12323	59.62932	440.1039	291.93625	0.0	0.0	0.0	0.0	0.0	0.0	0.0	0.0	353.12323	59.62932	440.1039	291.93625	830.2819	21.425179	852.4378	776.8255	1000.0	1000.0	99999	139.72456	100.92452	113.48002	2.8028564	139.7247	100.92443	113.78113	5.1206393	-5.8610754	4.8066998	35.10897	-16.145702	22.570219	2.2231529	3260.867842435837
26	794.16486	46.34975	834.67706	693.0317	331.89084	52.519157	405.95728	266.55798	0.0	0.0	0.0	0.0	0.0	0.0	0.0	0.0	331.89084	52.519157	405.95728	266.55798	794.16486	46.34975	834.67706	693.0317	1000.0	1000.0	103999	141.31854	102.02874	113.0662	2.3010135	141.31873	102.028656	112.17532	6.0046916	-5.8826118	4.819287	35.760967	-14.454653	22.550238	2.2132905	3415.697713136673
27	856.7289	32.59019	943.0513	826.1216	344.46048	68.56754	433.23047	254.19846	0.0	0.0	0.0	0.0	0.0	0.0	0.0	0.0	344.46048	68.56754	433.23047	254.19846	856.7289	32.59019	943.0513	826.1216	1000.0	1000.0	107999	142.52498	102.89176	113.4397	3.9084368	142.5249	102.891624	116.353584	5.5154085	-5.927447	4.8343472	47.629356	-14.370972	22.8673	2.1904013	3571.459663629532
28	864.3237	11.681695	877.75507	840.4128	314.83154	19.970383	339.8758	284.6131	0.0	0.0	0.0	0.0	0.0	0.0	0.0	0.0	314.83154	19.970383	339.8758	284.6131	864.3237	11.681695	877.75507	840.4128	1000.0	1000.0	111999	143.3533	103.52484	114.83251	3.6951602	143.3534	103.52462	115.06615	6.3744717	-5.9286633	4.834635	30.504421	-16.346542	23.29866	2.1823714	3727.1340551376343
29	839.9188	20.604141	884.51196	814.32996	343.2803	22.378061	368.86377	308.51868	0.0	0.0	0.0	0.0	0.0	0.0	0.0	0.0	343.2803	22.378061	368.86377	308.51868	839.9188	20.604141	884.51196	814.32996	1000.0	1000.0	115999	144.48967	104.302284	113.10848	0.90265906	144.48988	104.30222	114.30897	3.438158	-5.9239483	4.817152	31.849394	-13.960654	24.12572	2.1072264	3888.2869033813477
30	871.8879	38.36926	953.18805	818.0088	347.16977	53.522953	433.85147	290.22244	0.0	0.0	0.0	0.0	0.0	0.0	0.0	0.0	347.16977	53.522953	433.85147	290.22244	871.8879	38.36926	953.18805	818.0088	1000.0	1000.0	119999	145.58958	105.040855	114.35574	1.1340897	145.5895	105.04069	115.59949	3.2802465	-5.9424367	4.827677	33.096107	-15.699621	24.106503	2.1174157	4056.69708275795
31	900.3934	64.25836	1015.6005	826.67114	405.9524	64.291916	457.34964	296.87173	0.0	0.0	0.0	0.0	0.0	0.0	0.0	0.0	405.9524	64.291916	457.34964	296.87173	900.3934	64.25836	1015.6005	826.67114	1000.0	1000.0	123999	146.44878	105.62899	114.759254	1.330405	146.44882	105.628746	116.269295	3.0437708	-5.9408994	4.834766	52.416912	-16.170027	24.211288	2.134112	4225.926025629044
32	827.1647	80.14524	955.6692	682.5235	373.81943	89.40374	527.6708	311.0448	0.0	0.0	0.0	0.0	0.0	0.0	0.0	0.0	373.81943	89.40374	527.6708	311.0448	827.1647	80.14524	955.6692	682.5235	1000.0	1000.0	127999	147.54149	106.36631	114.34152	0.18069708	147.54141	106.36625	115.46834	1.0320423	-5.941999	4.824369	34.904305	-15.994457	24.507938	2.096542	4381.755001783371
33	885.50037	37.924213	984.8349	859.87775	457.4436	87.96547	554.7618	331.00006	0.0	0.0	0.0	0.0	0.0	0.0	0.0	0.0	457.4436	87.96547	554.7618	331.00006	885.50037	37.924213	984.8349	859.87775	1000.0	1000.0	131999	148.38457	106.95121	116.59529	-1.6331043	148.38441	106.95089	117.474976	0.64189875	-5.9187574	4.812378	28.59788	-15.836828	24.5274	2.1350744	4514.796101093292
34	945.8336	151.15369	1196.795	744.9641	457.66034	68.37318	559.7392	367.03223	0.0	0.0	0.0	0.0	0.0	0.0	0.0	0.0	457.66034	68.37318	559.7392	367.03223	945.8336	151.15369	1196.795	744.9641	1000.0	1000.0	135999	149.2564	107.554695	115.65338	0.75360316	149.25645	107.55467	116.28287	2.2093732	-5.9613256	4.832651	32.65576	-16.29079	24.595205	2.1509285	4646.75608086586
35	1053.9664	166.68277	1211.8062	835.2395	398.51553	43.907	458.42245	348.89407	0.0	0.0	0.0	0.0	0.0	0.0	0.0	0.0	398.51553	43.907	458.42245	348.89407	1053.9664	166.68277	1211.8062	835.2395	1000.0	1000.0	139999	150.13206	108.11909	117.748726	-2.074695	150.13216	108.11895	116.68543	1.2795109	-5.9494963	4.835449	35.499996	-14.895166	23.836634	2.1691544	4776.777121782303
36	992.2352	169.88979	1225.803	804.06415	341.6442	36.35349	399.82446	304.91452	0.0	0.0	0.0	0.0	0.0	0.0	0.0	0.0	341.6442	36.35349	399.82446	304.91452	992.2352	169.88979	1225.803	804.06415	1000.0	1000.0	143999	151.05232	108.74508	118.187096	-1.0260925	151.0523	108.74486	118.79449	2.0325763	-5.941332	4.83483	28.494352	-14.857339	24.363598	2.2035923	4911.267591953278
37	1011.2591	107.58436	1133.7899	840.76556	339.93317	21.35327	371.01077	311.98114	0.0	0.0	0.0	0.0	0.0	0.0	0.0	0.0	339.93317	21.35327	371.01077	311.98114	1011.2591	107.58436	1133.7899	840.76556	1000.0	1000.0	147999	151.81242	109.25254	120.61422	-1.2662975	151.81238	109.25224	121.36441	2.5279994	-5.934079	4.835297	47.081306	-14.299082	23.964996	2.1924567	5073.89449262619
38	859.8082	73.27947	948.51685	663.2194	430.26227	91.8166	516.5969	279.62396	0.0	0.0	0.0	0.0	0.0	0.0	0.0	0.0	430.26227	91.8166	516.5969	279.62396	859.8082	73.27947	948.51685	663.2194	1000.0	1000.0	151999	152.60896	109.79544	119.828384	-1.0170585	152.60928	109.79539	119.08483	2.0054598	-5.936993	4.853493	49.237213	-17.175682	23.578518	2.231291	5239.675842046738
39	832.0321	237.13467	1185.1278	573.64276	454.7121	154.78871	716.23065	314.75192	0.0	0.0	0.0	0.0	0.0	0.0	0.0	0.0	454.7121	154.78871	716.23065	314.75192	832.0321	237.13467	1185.1278	573.64276	1000.0	1000.0	155999	153.1982	110.21207	120.86196	0.49051207	153.19823	110.21177	120.55561	1.736687	-5.9165483	4.851203	42.381935	-16.424902	23.388298	2.2852426	5407.443546295166
40	966.53796	103.05447	1101.8538	833.1723	355.6043	72.863525	473.288	294.8611	0.0	0.0	0.0	0.0	0.0	0.0	0.0	0.0	355.6043	72.863525	473.288	294.8611	966.53796	103.05447	1101.8538	833.1723	1000.0	1000.0	159999	153.81026	110.616	121.67477	-0.90737724	153.81058	110.61594	122.734535	1.5866904	-5.9622836	4.854064	43.824356	-14.935311	24.061562	2.1825023	5566.012308597565
41	966.41077	111.93938	1201.9933	855.0174	339.61945	26.957388	370.88904	300.34122	0.0	0.0	0.0	0.0	0.0	0.0	0.0	0.0	339.61945	26.957388	370.88904	300.34122	966.41077	111.93938	1201.9933	855.0174	1000.0	1000.0	163999	154.46278	111.01228	121.89746	-1.4876364	154.46265	111.01202	121.758224	0.7530076	-5.947576	4.8747683	52.004604	-13.888527	24.042194	2.2055798	5698.7950122356415
42	811.2633	210.61714	1178.8969	626.30597	555.9403	149.90921	767.58673	344.0244	0.0	0.0	0.0	0.0	0.0	0.0	0.0	0.0	555.9403	149.90921	767.58673	344.0244	811.2633	210.61714	1178.8969	626.30597	1000.0	1000.0	167999	154.93614	111.34505	122.48368	-1.494351	154.936	111.34479	123.411766	3.0966127	-5.9494658	4.8652825	43.50969	-14.405561	23.57751	2.277137	5829.8071982860565
43	807.77765	99.079445	936.2183	630.6985	402.80762	130.93605	629.10364	319.8796	0.0	0.0	0.0	0.0	0.0	0.0	0.0	0.0	402.80762	130.93605	629.10364	319.8796	807.77765	99.079445	936.2183	630.6985	1000.0	1000.0	171999	155.60052	111.77595	122.09668	2.1998618	155.60056	111.77576	125.09338	4.1001344	-5.948879	4.8485274	32.433212	-16.794899	24.559324	2.2771475	5962.035213947296
44	873.7339	27.512486	931.2642	847.9542	368.88324	64.79752	476.05164	306.44662	0.0	0.0	0.0	0.0	0.0	0.0	0.0	0.0	368.88324	64.79752	476.05164	306.44662	873.7339	27.512486	931.2642	847.9542	1000.0	1000.0	175999	156.15845	112.1457	123.57299	2.2756839	156.15842	112.14543	123.864204	5.2226872	-5.96089	4.8551893	39.22147	-16.552761	24.241652	2.2586834	6095.113540887833
45	1040.1523	64.98718	1093.102	851.7741	490.57837	129.41571	617.0186	315.09766	0.0	0.0	0.0	0.0	0.0	0.0	0.0	0.0	490.57837	129.41571	617.0186	315.09766	1040.1523	64.98718	1093.102	851.7741	1000.0	1000.0	179999	156.6843	112.49933	126.45908	3.7550673	156.6844	112.499176	124.68887	4.125927	-5.954997	4.8623857	41.668663	-14.550655	23.79134	2.3109097	6227.785321235657
46	986.8986	97.10678	1156.6239	863.6511	751.9413	120.49859	890.2433	566.83624	0.0	0.0	0.0	0.0	0.0	0.0	0.0	0.0	751.9413	120.49859	890.2433	566.83624	986.8986	97.10678	1156.6239	863.6511	1000.0	1000.0	183999	157.16267	112.86686	125.78505	0.71078044	157.16249	112.86662	125.5959	1.2278651	-5.9549513	4.8474355	37.475773	-14.565676	23.553463	2.3913076	6362.469835758209
47	962.6123	79.460594	1099.1439	872.7563	531.48535	215.32677	864.0835	305.75275	0.0	0.0	0.0	0.0	0.0	0.0	0.0	0.0	531.48535	215.32677	864.0835	305.75275	962.6123	79.460594	1099.1439	872.7563	1000.0	1000.0	187999	157.69746	113.28552	127.54074	-5.538209	157.69733	113.285385	127.334625	3.679043	-5.92454	4.845482	30.649664	-15.22357	23.17902	2.511759	6496.121920585632
48	854.95087	7.427389	868.1305	842.07916	386.9536	42.990463	447.09335	345.13254	0.0	0.0	0.0	0.0	0.0	0.0	0.0	0.0	386.9536	42.990463	447.09335	345.13254	854.95087	7.427389	868.1305	842.07916	1000.0	1000.0	191999	158.17902	113.61751	128.68248	-0.90923154	158.17882	113.61723	128.50456	3.3481665	-5.903116	4.8283634	27.724958	-15.897619	21.89777	2.4816594	6630.554528713226
49	956.31506	70.52983	1075.2845	847.2546	496.5623	167.82126	710.6324	314.2139	0.0	0.0	0.0	0.0	0.0	0.0	0.0	0.0	496.5623	167.82126	710.6324	314.2139	956.31506	70.52983	1075.2845	847.2546	1000.0	1000.0	195999	158.73499	114.02065	129.06877	2.5957828	158.73512	114.020584	129.99371	3.90437	-5.903631	4.84177	55.04669	-15.438907	20.378597	2.5141509	6765.434572458267
50	915.94904	62.242794	1021.76074	825.13934	565.96893	219.5184	805.81836	339.4522	0.0	0.0	0.0	0.0	0.0	0.0	0.0	0.0	565.96893	219.5184	805.81836	339.4522	915.94904	62.242794	1021.76074	825.13934	1000.0	1000.0	199999	159.49377	114.570404	132.54178	-1.4957491	159.49367	114.570244	132.17024	3.0429544	-5.9350824	4.8603525	49.642097	-16.45635	19.749641	2.6253738	6903.991767168045
51	879.3182	32.16063	956.6346	845.86334	546.37177	175.37415	827.34357	379.82297	0.0	0.0	0.0	0.0	0.0	0.0	0.0	0.0	546.37177	175.37415	827.34357	379.82297	879.3182	32.16063	956.6346	845.86334	1000.0	1000.0	203999	160.15852	115.0601	132.87073	3.5275917	160.15852	115.060005	132.42342	2.2164028	-5.8928885	4.841704	30.791086	-16.855316	20.528713	2.6977162	7043.299469709396
52	872.9709	37.033882	942.488	839.4761	548.59216	254.25082	985.798	354.66846	0.0	0.0	0.0	0.0	0.0	0.0	0.0	0.0	548.59216	254.25082	985.798	354.66846	872.9709	37.033882	942.488	839.4761	1000.0	1000.0	207999	160.58832	115.38742	136.41028	3.2309115	160.58804	115.38716	138.51326	4.893756	-5.9197845	4.8478227	39.689125	-17.38557	20.839127	2.7626143	7179.51323223114
53	1072.0848	112.83928	1200.7908	878.1059	596.96356	107.02472	728.57526	448.4383	0.0	0.0	0.0	0.0	0.0	0.0	0.0	0.0	596.96356	107.02472	728.57526	448.4383	1072.0848	112.83928	1200.7908	878.1059	1000.0	1000.0	211999	161.13939	115.79665	137.01947	4.114081	161.13927	115.796585	137.68825	4.9722853	-5.889111	4.838474	43.50239	-15.909382	20.554586	2.7883685	7314.511649131775
54	1207.4055	227.89204	1507.1654	854.7507	431.60028	124.792145	642.4192	317.78708	0.0	0.0	0.0	0.0	0.0	0.0	0.0	0.0	431.60028	124.792145	642.4192	317.78708	1207.4055	227.89204	1507.1654	854.7507	1000.0	1000.0	215999	161.65561	116.19863	137.06482	3.9833589	161.65565	116.19876	136.71144	5.6125774	-5.8543906	4.8192406	30.542685	-17.092323	21.522486	2.8438272	7461.64249253273
55	1195.3855	157.80753	1325.0006	818.47626	677.58746	226.81558	1053.9768	452.08417	0.0	0.0	0.0	0.0	0.0	0.0	0.0	0.0	677.58746	226.81558	1053.9768	452.08417	1195.3855	157.80753	1325.0006	818.47626	1000.0	1000.0	219999	162.09816	116.54444	137.41231	3.845036	162.09795	116.54409	138.53236	4.072826	-5.8472657	4.8146343	56.925827	-15.9905815	21.48191	2.9136848	7608.8235585689545
56	981.1234	97.05235	1195.1559	836.8883	709.9309	182.98602	871.9026	402.95676	0.0	0.0	0.0	0.0	0.0	0.0	0.0	0.0	709.9309	182.98602	871.9026	402.95676	981.1234	97.05235	1195.1559	836.8883	1000.0	1000.0	223999	162.44836	116.85556	138.78154	1.6331102	162.44856	116.85557	140.79677	1.7432746	-5.830999	4.8126945	26.083817	-15.280103	20.913733	3.006459	7754.519809007645
57	1207.7312	73.30447	1294.7919	1014.2183	580.30145	257.24997	975.7836	351.47852	0.0	0.0	0.0	0.0	0.0	0.0	0.0	0.0	580.30145	257.24997	975.7836	351.47852	1207.7312	73.30447	1294.7919	1014.2183	1000.0	1000.0	227999	162.85928	117.223625	138.58969	-0.5479635	162.85913	117.22354	139.0117	1.9216456	-5.833878	4.827364	38.63217	-18.47892	20.975801	3.1076722	7901.819968700409
58	1062.1754	73.53939	1114.0345	846.16376	485.55927	144.89076	651.9665	324.70898	0.0	0.0	0.0	0.0	0.0	0.0	0.0	0.0	485.55927	144.89076	651.9665	324.70898	1062.1754	73.53939	1114.0345	846.16376	1000.0	1000.0	231999	163.1489	117.40963	141.59479	-0.31803477	163.14857	117.40958	140.61552	2.0529895	-5.843414	4.8170233	28.421207	-17.393219	20.8833	3.0659494	8035.141460895538
59	1093.8397	20.8438	1125.3776	1059.5225	558.2508	303.7859	1071.5171	313.52734	0.0	0.0	0.0	0.0	0.0	0.0	0.0	0.0	558.2508	303.7859	1071.5171	313.52734	1093.8397	20.8438	1125.3776	1059.5225	1000.0	1000.0	235999	163.57695	117.755165	142.45589	-0.24072552	163.5767	117.75499	142.38707	4.510485	-5.814331	4.8222375	22.800404	-13.829858	19.602365	3.1160202	8168.241991043091
60	1252.1123	27.75409	1291.2356	1216.4144	550.3329	115.12586	681.1216	366.47986	0.0	0.0	0.0	0.0	0.0	0.0	0.0	0.0	550.3329	115.12586	681.1216	366.47986	1252.1123	27.75409	1291.2356	1216.4144	1000.0	1000.0	239999	164.01755	118.10243	145.04279	3.205871	164.01723	118.10232	145.15262	3.8808193	-5.77879	4.799304	20.557095	-14.197151	18.441828	3.1631625	8301.592081308365
61	1319.8005	47.35024	1409.4847	1258.0591	632.6927	235.24939	854.805	297.49664	0.0	0.0	0.0	0.0	0.0	0.0	0.0	0.0	632.6927	235.24939	854.805	297.49664	1319.8005	47.35024	1409.4847	1258.0591	1000.0	1000.0	243999	164.72711	118.672844	147.3063	3.201707	164.72688	118.67274	146.19174	4.5147767	-5.7476587	4.802987	26.579798	-16.017338	17.647242	3.2116323	8435.178910017014
62	1215.7891	146.61555	1359.2362	903.88153	537.7875	335.59653	1116.9977	299.98788	0.0	0.0	0.0	0.0	0.0	0.0	0.0	0.0	537.7875	335.59653	1116.9977	299.98788	1215.7891	146.61555	1359.2362	903.88153	1000.0	1000.0	247999	165.46468	119.26201	148.35005	4.0410767	165.4649	119.26194	148.21815	4.26911	-5.7528114	4.8046765	28.083134	-15.402221	16.927547	3.3351164	8569.273357152939
63	1167.2598	27.8839	1227.0988	1118.1879	711.1649	334.21075	1212.6489	299.72644	0.0	0.0	0.0	0.0	0.0	0.0	0.0	0.0	711.1649	334.21075	1212.6489	299.72644	1167.2598	27.8839	1227.0988	1118.1879	1000.0	1000.0	251999	166.28455	119.913956	147.47491	4.5094357	166.28426	119.91369	148.16634	5.552187	-5.74963	4.8274136	31.47065	-14.087118	17.166634	3.320442	8714.131378650665
64	1487.798	49.506042	1547.1783	1372.2372	444.0774	31.416441	484.45993	396.33417	0.0	0.0	0.0	0.0	0.0	0.0	0.0	0.0	444.0774	31.416441	484.45993	396.33417	1487.798	49.506042	1547.1783	1372.2372	1000.0	1000.0	255999	167.0099	120.50717	149.09262	3.6597328	167.00948	120.50689	149.32376	4.540848	-5.73446	4.8201265	30.107122	-15.201013	17.035343	3.4052193	8856.068699598312
65	1107.7112	151.2194	1370.2831	889.3531	562.7667	38.3774	610.5085	504.68082	0.0	0.0	0.0	0.0	0.0	0.0	0.0	0.0	562.7667	38.3774	610.5085	504.68082	1107.7112	151.2194	1370.2831	889.3531	1000.0	1000.0	259999	167.5668	121.0005	152.7103	3.651912	167.56693	121.00041	154.43091	4.6544456	-5.734385	4.822194	31.108004	-15.238499	17.42813	3.518849	9005.100842952728
66	1505.25	55.80607	1580.7042	1411.5984	580.138	211.04994	923.31494	377.9802	0.0	0.0	0.0	0.0	0.0	0.0	0.0	0.0	580.138	211.04994	923.31494	377.9802	1505.25	55.80607	1580.7042	1411.5984	1000.0	1000.0	263999	168.08704	121.45343	153.67606	1.3182265	168.0865	121.45304	152.83826	3.7113993	-5.697378	4.8183413	22.747833	-14.318709	18.118832	3.576111	9156.177510023117
67	1572.6707	42.775528	1631.0793	1482.2029	776.45496	340.8447	1294.853	337.5694	0.0	0.0	0.0	0.0	0.0	0.0	0.0	0.0	776.45496	340.8447	1294.853	337.5694	1572.6707	42.775528	1631.0793	1482.2029	1000.0	1000.0	267999	168.64946	121.916214	156.74014	4.884373	168.64926	121.91566	153.94754	0.40207297	-5.705504	4.8241396	36.481125	-16.302956	18.65953	3.6467257	9316.181896924973
68	1400.8695	36.544956	1477.0485	1353.7543	543.85803	70.840324	619.7469	443.01837	0.0	0.0	0.0	0.0	0.0	0.0	0.0	0.0	543.85803	70.840324	619.7469	443.01837	1400.8695	36.544956	1477.0485	1353.7543	1000.0	1000.0	271999	169.06487	122.21786	154.93779	3.239553	169.06516	122.21773	155.13834	2.3402033	-5.741964	4.8158627	30.972559	-15.836862	18.493362	3.6495414	9477.583542108536
69	1458.2014	53.60655	1543.9171	1384.6898	843.5649	198.52408	996.8513	511.26514	0.0	0.0	0.0	0.0	0.0	0.0	0.0	0.0	843.5649	198.52408	996.8513	511.26514	1458.2014	53.60655	1543.9171	1384.6898	1000.0	1000.0	275999	169.40894	122.498535	154.28719	-0.15210903	169.40906	122.49816	155.12091	4.1890593	-5.706164	4.830387	28.980698	-14.622232	18.170431	3.667885	9638.294427156448
70	1753.5286	288.93985	1941.5758	902.6699	835.3081	299.30475	1236.028	426.14236	0.0	0.0	0.0	0.0	0.0	0.0	0.0	0.0	835.3081	299.30475	1236.028	426.14236	1753.5286	288.93985	1941.5758	902.6699	1000.0	1000.0	279999	170.22147	123.18579	157.9737	0.753279	170.2216	123.1855	157.71461	3.9912179	-5.656633	4.8206873	32.911415	-17.442839	18.51006	3.881409	9800.961883068085
71	1606.2059	45.9191	1683.9901	1542.448	687.3021	151.30827	859.15936	447.28723	0.0	0.0	0.0	0.0	0.0	0.0	0.0	0.0	687.3021	151.30827	859.15936	447.28723	1606.2059	45.9191	1683.9901	1542.448	1000.0	1000.0	283999	170.89574	123.77061	159.14304	3.7802973	170.8959	123.770065	158.67203	3.7558613	-5.6661077	4.839459	28.085155	-14.915773	18.962803	4.1363993	9959.698698997498
72	1599.5779	155.20453	1715.6694	1149.9631	614.6538	219.96315	959.5172	351.8351	0.0	0.0	0.0	0.0	0.0	0.0	0.0	0.0	614.6538	219.96315	959.5172	351.8351	1599.5779	155.20453	1715.6694	1149.9631	1000.0	1000.0	287999	171.32628	124.15945	159.33122	0.20818448	171.32619	124.15907	159.29572	2.2994576	-5.672889	4.8200707	39.46412	-15.6142645	19.136883	4.160751	10115.838975191116
73	1572.0789	342.30447	1960.0356	871.23694	848.323	418.5822	1327.4606	360.61273	0.0	0.0	0.0	0.0	0.0	0.0	0.0	0.0	848.323	418.5822	1327.4606	360.61273	1572.0789	342.30447	1960.0356	871.23694	1000.0	1000.0	291999	172.02664	124.77797	162.72107	1.7603579	172.0265	124.77748	159.89713	2.086633	-5.61745	4.8187895	27.784388	-14.486518	20.481	4.207333	10271.873849630356
74	1552.9237	49.305256	1637.1698	1466.1713	815.2836	382.3491	1397.8921	324.22913	0.0	0.0	0.0	0.0	0.0	0.0	0.0	0.0	815.2836	382.3491	1397.8921	324.22913	1552.9237	49.305256	1637.1698	1466.1713	1000.0	1000.0	295999	172.70213	125.38196	163.7857	-2.939101	172.70232	125.38155	163.93271	1.143059	-5.623504	4.817647	27.84633	-16.401176	19.692734	4.2931905	10415.955881118774
75	1868.093	42.192204	1914.6809	1770.8069	936.9469	239.52475	1239.2899	574.59766	0.0	0.0	0.0	0.0	0.0	0.0	0.0	0.0	936.9469	239.52475	1239.2899	574.59766	1868.093	42.192204	1914.6809	1770.8069	1000.0	1000.0	299999	173.37436	125.96598	165.09868	-0.8496258	173.3743	125.96534	165.27788	0.3874722	-5.583271	4.8164134	35.28396	-16.373383	20.185883	4.4662137	10551.45989727974
76	1559.1404	74.25595	1659.1415	1371.0223	773.7657	296.80347	1197.5962	462.0735	0.0	0.0	0.0	0.0	0.0	0.0	0.0	0.0	773.7657	296.80347	1197.5962	462.0735	1559.1404	74.25595	1659.1415	1371.0223	1000.0	1000.0	303999	174.03912	126.53534	166.83562	-8.155119	174.03906	126.53477	167.14105	0.31779197	-5.5953894	4.8237205	30.74613	-15.312855	20.453238	4.41525	10687.812341690063
77	1815.2112	50.26905	1892.0444	1710.9071	798.18854	265.1122	1215.4735	501.85788	0.0	0.0	0.0	0.0	0.0	0.0	0.0	0.0	798.18854	265.1122	1215.4735	501.85788	1815.2112	50.26905	1892.0444	1710.9071	1000.0	1000.0	307999	174.77512	127.17605	166.69154	-2.2178397	174.7754	127.17553	166.71666	0.4215801	-5.6023445	4.818726	39.447456	-15.069206	19.212273	4.539053	10827.00974726677
78	1560.7937	87.85134	1662.9553	1323.622	1144.4299	371.86246	1463.0173	519.87317	0.0	0.0	0.0	0.0	0.0	0.0	0.0	0.0	1144.4299	371.86246	1463.0173	519.87317	1560.7937	87.85134	1662.9553	1323.622	1000.0	1000.0	311999	175.4992	127.815956	169.71812	-8.552076	175.4988	127.81524	169.7628	0.47563863	-5.548699	4.8212	48.74291	-14.351805	19.330673	4.658671	10973.709525346756
79	1962.2783	42.38146	2061.087	1904.1761	1326.3975	306.66895	1629.0745	817.16595	0.0	0.0	0.0	0.0	0.0	0.0	0.0	0.0	1326.3975	306.66895	1629.0745	817.16595	1962.2783	42.38146	2061.087	1904.1761	1000.0	1000.0	315999	176.48251	128.66075	167.97546	-9.556338	176.48262	128.66019	172.38928	0.61929154	-5.5701957	4.81448	32.822735	-15.127119	19.402115	4.834653	11141.814443349838
80	1849.5934	56.44852	1940.6556	1776.6511	788.63995	259.47885	1147.1278	418.12402	0.0	0.0	0.0	0.0	0.0	0.0	0.0	0.0	788.63995	259.47885	1147.1278	418.12402	1849.5934	56.44852	1940.6556	1776.6511	1000.0	1000.0	319999	177.43127	129.51187	174.12784	-10.843248	177.43117	129.51135	171.25279	0.75207525	-5.514042	4.833729	50.8975	-15.9958105	18.451586	4.9686103	11311.34294962883
81	1880.6035	33.606304	1958.8513	1846.0194	756.7536	439.1734	1503.1024	400.9446	0.0	0.0	0.0	0.0	0.0	0.0	0.0	0.0	756.7536	439.1734	1503.1024	400.9446	1880.6035	33.606304	1958.8513	1846.0194	1000.0	1000.0	323999	177.96584	130.03195	173.20595	-7.06977	177.96602	130.03142	174.04488	0.80522776	-5.5181074	4.8368573	55.619465	-15.176251	16.890305	5.158628	11481.95345211029
82	1526.2684	43.864418	1593.4534	1459.1954	1016.1437	326.62234	1533.9409	658.6665	0.0	0.0	0.0	0.0	0.0	0.0	0.0	0.0	1016.1437	326.62234	1533.9409	658.6665	1526.2684	43.864418	1593.4534	1459.1954	1000.0	1000.0	327999	178.82767	130.7907	176.34108	-9.762844	178.82784	130.78993	175.85065	0.9626585	-5.52117	4.8278446	35.358368	-15.579605	16.335144	5.162911	11627.473757266998
83	1942.9594	160.66895	2053.4753	1474.5872	1357.7092	111.672585	1457.6647	1173.7545	0.0	0.0	0.0	0.0	0.0	0.0	0.0	0.0	1357.7092	111.672585	1457.6647	1173.7545	1942.9594	160.66895	2053.4753	1474.5872	1000.0	1000.0	331999	179.9681	131.81084	180.58128	-4.3061075	179.96812	131.81003	179.50539	1.1260341	-5.4320307	4.807337	38.989235	-15.97364	15.574658	5.4672413	11764.471310138702
84	1870.4583	64.9851	1961.3291	1754.33	1532.9528	81.61099	1616.8754	1406.9584	0.0	0.0	0.0	0.0	0.0	0.0	0.0	0.0	1532.9528	81.61099	1616.8754	1406.9584	1870.4583	64.9851	1961.3291	1754.33	1000.0	1000.0	335999	181.28238	133.00093	182.93248	-7.1220164	181.28212	133.00009	183.37975	1.1244926	-5.4439006	4.825266	32.38042	-14.129799	14.972731	5.5572543	11899.940928697586
85	1876.874	115.6484	2022.9087	1566.3552	1058.1837	388.56653	1686.2274	623.0324	0.0	0.0	0.0	0.0	0.0	0.0	0.0	0.0	1058.1837	388.56653	1686.2274	623.0324	1876.874	115.6484	2022.9087	1566.3552	1000.0	1000.0	339999	182.57666	134.18605	182.64973	-17.109116	182.57639	134.18513	184.15535	1.291527	-5.3640757	4.8330293	51.78619	-17.295841	14.898649	5.936054	12035.42670249939
86	1718.5088	365.57315	2149.586	942.48096	700.8154	312.5266	1157.449	333.04294	0.0	0.0	0.0	0.0	0.0	0.0	0.0	0.0	700.8154	312.5266	1157.449	333.04294	1718.5088	365.57315	2149.586	942.48096	1000.0	1000.0	343999	183.58878	135.12015	185.65906	-6.214267	183.58922	135.11945	183.83792	1.3698593	-5.3904643	4.8412213	34.836918	-15.929449	14.195992	6.03338	12167.58613371849
87	1765.446	188.04053	1881.4656	1230.8656	641.5916	320.75415	1039.7814	310.14816	0.0	0.0	0.0	0.0	0.0	0.0	0.0	0.0	641.5916	320.75415	1039.7814	310.14816	1765.446	188.04053	1881.4656	1230.8656	1000.0	1000.0	347999	184.41827	135.92471	188.40338	-5.3450766	184.41862	135.92393	187.52435	1.596272	-5.364874	4.835632	41.902855	-16.161268	13.638773	6.1769814	12299.188628673553
88	2065.9397	42.30014	2144.4478	2000.416	1158.9583	401.12888	1522.1417	528.84375	0.0	0.0	0.0	0.0	0.0	0.0	0.0	0.0	1158.9583	401.12888	1522.1417	528.84375	2065.9397	42.30014	2144.4478	2000.416	1000.0	1000.0	351999	184.99054	136.50768	187.55621	-2.8581324	184.99098	136.50717	188.69138	1.8013759	-5.3552556	4.847332	33.14906	-14.704027	13.048744	6.509163	12435.20723414421
89	1916.2291	462.3035	2358.5627	901.202	1385.6085	244.32335	1672.3009	1096.3706	0.0	0.0	0.0	0.0	0.0	0.0	0.0	0.0	1385.6085	244.32335	1672.3009	1096.3706	1916.2291	462.3035	2358.5627	901.202	1000.0	1000.0	355999	186.26324	137.67314	187.38336	-3.4432821	186.2631	137.67203	189.47087	1.6468244	-5.332482	4.859566	30.879044	-15.076509	14.273301	6.4553394	12568.907927274704
90	2006.5192	352.4897	2260.7568	1185.9048	1018.3528	359.68124	1510.4845	527.2163	0.0	0.0	0.0	0.0	0.0	0.0	0.0	0.0	1018.3528	359.68124	1510.4845	527.2163	2006.5192	352.4897	2260.7568	1185.9048	1000.0	1000.0	359999	187.70264	139.01073	190.2145	-8.415838	187.70322	139.00993	191.22937	2.0043726	-5.271404	4.8493423	37.71686	-15.884747	14.003402	6.699041	12704.085168123245
91	1989.5355	234.76007	2133.7773	1291.2352	1200.1564	425.1326	1673.5953	771.0728	0.0	0.0	0.0	0.0	0.0	0.0	0.0	0.0	1200.1564	425.1326	1673.5953	771.0728	1989.5355	234.76007	2133.7773	1291.2352	1000.0	1000.0	363999	188.75739	140.01999	196.5347	-7.157954	188.75764	140.01868	192.12787	1.971153	-5.272277	4.855918	45.085907	-16.253918	14.394446	7.0303874	12857.868986606598
92	2030.0986	116.73985	2139.4849	1747.1375	1129.1742	212.83101	1483.1224	916.19336	0.0	0.0	0.0	0.0	0.0	0.0	0.0	0.0	1129.1742	212.83101	1483.1224	916.19336	2030.0986	116.73985	2139.4849	1747.1375	1000.0	1000.0	367999	190.12315	141.3585	197.18106	-6.4791665	190.1236	141.35767	195.9425	2.1075141	-5.193935	4.8729215	29.255102	-15.440841	15.132621	7.2037225	13015.439130544662
93	2256.0244	68.39795	2379.6433	2146.3257	1265.052	551.4212	1723.4441	352.57812	0.0	0.0	0.0	0.0	0.0	0.0	0.0	0.0	1265.052	551.4212	1723.4441	352.57812	2256.0244	68.39795	2379.6433	2146.3257	1000.0	1000.0	371999	191.56026	142.73193	200.14833	-3.11216	191.56107	142.73148	198.76257	2.666245	-5.198688	4.8657136	71.3826	-14.96089	14.913794	7.452992	13174.991321325302
94	2293.7034	49.57939	2368.523	2173.9827	1158.1744	492.9373	1728.401	415.19052	0.0	0.0	0.0	0.0	0.0	0.0	0.0	0.0	1158.1744	492.9373	1728.401	415.19052	2293.7034	49.57939	2368.523	2173.9827	1000.0	1000.0	375999	192.7017	143.86662	202.28185	-5.007899	192.70203	143.86565	199.98917	2.5240984	-5.1323233	4.895487	48.411224	-15.967886	15.079527	7.317225	13337.107935905457
95	1923.6086	58.46162	2032.004	1850.2217	579.3338	173.15067	832.4929	345.34277	0.0	0.0	0.0	0.0	0.0	0.0	0.0	0.0	579.3338	173.15067	832.4929	345.34277	1923.6086	58.46162	2032.004	1850.2217	1000.0	1000.0	379999	193.64973	144.86642	202.82971	-6.027583	193.65002	144.86517	205.47241	2.1857977	-5.116905	4.908327	43.03907	-14.957789	15.5419655	7.64628	13471.207539319992
96	1954.512	333.0446	2172.16	1056.0852	1727.9326	59.701046	1809.4612	1642.1707	0.0	0.0	0.0	0.0	0.0	0.0	0.0	0.0	1727.9326	59.701046	1809.4612	1642.1707	1954.512	333.0446	2172.16	1056.0852	1000.0	1000.0	383999	194.58374	145.86313	206.07475	-7.820901	194.58412	145.86185	203.89815	2.1620402	-5.102179	4.8825316	49.416504	-16.437836	16.576082	7.66944	13605.15362739563
97	1812.1985	543.21686	2384.6353	833.64685	1466.117	529.8745	1826.8169	556.4552	0.0	0.0	0.0	0.0	0.0	0.0	0.0	0.0	1466.117	529.8745	1826.8169	556.4552	1812.1985	543.21686	2384.6353	833.64685	1000.0	1000.0	387999	195.8617	147.04889	206.58261	-7.8820677	195.86264	147.04837	205.86852	2.2698298	-5.1275806	4.858139	43.751797	-13.730478	16.286375	7.8620176	13740.441056728363
98	2218.8	152.265	2319.6963	1783.5077	1177.4814	511.79926	1760.3718	580.97064	0.0	0.0	0.0	0.0	0.0	0.0	0.0	0.0	1177.4814	511.79926	1760.3718	580.97064	2218.8	152.265	2319.6963	1783.5077	1000.0	1000.0	391999	196.75491	147.88263	205.24828	-11.066581	196.75572	147.88107	206.08603	2.40868	-5.145118	4.8639264	65.459435	-17.955448	16.387037	8.310145	13874.135519981384
99	2398.8225	129.93614	2657.5173	2126.0881	1327.7484	518.2776	1837.9259	502.74875	0.0	0.0	0.0	0.0	0.0	0.0	0.0	0.0	1327.7484	518.2776	1837.9259	502.74875	2398.8225	129.93614	2657.5173	2126.0881	1000.0	1000.0	395999	197.87358	148.85504	206.74648	-7.873064	197.8735	148.85371	205.18584	2.3538651	-5.083027	4.895516	36.88322	-16.167519	15.736767	8.433627	14004.798793315887
100	2095.839	482.13934	2440.9731	1127.6835	1666.8499	121.033875	1771.5343	1461.9205	0.0	0.0	0.0	0.0	0.0	0.0	0.0	0.0	1666.8499	121.033875	1771.5343	1461.9205	2095.839	482.13934	2440.9731	1127.6835	1000.0	1000.0	399999	199.17883	150.06404	210.70776	-6.000755	199.17883	150.06306	213.36781	2.476788	-5.043375	4.8795037	43.14066	-14.158737	14.959099	8.60923	14135.591824531555
101	2252.0496	390.00507	2570.8105	1112.0728	1257.0847	633.93835	1955.5265	591.67267	0.0	0.0	0.0	0.0	0.0	0.0	0.0	0.0	1257.0847	633.93835	1955.5265	591.67267	2252.0496	390.00507	2570.8105	1112.0728	1000.0	1000.0	403999	200.66711	151.42653	212.70268	-7.253046	200.66756	151.42545	212.12227	2.9044514	-4.9837074	4.886211	44.023434	-14.767507	14.098884	8.534888	14271.264219999313
102	2453.2522	93.000114	2577.435	2244.7603	1539.4915	623.32025	1980.9662	471.37854	0.0	0.0	0.0	0.0	0.0	0.0	0.0	0.0	1539.4915	623.32025	1980.9662	471.37854	2453.2522	93.000114	2577.435	2244.7603	1000.0	1000.0	407999	201.87166	152.62112	214.37393	-19.951925	201.8726	152.61972	213.24391	2.8118396	-4.9969177	4.8938713	47.928795	-18.012243	13.879381	8.878713	14407.872100114822
103	2222.5364	161.95062	2344.8284	1763.3134	1256.7437	629.9095	1882.151	334.83548	0.0	0.0	0.0	0.0	0.0	0.0	0.0	0.0	1256.7437	629.9095	1882.151	334.83548	2222.5364	161.95062	2344.8284	1763.3134	1000.0	1000.0	411999	202.9878	153.66539	217.21625	-10.307601	202.98814	153.6639	216.23207	3.189412	-4.974515	4.913428	38.601486	-14.587136	13.657071	9.080351	14545.544990301132
104	2445.545	145.3716	2590.2434	2096.996	1743.5098	243.51283	2037.794	1372.7208	0.0	0.0	0.0	0.0	0.0	0.0	0.0	0.0	1743.5098	243.51283	2037.794	1372.7208	2445.545	145.3716	2590.2434	2096.996	1000.0	1000.0	415999	204.11	154.75914	216.47661	-7.045791	204.11066	154.75798	216.93465	3.3710687	-4.8928986	4.9122734	56.727703	-15.969004	14.45976	9.631823	14683.151210308075
105	2257.522	51.438614	2339.3591	2146.905	1627.0334	455.3295	1942.7609	843.9214	0.0	0.0	0.0	0.0	0.0	0.0	0.0	0.0	1627.0334	455.3295	1942.7609	843.9214	2257.522	51.438614	2339.3591	2146.905	1000.0	1000.0	419999	205.704	156.24031	219.0054	-6.774868	205.70445	156.23888	219.00504	2.438527	-4.9077806	4.914888	55.456966	-15.922121	13.26298	9.533556	14817.667880773544
106	2374.6797	384.9449	2653.168	1243.6527	1618.5203	495.61887	2081.0566	782.5475	0.0	0.0	0.0	0.0	0.0	0.0	0.0	0.0	1618.5203	495.61887	2081.0566	782.5475	2374.6797	384.9449	2653.168	1243.6527	1000.0	1000.0	423999	207.17972	157.65251	219.78842	-7.4916997	207.18027	157.65062	227.04259	2.9429045	-4.8621526	4.902788	44.807476	-16.367006	14.280695	9.701861	14958.80746459961
107	2209.9583	79.601295	2346.7854	2084.466	1241.0183	731.4659	1976.8635	508.11176	0.0	0.0	0.0	0.0	0.0	0.0	0.0	0.0	1241.0183	731.4659	1976.8635	508.11176	2209.9583	79.601295	2346.7854	2084.466	1000.0	1000.0	427999	208.3361	158.70401	219.8878	-22.095509	208.33714	158.70251	220.12578	2.929453	-4.862556	4.918119	41.619812	-14.553641	14.602042	9.888426	15098.507607221603
108	2525.111	82.602684	2713.0508	2433.5613	1654.7445	544.36176	1973.0973	711.92126	0.0	0.0	0.0	0.0	0.0	0.0	0.0	0.0	1654.7445	544.36176	1973.0973	711.92126	2525.111	82.602684	2713.0508	2433.5613	1000.0	1000.0	431999	208.73714	159.17525	221.78876	-8.783335	208.7386	159.17438	225.7553	2.8159447	-4.8370223	4.958391	44.449024	-15.123452	14.383303	10.0615425	15241.947935342789
109	2384.8872	255.50331	2590.6926	1656.4271	1001.30115	658.88696	2114.4016	423.17038	0.0	0.0	0.0	0.0	0.0	0.0	0.0	0.0	1001.30115	658.88696	2114.4016	423.17038	2384.8872	255.50331	2590.6926	1656.4271	1000.0	1000.0	435999	210.0725	160.48625	224.29608	-9.952332	210.07312	160.48509	223.62157	2.5790572	-4.7554216	4.968593	36.867775	-15.0959425	12.317244	9.727105	15383.612303256989
110	2478.763	207.57338	2668.032	1921.7095	1475.9226	503.89066	1933.4646	629.69403	0.0	0.0	0.0	0.0	0.0	0.0	0.0	0.0	1475.9226	503.89066	1933.4646	629.69403	2478.763	207.57338	2668.032	1921.7095	1000.0	1000.0	439999	211.4495	161.88422	225.4194	-12.201686	211.45168	161.88316	226.30988	2.3808417	-4.742102	4.9718747	67.35108	-14.2387	13.602481	10.303139	15525.93024468422
111	2430.9583	55.42165	2521.9502	2351.8936	1198.0516	512.4859	1888.1241	510.03452	0.0	0.0	0.0	0.0	0.0	0.0	0.0	0.0	1198.0516	512.4859	1888.1241	510.03452	2430.9583	55.42165	2521.9502	2351.8936	1000.0	1000.0	443999	212.58052	162.96211	225.28372	-15.865563	212.58348	162.9608	226.4724	2.218156	-4.8226023	4.9467173	40.903496	-17.06979	15.425181	10.476922	15672.818338394165
112	2538.1333	76.5269	2708.1577	2438.9072	1840.1947	275.43146	2090.107	1396.9377	0.0	0.0	0.0	0.0	0.0	0.0	0.0	0.0	1840.1947	275.43146	2090.107	1396.9377	2538.1333	76.5269	2708.1577	2438.9072	1000.0	1000.0	447999	213.35298	163.68231	229.4995	-16.464947	213.35683	163.68079	227.63884	1.860421	-4.767076	4.959413	71.08735	-14.295401	15.660184	10.733755	15810.487730026245
113	2349.1772	373.65347	2589.9702	1246.7482	1429.4028	512.22925	2006.3964	918.7224	0.0	0.0	0.0	0.0	0.0	0.0	0.0	0.0	1429.4028	512.22925	2006.3964	918.7224	2349.1772	373.65347	2589.9702	1246.7482	1000.0	1000.0	451999	214.3627	164.55789	227.12518	-19.357094	214.36649	164.55641	228.67305	1.5040228	-4.744421	4.9963136	65.91003	-16.06636	16.032614	10.615762	15946.344511508942
114	2495.2598	84.103004	2605.9517	2363.259	1352.0398	615.8202	2007.0497	571.07935	0.0	0.0	0.0	0.0	0.0	0.0	0.0	0.0	1352.0398	615.8202	2007.0497	571.07935	2495.2598	84.103004	2605.9517	2363.259	1000.0	1000.0	455999	215.19984	165.38475	228.42209	-19.165762	215.20302	165.38358	229.90417	1.3684334	-4.714267	4.982086	67.98422	-16.237274	16.903746	10.949836	16081.148891210556
115	2622.1472	168.34883	2782.0417	2171.9856	1254.0765	593.6012	1922.0249	296.5592	0.0	0.0	0.0	0.0	0.0	0.0	0.0	0.0	1254.0765	593.6012	1922.0249	296.5592	2622.1472	168.34883	2782.0417	2171.9856	1000.0	1000.0	459999	216.4816	166.49391	228.82127	-13.28149	216.48482	166.49236	229.62054	1.2065626	-4.7745767	4.9681497	58.51753	-18.408741	16.23366	11.267216	16218.005176067352
116	2118.4136	501.5261	2495.4128	1143.9874	1622.5251	337.93677	2034.3107	1240.9001	0.0	0.0	0.0	0.0	0.0	0.0	0.0	0.0	1622.5251	337.93677	2034.3107	1240.9001	2118.4136	501.5261	2495.4128	1143.9874	1000.0	1000.0	463999	217.26105	167.2154	228.94003	-17.844627	217.26459	167.214	229.71057	0.8841994	-4.776735	4.968261	76.81967	-14.6945	16.41653	11.328155	16362.98961853981
117	2533.46	107.437454	2688.0632	2358.3503	1549.2427	638.47626	1979.9988	445.57513	0.0	0.0	0.0	0.0	0.0	0.0	0.0	0.0	1549.2427	638.47626	1979.9988	445.57513	2533.46	107.437454	2688.0632	2358.3503	1000.0	1000.0	467999	217.98538	167.84244	229.70552	-18.610483	217.99026	167.84079	233.29321	0.1263218	-4.739481	4.988088	54.27038	-15.942762	17.936848	11.577234	16532.150657892227
118	2495.3618	49.89599	2562.5244	2426.5935	1786.3191	403.7109	2077.6577	1091.5974	0.0	0.0	0.0	0.0	0.0	0.0	0.0	0.0	1786.3191	403.7109	2077.6577	1091.5974	2495.3618	49.89599	2562.5244	2426.5935	1000.0	1000.0	471999	218.58585	168.43071	231.98492	-18.230957	218.5895	168.42914	230.59201	-0.6648963	-4.7188654	4.9389424	62.769295	-15.290501	17.806036	11.715245	16702.655022621155
119	2502.172	70.67124	2594.992	2388.1033	1935.2056	66.78474	2025.6843	1864.1189	0.0	0.0	0.0	0.0	0.0	0.0	0.0	0.0	1935.2056	66.78474	2025.6843	1864.1189	2502.172	70.67124	2594.992	2388.1033	1000.0	1000.0	475999	219.7947	169.46777	233.67299	-16.559689	219.79997	169.46648	232.24474	-2.2599802	-4.620165	5.0020423	46.98683	-16.035217	17.116886	11.958776	16871.026961803436
120	2297.4438	60.004204	2428.8955	2225.8599	1960.1802	107.27952	2125.9214	1864.3564	0.0	0.0	0.0	0.0	0.0	0.0	0.0	0.0	1960.1802	107.27952	2125.9214	1864.3564	2297.4438	60.004204	2428.8955	2225.8599	1000.0	1000.0	479999	221.33855	170.80132	236.26859	-37.766167	221.34216	170.79924	237.7388	-2.9560237	-4.6488857	4.992562	74.20965	-15.152504	16.59575	12.184425	17017.34388756752
121	2325.7302	473.88095	2567.589	918.4867	1276.6819	514.68146	1957.2834	686.114	0.0	0.0	0.0	0.0	0.0	0.0	0.0	0.0	1276.6819	514.68146	1957.2834	686.114	2325.7302	473.88095	2567.589	918.4867	1000.0	1000.0	483999	222.4295	171.78596	234.90094	-19.57469	222.43391	171.78494	235.59375	-4.4828463	-4.632496	4.969817	54.011932	-15.636415	16.526934	12.147314	17152.63499212265
122	2571.978	87.87789	2662.6685	2344.1687	2000.115	13.328735	2022.5822	1988.289	0.0	0.0	0.0	0.0	0.0	0.0	0.0	0.0	2000.115	13.328735	2022.5822	1988.289	2571.978	87.87789	2662.6685	2344.1687	1000.0	1000.0	487999	223.4603	172.72713	237.13889	-19.522564	223.46428	172.72601	239.20772	-4.66101	-4.5841966	4.969986	64.93335	-15.271317	17.087818	12.426089	17290.574961662292
123	2459.7993	472.38684	2837.8071	1116.3896	1308.5115	770.0914	2097.1018	273.4208	0.0	0.0	0.0	0.0	0.0	0.0	0.0	0.0	1308.5115	770.0914	2097.1018	273.4208	2459.7993	472.38684	2837.8071	1116.3896	1000.0	1000.0	491999	225.1714	174.24017	233.8635	-19.710077	225.17482	174.2379	234.62454	-5.10355	-4.511485	5.0342975	76.335144	-15.522724	17.558836	11.660236	17428.055335760117
124	2424.8574	85.77948	2616.1733	2308.525	1714.1442	466.8954	2009.0835	907.12823	0.0	0.0	0.0	0.0	0.0	0.0	0.0	0.0	1714.1442	466.8954	2009.0835	907.12823	2424.8574	85.77948	2616.1733	2308.525	1000.0	1000.0	495999	226.39456	175.38213	237.8843	-15.602857	226.39815	175.38069	237.80244	-5.8221936	-4.612159	4.9449043	41.368427	-14.496521	17.736979	12.498834	17564.61717414856
125	2603.0007	72.503944	2747.5242	2510.361	2026.4507	141.98622	2218.0393	1823.5477	0.0	0.0	0.0	0.0	0.0	0.0	0.0	0.0	2026.4507	141.98622	2218.0393	1823.5477	2603.0007	72.503944	2747.5242	2510.361	1000.0	1000.0	499999	228.0292	176.7444	243.4172	-15.635948	228.03252	176.74289	241.7666	-5.909575	-4.6152387	4.996708	51.9146	-13.927238	16.189264	12.683439	17700.919152259827
126	2693.5698	88.888466	2882.3733	2581.4575	2019.6724	89.85304	2138.9768	1932.5125	0.0	0.0	0.0	0.0	0.0	0.0	0.0	0.0	2019.6724	89.85304	2138.9768	1932.5125	2693.5698	88.888466	2882.3733	2581.4575	1000.0	1000.0	503999	228.76654	177.37549	246.09193	-16.650976	228.76924	177.37358	243.54126	-5.897852	-4.5498343	4.9820924	49.77397	-14.636164	15.397177	12.724417	17839.482290029526
127	2538.6238	58.27141	2621.7102	2451.325	1674.5995	603.40857	2104.8086	635.718	0.0	0.0	0.0	0.0	0.0	0.0	0.0	0.0	1674.5995	603.40857	2104.8086	635.718	2538.6238	58.27141	2621.7102	2451.325	1000.0	1000.0	507999	230.08472	178.50061	247.16705	-29.644756	230.08818	178.49939	242.36975	-6.034387	-4.52555	5.0065656	62.582085	-15.094795	15.960517	12.890939	17978.06090426445
128	2495.2544	73.030594	2633.6287	2398.849	1898.4595	243.19868	2231.294	1545.7373	0.0	0.0	0.0	0.0	0.0	0.0	0.0	0.0	1898.4595	243.19868	2231.294	1545.7373	2495.2544	73.030594	2633.6287	2398.849	1000.0	1000.0	511999	231.49615	179.70183	248.11469	-17.951149	231.49799	179.70088	246.78722	-6.136435	-4.5172877	5.0030055	54.661	-14.816416	16.524298	13.138914	18116.47722053528
129	2680.1836	57.873352	2754.8716	2543.9578	1634.9828	447.40854	2071.8052	990.86755	0.0	0.0	0.0	0.0	0.0	0.0	0.0	0.0	1634.9828	447.40854	2071.8052	990.86755	2680.1836	57.873352	2754.8716	2543.9578	1000.0	1000.0	515999	233.04211	180.98462	247.10509	-15.625392	233.04448	180.9836	244.17606	-6.2936096	-4.472153	5.0340953	62.59842	-15.194148	16.895163	13.112664	18262.989919662476
130	2497.956	80.31276	2661.2632	2375.942	1953.0769	375.0175	2376.616	1350.2393	0.0	0.0	0.0	0.0	0.0	0.0	0.0	0.0	1953.0769	375.0175	2376.616	1350.2393	2497.956	80.31276	2661.2632	2375.942	1000.0	1000.0	519999	234.01016	181.86623	247.49881	-21.975357	234.0125	181.86534	247.4823	-6.6370387	-4.477462	5.0507154	91.0053	-14.290189	16.75961	12.732936	18407.657445669174
131	2579.56	195.77261	2777.4583	2032.6097	1893.5258	440.69812	2245.8542	1139.8038	0.0	0.0	0.0	0.0	0.0	0.0	0.0	0.0	1893.5258	440.69812	2245.8542	1139.8038	2579.56	195.77261	2777.4583	2032.6097	1000.0	1000.0	523999	235.71918	183.2463	245.61841	-21.609936	235.72066	183.24527	241.89528	-6.9342256	-4.4899955	5.043193	48.08542	-15.134439	16.428762	12.728566	18552.89591407776
132	2385.2388	385.47552	2602.1064	1295.2946	1827.9149	424.6617	2158.9404	1102.5522	0.0	0.0	0.0	0.0	0.0	0.0	0.0	0.0	1827.9149	424.6617	2158.9404	1102.5522	2385.2388	385.47552	2602.1064	1295.2946	1000.0	1000.0	527999	237.0064	184.3256	251.08115	-20.22825	237.00854	184.3249	249.46722	-5.700148	-4.5317774	5.0341897	111.66833	-14.4484005	16.42897	13.016412	18699.084812641144
133	2594.4448	88.23281	2732.1592	2422.353	2057.476	91.14369	2160.502	1913.1261	0.0	0.0	0.0	0.0	0.0	0.0	0.0	0.0	2057.476	91.14369	2160.502	1913.1261	2594.4448	88.23281	2732.1592	2422.353	1000.0	1000.0	531999	238.88548	185.7811	250.98083	-13.85065	238.88705	185.78012	249.99876	-5.7486763	-4.5008907	5.0272746	68.50336	-16.764393	16.379566	13.008105	18858.74671816826
134	2638.762	248.15332	2821.1453	1914.9031	1955.0552	535.1728	2364.2732	1035.7699	0.0	0.0	0.0	0.0	0.0	0.0	0.0	0.0	1955.0552	535.1728	2364.2732	1035.7699	2638.762	248.15332	2821.1453	1914.9031	1000.0	1000.0	535999	239.48242	186.32822	250.54605	-23.172554	239.48453	186.32642	250.37274	-6.267339	-4.457649	5.041026	110.37877	-13.962421	16.935675	13.317683	19020.060343265533
135	2693.733	414.2876	2904.869	1466.7213	2078.7354	103.93576	2163.8552	1905.9657	0.0	0.0	0.0	0.0	0.0	0.0	0.0	0.0	2078.7354	103.93576	2163.8552	1905.9657	2693.733	414.2876	2904.869	1466.7213	1000.0	1000.0	539999	241.25739	187.76247	251.0476	-21.225237	241.25983	187.76093	253.7041	-7.1168942	-4.399245	5.0424957	52.975636	-14.866969	15.715943	13.611386	19181.52400636673
136	2699.3525	76.99803	2814.1663	2519.489	2114.8794	117.041145	2236.0325	1928.2246	0.0	0.0	0.0	0.0	0.0	0.0	0.0	0.0	2114.8794	117.041145	2236.0325	1928.2246	2699.3525	76.99803	2814.1663	2519.489	1000.0	1000.0	543999	242.47408	188.75719	254.16469	-15.624952	242.47453	188.75626	252.57886	-5.5965095	-4.41234	5.036254	53.09358	-14.156861	13.867225	13.583856	19343.013980150223
137	2630.3274	53.19149	2719.4097	2555.1194	1807.5026	398.50632	2211.0337	1296.1179	0.0	0.0	0.0	0.0	0.0	0.0	0.0	0.0	1807.5026	398.50632	2211.0337	1296.1179	2630.3274	53.19149	2719.4097	2555.1194	1000.0	1000.0	547999	243.82523	189.84908	254.62912	-18.653595	243.82587	189.84727	255.24367	-6.208972	-4.3736315	5.0242577	58.15473	-14.11425	12.655645	13.6174965	19486.08248066902
138	2691.496	60.347183	2789.0474	2606.3594	2100.8105	98.66728	2206.3428	1942.5414	0.0	0.0	0.0	0.0	0.0	0.0	0.0	0.0	2100.8105	98.66728	2206.3428	1942.5414	2691.496	60.347183	2789.0474	2606.3594	1000.0	1000.0	551999	245.132	190.94395	252.27336	-60.16071	245.13477	190.9439	255.16151	-5.746781	-4.3719406	5.0494876	52.171944	-14.405747	12.211465	14.095429	19629.696254968643
139	2656.9685	64.21532	2810.9392	2553.4438	1547.269	577.22894	2070.2007	674.4027	0.0	0.0	0.0	0.0	0.0	0.0	0.0	0.0	1547.269	577.22894	2070.2007	674.4027	2656.9685	64.21532	2810.9392	2553.4438	1000.0	1000.0	555999	246.65665	192.24109	257.20834	-23.48171	246.65817	192.2404	257.276	-5.3280163	-4.297082	5.075703	62.0276	-15.520369	11.591336	13.528375	19772.543210983276
140	2192.9875	513.2735	2678.107	716.0965	1012.18005	722.9793	2240.5576	380.3188	0.0	0.0	0.0	0.0	0.0	0.0	0.0	0.0	1012.18005	722.9793	2240.5576	380.3188	2192.9875	513.2735	2678.107	716.0965	1000.0	1000.0	559999	246.93312	192.64055	256.2022	-16.455097	246.9358	192.63913	258.57953	-5.0759287	-4.3118353	5.0669107	54.647224	-14.50975	11.776297	14.394172	19913.089324951172
141	2592.7065	42.338093	2678.1658	2532.3462	1796.5771	768.1852	2339.4421	472.35236	0.0	0.0	0.0	0.0	0.0	0.0	0.0	0.0	1796.5771	768.1852	2339.4421	472.35236	2592.7065	42.338093	2678.1658	2532.3462	1000.0	1000.0	563999	248.25342	193.68698	257.17285	-20.274048	248.254	193.68501	256.60846	-4.995341	-4.319563	5.1032343	57.9939	-17.446346	10.448143	14.44228	20053.86526966095
142	2709.5007	95.74912	2825.7485	2527.7693	1950.3918	290.40143	2170.4595	1453.1366	0.0	0.0	0.0	0.0	0.0	0.0	0.0	0.0	1950.3918	290.40143	2170.4595	1453.1366	2709.5007	95.74912	2825.7485	2527.7693	1000.0	1000.0	567999	248.60382	194.05986	258.50906	-23.75056	248.60486	194.05771	260.35025	-4.8112993	-4.337824	5.0588493	59.17849	-17.142359	10.594949	15.130369	20195.333347082138
143	2738.4033	82.88968	2851.0496	2539.7646	1558.4186	478.99664	1997.2583	845.4475	0.0	0.0	0.0	0.0	0.0	0.0	0.0	0.0	1558.4186	478.99664	1997.2583	845.4475	2738.4033	82.88968	2851.0496	2539.7646	1000.0	1000.0	571999	250.15048	195.31216	259.39044	-18.817656	250.15192	195.31152	259.04248	-4.92043	-4.2937055	5.091882	52.18416	-15.414989	10.81433	14.499618	20338.913929224014
144	2648.7554	53.211716	2713.8333	2508.8843	2173.1025	82.93802	2260.1714	2080.3442	0.0	0.0	0.0	0.0	0.0	0.0	0.0	0.0	2173.1025	82.93802	2260.1714	2080.3442	2648.7554	53.211716	2713.8333	2508.8843	1000.0	1000.0	575999	250.96184	195.99797	261.07758	-16.911884	250.96281	195.99622	258.55334	-4.9916673	-4.3043885	5.078168	69.667854	-15.132826	9.407937	14.64835	20482.487805604935
145	2850.774	36.543976	2905.0188	2813.4827	1567.5416	656.36945	2139.3828	529.4344	0.0	0.0	0.0	0.0	0.0	0.0	0.0	0.0	1567.5416	656.36945	2139.3828	529.4344	2850.774	36.543976	2905.0188	2813.4827	1000.0	1000.0	579999	252.06262	196.90721	262.89944	-20.599043	252.06435	196.90651	263.17184	-4.5700517	-4.2951655	5.1265	81.243286	-13.3085375	10.406895	14.556498	20625.852336645126
146	2462.6304	456.61017	2806.831	1219.4014	2239.0703	91.633575	2393.3394	2156.6917	0.0	0.0	0.0	0.0	0.0	0.0	0.0	0.0	2239.0703	91.633575	2393.3394	2156.6917	2462.6304	456.61017	2806.831	1219.4014	1000.0	1000.0	583999	253.39732	197.94865	261.59976	-23.24476	253.39836	197.948	261.0758	-5.3238125	-4.2916346	5.102326	67.55583	-14.987776	10.339603	14.336992	20772.68357181549
147	2735.0574	211.52803	2946.7502	2182.761	1896.5876	542.4791	2217.0117	957.0388	0.0	0.0	0.0	0.0	0.0	0.0	0.0	0.0	1896.5876	542.4791	2217.0117	957.0388	2735.0574	211.52803	2946.7502	2182.761	1000.0	1000.0	587999	254.39429	198.7765	261.00955	-18.441593	254.3944	198.77548	259.59207	-4.751418	-4.236207	5.111836	70.78168	-15.360224	9.725173	14.711078	20918.758154153824
148	2692.4265	98.671364	2870.9731	2524.1155	1929.4977	317.16357	2205.9666	1403.2267	0.0	0.0	0.0	0.0	0.0	0.0	0.0	0.0	1929.4977	317.16357	2205.9666	1403.2267	2692.4265	98.671364	2870.9731	2524.1155	1000.0	1000.0	591999	255.65659	199.7877	262.78876	-52.39354	255.65718	199.78644	261.28586	-5.205505	-4.238699	5.0801525	63.737762	-17.209661	9.743288	14.399887	21065.17928671837
149	2815.5535	67.30135	2920.7146	2692.6038	2288.1177	106.987274	2434.382	2165.3577	0.0	0.0	0.0	0.0	0.0	0.0	0.0	0.0	2288.1177	106.987274	2434.382	2165.3577	2815.5535	67.30135	2920.7146	2692.6038	1000.0	1000.0	595999	256.5359	200.54338	262.90158	-54.644936	256.5376	200.54272	259.70627	-5.4925966	-4.166428	5.1114936	64.90349	-15.757208	8.780883	14.813371	21226.937918424606
150	2837.3892	87.02591	3036.2915	2712.57	2255.0364	27.994675	2293.3674	2220.2822	0.0	0.0	0.0	0.0	0.0	0.0	0.0	0.0	2255.0364	27.994675	2293.3674	2220.2822	2837.3892	87.02591	3036.2915	2712.57	1000.0	1000.0	599999	258.5299	202.08421	263.60562	-18.417885	258.53207	202.0831	264.2414	-5.665241	-4.221645	5.11761	71.46192	-15.58237	7.9441724	15.481997	21394.113503932953
151	2361.2183	342.56497	2640.0374	1477.8208	1879.7075	690.4699	2377.5076	688.8662	0.0	0.0	0.0	0.0	0.0	0.0	0.0	0.0	1879.7075	690.4699	2377.5076	688.8662	2361.2183	342.56497	2640.0374	1477.8208	1000.0	1000.0	603999	259.68573	203.01936	266.2221	-39.288517	259.68628	203.01796	265.8695	-5.22658	-4.1079793	5.112376	70.782616	-14.811171	6.6828237	14.761808	21560.868101358414
152	2679.3499	584.3354	3024.0652	943.41956	1243.9459	656.8996	2280.6875	457.78705	0.0	0.0	0.0	0.0	0.0	0.0	0.0	0.0	1243.9459	656.8996	2280.6875	457.78705	2679.3499	584.3354	3024.0652	943.41956	1000.0	1000.0	607999	260.46335	203.75339	267.6764	-18.364437	260.46533	203.75264	267.07086	-6.30931	-4.1684713	5.1561036	68.19971	-13.966795	7.173968	15.012632	21726.957382917404
153	2636.899	159.04375	2821.3167	2213.1724	1853.3353	702.83984	2366.0896	641.78534	0.0	0.0	0.0	0.0	0.0	0.0	0.0	0.0	1853.3353	702.83984	2366.0896	641.78534	2636.899	159.04375	2821.3167	2213.1724	1000.0	1000.0	611999	260.89383	204.18054	263.20377	-21.68507	260.89493	204.17944	265.78165	-7.021164	-4.155804	5.076063	58.29678	-13.599133	7.943338	15.198168	21870.226901054382
154	2670.9258	559.2871	3018.8535	1014.1125	2186.4297	135.58412	2322.7632	1960.8466	0.0	0.0	0.0	0.0	0.0	0.0	0.0	0.0	2186.4297	135.58412	2322.7632	1960.8466	2670.9258	559.2871	3018.8535	1014.1125	1000.0	1000.0	615999	262.80838	205.68544	267.5774	-19.955805	262.81076	205.6844	267.65048	-6.7914023	-4.0971427	5.122353	57.479023	-16.649544	9.652824	15.773242	22013.26398587227
155	2775.518	180.5966	2947.206	2303.7495	1991.6589	357.02505	2362.0042	1408.7595	0.0	0.0	0.0	0.0	0.0	0.0	0.0	0.0	1991.6589	357.02505	2362.0042	1408.7595	2775.518	180.5966	2947.206	2303.7495	1000.0	1000.0	619999	263.33118	206.19038	267.82764	-30.12248	263.33344	206.18904	272.39703	-6.8952017	-4.193691	5.091981	62.219063	-14.082533	11.877561	15.897557	22154.982236862183
156	2814.7344	241.1946	2980.7522	2149.6692	1816.8666	798.7288	2417.2358	444.2714	0.0	0.0	0.0	0.0	0.0	0.0	0.0	0.0	1816.8666	798.7288	2417.2358	444.2714	2814.7344	241.1946	2980.7522	2149.6692	1000.0	1000.0	623999	263.9539	206.65964	267.1553	-24.485226	263.95538	206.65874	267.96298	-6.2643485	-4.09928	5.1134725	50.119263	-13.541384	13.251349	15.953574	22296.55604839325
157	2543.0388	61.833588	2616.5554	2389.9856	2010.9062	332.46695	2253.956	1438.4061	0.0	0.0	0.0	0.0	0.0	0.0	0.0	0.0	2010.9062	332.46695	2253.956	1438.4061	2543.0388	61.833588	2616.5554	2389.9856	1000.0	1000.0	627999	264.5877	207.148	265.64157	-23.409462	264.58807	207.14764	267.51413	-7.3322377	-4.1003957	5.105931	70.22575	-17.571064	14.60641	16.351597	22437.362770795822
158	2837.1482	122.19262	3034.7056	2674.424	2325.3804	81.03005	2385.5872	2187.754	0.0	0.0	0.0	0.0	0.0	0.0	0.0	0.0	2325.3804	81.03005	2385.5872	2187.754	2837.1482	122.19262	3034.7056	2674.424	1000.0	1000.0	631999	265.19742	207.593	266.68918	-19.048954	265.1986	207.59206	269.26935	-5.6744785	-4.101778	5.1113644	67.30539	-16.643772	15.75298	16.541664	22580.37490415573
159	2842.7559	283.3453	3105.4946	2095.1616	1710.738	655.3917	2486.1736	990.9633	0.0	0.0	0.0	0.0	0.0	0.0	0.0	0.0	1710.738	655.3917	2486.1736	990.9633	2842.7559	283.3453	3105.4946	2095.1616	1000.0	1000.0	635999	266.3133	208.46431	267.2797	-19.921951	266.31433	208.46335	267.90173	-6.0409727	-4.049885	5.1735544	78.016174	-13.826547	16.366928	16.853773	22722.346638679504
160	2846.8865	38.899403	2903.1523	2771.4736	1844.7178	543.57587	2370.8345	1097.6738	0.0	0.0	0.0	0.0	0.0	0.0	0.0	0.0	1844.7178	543.57587	2370.8345	1097.6738	2846.8865	38.899403	2903.1523	2771.4736	1000.0	1000.0	639999	266.59238	208.67052	270.28592	-16.863043	266.5934	208.66953	268.83926	-5.3577247	-4.1245866	5.114516	77.42684	-14.240633	16.847742	16.162369	22865.217753887177
161	2278.1538	569.81055	2721.9355	1056.616	2347.896	106.38733	2450.8213	2169.5637	0.0	0.0	0.0	0.0	0.0	0.0	0.0	0.0	2347.896	106.38733	2450.8213	2169.5637	2278.1538	569.81055	2721.9355	1056.616	1000.0	1000.0	643999	267.5139	209.37105	268.13995	-21.036072	267.51727	209.37053	266.8498	-7.5444303	-4.112959	5.150672	72.901276	-16.193186	15.729826	16.720972	23029.632118701935
162	2966.6792	96.829704	3133.3162	2837.3997	2171.879	190.46825	2386.3943	1867.2855	0.0	0.0	0.0	0.0	0.0	0.0	0.0	0.0	2171.879	190.46825	2386.3943	1867.2855	2966.6792	96.829704	3133.3162	2837.3997	1000.0	1000.0	647999	268.2166	209.99828	268.4529	-24.298195	268.21735	209.99747	269.34778	-7.2197423	-4.0809183	5.1311293	89.792496	-14.56329	14.823811	16.024323	23210.282877206802
163	3041.625	62.42252	3157.8591	2925.9956	2200.2695	289.23254	2519.3606	1733.1917	0.0	0.0	0.0	0.0	0.0	0.0	0.0	0.0	2200.2695	289.23254	2519.3606	1733.1917	3041.625	62.42252	3157.8591	2925.9956	1000.0	1000.0	651999	269.6253	211.05945	269.60516	-21.444218	269.6269	211.05908	267.14114	-6.891693	-4.0451093	5.1530056	91.668434	-14.206472	13.576217	16.714468	23390.591006994247
164	2929.97	62.331852	3021.766	2819.9153	1454.4866	777.681	2250.0312	572.9524	0.0	0.0	0.0	0.0	0.0	0.0	0.0	0.0	1454.4866	777.681	2250.0312	572.9524	2929.97	62.331852	3021.766	2819.9153	1000.0	1000.0	655999	270.57956	211.901	268.9942	-32.399097	270.57956	211.89972	270.44254	-6.9005284	-3.9990218	5.184288	67.1418	-19.343964	11.985844	16.28948	23558.89370393753
165	2790.4185	481.38492	3086.8853	1368.7595	2296.4001	72.52018	2399.0173	2199.4863	0.0	0.0	0.0	0.0	0.0	0.0	0.0	0.0	2296.4001	72.52018	2399.0173	2199.4863	2790.4185	481.38492	3086.8853	1368.7595	1000.0	1000.0	659999	272.0608	213.07274	274.02933	-20.890053	272.0624	213.07198	272.416	-8.847198	-4.0112286	5.145027	50.522984	-15.834475	13.104996	17.171555	23697.355263471603
166	2600.6326	538.7253	2946.9475	1158.4265	1607.9572	586.7414	2390.2644	983.35803	0.0	0.0	0.0	0.0	0.0	0.0	0.0	0.0	1607.9572	586.7414	2390.2644	983.35803	2600.6326	538.7253	2946.9475	1158.4265	1000.0	1000.0	663999	272.20132	213.31888	271.46683	-28.701004	272.20227	213.31706	273.20642	-9.480145	-3.9846704	5.23088	69.33222	-17.508842	14.116832	17.281544	23834.03621149063
167	2682.7163	393.718	3043.7888	1537.5559	2111.036	432.1096	2515.3875	1388.2888	0.0	0.0	0.0	0.0	0.0	0.0	0.0	0.0	2111.036	432.1096	2515.3875	1388.2888	2682.7163	393.718	3043.7888	1537.5559	1000.0	1000.0	667999	272.89423	213.93251	272.23648	-27.952145	272.89856	213.93237	273.21478	-8.7960415	-3.956603	5.2121906	117.45926	-16.945602	14.998824	16.862976	23970.56184744835
168	2947.645	69.36148	3056.742	2819.278	2407.706	90.23482	2539.6382	2311.3425	0.0	0.0	0.0	0.0	0.0	0.0	0.0	0.0	2407.706	90.23482	2539.6382	2311.3425	2947.645	69.36148	3056.742	2819.278	1000.0	1000.0	671999	274.12357	214.89719	271.48926	-23.850529	274.1244	214.8958	272.88312	-9.628224	-4.011797	5.22376	73.94122	-15.590214	14.531772	16.630886	24108.098791360855
169	2725.1052	73.729324	2799.3792	2591.067	2368.3733	95.96715	2460.8833	2208.2551	0.0	0.0	0.0	0.0	0.0	0.0	0.0	0.0	2368.3733	95.96715	2460.8833	2208.2551	2725.1052	73.729324	2799.3792	2591.067	1000.0	1000.0	675999	275.30988	215.79907	275.6649	-28.852428	275.31094	215.79843	271.81287	-9.416541	-3.9498112	5.200362	73.55141	-15.915007	15.770514	16.622135	24243.572887659073
170	2905.1943	78.2034	3021.886	2809.2395	2368.301	132.1801	2511.354	2152.1575	0.0	0.0	0.0	0.0	0.0	0.0	0.0	0.0	2368.301	132.1801	2511.354	2152.1575	2905.1943	78.2034	3021.886	2809.2395	1000.0	1000.0	679999	275.84155	216.45601	276.54272	-30.693453	275.8438	216.45499	274.59616	-11.3877125	-3.9414763	5.2151527	64.65224	-15.209864	17.171528	16.388418	24377.183260917664
171	2793.0366	411.66974	3058.0469	1687.2515	1308.3368	770.6472	2471.9304	397.53906	0.0	0.0	0.0	0.0	0.0	0.0	0.0	0.0	1308.3368	770.6472	2471.9304	397.53906	2793.0366	411.66974	3058.0469	1687.2515	1000.0	1000.0	683999	277.78113	217.8686	272.1773	-27.789051	277.78397	217.86786	272.64917	-10.474927	-3.9469	5.2426167	62.7484	-15.950746	18.213902	17.00914	24515.11528778076
172	2669.352	458.82605	2976.6658	1319.2386	1416.4421	691.88477	2243.8062	565.8613	0.0	0.0	0.0	0.0	0.0	0.0	0.0	0.0	1416.4421	691.88477	2243.8062	565.8613	2669.352	458.82605	2976.6658	1319.2386	1000.0	1000.0	687999	277.9497	218.07211	277.37183	-22.883945	277.95233	218.07071	273.4433	-9.702832	-3.9216259	5.2472186	74.5067	-15.199501	18.112469	17.67229	24654.416073322296
173	2519.4207	712.23517	3109.2322	947.83704	1920.1586	729.25555	2532.1348	674.76917	0.0	0.0	0.0	0.0	0.0	0.0	0.0	0.0	1920.1586	729.25555	2532.1348	674.76917	2519.4207	712.23517	3109.2322	947.83704	1000.0	1000.0	691999	278.4469	218.5339	273.55698	-52.01417	278.44778	218.53262	275.50018	-9.964052	-3.8952603	5.2309465	98.58777	-14.757156	18.17811	17.013922	24790.749088525772
174	2832.903	62.596104	2913.9907	2682.733	1915.9242	832.4785	2501.269	480.1598	0.0	0.0	0.0	0.0	0.0	0.0	0.0	0.0	1915.9242	832.4785	2501.269	480.1598	2832.903	62.596104	2913.9907	2682.733	1000.0	1000.0	695999	278.84567	219.00484	279.1609	-50.26648	278.84885	219.0043	276.29636	-12.918983	-3.880322	5.2460613	61.50685	-14.391405	18.967169	17.135426	24927.793307304382
175	2996.727	25.84127	3048.165	2948.0684	2314.813	98.34308	2457.044	2190.9495	0.0	0.0	0.0	0.0	0.0	0.0	0.0	0.0	2314.813	98.34308	2457.044	2190.9495	2996.727	25.84127	3048.165	2948.0684	1000.0	1000.0	699999	279.87958	219.77608	275.57898	-28.051208	279.88153	219.7756	277.48422	-12.118724	-3.9163523	5.2315497	68.16261	-13.9654045	17.486834	18.050032	25066.110701322556
176	2983.5618	59.442825	3084.2512	2900.7407	2432.996	63.697674	2495.9072	2350.162	0.0	0.0	0.0	0.0	0.0	0.0	0.0	0.0	2432.996	63.697674	2495.9072	2350.162	2983.5618	59.442825	3084.2512	2900.7407	1000.0	1000.0	703999	280.61243	220.29576	277.00018	-25.982244	280.61505	220.29556	278.31216	-13.652791	-3.9526894	5.245282	81.839676	-14.63891	16.746895	17.587547	25203.928501605988
177	2989.5322	67.929985	3136.9094	2878.5293	1805.1309	626.8392	2484.1658	993.3622	0.0	0.0	0.0	0.0	0.0	0.0	0.0	0.0	1805.1309	626.8392	2484.1658	993.3622	2989.5322	67.929985	3136.9094	2878.5293	1000.0	1000.0	707999	281.52563	220.98318	277.21066	-33.881153	281.52777	220.98177	276.343	-14.075771	-3.8740666	5.256827	92.1915	-13.2699795	18.360685	17.784071	25341.675799369812
178	2904.5383	75.84576	3061.9614	2778.692	1758.8378	838.1323	2423.3281	367.40195	0.0	0.0	0.0	0.0	0.0	0.0	0.0	0.0	1758.8378	838.1323	2423.3281	367.40195	2904.5383	75.84576	3061.9614	2778.692	1000.0	1000.0	711999	282.50818	221.75308	278.78558	-24.618814	282.5089	221.75151	277.34882	-13.829964	-3.840736	5.252996	69.06766	-15.2968235	16.49732	17.909937	25479.771429777145
179	2564.1255	618.87274	2930.5835	886.91925	2226.9768	398.87933	2704.04	1601.1757	0.0	0.0	0.0	0.0	0.0	0.0	0.0	0.0	2226.9768	398.87933	2704.04	1601.1757	2564.1255	618.87274	2930.5835	886.91925	1000.0	1000.0	715999	283.37933	222.42624	278.67365	-55.836086	283.38098	222.42564	278.30258	-12.164344	-3.8996658	5.247114	70.14133	-18.903107	13.04011	18.149828	25616.54586482048
180	2936.7942	398.1728	3223.4119	2115.119	1733.0874	662.09546	2323.6162	660.91425	0.0	0.0	0.0	0.0	0.0	0.0	0.0	0.0	1733.0874	662.09546	2323.6162	660.91425	2936.7942	398.1728	3223.4119	2115.119	1000.0	1000.0	719999	283.98053	222.96686	276.59805	-31.017254	283.9818	222.96526	279.70724	-14.925774	-3.8517144	5.223982	75.559265	-14.995674	11.938796	18.00523	25756.357276439667
181	2793.5444	306.9503	3100.3293	1929.0077	1860.0095	873.1773	2468.5935	351.88898	0.0	0.0	0.0	0.0	0.0	0.0	0.0	0.0	1860.0095	873.1773	2468.5935	351.88898	2793.5444	306.9503	3100.3293	1929.0077	1000.0	1000.0	723999	285.23105	223.89294	276.3599	-30.385353	285.2316	223.89194	277.14972	-12.745727	-3.799396	5.272342	139.48497	-15.053179	10.428273	18.349623	25896.806505203247
182	2809.8286	222.36346	3009.2776	2160.739	2189.4036	444.9725	2508.222	1422.0671	0.0	0.0	0.0	0.0	0.0	0.0	0.0	0.0	2189.4036	444.9725	2508.222	1422.0671	2809.8286	222.36346	3009.2776	2160.739	1000.0	1000.0	727999	285.65585	224.3216	279.7301	-23.356798	285.65524	224.32079	279.82068	-13.424011	-3.7462118	5.3045764	67.921616	-17.228315	9.887855	18.225758	26063.180974960327
183	2881.3623	503.79825	3197.3206	1396.1859	2408.5977	50.360344	2459.4778	2325.369	0.0	0.0	0.0	0.0	0.0	0.0	0.0	0.0	2408.5977	50.360344	2459.4778	2325.369	2881.3623	503.79825	3197.3206	1396.1859	1000.0	1000.0	731999	287.03403	225.422	279.61078	-26.476158	287.03464	225.4214	279.86816	-14.598476	-3.8094325	5.280358	76.07167	-17.641214	9.786086	17.712488	26238.127135515213
184	3114.4653	46.229534	3159.6218	3007.3745	2523.0664	70.65416	2635.1035	2453.016	0.0	0.0	0.0	0.0	0.0	0.0	0.0	0.0	2523.0664	70.65416	2635.1035	2453.016	3114.4653	46.229534	3159.6218	3007.3745	1000.0	1000.0	735999	288.1328	226.15617	280.71115	-37.45165	288.13467	226.15572	282.03442	-13.655192	-3.897092	5.2214446	69.628456	-15.072807	9.376806	18.254562	26410.056584835052
185	2902.9038	57.32492	3037.4739	2820.0364	2416.1482	45.890743	2487.548	2368.8564	0.0	0.0	0.0	0.0	0.0	0.0	0.0	0.0	2416.1482	45.890743	2487.548	2368.8564	2902.9038	57.32492	3037.4739	2820.0364	1000.0	1000.0	739999	289.00803	226.79031	280.3452	-21.197906	289.01007	226.78925	281.70828	-12.776604	-3.8965085	5.228542	102.23706	-14.776915	9.354593	18.115856	26568.79757785797
186	2885.245	62.395283	2987.8848	2772.133	2304.983	244.74356	2551.6162	1897.7367	0.0	0.0	0.0	0.0	0.0	0.0	0.0	0.0	2304.983	244.74356	2551.6162	1897.7367	2885.245	62.395283	2987.8848	2772.133	1000.0	1000.0	743999	289.64343	227.28804	282.7661	-23.52689	289.64627	227.28717	282.61957	-14.330496	-3.718845	5.3266034	68.52923	-14.952768	9.510582	18.783146	26710.34652519226
187	2676.0542	611.0357	3144.786	1096.2977	2185.1006	311.47983	2426.704	1652.06	0.0	0.0	0.0	0.0	0.0	0.0	0.0	0.0	2185.1006	311.47983	2426.704	1652.06	2676.0542	611.0357	3144.786	1096.2977	1000.0	1000.0	747999	290.19626	227.78143	279.6505	-22.536942	290.19763	227.77953	282.49744	-14.624279	-3.8472104	5.281112	74.87693	-15.021365	7.436789	18.290726	26852.009949445724
188	2676.5112	555.2798	3148.035	1281.3877	2417.1875	32.693703	2458.7703	2380.202	0.0	0.0	0.0	0.0	0.0	0.0	0.0	0.0	2417.1875	32.693703	2458.7703	2380.202	2676.5112	555.2798	3148.035	1281.3877	1000.0	1000.0	751999	291.31668	228.64066	279.4274	-26.9068	291.32065	228.64034	281.65305	-15.038711	-3.7205873	5.3084073	76.70744	-16.921741	6.8227186	18.382456	26996.589408159256
189	2997.6243	97.387955	3140.8953	2746.4702	2428.0498	17.412104	2451.0608	2403.0334	0.0	0.0	0.0	0.0	0.0	0.0	0.0	0.0	2428.0498	17.412104	2451.0608	2403.0334	2997.6243	97.387955	3140.8953	2746.4702	1000.0	1000.0	755999	292.8762	229.81154	280.47043	-42.54041	292.8776	229.81064	281.47894	-15.160406	-3.7926881	5.274372	60.62533	-14.687307	7.366237	18.603483	27144.188970327377
190	2849.8735	223.11156	3021.1228	2211.7922	2486.9177	135.80937	2690.4666	2354.999	0.0	0.0	0.0	0.0	0.0	0.0	0.0	0.0	2486.9177	135.80937	2690.4666	2354.999	2849.8735	223.11156	3021.1228	2211.7922	1000.0	1000.0	759999	293.81815	230.51717	284.26093	-30.536201	293.81802	230.51562	283.12442	-14.011826	-3.7565527	5.2764196	71.69138	-15.519309	6.5777144	18.620165	27313.81824207306
191	2815.497	553.49884	3171.582	1206.2635	2117.4512	608.3124	2552.3015	1068.0837	0.0	0.0	0.0	0.0	0.0	0.0	0.0	0.0	2117.4512	608.3124	2552.3015	1068.0837	2815.497	553.49884	3171.582	1206.2635	1000.0	1000.0	763999	294.6301	231.19473	283.57162	-25.71694	294.63104	231.19402	284.8364	-14.508894	-3.7122672	5.360664	67.071686	-16.833677	6.1712947	18.232302	27481.28211903572
192	2833.3245	639.0979	3131.616	921.5274	2246.818	245.31819	2423.041	1823.5519	0.0	0.0	0.0	0.0	0.0	0.0	0.0	0.0	2246.818	245.31819	2423.041	1823.5519	2833.3245	639.0979	3131.616	921.5274	1000.0	1000.0	767999	295.84042	232.26683	284.67657	-24.384682	295.84283	232.26698	284.91483	-14.728388	-3.6702185	5.340625	74.09256	-17.304468	5.9088163	18.148647	27651.214906454086
193	3041.128	132.95966	3206.0266	2711.124	2110.558	593.4478	2595.971	1096.464	0.0	0.0	0.0	0.0	0.0	0.0	0.0	0.0	2110.558	593.4478	2595.971	1096.464	3041.128	132.95966	3206.0266	2711.124	1000.0	1000.0	771999	297.22443	233.31499	286.5332	-24.821642	297.22614	233.31407	286.85355	-12.826651	-3.748204	5.29087	62.699543	-13.580479	4.810533	19.216429	27801.80809688568
194	3024.5037	83.73288	3189.6648	2911.3782	1667.9539	958.0254	2688.9973	297.22208	0.0	0.0	0.0	0.0	0.0	0.0	0.0	0.0	1667.9539	958.0254	2688.9973	297.22208	3024.5037	83.73288	3189.6648	2911.3782	1000.0	1000.0	775999	297.63467	233.75969	286.0157	-30.04912	297.63647	233.75885	286.67325	-15.98137	-3.6980298	5.3047056	82.20288	-15.343187	3.4791873	18.623913	27940.613889694214
195	3043.8115	83.87612	3140.4783	2843.4968	2071.5264	962.8189	2720.834	407.00943	0.0	0.0	0.0	0.0	0.0	0.0	0.0	0.0	2071.5264	962.8189	2720.834	407.00943	3043.8115	83.87612	3140.4783	2843.4968	1000.0	1000.0	779999	298.71872	234.63805	288.27386	-25.240986	298.72125	234.63727	287.812	-15.966722	-3.6685956	5.2939215	75.84904	-14.809422	3.1080644	18.78326	28077.630833625793
196	2892.0977	508.3065	3182.6667	1377.8755	2171.2173	518.8973	2653.5146	1303.3229	0.0	0.0	0.0	0.0	0.0	0.0	0.0	0.0	2171.2173	518.8973	2653.5146	1303.3229	2892.0977	508.3065	3182.6667	1377.8755	1000.0	1000.0	783999	299.23236	235.08788	287.71017	-22.20188	299.23337	235.08607	286.64386	-15.623621	-3.6630237	5.2930045	65.01164	-16.931581	2.9155483	19.116358	28213.91201019287
197	2895.5269	234.57843	3048.7236	2202.8755	2176.3542	690.81757	2591.4587	979.97015	0.0	0.0	0.0	0.0	0.0	0.0	0.0	0.0	2176.3542	690.81757	2591.4587	979.97015	2895.5269	234.57843	3048.7236	2202.8755	1000.0	1000.0	787999	299.84348	235.51569	287.29788	-44.45883	299.8441	235.51505	286.94165	-15.925465	-3.6830332	5.312289	61.69944	-14.333923	1.2427665	19.17127	28353.127769470215
198	3023.2817	97.583015	3151.6877	2898.7705	2591.8655	110.7598	2728.6094	2422.5342	0.0	0.0	0.0	0.0	0.0	0.0	0.0	0.0	2591.8655	110.7598	2728.6094	2422.5342	3023.2817	97.583015	3151.6877	2898.7705	1000.0	1000.0	791999	300.19125	235.82814	287.17487	-20.829412	300.19202	235.82687	288.27347	-14.1491585	-3.6865044	5.338706	110.69278	-14.569484	1.8336444	19.383783	28492.81053185463
199	2989.6104	580.39685	3288.2932	1256.9031	2540.1323	55.722134	2613.1948	2456.345	0.0	0.0	0.0	0.0	0.0	0.0	0.0	0.0	2540.1323	55.722134	2613.1948	2456.345	2989.6104	580.39685	3288.2932	1256.9031	1000.0	1000.0	795999	301.58493	236.85904	286.62772	-25.558262	301.58688	236.85788	287.8675	-16.157053	-3.6261885	5.3345447	72.342445	-14.634068	2.5615585	19.236513	28634.4252409935
200	2911.3704	622.841	3301.4165	1083.8932	2219.9421	570.3004	2583.8206	1233.3402	0.0	0.0	0.0	0.0	0.0	0.0	0.0	0.0	2219.9421	570.3004	2583.8206	1233.3402	2911.3704	622.841	3301.4165	1083.8932	1000.0	1000.0	799999	302.67056	237.67186	287.93762	-30.977345	302.6704	237.67178	287.9816	-19.944319	-3.74076	5.2784586	68.851036	-15.806204	3.7476397	18.40924	28776.632388353348
