Epoch	AverageTestEnv0Ret	StdTestEnv0Ret	MaxTestEnv0Ret	MinTestEnv0Ret	AverageEnv0Ret	StdEnv0Ret	MaxEnv0Ret	MinEnv0Ret	AverageTestEnv1Ret	StdTestEnv1Ret	MaxTestEnv1Ret	MinTestEnv1Ret	AverageEnv1Ret	StdEnv1Ret	MaxEnv1Ret	MinEnv1Ret	AverageEpRet	StdEpRet	MaxEpRet	MinEpRet	AverageTestEpRet	StdTestEpRet	MaxTestEpRet	MinTestEpRet	EpLen	TestEpLen	TotalEnvInteracts	AverageQ1Vals	StdQ1Vals	MaxQ1Vals	MinQ1Vals	AverageQ2Vals	StdQ2Vals	MaxQ2Vals	MinQ2Vals	AverageLogPi	StdLogPi	MaxLogPi	MinLogPi	LossPi	LossQ	Time
1	120.40271	24.484877	153.88249	84.664604	-328.35876	61.41009	-250.4309	-419.5671	0.0	0.0	0.0	0.0	0.0	0.0	0.0	0.0	-328.35876	61.41009	-250.4309	-419.5671	120.40271	24.484877	153.88249	84.664604	1000.0	1000.0	3999	11.150475	5.9054513	36.812675	-0.12553032	11.150483	5.9060707	36.561207	0.21349084	-8.619926	1.7035543	7.271845	-16.242985	10.051217	0.8606528	89.29652047157288
2	-793.868	82.74717	-651.56854	-906.5292	-301.73267	63.746174	-241.43091	-406.7106	0.0	0.0	0.0	0.0	0.0	0.0	0.0	0.0	-301.73267	63.746174	-241.43091	-406.7106	-793.868	82.74717	-651.56854	-906.5292	1000.0	1000.0	7999	35.11562	9.324866	76.53595	12.93617	35.11492	9.327895	77.02261	13.226663	-5.3849773	3.6824887	21.65607	-20.987041	28.816504	3.6510854	198.53606986999512
3	173.67267	48.247044	248.59048	87.41648	-609.22217	303.39008	-276.68018	-1036.7251	0.0	0.0	0.0	0.0	0.0	0.0	0.0	0.0	-609.22217	303.39008	-276.68018	-1036.7251	173.67267	48.247044	248.59048	87.41648	1000.0	1000.0	11999	67.29528	10.521083	126.654884	35.215115	67.29521	10.520818	128.4139	34.373466	-2.989078	4.6433897	27.486835	-21.478851	53.3894	8.239932	310.9890763759613
4	444.14346	9.167119	461.8648	426.90924	-536.23566	88.03198	-389.68378	-611.37976	0.0	0.0	0.0	0.0	0.0	0.0	0.0	0.0	-536.23566	88.03198	-389.68378	-611.37976	444.14346	9.167119	461.8648	426.90924	1000.0	1000.0	15999	78.35546	7.405543	132.51099	51.132233	78.35618	7.400584	130.16483	48.863007	-7.4189286	2.5253642	11.289402	-17.365583	60.347664	7.91075	426.39106273651123
5	668.9024	13.959973	698.2061	654.1345	-366.94232	74.529106	-268.03113	-475.3123	0.0	0.0	0.0	0.0	0.0	0.0	0.0	0.0	-366.94232	74.529106	-268.03113	-475.3123	668.9024	13.959973	698.2061	654.1345	1000.0	1000.0	19999	77.37214	9.757018	131.0372	47.756798	77.37215	9.757895	130.40279	47.150314	-8.1127405	1.9820695	6.8559856	-17.062458	59.81577	6.5142746	543.1818413734436
6	823.49335	7.266494	831.4502	812.72705	-316.35516	51.225044	-231.08997	-358.90585	0.0	0.0	0.0	0.0	0.0	0.0	0.0	0.0	-316.35516	51.225044	-231.08997	-358.90585	823.49335	7.266494	831.4502	812.72705	1000.0	1000.0	23999	78.25816	9.574235	125.57905	45.109734	78.25844	9.574729	126.36892	45.432514	-8.431143	1.6941221	6.7818146	-17.894691	60.512413	5.3804913	655.7734920978546
7	802.3825	4.691748	809.1943	793.7126	-218.05849	51.81639	-171.67467	-303.45416	0.0	0.0	0.0	0.0	0.0	0.0	0.0	0.0	-218.05849	51.81639	-171.67467	-303.45416	802.3825	4.691748	809.1943	793.7126	1000.0	1000.0	27999	80.04063	8.870177	122.546715	44.113712	80.04074	8.872489	123.84091	44.94879	-8.63435	1.4744209	8.81502	-18.381416	62.05304	4.665628	768.4445531368256
8	1035.6072	31.550604	1086.9913	971.26294	-150.2567	63.21974	-57.37852	-231.2524	0.0	0.0	0.0	0.0	0.0	0.0	0.0	0.0	-150.2567	63.21974	-57.37852	-231.2524	1035.6072	31.550604	1086.9913	971.26294	1000.0	1000.0	31999	82.86508	8.502387	124.7144	42.44238	82.865395	8.503497	125.604	45.89064	-8.733688	1.3733013	15.210544	-17.518898	64.06504	4.4141316	882.4671170711517
9	794.2826	20.983309	838.86914	770.61584	-143.45518	45.758675	-64.65887	-174.44466	0.0	0.0	0.0	0.0	0.0	0.0	0.0	0.0	-143.45518	45.758675	-64.65887	-174.44466	794.2826	20.983309	838.86914	770.61584	1000.0	1000.0	35999	86.35497	8.262568	126.962036	46.267696	86.3549	8.265227	130.1267	45.99554	-8.74914	1.3377528	9.592107	-17.483812	65.64414	4.288561	997.6893870830536
10	767.9281	27.57336	801.50745	699.01434	-71.83003	78.428314	58.14184	-138.90819	0.0	0.0	0.0	0.0	0.0	0.0	0.0	0.0	-71.83003	78.428314	58.14184	-138.90819	767.9281	27.57336	801.50745	699.01434	1000.0	1000.0	39999	90.27113	8.143653	131.8226	49.074425	90.27119	8.147211	131.15176	48.5961	-8.727712	1.359828	15.766073	-17.11288	67.60039	4.03366	1116.0024847984314
11	794.27783	13.461408	830.3137	779.81445	-85.79924	13.229599	-69.59274	-106.17048	0.0	0.0	0.0	0.0	0.0	0.0	0.0	0.0	-85.79924	13.229599	-69.59274	-106.17048	794.27783	13.461408	830.3137	779.81445	1000.0	1000.0	43999	94.70371	8.0418415	134.67232	50.457603	94.70356	8.045356	138.72966	52.105526	-8.746325	1.3494383	16.0621	-20.086712	68.68492	3.8283334	1234.7098536491394
12	911.7251	24.07832	969.0469	866.6779	-26.061056	34.71893	20.289066	-76.80245	0.0	0.0	0.0	0.0	0.0	0.0	0.0	0.0	-26.061056	34.71893	20.289066	-76.80245	911.7251	24.07832	969.0469	866.6779	1000.0	1000.0	47999	98.9313	8.544553	141.62338	51.72797	98.93129	8.546704	142.39565	52.378345	-8.742426	1.3589803	14.876111	-17.094994	70.8456	3.5586758	1353.3159396648407
13	821.0148	20.044216	876.3416	803.6011	4.3436203	32.241665	49.387478	-34.89076	0.0	0.0	0.0	0.0	0.0	0.0	0.0	0.0	4.3436203	32.241665	49.387478	-34.89076	821.0148	20.044216	876.3416	803.6011	1000.0	1000.0	51999	103.76456	8.457959	144.6524	55.83955	103.76437	8.460652	146.44672	55.645016	-8.734425	1.319748	11.160118	-17.736862	74.06873	3.3763795	1467.9799356460571
14	952.861	5.519436	959.7573	939.43274	65.901505	34.362144	107.96635	12.83265	0.0	0.0	0.0	0.0	0.0	0.0	0.0	0.0	65.901505	34.362144	107.96635	12.83265	952.861	5.519436	959.7573	939.43274	1000.0	1000.0	55999	108.38711	8.560005	154.22784	56.52481	108.38721	8.560823	151.85464	59.361534	-8.722951	1.293558	12.947196	-20.71122	76.8867	3.5029826	1586.585832118988
15	862.3932	15.637623	886.8352	837.99585	88.85266	26.73541	133.84842	65.29872	0.0	0.0	0.0	0.0	0.0	0.0	0.0	0.0	88.85266	26.73541	133.84842	65.29872	862.3932	15.637623	886.8352	837.99585	1000.0	1000.0	59999	112.87128	8.745409	150.24706	61.94183	112.87146	8.746601	153.28337	62.224884	-8.65984	1.3352133	13.137061	-18.481691	81.68659	3.5217965	1716.9404318332672
16	931.3456	46.19601	1004.9473	872.56256	36.627476	44.921154	75.88712	-39.362503	0.0	0.0	0.0	0.0	0.0	0.0	0.0	0.0	36.627476	44.921154	75.88712	-39.362503	931.3456	46.19601	1004.9473	872.56256	1000.0	1000.0	63999	117.08099	8.929513	156.61273	66.9218	117.08075	8.931112	157.5231	66.85022	-8.613262	1.3262721	12.288007	-18.536903	83.5358	3.5750775	1847.3550651073456
17	973.0873	48.773266	1082.3739	906.412	115.88353	24.12686	137.09653	75.40887	0.0	0.0	0.0	0.0	0.0	0.0	0.0	0.0	115.88353	24.12686	137.09653	75.40887	973.0873	48.773266	1082.3739	906.412	1000.0	1000.0	67999	120.97791	9.369152	162.23909	69.622925	120.97803	9.36961	162.0449	68.39315	-8.568145	1.3452361	9.457577	-20.08814	84.51953	3.6610572	1972.3868057727814
18	870.402	72.49486	1072.8373	822.0756	109.76756	44.135483	181.81694	67.49889	0.0	0.0	0.0	0.0	0.0	0.0	0.0	0.0	109.76756	44.135483	181.81694	67.49889	870.402	72.49486	1072.8373	822.0756	1000.0	1000.0	71999	124.59148	9.754319	168.14783	71.597206	124.59159	9.755057	170.4112	71.582466	-8.528207	1.3725897	14.82357	-18.370905	85.98472	3.6047156	2088.238419532776
19	981.4149	30.90778	1016.4496	928.5244	125.1087	13.773286	142.6725	107.84255	0.0	0.0	0.0	0.0	0.0	0.0	0.0	0.0	125.1087	13.773286	142.6725	107.84255	981.4149	30.90778	1016.4496	928.5244	1000.0	1000.0	75999	128.02238	10.040501	169.55034	74.76752	128.02242	10.041514	167.64719	74.966324	-8.442438	1.4107049	20.543503	-19.210802	91.58806	3.618629	2199.820927143097
20	775.8173	68.75878	930.6987	721.93005	133.59923	15.322198	155.6997	118.22541	0.0	0.0	0.0	0.0	0.0	0.0	0.0	0.0	133.59923	15.322198	155.6997	118.22541	775.8173	68.75878	930.6987	721.93005	1000.0	1000.0	79999	131.29802	10.158332	168.5861	77.55849	131.29799	10.159905	169.21356	79.08923	-8.415202	1.4328334	21.307573	-20.47853	91.312195	3.4933808	2313.1978085041046
21	810.62286	116.288315	1032.7476	715.1023	170.43558	22.015196	189.69287	134.6317	0.0	0.0	0.0	0.0	0.0	0.0	0.0	0.0	170.43558	22.015196	189.69287	134.6317	810.62286	116.288315	1032.7476	715.1023	1000.0	1000.0	83999	134.11697	10.332187	173.73454	79.98515	134.11674	10.334576	175.08205	82.646355	-8.375647	1.4521594	13.842872	-19.497364	91.28991	3.5263193	2423.210436820984
22	924.73517	110.38624	1037.023	643.6729	132.29257	15.575735	150.72447	110.41273	0.0	0.0	0.0	0.0	0.0	0.0	0.0	0.0	132.29257	15.575735	150.72447	110.41273	924.73517	110.38624	1037.023	643.6729	1000.0	1000.0	87999	136.77512	10.4901285	178.4494	80.04486	136.77496	10.491445	180.0678	83.38536	-8.304886	1.4930177	14.546541	-18.632122	94.21941	3.5333445	2532.991105556488
23	839.1118	125.7728	1023.1466	658.6812	175.9918	22.445656	201.88321	145.96288	0.0	0.0	0.0	0.0	0.0	0.0	0.0	0.0	175.9918	22.445656	201.88321	145.96288	839.1118	125.7728	1023.1466	658.6812	1000.0	1000.0	91999	139.20155	10.60658	179.61984	83.08853	139.2014	10.607975	179.13089	85.342064	-8.278049	1.5112352	26.06126	-18.07555	99.26539	3.4638438	2643.244259595871
24	954.80646	89.97056	1013.5441	693.25464	210.55685	52.568813	291.7438	161.59901	0.0	0.0	0.0	0.0	0.0	0.0	0.0	0.0	210.55685	52.568813	291.7438	161.59901	954.80646	89.97056	1013.5441	693.25464	1000.0	1000.0	95999	141.37543	10.791411	180.50128	87.27599	141.37547	10.791059	181.43999	89.76255	-8.248428	1.4680004	15.576111	-18.705534	101.85094	3.4033694	2768.741123199463
25	961.3319	83.43225	1041.3912	776.01697	226.81773	22.464554	265.36652	209.53325	0.0	0.0	0.0	0.0	0.0	0.0	0.0	0.0	226.81773	22.464554	265.36652	209.53325	961.3319	83.43225	1041.3912	776.01697	1000.0	1000.0	99999	143.45811	10.898177	180.50323	86.10043	143.45827	10.898421	179.80264	87.03302	-8.257312	1.463275	16.543182	-20.434742	103.096375	3.417328	2900.9112977981567
26	806.2168	171.14404	1040.689	632.84296	159.8361	33.79154	202.71326	118.3002	0.0	0.0	0.0	0.0	0.0	0.0	0.0	0.0	159.8361	33.79154	202.71326	118.3002	806.2168	171.14404	1040.689	632.84296	1000.0	1000.0	103999	145.19292	10.975484	183.83177	84.700195	145.19276	10.977413	185.28526	86.59382	-8.2251835	1.4801686	15.346664	-19.249454	102.834404	3.4762065	3033.317517518997
27	855.13556	105.96345	1055.8232	734.38025	231.65567	30.042295	265.13354	183.08586	0.0	0.0	0.0	0.0	0.0	0.0	0.0	0.0	231.65567	30.042295	265.13354	183.08586	855.13556	105.96345	1055.8232	734.38025	1000.0	1000.0	107999	146.60464	11.426626	185.41786	87.198456	146.60463	11.4280205	181.34645	87.56474	-8.238247	1.4082689	16.291603	-21.084791	102.68877	3.5068188	3164.204517364502
28	906.56824	57.39272	1019.36774	839.8903	198.86386	30.285803	217.2239	146.42558	0.0	0.0	0.0	0.0	0.0	0.0	0.0	0.0	198.86386	30.285803	217.2239	146.42558	906.56824	57.39272	1019.36774	839.8903	1000.0	1000.0	111999	147.75847	11.884277	193.99603	88.49711	147.75838	11.885618	185.23773	88.80674	-8.223725	1.368053	13.310274	-20.94256	106.22629	3.4976075	3292.4532523155212
29	914.5288	40.67865	986.8313	871.21387	266.2113	29.143257	296.85043	219.5037	0.0	0.0	0.0	0.0	0.0	0.0	0.0	0.0	266.2113	29.143257	296.85043	219.5037	914.5288	40.67865	986.8313	871.21387	1000.0	1000.0	115999	148.70407	12.273219	179.06143	88.7172	148.70403	12.274643	179.52856	90.10223	-8.215215	1.3828218	19.856056	-19.677027	107.294586	3.5349185	3406.1584243774414
30	923.4274	101.41337	1017.05664	751.6756	201.46889	25.742594	242.20807	170.83224	0.0	0.0	0.0	0.0	0.0	0.0	0.0	0.0	201.46889	25.742594	242.20807	170.83224	923.4274	101.41337	1017.05664	751.6756	1000.0	1000.0	119999	149.52971	12.674899	181.44664	82.6805	149.52966	12.67757	182.20372	86.805885	-8.216208	1.3680054	12.685837	-19.076693	106.345695	3.6805482	3519.8660383224487
31	933.3916	158.1618	1107.5754	634.19574	264.02838	79.03376	398.64188	195.76193	0.0	0.0	0.0	0.0	0.0	0.0	0.0	0.0	264.02838	79.03376	398.64188	195.76193	933.3916	158.1618	1107.5754	634.19574	1000.0	1000.0	123999	150.3405	13.047814	182.78569	89.29971	150.3406	13.048679	183.7811	91.18252	-8.204873	1.3745921	10.976886	-19.442028	109.32259	3.7371001	3632.4292187690735
32	894.00226	60.51494	985.3607	794.91675	288.59482	20.035635	308.841	255.5986	0.0	0.0	0.0	0.0	0.0	0.0	0.0	0.0	288.59482	20.035635	308.841	255.5986	894.00226	60.51494	985.3607	794.91675	1000.0	1000.0	127999	151.1308	13.343982	180.23892	87.88965	151.13057	13.345291	184.7665	89.885864	-8.1937065	1.3720855	15.881144	-18.620153	109.62924	3.690281	3747.9190888404846
33	911.6166	72.88137	1044.9153	818.02734	269.47754	55.630604	354.99966	211.23155	0.0	0.0	0.0	0.0	0.0	0.0	0.0	0.0	269.47754	55.630604	354.99966	211.23155	911.6166	72.88137	1044.9153	818.02734	1000.0	1000.0	131999	151.82254	13.5625105	179.71823	87.16915	151.8227	13.562524	179.7295	88.12317	-8.151527	1.391563	12.684204	-19.430155	110.09821	3.7169316	3860.938976049423
34	831.4662	40.516827	915.3895	783.34595	254.14246	40.768692	291.09634	188.8459	0.0	0.0	0.0	0.0	0.0	0.0	0.0	0.0	254.14246	40.768692	291.09634	188.8459	831.4662	40.516827	915.3895	783.34595	1000.0	1000.0	135999	152.45033	13.78155	184.24193	87.67341	152.45023	13.782561	185.47493	90.38729	-8.130225	1.390602	14.007712	-18.244408	105.6209	3.77836	3973.4210455417633
35	899.44073	87.53311	998.79126	765.57214	276.74927	44.081345	309.25113	200.95872	0.0	0.0	0.0	0.0	0.0	0.0	0.0	0.0	276.74927	44.081345	309.25113	200.95872	899.44073	87.53311	998.79126	765.57214	1000.0	1000.0	139999	153.18399	13.864729	188.3667	89.97897	153.18414	13.865264	183.09428	90.72748	-8.14024	1.4042693	22.65258	-20.124653	104.21167	3.7213652	4086.7684710025787
36	986.18195	55.37311	1039.7207	832.6775	274.54758	86.314705	422.89957	210.88783	0.0	0.0	0.0	0.0	0.0	0.0	0.0	0.0	274.54758	86.314705	422.89957	210.88783	986.18195	55.37311	1039.7207	832.6775	1000.0	1000.0	143999	153.7611	13.9706	187.51411	85.98761	153.7611	13.97048	186.25705	88.65193	-8.109505	1.4469538	14.523493	-19.068707	104.95937	3.8198488	4200.502208471298
37	942.0866	82.12996	1044.5973	761.4323	255.2131	18.164	284.39944	234.44427	0.0	0.0	0.0	0.0	0.0	0.0	0.0	0.0	255.2131	18.164	284.39944	234.44427	942.0866	82.12996	1044.5973	761.4323	1000.0	1000.0	147999	154.38687	13.8669815	187.18892	86.97178	154.38689	13.866988	185.71861	89.76751	-8.0873995	1.4425126	30.157219	-17.916225	105.624	3.7984095	4311.26247882843
38	859.7697	57.165062	1012.9463	796.2108	251.12169	20.609882	278.92123	229.98761	0.0	0.0	0.0	0.0	0.0	0.0	0.0	0.0	251.12169	20.609882	278.92123	229.98761	859.7697	57.165062	1012.9463	796.2108	1000.0	1000.0	151999	154.91606	13.893521	189.83347	86.29485	154.9161	13.89369	192.6127	87.831635	-8.105468	1.4028376	17.50165	-18.982056	102.48413	3.8224466	4423.058607816696
39	855.40314	75.6595	1064.0656	808.15326	271.1994	13.013519	291.0882	257.66586	0.0	0.0	0.0	0.0	0.0	0.0	0.0	0.0	271.1994	13.013519	291.0882	257.66586	855.40314	75.6595	1064.0656	808.15326	1000.0	1000.0	155999	155.33105	13.967529	190.64804	87.44828	155.33115	13.96759	190.49765	86.72806	-8.095795	1.4464091	13.006275	-21.42632	101.95167	3.7865934	4540.495737314224
40	962.2003	79.23405	1053.803	832.5984	305.61023	60.54997	407.53543	258.32874	0.0	0.0	0.0	0.0	0.0	0.0	0.0	0.0	305.61023	60.54997	407.53543	258.32874	962.2003	79.23405	1053.803	832.5984	1000.0	1000.0	159999	155.73466	14.002485	190.13661	91.03743	155.73457	14.002262	191.92091	89.84112	-8.102389	1.4140333	18.263817	-19.785822	102.55167	3.762534	4670.181682348251
41	987.96765	53.34086	1059.7351	864.7307	279.0683	43.49291	347.992	228.6699	0.0	0.0	0.0	0.0	0.0	0.0	0.0	0.0	279.0683	43.49291	347.992	228.6699	987.96765	53.34086	1059.7351	864.7307	1000.0	1000.0	163999	155.95255	14.147685	191.76874	84.87084	155.9526	14.146868	193.06004	86.314476	-8.09767	1.4160361	19.879738	-19.877117	101.134186	3.8147156	4797.46956038475
42	772.0528	46.994804	833.6726	714.2719	277.36005	60.679363	374.59845	211.22156	0.0	0.0	0.0	0.0	0.0	0.0	0.0	0.0	277.36005	60.679363	374.59845	211.22156	772.0528	46.994804	833.6726	714.2719	1000.0	1000.0	167999	156.30888	14.140426	192.45596	88.74911	156.30904	14.140189	189.84213	88.45234	-8.087567	1.3996803	18.353615	-21.794975	100.58637	3.7235038	4923.697641372681
43	931.36194	3.5665765	935.4639	922.99475	293.59586	59.957977	384.38943	229.25401	0.0	0.0	0.0	0.0	0.0	0.0	0.0	0.0	293.59586	59.957977	384.38943	229.25401	931.36194	3.5665765	935.4639	922.99475	1000.0	1000.0	171999	156.6181	14.2100115	184.75275	92.875114	156.61813	14.21049	184.52623	90.96702	-8.129038	1.3570266	15.543526	-21.07017	100.82922	3.7493923	5049.431259632111
44	983.8864	2.5922928	987.0852	979.7995	315.88007	57.212322	375.08212	237.52412	0.0	0.0	0.0	0.0	0.0	0.0	0.0	0.0	315.88007	57.212322	375.08212	237.52412	983.8864	2.5922928	987.0852	979.7995	1000.0	1000.0	175999	155.9367	15.540842	186.37195	74.96657	155.9368	15.540774	182.90894	75.7244	-8.220542	1.215694	10.148146	-20.87044	100.79559	4.081649	5174.920044183731
45	996.112	2.3841012	998.79	992.2571	267.64572	37.330536	305.18573	206.61035	0.0	0.0	0.0	0.0	0.0	0.0	0.0	0.0	267.64572	37.330536	305.18573	206.61035	996.112	2.3841012	998.79	992.2571	1000.0	1000.0	179999	154.93356	17.308756	176.98917	70.14926	154.93349	17.310097	179.00163	72.18416	-8.205421	1.1802506	-5.5045576	-18.859978	101.04239	4.393132	5304.494477510452
46	993.5536	2.4974322	997.9529	989.96875	298.27548	36.982613	346.62683	243.68224	0.0	0.0	0.0	0.0	0.0	0.0	0.0	0.0	298.27548	36.982613	346.62683	243.68224	993.5536	2.4974322	997.9529	989.96875	1000.0	1000.0	183999	153.87521	18.7754	176.8346	33.13827	153.8753	18.77611	177.0745	35.6744	-8.185003	1.1851466	-5.4360404	-18.488914	97.81514	4.716479	5429.593522071838
47	988.4909	2.513049	991.9686	982.83496	285.33255	31.840319	336.29663	250.18999	0.0	0.0	0.0	0.0	0.0	0.0	0.0	0.0	285.33255	31.840319	336.29663	250.18999	988.4909	2.513049	991.9686	982.83496	1000.0	1000.0	187999	152.91592	19.946991	173.41373	46.08382	152.91573	19.947683	174.23328	52.083572	-8.14675	1.1965257	-5.3734016	-17.73712	100.20005	5.0084033	5540.466829776764
48	993.54266	2.4085994	997.18585	989.3004	241.62961	51.150715	327.5975	193.04555	0.0	0.0	0.0	0.0	0.0	0.0	0.0	0.0	241.62961	51.150715	327.5975	193.04555	993.54266	2.4085994	997.18585	989.3004	1000.0	1000.0	191999	152.04611	20.893417	176.93715	60.41327	152.0462	20.894318	175.77588	57.35831	-8.1785755	1.1911467	-5.4344044	-18.632034	98.69391	5.043459	5652.289560317993
49	989.14246	1.9111389	991.90356	986.2643	324.72134	96.19236	429.68466	190.58173	0.0	0.0	0.0	0.0	0.0	0.0	0.0	0.0	324.72134	96.19236	429.68466	190.58173	989.14246	1.9111389	991.90356	986.2643	1000.0	1000.0	195999	151.19847	21.693941	175.68842	64.31674	151.19855	21.694578	178.4729	59.28153	-8.1686125	1.1915467	-5.3776965	-19.021645	96.60781	5.133066	5764.489384889603
50	988.9574	2.2183616	992.708	985.9042	303.12494	30.302261	347.0579	264.25348	0.0	0.0	0.0	0.0	0.0	0.0	0.0	0.0	303.12494	30.302261	347.0579	264.25348	988.9574	2.2183616	992.708	985.9042	1000.0	1000.0	199999	150.44054	22.262794	183.86197	55.48734	150.44064	22.26318	186.99127	59.3452	-8.153367	1.2013514	-5.3914332	-19.138283	101.92246	5.2298236	5876.20342206955
51	991.4574	2.853387	997.4731	988.0937	209.44128	54.91438	246.62756	114.99231	0.0	0.0	0.0	0.0	0.0	0.0	0.0	0.0	209.44128	54.91438	246.62756	114.99231	991.4574	2.853387	997.4731	988.0937	1000.0	1000.0	203999	150.12321	22.486933	177.62138	49.26134	150.1231	22.48822	178.12428	47.093773	-8.17697	1.192912	-5.4163294	-18.989779	101.74403	5.3569045	5987.392512798309
52	990.2052	2.4518483	995.28	987.16144	241.07867	46.32411	285.07047	164.19289	0.0	0.0	0.0	0.0	0.0	0.0	0.0	0.0	241.07867	46.32411	285.07047	164.19289	990.2052	2.4518483	995.28	987.16144	1000.0	1000.0	207999	149.68819	22.716415	195.29971	47.765892	149.68822	22.717884	179.3218	47.29952	-8.1385565	1.2028676	-5.3112698	-19.435923	98.947136	5.403186	6109.295323133469
53	995.03534	2.029158	998.11383	992.3185	210.03883	28.783726	254.50645	178.2973	0.0	0.0	0.0	0.0	0.0	0.0	0.0	0.0	210.03883	28.783726	254.50645	178.2973	995.03534	2.029158	998.11383	992.3185	1000.0	1000.0	211999	149.51729	22.79706	177.52672	49.33499	149.51727	22.798153	182.11292	41.675518	-8.213933	1.1805891	-5.306979	-19.311806	99.10386	5.306715	6231.809409618378
54	986.20935	1.849817	989.076	982.7875	279.0016	35.564697	327.30124	229.81938	0.0	0.0	0.0	0.0	0.0	0.0	0.0	0.0	279.0016	35.564697	327.30124	229.81938	986.20935	1.849817	989.076	982.7875	1000.0	1000.0	215999	149.04173	23.143322	181.01042	50.533485	149.04176	23.144033	186.40668	53.07726	-8.188096	1.1881583	-5.351995	-19.453648	95.43364	5.480957	6353.814803123474
55	981.588	2.2906058	987.0925	978.46423	260.50305	33.024437	280.11932	203.30675	0.0	0.0	0.0	0.0	0.0	0.0	0.0	0.0	260.50305	33.024437	280.11932	203.30675	981.588	2.2906058	987.0925	978.46423	1000.0	1000.0	219999	148.76566	23.228836	185.56511	47.086037	148.76558	23.22938	175.72899	46.360275	-8.169277	1.1940082	-5.268833	-18.596298	95.662506	5.5432987	6476.968430280685
56	993.8429	3.1819317	997.1926	986.39435	277.05728	27.273048	314.2102	237.46881	0.0	0.0	0.0	0.0	0.0	0.0	0.0	0.0	277.05728	27.273048	314.2102	237.46881	993.8429	3.1819317	997.1926	986.39435	1000.0	1000.0	223999	148.6815	23.077347	176.04538	50.945408	148.68156	23.078886	178.63106	54.345753	-8.175086	1.196558	20.292427	-19.187008	95.263374	5.4694867	6599.709545850754
57	985.3563	1.8741084	987.7204	982.1716	262.94666	60.785305	352.92416	201.96332	0.0	0.0	0.0	0.0	0.0	0.0	0.0	0.0	262.94666	60.785305	352.92416	201.96332	985.3563	1.8741084	987.7204	982.1716	1000.0	1000.0	227999	148.50781	23.063017	179.39851	55.15971	148.50777	23.063396	182.7971	52.793655	-8.179051	1.1912849	-5.3456464	-19.903421	96.44304	5.470762	6716.3442940711975
58	995.8107	3.7870448	1000.47156	989.3525	287.52878	31.56131	337.49066	250.59033	0.0	0.0	0.0	0.0	0.0	0.0	0.0	0.0	287.52878	31.56131	337.49066	250.59033	995.8107	3.7870448	1000.47156	989.3525	1000.0	1000.0	231999	148.72107	22.863087	178.69246	62.46814	148.72092	22.8647	177.61975	58.591297	-8.181398	1.1942385	-5.345207	-18.929306	90.581894	5.3767133	6832.3349714279175
59	994.2573	1.6257614	996.8767	991.685	239.6944	37.718304	286.6836	184.4248	0.0	0.0	0.0	0.0	0.0	0.0	0.0	0.0	239.6944	37.718304	286.6836	184.4248	994.2573	1.6257614	996.8767	991.685	1000.0	1000.0	235999	148.75182	22.730495	177.63713	56.1266	148.75182	22.73122	181.49937	54.646534	-8.207917	1.1878955	-5.518898	-17.953136	95.73197	5.340252	6947.830273866653
60	991.61066	1.6784319	994.3088	989.59424	242.33778	34.42621	297.0321	201.92433	0.0	0.0	0.0	0.0	0.0	0.0	0.0	0.0	242.33778	34.42621	297.0321	201.92433	991.61066	1.6784319	994.3088	989.59424	1000.0	1000.0	239999	148.92426	22.396086	177.6454	51.027653	148.92432	22.396904	178.80203	53.381744	-8.20973	1.1826168	-5.5168495	-19.133074	95.001366	5.237086	7064.336913824081
61	989.276	2.8816407	992.9525	983.9703	265.55173	21.908	288.42764	229.83351	0.0	0.0	0.0	0.0	0.0	0.0	0.0	0.0	265.55173	21.908	288.42764	229.83351	989.276	2.8816407	992.9525	983.9703	1000.0	1000.0	243999	149.08527	22.233845	176.32199	47.2627	149.08543	22.233755	181.07858	56.900604	-8.176396	1.1903841	-5.3503113	-20.157906	92.97005	5.261182	7181.238723039627
62	979.40314	1.8333008	982.1627	976.41187	306.91592	33.92153	355.2169	267.44302	0.0	0.0	0.0	0.0	0.0	0.0	0.0	0.0	306.91592	33.92153	355.2169	267.44302	979.40314	1.8333008	982.1627	976.41187	1000.0	1000.0	247999	149.21402	22.029596	183.65587	61.467438	149.21405	22.030607	182.50774	59.341255	-8.186947	1.1936016	-5.360647	-18.106308	91.90976	5.147285	7304.980375766754
63	978.6588	2.3745558	982.3898	974.6808	284.7186	17.734617	305.8291	263.94	0.0	0.0	0.0	0.0	0.0	0.0	0.0	0.0	284.7186	17.734617	305.8291	263.94	978.6588	2.3745558	982.3898	974.6808	1000.0	1000.0	251999	149.5626	21.716076	177.72841	46.246586	149.56256	21.716002	175.4374	51.45038	-8.160393	1.2030724	-5.2096453	-23.873554	89.67644	5.2607203	7428.170860290527
64	981.85236	1.8099203	985.1747	978.7274	272.42505	29.753448	315.2445	243.61171	0.0	0.0	0.0	0.0	0.0	0.0	0.0	0.0	272.42505	29.753448	315.2445	243.61171	981.85236	1.8099203	985.1747	978.7274	1000.0	1000.0	255999	149.7471	21.511852	182.74922	53.134335	149.74706	21.513693	185.87521	55.03829	-8.144792	1.2043788	-5.4212484	-18.015736	91.56222	5.245936	7549.986270666122
65	980.4453	2.6751165	983.8219	975.2585	280.50964	21.570082	316.18073	260.38947	0.0	0.0	0.0	0.0	0.0	0.0	0.0	0.0	280.50964	21.570082	316.18073	260.38947	980.4453	2.6751165	983.8219	975.2585	1000.0	1000.0	259999	150.00562	21.27717	176.83318	62.037857	150.00568	21.276836	178.00237	63.338802	-8.162525	1.1978183	-5.337904	-19.546312	92.48256	5.1669493	7676.390313625336
66	982.5212	2.0686684	985.6212	979.6433	292.09332	24.694822	333.67062	269.40378	0.0	0.0	0.0	0.0	0.0	0.0	0.0	0.0	292.09332	24.694822	333.67062	269.40378	982.5212	2.0686684	985.6212	979.6433	1000.0	1000.0	263999	150.22993	21.05999	177.0088	57.55763	150.22977	21.060112	175.81427	60.505417	-8.1551895	1.195837	-5.439285	-18.827477	94.891045	5.2037344	7796.927869558334
67	992.8063	2.5340738	998.2267	989.8752	246.75749	61.94477	324.75043	154.52254	0.0	0.0	0.0	0.0	0.0	0.0	0.0	0.0	246.75749	61.94477	324.75043	154.52254	992.8063	2.5340738	998.2267	989.8752	1000.0	1000.0	267999	150.37502	21.01072	178.44943	47.79002	150.37506	21.012194	184.2819	45.245895	-8.176012	1.1888235	-5.2513494	-19.186003	93.34852	5.106912	7916.028322696686
68	976.4753	2.7253072	982.5555	972.5113	269.82855	25.793596	295.68237	226.97807	0.0	0.0	0.0	0.0	0.0	0.0	0.0	0.0	269.82855	25.793596	295.68237	226.97807	976.4753	2.7253072	982.5555	972.5113	1000.0	1000.0	271999	150.66057	20.742722	182.50348	59.554626	150.66069	20.74268	183.10616	58.660515	-8.155025	1.2020217	-5.3310175	-20.464008	93.2669	5.0532923	8034.465745449066
69	981.4989	2.4837396	986.65857	977.8935	270.6867	66.06606	339.35242	161.69785	0.0	0.0	0.0	0.0	0.0	0.0	0.0	0.0	270.6867	66.06606	339.35242	161.69785	981.4989	2.4837396	986.65857	977.8935	1000.0	1000.0	275999	150.8845	20.56876	184.2311	61.471016	150.88449	20.569244	185.65506	64.36643	-8.131683	1.2064774	-5.260161	-18.64903	91.19308	5.1041894	8152.410394668579
70	989.29285	1.9166101	992.74243	986.19147	312.03726	40.140022	375.6099	271.43713	0.0	0.0	0.0	0.0	0.0	0.0	0.0	0.0	312.03726	40.140022	375.6099	271.43713	989.29285	1.9166101	992.74243	986.19147	1000.0	1000.0	279999	151.22739	20.402082	180.66747	58.696117	151.22745	20.402538	185.04134	58.90603	-8.154731	1.2014201	-5.248495	-18.43092	91.660545	5.0366416	8273.716856718063
71	976.0884	2.8332174	981.6754	972.44073	316.30212	36.442738	360.6681	269.23917	0.0	0.0	0.0	0.0	0.0	0.0	0.0	0.0	316.30212	36.442738	360.6681	269.23917	976.0884	2.8332174	981.6754	972.44073	1000.0	1000.0	283999	151.44675	20.32864	180.84636	57.411724	151.44662	20.329395	177.40892	60.00694	-8.12904	1.2082582	-5.3175516	-19.586151	89.69648	5.0321836	8395.545047283173
72	983.1836	1.9636545	986.2539	980.70764	305.29868	51.78987	377.09857	238.55956	0.0	0.0	0.0	0.0	0.0	0.0	0.0	0.0	305.29868	51.78987	377.09857	238.55956	983.1836	1.9636545	986.2539	980.70764	1000.0	1000.0	287999	151.65422	20.208029	181.2885	61.186707	151.6543	20.208546	181.36388	60.190025	-8.140421	1.2026409	-5.2430773	-19.075453	91.584465	4.88035	8509.60789012909
73	984.8263	2.338677	987.09973	979.9613	254.20206	49.473507	326.0776	193.52213	0.0	0.0	0.0	0.0	0.0	0.0	0.0	0.0	254.20206	49.473507	326.0776	193.52213	984.8263	2.338677	987.09973	979.9613	1000.0	1000.0	291999	151.97668	20.001944	193.39838	66.02399	151.97682	20.002073	196.09706	64.61094	-8.149899	1.1999962	-5.132002	-19.940434	94.64429	4.7897167	8623.27862238884
74	994.08386	1.8122823	996.3614	990.7699	284.94928	29.347826	334.61172	260.7809	0.0	0.0	0.0	0.0	0.0	0.0	0.0	0.0	284.94928	29.347826	334.61172	260.7809	994.08386	1.8122823	996.3614	990.7699	1000.0	1000.0	295999	152.09988	19.99795	189.5548	56.16046	152.09978	19.99858	194.74866	57.663544	-8.125987	1.2096748	-5.1897364	-18.415276	96.09682	4.879779	8738.239957332611
75	979.6785	2.5730653	982.38434	974.5516	279.50558	48.72334	358.83926	226.73695	0.0	0.0	0.0	0.0	0.0	0.0	0.0	0.0	279.50558	48.72334	358.83926	226.73695	979.6785	2.5730653	982.38434	974.5516	1000.0	1000.0	299999	152.44571	19.798132	185.025	58.679394	152.4457	19.798864	187.91304	62.376617	-8.164452	1.1966434	-5.443858	-20.813267	94.458336	4.8526635	8853.684669971466
76	986.0174	2.200856	989.04785	981.47003	271.70374	35.18264	311.12762	216.65349	0.0	0.0	0.0	0.0	0.0	0.0	0.0	0.0	271.70374	35.18264	311.12762	216.65349	986.0174	2.200856	989.04785	981.47003	1000.0	1000.0	303999	152.65495	19.76026	192.52585	50.065025	152.65503	19.760305	190.77925	55.680332	-8.154566	1.2020476	-5.2269497	-19.389784	94.17001	4.922372	8970.03326678276
77	985.1478	1.880503	987.18195	980.7313	311.25378	20.390654	341.27136	286.5717	0.0	0.0	0.0	0.0	0.0	0.0	0.0	0.0	311.25378	20.390654	341.27136	286.5717	985.1478	1.880503	987.18195	980.7313	1000.0	1000.0	307999	152.72984	19.667055	189.64764	53.852737	152.73006	19.666775	183.23587	56.441307	-8.127982	1.2066143	-5.295806	-19.637379	91.08206	4.861658	9089.459836959839
78	986.54425	2.0452378	989.9501	983.7998	258.8629	34.365444	290.45572	201.53302	0.0	0.0	0.0	0.0	0.0	0.0	0.0	0.0	258.8629	34.365444	290.45572	201.53302	986.54425	2.0452378	989.9501	983.7998	1000.0	1000.0	311999	152.96468	19.574184	190.54361	55.810734	152.96463	19.574638	188.50069	55.517944	-8.122065	1.2088717	-5.1500835	-18.263197	94.11653	4.8788266	9204.97116804123
79	982.30237	3.086211	986.3997	976.3265	258.24683	19.39977	283.85977	232.2878	0.0	0.0	0.0	0.0	0.0	0.0	0.0	0.0	258.24683	19.39977	283.85977	232.2878	982.30237	3.086211	986.3997	976.3265	1000.0	1000.0	315999	153.02602	19.67124	183.92253	55.357544	153.02596	19.671131	181.69608	53.422047	-8.12382	1.2091434	-5.0373907	-19.416977	92.99902	4.868318	9320.381029844284
80	983.48944	2.6188738	986.66846	979.8545	297.0326	24.766396	322.33572	265.44733	0.0	0.0	0.0	0.0	0.0	0.0	0.0	0.0	297.0326	24.766396	322.33572	265.44733	983.48944	2.6188738	986.66846	979.8545	1000.0	1000.0	319999	153.214	19.651869	184.27498	57.029274	153.21423	19.651194	184.36809	59.093277	-8.130339	1.2075859	-5.155546	-18.985895	95.15932	4.7907763	9435.768648862839
81	983.3996	2.7643487	986.21234	978.2639	270.26752	39.560303	330.9517	222.01706	0.0	0.0	0.0	0.0	0.0	0.0	0.0	0.0	270.26752	39.560303	330.9517	222.01706	983.3996	2.7643487	986.21234	978.2639	1000.0	1000.0	323999	153.38222	19.623945	184.47115	57.19735	153.38214	19.6243	185.90767	58.77091	-8.127716	1.20601	-5.3039875	-18.6138	94.45807	4.8138185	9551.812091588974
82	989.7074	1.3730683	992.30554	987.1169	308.8411	49.83626	375.21732	235.02782	0.0	0.0	0.0	0.0	0.0	0.0	0.0	0.0	308.8411	49.83626	375.21732	235.02782	989.7074	1.3730683	992.30554	987.1169	1000.0	1000.0	327999	153.44957	19.6502	184.7208	55.5115	153.44965	19.65118	182.05237	55.82109	-8.1367035	1.2084395	-5.059081	-19.277878	101.202545	4.817036	9665.774812936783
83	988.2843	2.6668453	991.14435	983.85394	339.7066	49.810688	421.24112	298.91913	0.0	0.0	0.0	0.0	0.0	0.0	0.0	0.0	339.7066	49.810688	421.24112	298.91913	988.2843	2.6668453	991.14435	983.85394	1000.0	1000.0	331999	153.5902	19.604422	181.33237	53.429207	153.5901	19.60425	184.6734	56.60623	-8.111484	1.2106369	-5.2233453	-19.345554	98.80309	4.8118663	9779.354328393936
84	983.98016	1.2799299	985.56964	981.5871	299.23727	16.351068	319.22873	274.707	0.0	0.0	0.0	0.0	0.0	0.0	0.0	0.0	299.23727	16.351068	319.22873	274.707	983.98016	1.2799299	985.56964	981.5871	1000.0	1000.0	335999	153.8216	19.478252	186.17029	58.34575	153.82161	19.478415	184.80298	60.511097	-8.125146	1.2085524	-5.3172064	-18.491285	102.14313	4.7883654	9892.526505708694
85	987.0168	2.762023	991.6023	982.6558	292.63715	11.400548	308.87747	276.64484	0.0	0.0	0.0	0.0	0.0	0.0	0.0	0.0	292.63715	11.400548	308.87747	276.64484	987.0168	2.762023	991.6023	982.6558	1000.0	1000.0	339999	153.797	19.487812	184.82545	54.292603	153.79707	19.488255	190.29749	56.092518	-8.128191	1.2106022	-5.175727	-19.58061	100.9622	4.8156953	10020.891185998917
86	980.4076	1.9679333	982.56836	975.5209	273.16986	39.719753	329.15402	224.81227	0.0	0.0	0.0	0.0	0.0	0.0	0.0	0.0	273.16986	39.719753	329.15402	224.81227	980.4076	1.9679333	982.56836	975.5209	1000.0	1000.0	343999	153.8744	19.428492	184.18565	55.891083	153.87462	19.428844	186.22923	56.625923	-8.114354	1.2129654	-5.313827	-18.831299	101.26966	4.785996	10151.616169214249
87	982.8026	2.7715855	986.7807	978.818	265.41336	61.168972	357.30917	196.21526	0.0	0.0	0.0	0.0	0.0	0.0	0.0	0.0	265.41336	61.168972	357.30917	196.21526	982.8026	2.7715855	986.7807	978.818	1000.0	1000.0	347999	153.80547	19.519836	183.4328	57.22207	153.80556	19.51987	183.26582	58.34467	-8.101251	1.2182935	-5.2981606	-19.025816	106.45217	4.9253206	10281.871636867523
88	978.82404	2.2939315	981.6943	973.6396	308.5311	31.318739	351.41754	273.14865	0.0	0.0	0.0	0.0	0.0	0.0	0.0	0.0	308.5311	31.318739	351.41754	273.14865	978.82404	2.2939315	981.6943	973.6396	1000.0	1000.0	351999	153.84267	19.647161	182.35014	55.660217	153.84258	19.648132	183.21567	57.122967	-8.089088	1.2236688	-5.2131033	-19.756477	107.200516	4.9229503	10409.037002325058
89	977.8278	2.344074	982.598	974.6666	319.01917	18.970879	337.3782	292.66486	0.0	0.0	0.0	0.0	0.0	0.0	0.0	0.0	319.01917	18.970879	337.3782	292.66486	977.8278	2.344074	982.598	974.6666	1000.0	1000.0	355999	153.97177	19.575598	185.14734	52.822105	153.97185	19.5758	185.57217	56.67781	-8.092793	1.2210302	-5.038452	-19.49727	108.75068	4.903508	10533.221461057663
90	985.1117	2.2556436	988.16296	980.1124	324.6667	53.40235	386.26334	271.5386	0.0	0.0	0.0	0.0	0.0	0.0	0.0	0.0	324.6667	53.40235	386.26334	271.5386	985.1117	2.2556436	988.16296	980.1124	1000.0	1000.0	359999	154.09462	19.549816	186.7877	57.043213	154.09467	19.550419	183.11238	56.44883	-8.089752	1.2183932	-5.2356143	-18.082619	110.34681	4.9861093	10648.598757982254
91	984.70526	1.7591724	987.6462	982.3302	339.18542	54.223534	401.55353	252.1957	0.0	0.0	0.0	0.0	0.0	0.0	0.0	0.0	339.18542	54.223534	401.55353	252.1957	984.70526	1.7591724	987.6462	982.3302	1000.0	1000.0	363999	154.07121	19.63719	187.17834	50.221367	154.07117	19.638248	191.56535	48.095768	-8.084436	1.2238009	-5.2614803	-19.907263	108.14164	5.05017	10764.22001838684
92	992.46466	3.2412245	997.6023	988.3408	280.02637	18.86953	303.54965	257.85956	0.0	0.0	0.0	0.0	0.0	0.0	0.0	0.0	280.02637	18.86953	303.54965	257.85956	992.46466	3.2412245	997.6023	988.3408	1000.0	1000.0	367999	154.29568	19.538998	185.44724	50.77317	154.29552	19.539991	186.2693	52.095932	-8.081643	1.224942	-5.1564016	-19.424995	109.99022	4.8998528	10881.2408349514
93	978.37665	2.5961523	982.1405	974.42194	328.30762	66.85161	432.11484	256.07684	0.0	0.0	0.0	0.0	0.0	0.0	0.0	0.0	328.30762	66.85161	432.11484	256.07684	978.37665	2.5961523	982.1405	974.42194	1000.0	1000.0	371999	154.2791	19.61741	186.57867	53.140034	154.2792	19.61813	188.80182	53.553604	-8.080584	1.220565	-5.2584877	-20.712282	107.59314	4.972591	10995.667687177658
94	969.11194	1.8186866	973.604	966.3934	324.465	31.740583	370.61392	294.95163	0.0	0.0	0.0	0.0	0.0	0.0	0.0	0.0	324.465	31.740583	370.61392	294.95163	969.11194	1.8186866	973.604	966.3934	1000.0	1000.0	375999	154.34467	19.541937	183.87251	50.212147	154.34468	19.542875	186.767	50.146084	-8.070221	1.2262981	-5.086014	-17.789505	109.39173	4.975702	11112.239473104477
95	981.55286	2.609419	984.5138	976.59235	254.15843	69.657616	333.4338	146.627	0.0	0.0	0.0	0.0	0.0	0.0	0.0	0.0	254.15843	69.657616	333.4338	146.627	981.55286	2.609419	984.5138	976.59235	1000.0	1000.0	379999	154.24799	19.617392	193.24472	48.428963	154.24796	19.617447	192.44727	45.044716	-8.067372	1.229708	-5.2988753	-20.945995	107.626396	4.9456	11248.912527561188
96	973.813	2.3772373	976.7534	969.3714	306.38766	35.05333	362.4761	275.12573	0.0	0.0	0.0	0.0	0.0	0.0	0.0	0.0	306.38766	35.05333	362.4761	275.12573	973.813	2.3772373	976.7534	969.3714	1000.0	1000.0	383999	154.28932	19.618845	188.01147	53.520107	154.28938	19.61916	185.099	51.01232	-8.085982	1.2211403	-5.0819225	-18.354528	109.226456	5.0175614	11387.623852014542
97	981.89197	1.7587341	984.476	979.2026	348.35736	67.299774	458.81287	284.26675	0.0	0.0	0.0	0.0	0.0	0.0	0.0	0.0	348.35736	67.299774	458.81287	284.26675	981.89197	1.7587341	984.476	979.2026	1000.0	1000.0	387999	154.45947	19.44555	185.25053	52.257057	154.45953	19.445892	186.85701	50.97969	-8.113267	1.209493	-5.132697	-18.182163	109.41867	4.8486485	11526.944925308228
98	978.1841	3.0074472	983.19666	973.2777	320.34222	37.260715	358.15503	259.0072	0.0	0.0	0.0	0.0	0.0	0.0	0.0	0.0	320.34222	37.260715	358.15503	259.0072	978.1841	3.0074472	983.19666	973.2777	1000.0	1000.0	391999	154.60107	19.303894	187.459	42.910812	154.60103	19.30469	193.80643	46.526947	-8.109063	1.2158971	-5.023221	-18.123423	108.369156	4.989537	11653.16634964943
99	973.9652	1.8066725	975.9053	969.62537	284.41638	35.193657	331.5482	243.13689	0.0	0.0	0.0	0.0	0.0	0.0	0.0	0.0	284.41638	35.193657	331.5482	243.13689	973.9652	1.8066725	975.9053	969.62537	1000.0	1000.0	395999	154.64906	19.265507	183.48485	46.618847	154.64914	19.266312	188.40175	45.243683	-8.07727	1.2268438	-5.219185	-21.077026	107.2848	4.942083	11768.459184646606
100	974.3623	1.9975513	978.127	970.6717	289.1701	33.160946	330.87378	247.11499	0.0	0.0	0.0	0.0	0.0	0.0	0.0	0.0	289.1701	33.160946	330.87378	247.11499	974.3623	1.9975513	978.127	970.6717	1000.0	1000.0	399999	154.70703	19.166496	182.03075	45.875584	154.70721	19.16657	183.71448	46.71479	-8.111434	1.2114285	-5.2888856	-19.874296	106.604065	4.9016337	11885.337172985077
101	989.0378	1.8264008	992.7692	986.74634	297.8222	59.68266	392.10214	232.02136	0.0	0.0	0.0	0.0	0.0	0.0	0.0	0.0	297.8222	59.68266	392.10214	232.02136	989.0378	1.8264008	992.7692	986.74634	1000.0	1000.0	403999	154.84166	19.025951	190.40152	46.02817	154.84152	19.027416	183.65369	43.173813	-8.095656	1.2157393	-5.2966595	-17.34172	105.64966	4.945047	12002.34720993042
102	985.34973	2.574169	988.51166	978.5106	269.30286	38.678875	302.6959	203.99364	0.0	0.0	0.0	0.0	0.0	0.0	0.0	0.0	269.30286	38.678875	302.6959	203.99364	985.34973	2.574169	988.51166	978.5106	1000.0	1000.0	407999	154.85149	19.014835	187.23737	41.954273	154.85162	19.015438	186.23	38.18104	-8.091375	1.2239041	-4.9978676	-18.703945	103.56458	4.864531	12118.180792093277
103	988.3146	2.5245805	992.30457	983.82166	305.09406	53.457115	392.67798	259.23788	0.0	0.0	0.0	0.0	0.0	0.0	0.0	0.0	305.09406	53.457115	392.67798	259.23788	988.3146	2.5245805	992.30457	983.82166	1000.0	1000.0	411999	154.94467	18.915522	195.56653	43.315243	154.94466	18.91674	181.22998	42.98853	-8.063507	1.2263792	-5.118785	-18.101982	105.04978	4.962532	12234.492574214935
104	985.2873	2.5275583	991.8219	983.24	329.71744	49.19701	388.37753	257.96075	0.0	0.0	0.0	0.0	0.0	0.0	0.0	0.0	329.71744	49.19701	388.37753	257.96075	985.2873	2.5275583	991.8219	983.24	1000.0	1000.0	415999	155.05746	18.907501	182.67308	51.919018	155.05737	18.908651	183.61958	48.822483	-8.090066	1.2165613	-5.3115005	-18.903461	102.66572	4.948352	12348.319326877594
105	978.29816	1.5946224	981.22876	975.8472	292.67233	28.502325	314.05307	243.82086	0.0	0.0	0.0	0.0	0.0	0.0	0.0	0.0	292.67233	28.502325	314.05307	243.82086	978.29816	1.5946224	981.22876	975.8472	1000.0	1000.0	419999	155.20267	18.881227	184.30379	51.61151	155.2028	18.881477	185.3111	50.638996	-8.066637	1.2275268	-5.1487722	-19.560242	100.17922	4.9218497	12464.820693969727
106	987.2998	3.0341587	991.6043	982.7816	314.37534	8.482251	322.63376	300.16956	0.0	0.0	0.0	0.0	0.0	0.0	0.0	0.0	314.37534	8.482251	322.63376	300.16956	987.2998	3.0341587	991.6043	982.7816	1000.0	1000.0	423999	155.29567	18.83554	187.0018	49.520863	155.29575	18.835262	183.72566	50.80751	-8.093035	1.2195883	-5.1820526	-21.291527	101.305	4.8984237	12581.699195623398
107	977.1776	2.3000162	981.1415	973.5092	280.92474	76.46787	375.44205	164.43413	0.0	0.0	0.0	0.0	0.0	0.0	0.0	0.0	280.92474	76.46787	375.44205	164.43413	977.1776	2.3000162	981.1415	973.5092	1000.0	1000.0	427999	155.26302	18.85141	185.0453	45.15337	155.2629	18.852203	190.25905	46.35074	-8.06848	1.2232434	-5.2069044	-19.606337	99.42426	4.9954343	12695.578461408615
108	989.3096	2.0821693	993.66296	986.4941	308.61945	66.16306	409.9098	247.90652	0.0	0.0	0.0	0.0	0.0	0.0	0.0	0.0	308.61945	66.16306	409.9098	247.90652	989.3096	2.0821693	993.66296	986.4941	1000.0	1000.0	431999	155.24986	18.904032	184.96039	44.425182	155.25002	18.904339	183.25642	48.629757	-8.095065	1.2208837	-5.161911	-19.63676	102.909676	4.901887	12811.404954195023
109	984.56067	2.5573688	989.60706	981.3377	285.4752	16.802618	302.25018	266.38388	0.0	0.0	0.0	0.0	0.0	0.0	0.0	0.0	285.4752	16.802618	302.25018	266.38388	984.56067	2.5573688	989.60706	981.3377	1000.0	1000.0	435999	155.3561	18.910982	186.43607	49.344566	155.35606	18.912382	182.04813	51.2794	-8.077551	1.2233396	-5.2492914	-20.686502	102.728325	4.981068	12926.894784450531
110	978.36847	1.7641251	981.7044	975.497	227.36893	55.518387	289.79602	140.02623	0.0	0.0	0.0	0.0	0.0	0.0	0.0	0.0	227.36893	55.518387	289.79602	140.02623	978.36847	1.7641251	981.7044	975.497	1000.0	1000.0	439999	155.43204	18.921343	186.98097	47.977943	155.43188	18.92254	183.8724	46.93296	-8.084398	1.2239791	-4.822332	-19.459362	101.31642	4.7901974	13050.431668519974
111	979.78015	1.4714432	982.2011	977.3805	257.57123	22.449432	285.6938	222.89618	0.0	0.0	0.0	0.0	0.0	0.0	0.0	0.0	257.57123	22.449432	285.6938	222.89618	979.78015	1.4714432	982.2011	977.3805	1000.0	1000.0	443999	155.4982	18.896498	184.04082	47.06428	155.49825	18.897152	185.96432	50.774982	-8.102912	1.2208244	-5.335229	-19.611124	100.13475	4.8207655	13179.652420282364
112	983.59216	2.2193952	987.1313	980.63336	300.76837	33.77211	347.7879	263.9764	0.0	0.0	0.0	0.0	0.0	0.0	0.0	0.0	300.76837	33.77211	347.7879	263.9764	983.59216	2.2193952	987.1313	980.63336	1000.0	1000.0	447999	155.60396	18.85005	185.64255	49.242783	155.60408	18.85072	184.84683	49.69197	-8.095269	1.2176114	-4.8997264	-19.09694	102.16548	4.7954698	13309.161453962326
113	988.64795	2.8481913	992.9689	984.09503	341.6397	28.599554	378.50674	312.139	0.0	0.0	0.0	0.0	0.0	0.0	0.0	0.0	341.6397	28.599554	378.50674	312.139	988.64795	2.8481913	992.9689	984.09503	1000.0	1000.0	451999	155.7323	18.846571	188.15535	58.945366	155.73216	18.847359	187.21689	53.283783	-8.077076	1.2188817	-5.1265726	-17.602934	102.32061	4.786043	13440.181181430817
114	990.0924	1.2372886	992.5686	988.2994	245.2313	93.347	315.11746	86.662254	0.0	0.0	0.0	0.0	0.0	0.0	0.0	0.0	245.2313	93.347	315.11746	86.662254	990.0924	1.2372886	992.5686	988.2994	1000.0	1000.0	455999	155.769	18.865686	190.85431	50.87347	155.76897	18.866358	185.2501	51.708294	-8.0842495	1.2185706	-5.223549	-20.597729	103.66605	4.8837514	13567.134328603745
115	989.86755	1.5371033	992.8905	987.79346	281.9379	16.535885	301.9171	256.1956	0.0	0.0	0.0	0.0	0.0	0.0	0.0	0.0	281.9379	16.535885	301.9171	256.1956	989.86755	1.5371033	992.8905	987.79346	1000.0	1000.0	459999	155.76286	18.846424	189.68454	49.328484	155.76297	18.846327	194.76244	44.465195	-8.080648	1.2275535	-5.280854	-19.986456	105.623314	4.878621	13695.210785150528
116	983.49774	1.7382457	986.7498	980.62134	283.49243	35.379322	335.21765	247.04555	0.0	0.0	0.0	0.0	0.0	0.0	0.0	0.0	283.49243	35.379322	335.21765	247.04555	983.49774	1.7382457	986.7498	980.62134	1000.0	1000.0	463999	155.85013	18.757492	186.38713	44.48432	155.8503	18.758015	190.20522	45.042908	-8.089633	1.2172723	-5.1731076	-20.261791	108.269684	4.794671	13821.629021167755
117	985.8659	1.97603	988.79724	982.77045	293.46222	39.882587	332.89252	236.7766	0.0	0.0	0.0	0.0	0.0	0.0	0.0	0.0	293.46222	39.882587	332.89252	236.7766	985.8659	1.97603	988.79724	982.77045	1000.0	1000.0	467999	155.9542	18.739216	189.2644	37.416107	155.95404	18.739576	195.41	38.51234	-8.057028	1.2271385	-5.2395763	-18.37373	108.72909	4.8633614	13940.782131910324
118	986.73517	1.786024	989.9531	984.2455	314.08298	38.715347	372.21277	272.06796	0.0	0.0	0.0	0.0	0.0	0.0	0.0	0.0	314.08298	38.715347	372.21277	272.06796	986.73517	1.786024	989.9531	984.2455	1000.0	1000.0	471999	156.05351	18.684301	191.5375	47.064873	156.05373	18.684986	191.19965	48.030052	-8.057212	1.2324659	-5.003959	-18.772299	107.50957	4.796087	14051.001598119736
119	993.9725	2.2913551	998.059	990.1966	312.36353	50.61973	399.684	278.58972	0.0	0.0	0.0	0.0	0.0	0.0	0.0	0.0	312.36353	50.61973	399.684	278.58972	993.9725	2.2913551	998.059	990.1966	1000.0	1000.0	475999	156.09422	18.681345	194.40436	44.952755	156.0941	18.683222	191.16605	47.137196	-8.099178	1.2203866	-5.1930428	-20.483288	105.782646	4.8927746	14161.472137212753
120	979.3737	2.3172262	983.58954	975.8791	300.44373	30.37644	350.28937	268.07452	0.0	0.0	0.0	0.0	0.0	0.0	0.0	0.0	300.44373	30.37644	350.28937	268.07452	979.3737	2.3172262	983.58954	975.8791	1000.0	1000.0	479999	156.19994	18.605558	188.80344	43.911804	156.20016	18.606388	193.82266	45.121826	-8.069984	1.2227489	-5.05887	-19.477692	106.6553	4.908175	14275.005679130554
121	982.24756	1.3056474	983.66876	979.9357	251.46304	52.885437	318.581	171.79515	0.0	0.0	0.0	0.0	0.0	0.0	0.0	0.0	251.46304	52.885437	318.581	171.79515	982.24756	1.3056474	983.66876	979.9357	1000.0	1000.0	483999	156.2561	18.561003	186.71103	47.525753	156.25604	18.561253	189.41432	43.1847	-8.079565	1.2246839	-5.2603045	-19.078146	104.75997	4.8975415	14385.765993356705
122	974.58044	2.0084817	977.2228	970.0231	301.4189	35.157364	342.50406	258.0717	0.0	0.0	0.0	0.0	0.0	0.0	0.0	0.0	301.4189	35.157364	342.50406	258.0717	974.58044	2.0084817	977.2228	970.0231	1000.0	1000.0	487999	156.27985	18.673399	190.50093	48.50098	156.27985	18.674282	190.48914	43.949894	-8.093636	1.2173243	-5.2377267	-18.678827	102.31881	4.9319487	14493.3333568573
123	990.66833	3.676708	996.5268	986.1341	343.5547	47.10318	407.56403	289.96014	0.0	0.0	0.0	0.0	0.0	0.0	0.0	0.0	343.5547	47.10318	407.56403	289.96014	990.66833	3.676708	996.5268	986.1341	1000.0	1000.0	491999	156.14343	18.799007	189.72981	46.863537	156.14346	18.799221	192.44377	37.65028	-8.071836	1.2267874	-5.086012	-19.654627	105.021614	4.895698	14607.002562999725
124	985.069	2.001323	989.6532	982.8938	329.17548	24.885134	364.46982	300.212	0.0	0.0	0.0	0.0	0.0	0.0	0.0	0.0	329.17548	24.885134	364.46982	300.212	985.069	2.001323	989.6532	982.8938	1000.0	1000.0	495999	156.13345	18.742119	188.096	38.792007	156.13353	18.741877	192.18912	39.496796	-8.054561	1.2275333	-5.1467924	-17.94929	102.87941	4.902154	14725.379448890686
125	991.2586	2.4970996	994.8561	986.8567	298.61005	28.272833	342.4276	263.43256	0.0	0.0	0.0	0.0	0.0	0.0	0.0	0.0	298.61005	28.272833	342.4276	263.43256	991.2586	2.4970996	994.8561	986.8567	1000.0	1000.0	499999	156.31259	18.6041	188.98317	37.81471	156.31264	18.605179	186.51859	45.248867	-8.054813	1.2311058	-5.0857005	-19.302843	105.222206	4.8040915	14846.561918735504
126	984.6838	1.4078829	986.49774	982.6213	281.88715	13.766382	303.777	270.0587	0.0	0.0	0.0	0.0	0.0	0.0	0.0	0.0	281.88715	13.766382	303.777	270.0587	984.6838	1.4078829	986.49774	982.6213	1000.0	1000.0	503999	156.38219	18.587862	192.28195	42.381496	156.3822	18.588385	186.94092	38.8146	-8.055504	1.2277348	-5.1289043	-18.598392	108.37564	4.9391513	14969.594861745834
127	980.5431	2.5538266	985.1672	977.249	288.93558	59.082447	389.16507	239.40636	0.0	0.0	0.0	0.0	0.0	0.0	0.0	0.0	288.93558	59.082447	389.16507	239.40636	980.5431	2.5538266	985.1672	977.249	1000.0	1000.0	507999	156.43866	18.487259	190.26099	45.352524	156.43874	18.487934	184.25378	46.899315	-8.030939	1.2350736	-5.131753	-19.76436	109.27399	4.9509926	15092.11578631401
128	980.5941	2.3826451	983.07245	976.6063	308.83768	46.855606	372.16122	244.43672	0.0	0.0	0.0	0.0	0.0	0.0	0.0	0.0	308.83768	46.855606	372.16122	244.43672	980.5941	2.3826451	983.07245	976.6063	1000.0	1000.0	511999	156.44989	18.535395	192.00903	40.721714	156.45	18.535606	185.72253	44.031296	-8.059333	1.2314157	-5.115011	-20.026838	109.1559	4.881374	15212.57249045372
129	981.65106	3.0609741	984.9845	975.5048	318.16364	23.95412	353.06778	286.2896	0.0	0.0	0.0	0.0	0.0	0.0	0.0	0.0	318.16364	23.95412	353.06778	286.2896	981.65106	3.0609741	984.9845	975.5048	1000.0	1000.0	515999	156.48528	18.535301	189.22302	48.62271	156.48547	18.534784	182.7989	47.068233	-8.051029	1.2357024	-5.1522083	-19.620003	106.89842	4.8900166	15326.858360528946
130	983.2632	2.5803666	988.0849	979.0606	235.09698	84.227936	351.93158	115.94077	0.0	0.0	0.0	0.0	0.0	0.0	0.0	0.0	235.09698	84.227936	351.93158	115.94077	983.2632	2.5803666	988.0849	979.0606	1000.0	1000.0	519999	156.5445	18.5092	200.07533	50.042553	156.54474	18.509684	194.42865	53.64642	-8.060145	1.2336473	-5.2313576	-19.021078	106.8603	4.8480926	15441.174567461014
131	982.96094	2.3607807	987.2493	979.5389	280.53418	34.71826	338.96893	247.87213	0.0	0.0	0.0	0.0	0.0	0.0	0.0	0.0	280.53418	34.71826	338.96893	247.87213	982.96094	2.3607807	987.2493	979.5389	1000.0	1000.0	523999	156.52847	18.580368	188.37793	51.78066	156.52852	18.581	189.40013	47.669643	-8.062139	1.2291986	-5.113053	-19.791441	104.559746	4.941146	15557.615597963333
132	978.53455	2.6418219	982.031	973.8075	293.28204	25.240303	326.92813	256.0169	0.0	0.0	0.0	0.0	0.0	0.0	0.0	0.0	293.28204	25.240303	326.92813	256.0169	978.53455	2.6418219	982.031	973.8075	1000.0	1000.0	527999	156.4875	18.645895	190.0635	44.496487	156.48752	18.645767	190.3787	45.47675	-8.054276	1.232134	-4.924967	-19.003626	100.62183	4.9846687	15670.51568031311
133	987.0882	2.2613933	990.8087	983.24194	320.75125	46.94082	400.26572	278.3095	0.0	0.0	0.0	0.0	0.0	0.0	0.0	0.0	320.75125	46.94082	400.26572	278.3095	987.0882	2.2613933	990.8087	983.24194	1000.0	1000.0	531999	156.49104	18.664759	186.34584	36.75904	156.49127	18.665344	189.84198	41.987953	-8.059749	1.2298754	-5.041966	-19.40969	100.01175	4.968454	15786.826135873795
134	975.63367	2.93818	979.166	971.60376	320.34247	25.402811	356.37604	294.66177	0.0	0.0	0.0	0.0	0.0	0.0	0.0	0.0	320.34247	25.402811	356.37604	294.66177	975.63367	2.93818	979.166	971.60376	1000.0	1000.0	535999	156.60477	18.629702	186.78001	44.446445	156.60475	18.630152	183.42107	42.3724	-8.056262	1.2270468	-5.1572094	-20.032124	99.03058	4.965133	15898.11731171608
135	988.7497	2.3898156	991.75586	984.9779	353.6914	46.432278	417.31094	287.07034	0.0	0.0	0.0	0.0	0.0	0.0	0.0	0.0	353.6914	46.432278	417.31094	287.07034	988.7497	2.3898156	991.75586	984.9779	1000.0	1000.0	539999	156.64369	18.503729	186.75206	45.973534	156.64355	18.50521	186.19058	44.736137	-8.054891	1.2310731	-5.1873784	-19.787266	98.13764	4.827042	16008.326032161713
136	983.56024	2.419594	987.679	980.6288	293.20105	45.73399	333.97638	220.0608	0.0	0.0	0.0	0.0	0.0	0.0	0.0	0.0	293.20105	45.73399	333.97638	220.0608	983.56024	2.419594	987.679	980.6288	1000.0	1000.0	543999	156.80585	18.367786	190.44579	51.882225	156.80605	18.368525	193.57124	51.456543	-8.045235	1.233151	-5.2278337	-19.227545	96.66375	4.8253865	16124.624557971954
137	978.98615	3.0765915	985.1574	973.7786	268.2126	36.38302	322.4923	221.57135	0.0	0.0	0.0	0.0	0.0	0.0	0.0	0.0	268.2126	36.38302	322.4923	221.57135	978.98615	3.0765915	985.1574	973.7786	1000.0	1000.0	547999	156.863	18.28356	188.70369	49.117184	156.863	18.283087	189.24492	45.256958	-8.042655	1.2344484	-5.059701	-20.810598	96.347664	4.8677316	16242.468971967697
138	992.24866	2.9913456	998.39514	987.5479	321.89386	25.203205	360.83066	292.7722	0.0	0.0	0.0	0.0	0.0	0.0	0.0	0.0	321.89386	25.203205	360.83066	292.7722	992.24866	2.9913456	998.39514	987.5479	1000.0	1000.0	551999	156.90315	18.275505	186.82034	48.61262	156.9032	18.2773	189.18571	48.55819	-8.027228	1.2385426	-5.0781927	-18.684698	94.13831	4.9866457	16354.628266572952
139	985.93945	1.3815558	988.308	983.9944	279.03616	38.533813	332.5758	224.12064	0.0	0.0	0.0	0.0	0.0	0.0	0.0	0.0	279.03616	38.533813	332.5758	224.12064	985.93945	1.3815558	988.308	983.9944	1000.0	1000.0	555999	157.01398	18.2316	190.72821	50.44475	157.01414	18.23186	188.22668	47.168953	-8.050543	1.232384	-4.99974	-20.929134	92.901794	4.9045877	16467.836520433426
140	990.9564	2.1612232	994.1404	987.01105	326.82913	27.81208	354.7934	298.5389	0.0	0.0	0.0	0.0	0.0	0.0	0.0	0.0	326.82913	27.81208	354.7934	298.5389	990.9564	2.1612232	994.1404	987.01105	1000.0	1000.0	559999	156.97038	18.265617	185.9602	46.062042	156.97052	18.265686	184.1434	48.12201	-8.042811	1.2290446	-5.0080943	-19.456768	95.730774	4.814655	16581.32021522522
141	980.7158	2.3523955	983.8929	975.1509	310.29898	36.66966	353.57486	252.30826	0.0	0.0	0.0	0.0	0.0	0.0	0.0	0.0	310.29898	36.66966	353.57486	252.30826	980.7158	2.3523955	983.8929	975.1509	1000.0	1000.0	563999	157.06335	18.236595	187.82549	47.899776	157.06331	18.236952	183.05338	45.08616	-8.028813	1.2381096	-5.09852	-18.842173	91.45075	4.9679646	16695.89027786255
142	988.37537	2.7661695	991.4665	984.0159	258.04446	74.69887	360.28958	149.79767	0.0	0.0	0.0	0.0	0.0	0.0	0.0	0.0	258.04446	74.69887	360.28958	149.79767	988.37537	2.7661695	991.4665	984.0159	1000.0	1000.0	567999	157.05559	18.310358	189.3012	34.52136	157.05573	18.310595	192.5829	37.404167	-8.004494	1.2443572	-4.9272676	-20.52262	92.34069	5.1277633	16813.112385988235
143	979.8302	1.2136058	981.46857	978.2128	263.67084	28.072533	307.5858	237.98068	0.0	0.0	0.0	0.0	0.0	0.0	0.0	0.0	263.67084	28.072533	307.5858	237.98068	979.8302	1.2136058	981.46857	978.2128	1000.0	1000.0	571999	157.05737	18.295853	190.27849	35.636005	157.05748	18.296288	188.17879	30.798645	-8.045915	1.2349157	-5.0342155	-19.06739	93.66175	4.9712863	16926.26022219658
144	987.8436	2.3301585	991.33826	983.7469	304.63977	33.47658	351.89877	270.6683	0.0	0.0	0.0	0.0	0.0	0.0	0.0	0.0	304.63977	33.47658	351.89877	270.6683	987.8436	2.3301585	991.33826	983.7469	1000.0	1000.0	575999	157.06137	18.355413	185.94513	34.666557	157.06142	18.356838	188.04268	39.119198	-8.05112	1.2307613	-5.0264406	-18.209116	96.78295	5.007832	17041.064005613327
145	984.2018	1.2769035	986.2393	981.6507	286.10364	29.915195	314.8081	239.44395	0.0	0.0	0.0	0.0	0.0	0.0	0.0	0.0	286.10364	29.915195	314.8081	239.44395	984.2018	1.2769035	986.2393	981.6507	1000.0	1000.0	579999	157.0508	18.352089	186.49316	41.647366	157.05084	18.351542	190.59149	45.220085	-8.052904	1.2373257	-4.989777	-18.413515	94.8292	4.9203134	17158.22116136551
146	986.60535	3.4352572	992.25616	981.3609	320.439	18.852985	350.33798	298.52707	0.0	0.0	0.0	0.0	0.0	0.0	0.0	0.0	320.439	18.852985	350.33798	298.52707	986.60535	3.4352572	992.25616	981.3609	1000.0	1000.0	583999	157.13284	18.260353	188.22643	42.59728	157.13304	18.26073	184.83578	46.881954	-8.020225	1.2405581	-4.8877687	-19.196033	98.79703	4.8446846	17273.193584680557
147	979.5119	2.7110686	982.3966	974.04956	302.9811	21.141617	336.3721	277.70322	0.0	0.0	0.0	0.0	0.0	0.0	0.0	0.0	302.9811	21.141617	336.3721	277.70322	979.5119	2.7110686	982.3966	974.04956	1000.0	1000.0	587999	157.19795	18.26175	191.86465	51.294937	157.1979	18.262844	186.87756	50.946777	-8.048035	1.2308162	-5.171629	-19.324312	101.62066	4.861016	17389.477011442184
148	984.7539	1.7661282	988.0521	982.2093	282.14655	35.342583	341.58368	248.67166	0.0	0.0	0.0	0.0	0.0	0.0	0.0	0.0	282.14655	35.342583	341.58368	248.67166	984.7539	1.7661282	988.0521	982.2093	1000.0	1000.0	591999	157.21078	18.319393	187.06004	42.82695	157.21066	18.3201	191.29024	44.887478	-8.044697	1.2338889	-5.120064	-18.206038	99.40427	5.0060987	17505.816012382507
149	984.70935	3.177741	989.1013	980.3768	315.57678	32.77569	369.95642	282.09293	0.0	0.0	0.0	0.0	0.0	0.0	0.0	0.0	315.57678	32.77569	369.95642	282.09293	984.70935	3.177741	989.1013	980.3768	1000.0	1000.0	595999	157.21117	18.407576	184.40619	47.483074	157.21144	18.40832	182.46648	49.6126	-8.056421	1.227593	-5.1667514	-18.4991	93.65592	4.9771996	17620.050672769547
150	982.28796	2.002858	986.6523	979.5201	268.6001	85.10262	345.5105	124.87557	0.0	0.0	0.0	0.0	0.0	0.0	0.0	0.0	268.6001	85.10262	345.5105	124.87557	982.28796	2.002858	986.6523	979.5201	1000.0	1000.0	599999	157.06003	18.572382	186.38971	51.76146	157.06003	18.572712	184.76611	48.863167	-8.058646	1.22953	-5.075961	-19.171314	87.70534	4.9879055	17733.63985300064
151	991.84296	1.919245	995.5132	989.8011	303.82974	38.01525	362.7396	265.58636	0.0	0.0	0.0	0.0	0.0	0.0	0.0	0.0	303.82974	38.01525	362.7396	265.58636	991.84296	1.919245	995.5132	989.8011	1000.0	1000.0	603999	157.1574	18.555948	186.85776	48.803802	157.15746	18.556175	189.68028	49.315052	-8.038692	1.2370108	-5.024558	-19.499922	89.71362	4.8898273	17854.179154872894
152	980.85754	1.9205258	984.68555	978.1202	288.84387	33.92274	321.99057	232.58824	0.0	0.0	0.0	0.0	0.0	0.0	0.0	0.0	288.84387	33.92274	321.99057	232.58824	980.85754	1.9205258	984.68555	978.1202	1000.0	1000.0	607999	157.15285	18.579844	195.90118	54.431393	157.15283	18.580454	197.41678	54.376442	-8.019777	1.2427235	-4.902439	-21.673307	84.44407	4.9322853	17973.416885137558
153	988.4707	2.7411766	991.89325	984.28265	310.5026	34.709167	336.20938	251.45773	0.0	0.0	0.0	0.0	0.0	0.0	0.0	0.0	310.5026	34.709167	336.20938	251.45773	988.4707	2.7411766	991.89325	984.28265	1000.0	1000.0	611999	157.20724	18.537281	193.66815	47.482994	157.20724	18.538237	192.61113	49.71687	-8.037787	1.241723	-5.005726	-22.173954	82.20005	4.9980783	18092.105573892593
154	987.21875	1.9902596	990.6994	984.19946	306.93634	13.61106	330.3592	296.6687	0.0	0.0	0.0	0.0	0.0	0.0	0.0	0.0	306.93634	13.61106	330.3592	296.6687	987.21875	1.9902596	990.6994	984.19946	1000.0	1000.0	615999	157.14836	18.531057	191.1065	39.04563	157.1484	18.532373	188.4208	37.553474	-8.084646	1.2252387	-5.060153	-19.423779	79.891945	5.008924	18209.09530186653
155	984.8003	2.933301	989.85443	980.8948	301.71872	38.94408	363.7537	257.3231	0.0	0.0	0.0	0.0	0.0	0.0	0.0	0.0	301.71872	38.94408	363.7537	257.3231	984.8003	2.933301	989.85443	980.8948	1000.0	1000.0	619999	157.17896	18.489113	190.05852	42.92789	157.17908	18.489347	193.19322	45.093254	-8.036404	1.2341194	-5.0120974	-18.954243	78.68082	4.9006553	18326.978608846664
156	978.39044	2.4488046	982.49725	974.01025	311.39703	36.604206	360.20752	275.3562	0.0	0.0	0.0	0.0	0.0	0.0	0.0	0.0	311.39703	36.604206	360.20752	275.3562	978.39044	2.4488046	982.49725	974.01025	1000.0	1000.0	623999	157.16547	18.562876	188.55995	43.59749	157.16537	18.563805	186.90057	43.467712	-8.004732	1.2443349	-5.104987	-19.226433	79.99769	4.9777317	18444.449399471283
157	983.9977	2.4257867	987.7939	980.8817	324.93604	33.4409	369.08124	289.25424	0.0	0.0	0.0	0.0	0.0	0.0	0.0	0.0	324.93604	33.4409	369.08124	289.25424	983.9977	2.4257867	987.7939	980.8817	1000.0	1000.0	627999	157.10538	18.57633	186.97318	36.603245	157.10545	18.5768	189.27574	37.349194	-8.038395	1.2353039	-4.9506197	-20.192982	76.56565	4.9971237	18560.254689455032
158	983.26105	2.7076902	987.55426	979.0603	281.89975	52.425323	339.81573	215.57942	0.0	0.0	0.0	0.0	0.0	0.0	0.0	0.0	281.89975	52.425323	339.81573	215.57942	983.26105	2.7076902	987.55426	979.0603	1000.0	1000.0	631999	157.12506	18.627293	189.01448	30.917498	157.1251	18.629156	188.11714	29.962202	-8.032394	1.2376561	-4.967397	-18.044884	71.91146	5.005785	18676.088384389877
159	982.37286	2.2208586	985.47455	978.42957	301.3935	10.178353	316.07837	287.4481	0.0	0.0	0.0	0.0	0.0	0.0	0.0	0.0	301.3935	10.178353	316.07837	287.4481	982.37286	2.2208586	985.47455	978.42957	1000.0	1000.0	635999	157.09541	18.641306	187.99084	29.470558	157.09538	18.64268	188.83813	28.174887	-8.061009	1.2313265	-5.02383	-18.591963	74.565735	5.062631	18791.392744779587
160	979.38586	2.585627	983.62604	976.25653	289.02994	41.371544	347.55606	230.54655	0.0	0.0	0.0	0.0	0.0	0.0	0.0	0.0	289.02994	41.371544	347.55606	230.54655	979.38586	2.585627	983.62604	976.25653	1000.0	1000.0	639999	157.1378	18.584885	184.99188	27.354778	157.13792	18.584387	188.14671	24.13238	-8.02956	1.2412161	-5.0642214	-21.502441	71.64247	5.048666	18908.3874232769
161	975.1549	2.425841	977.9719	971.1358	303.60645	17.908875	322.56888	274.49536	0.0	0.0	0.0	0.0	0.0	0.0	0.0	0.0	303.60645	17.908875	322.56888	274.49536	975.1549	2.425841	977.9719	971.1358	1000.0	1000.0	643999	157.16997	18.471516	192.07484	29.379456	157.17001	18.473494	186.55753	28.51817	-8.021508	1.2384925	-4.9477673	-19.269966	72.976654	5.1042733	19048.219727039337
162	987.77136	1.7037618	990.0143	985.19415	335.4657	18.10786	363.17508	318.2324	0.0	0.0	0.0	0.0	0.0	0.0	0.0	0.0	335.4657	18.10786	363.17508	318.2324	987.77136	1.7037618	990.0143	985.19415	1000.0	1000.0	647999	157.18895	18.48425	183.23819	25.137365	157.18896	18.48512	188.83669	19.04138	-8.007535	1.2436883	-4.953973	-19.887756	73.13139	5.1068954	19188.432594776154
163	988.4328	2.6452515	992.3113	982.6561	359.26648	69.602516	475.89108	296.81876	0.0	0.0	0.0	0.0	0.0	0.0	0.0	0.0	359.26648	69.602516	475.89108	296.81876	988.4328	2.6452515	992.3113	982.6561	1000.0	1000.0	651999	157.1917	18.501646	184.66203	31.583265	157.19182	18.502638	183.82973	33.655346	-8.046925	1.2320377	-5.101474	-18.412369	78.459206	5.0085645	19329.21037006378
164	986.3081	2.4419703	989.43744	981.80347	305.4126	27.105183	336.1774	278.11438	0.0	0.0	0.0	0.0	0.0	0.0	0.0	0.0	305.4126	27.105183	336.1774	278.11438	986.3081	2.4419703	989.43744	981.80347	1000.0	1000.0	655999	157.2831	18.483423	187.92737	44.61944	157.28302	18.484472	188.3448	42.366486	-8.037901	1.234854	-5.099493	-19.242865	75.09591	5.0601726	19468.648958444595
165	982.2201	2.004069	984.24347	977.61346	289.82092	15.400554	312.132	268.65106	0.0	0.0	0.0	0.0	0.0	0.0	0.0	0.0	289.82092	15.400554	312.132	268.65106	982.2201	2.004069	984.24347	977.61346	1000.0	1000.0	659999	157.30473	18.434969	186.75941	45.11122	157.30486	18.436106	186.54353	43.882805	-8.023502	1.2385445	-5.102708	-19.273792	65.002716	5.038273	19594.129544973373
166	986.2103	1.8976043	988.8111	983.021	330.59778	49.598885	397.37408	280.7276	0.0	0.0	0.0	0.0	0.0	0.0	0.0	0.0	330.59778	49.598885	397.37408	280.7276	986.2103	1.8976043	988.8111	983.021	1000.0	1000.0	663999	157.39554	18.401886	200.78268	40.03126	157.39545	18.403267	210.14362	38.98075	-8.021611	1.2410333	-4.91605	-18.621056	68.08306	5.0500517	19713.68491911888
167	980.9168	2.4143932	986.0235	977.9161	278.7163	55.73876	364.20276	225.53575	0.0	0.0	0.0	0.0	0.0	0.0	0.0	0.0	278.7163	55.73876	364.20276	225.53575	980.9168	2.4143932	986.0235	977.9161	1000.0	1000.0	667999	157.51074	18.293903	191.24745	31.126404	157.511	18.294476	189.68768	31.971575	-8.035632	1.2362443	-5.0061293	-18.197474	65.98426	4.8945775	19832.725925922394
168	985.5631	2.2497084	989.3455	982.4261	323.46323	45.542328	385.1287	272.7138	0.0	0.0	0.0	0.0	0.0	0.0	0.0	0.0	323.46323	45.542328	385.1287	272.7138	985.5631	2.2497084	989.3455	982.4261	1000.0	1000.0	671999	157.49837	18.286226	185.04819	34.3868	157.49818	18.287611	185.24681	31.703556	-8.007194	1.2439607	-5.011731	-20.232368	68.39151	5.0351543	19953.303379297256
169	989.5627	2.6256824	993.26776	985.6516	340.30286	27.689894	381.06418	302.9629	0.0	0.0	0.0	0.0	0.0	0.0	0.0	0.0	340.30286	27.689894	381.06418	302.9629	989.5627	2.6256824	993.26776	985.6516	1000.0	1000.0	675999	157.55205	18.295254	186.77943	36.097485	157.55217	18.296776	189.34964	39.727596	-8.004546	1.243556	-4.9705114	-17.623447	65.98545	5.128662	20072.27373456955
170	991.6126	2.086673	994.2663	987.7727	293.2845	50.042282	373.30576	242.24213	0.0	0.0	0.0	0.0	0.0	0.0	0.0	0.0	293.2845	50.042282	373.30576	242.24213	991.6126	2.086673	994.2663	987.7727	1000.0	1000.0	679999	157.56152	18.410397	186.03482	35.266804	157.56158	18.410147	187.10715	32.85119	-7.975161	1.2506735	-4.989242	-18.059477	64.945435	5.1495605	20191.786747932434
171	980.862	2.0397646	984.14294	976.7495	335.20096	14.042807	354.0018	321.02365	0.0	0.0	0.0	0.0	0.0	0.0	0.0	0.0	335.20096	14.042807	354.0018	321.02365	980.862	2.0397646	984.14294	976.7495	1000.0	1000.0	683999	157.49854	18.399076	187.85023	28.988705	157.49849	18.40109	200.0568	28.699608	-8.034107	1.2382745	-5.1017857	-19.7075	70.98552	4.996854	20310.34313106537
172	982.42224	2.7755358	987.1234	977.8581	363.58258	86.8959	508.67325	283.49274	0.0	0.0	0.0	0.0	0.0	0.0	0.0	0.0	363.58258	86.8959	508.67325	283.49274	982.42224	2.7755358	987.1234	977.8581	1000.0	1000.0	687999	157.57558	18.34173	183.65036	33.141464	157.57535	18.343891	185.4158	31.370687	-8.017698	1.2430454	-5.0712223	-20.588139	71.553215	5.0301666	20428.83164334297
173	974.99335	2.5161977	979.3868	971.4929	310.23468	25.9395	350.24008	279.05997	0.0	0.0	0.0	0.0	0.0	0.0	0.0	0.0	310.23468	25.9395	350.24008	279.05997	974.99335	2.5161977	979.3868	971.4929	1000.0	1000.0	691999	157.59048	18.327545	191.45532	32.345837	157.5906	18.32838	204.76367	28.601398	-8.030752	1.2405916	-5.042865	-18.234148	70.30497	5.161838	20544.84344649315
174	982.83606	3.6778295	990.3699	978.2364	315.3672	25.949785	343.07654	286.1189	0.0	0.0	0.0	0.0	0.0	0.0	0.0	0.0	315.3672	25.949785	343.07654	286.1189	982.83606	3.6778295	990.3699	978.2364	1000.0	1000.0	695999	157.62051	18.245325	183.31587	34.955563	157.62064	18.24583	187.76752	35.70092	-8.016077	1.241593	-4.897478	-20.308395	74.32842	5.0468407	20660.41069173813
175	988.9414	3.5335944	997.725	984.48737	290.05115	17.43832	311.80075	271.65256	0.0	0.0	0.0	0.0	0.0	0.0	0.0	0.0	290.05115	17.43832	311.80075	271.65256	988.9414	3.5335944	997.725	984.48737	1000.0	1000.0	699999	157.63174	18.138592	188.60631	39.636967	157.63176	18.140047	190.48491	35.28919	-8.020211	1.2406747	-4.6997004	-19.529026	75.26095	5.060822	20775.613372802734
176	987.18787	1.6173263	989.7014	984.67975	310.5062	22.77339	334.69107	276.4339	0.0	0.0	0.0	0.0	0.0	0.0	0.0	0.0	310.5062	22.77339	334.69107	276.4339	987.18787	1.6173263	989.7014	984.67975	1000.0	1000.0	703999	157.80714	17.975662	188.936	43.604267	157.80719	17.976612	188.13051	41.257175	-8.041991	1.2317058	-4.719511	-21.007687	71.21283	4.936331	20891.761474132538
177	985.9569	2.79265	989.9751	982.0823	324.09933	73.92814	433.24954	247.83228	0.0	0.0	0.0	0.0	0.0	0.0	0.0	0.0	324.09933	73.92814	433.24954	247.83228	985.9569	2.79265	989.9751	982.0823	1000.0	1000.0	707999	157.75404	17.986614	182.65707	45.527424	157.75412	17.987404	183.87018	40.889824	-8.051907	1.236188	-4.863515	-18.301392	73.37452	5.026899	21008.301721572876
178	985.76447	2.7660227	990.2995	980.81726	332.48517	54.9491	393.28455	276.50092	0.0	0.0	0.0	0.0	0.0	0.0	0.0	0.0	332.48517	54.9491	393.28455	276.50092	985.76447	2.7660227	990.2995	980.81726	1000.0	1000.0	711999	157.72472	17.978016	186.93137	50.393627	157.72481	17.978775	188.0285	45.15928	-8.044074	1.2321475	-4.9922147	-18.912165	77.478836	5.0426984	21123.62992167473
179	989.6157	1.638515	992.0326	986.8503	299.99976	36.541073	336.22156	255.19826	0.0	0.0	0.0	0.0	0.0	0.0	0.0	0.0	299.99976	36.541073	336.22156	255.19826	989.6157	1.638515	992.0326	986.8503	1000.0	1000.0	715999	157.8113	17.88005	192.26198	40.69346	157.81133	17.880821	184.55292	39.912277	-8.080049	1.2246642	-5.0600586	-18.73898	73.727486	5.035755	21244.024731874466
180	975.0039	3.3363595	980.06854	970.3813	342.21686	30.95108	372.81265	298.3929	0.0	0.0	0.0	0.0	0.0	0.0	0.0	0.0	342.21686	30.95108	372.81265	298.3929	975.0039	3.3363595	980.06854	970.3813	1000.0	1000.0	719999	157.80292	17.95096	187.01321	42.20536	157.8031	17.951717	184.45358	40.741734	-8.072107	1.2263856	-5.080266	-22.785925	69.53884	5.01146	21364.246863603592
181	975.9393	0.99585897	977.38165	974.4622	272.0667	52.02847	338.5246	193.53955	0.0	0.0	0.0	0.0	0.0	0.0	0.0	0.0	272.0667	52.02847	338.5246	193.53955	975.9393	0.99585897	977.38165	974.4622	1000.0	1000.0	723999	157.74881	18.009035	193.92094	43.448784	157.74846	18.011183	188.19632	39.050644	-8.057945	1.2318143	-5.2090435	-19.269468	74.58298	5.122669	21486.062044620514
182	972.6082	2.329836	976.43524	967.95685	309.0569	28.254215	341.66742	265.11646	0.0	0.0	0.0	0.0	0.0	0.0	0.0	0.0	309.0569	28.254215	341.66742	265.11646	972.6082	2.329836	976.43524	967.95685	1000.0	1000.0	727999	157.79639	18.024563	185.54112	36.75012	157.79655	18.024176	186.38275	37.40135	-8.029939	1.2419679	-5.1450634	-20.597778	70.5175	4.991912	21605.510825157166
183	982.75665	2.6374588	987.7221	978.37427	311.9779	60.969368	375.4927	240.63615	0.0	0.0	0.0	0.0	0.0	0.0	0.0	0.0	311.9779	60.969368	375.4927	240.63615	982.75665	2.6374588	987.7221	978.37427	1000.0	1000.0	731999	157.80515	18.019901	183.10379	44.048836	157.80544	18.020544	185.99323	46.42711	-7.9978476	1.2456956	-4.9843636	-20.312206	69.79044	4.985745	21725.91082239151
184	985.6003	2.1409636	988.7829	982.2037	298.80103	29.88698	343.96344	268.35992	0.0	0.0	0.0	0.0	0.0	0.0	0.0	0.0	298.80103	29.88698	343.96344	268.35992	985.6003	2.1409636	988.7829	982.2037	1000.0	1000.0	735999	157.83621	17.962828	187.382	50.693718	157.83624	17.963799	185.80154	49.532406	-8.0155735	1.2390509	-5.027404	-18.617035	67.94607	5.142332	21854.267820358276
185	986.64764	1.9889094	988.84985	981.7582	335.64005	73.80596	444.2089	235.82924	0.0	0.0	0.0	0.0	0.0	0.0	0.0	0.0	335.64005	73.80596	444.2089	235.82924	986.64764	1.9889094	988.84985	981.7582	1000.0	1000.0	739999	157.96973	17.872887	186.48683	43.891705	157.9697	17.873878	184.2769	41.140217	-8.04354	1.2356211	-5.0926976	-19.583265	68.10119	5.037577	21989.54839873314
186	987.85516	1.1510446	989.9758	986.43744	333.56854	41.01311	373.0409	265.28772	0.0	0.0	0.0	0.0	0.0	0.0	0.0	0.0	333.56854	41.01311	373.0409	265.28772	987.85516	1.1510446	989.9758	986.43744	1000.0	1000.0	743999	157.91666	17.913523	184.6416	48.27675	157.91676	17.914434	186.1616	43.50963	-8.034546	1.2354162	-4.976589	-18.824505	68.96247	5.096625	22124.94531750679
187	991.07874	1.7698127	993.0058	987.4491	318.1503	48.188225	399.0565	277.0256	0.0	0.0	0.0	0.0	0.0	0.0	0.0	0.0	318.1503	48.188225	399.0565	277.0256	991.07874	1.7698127	993.0058	987.4491	1000.0	1000.0	747999	157.97209	17.90169	187.96948	44.204628	157.97202	17.902718	184.57874	44.376015	-8.028759	1.237329	-5.1066756	-19.521324	61.141296	4.9879684	22245.047267198563
188	982.4673	2.4880989	986.21375	979.24164	331.3933	57.641544	402.63275	256.56705	0.0	0.0	0.0	0.0	0.0	0.0	0.0	0.0	331.3933	57.641544	402.63275	256.56705	982.4673	2.4880989	986.21375	979.24164	1000.0	1000.0	751999	158.0499	17.879509	186.47073	45.529354	158.05008	17.879333	186.19734	45.03637	-8.036203	1.2345401	-5.172759	-18.896816	62.79339	4.9217196	22361.257692337036
189	983.97284	2.5331085	988.8911	980.1989	295.49832	37.02393	354.43893	257.95605	0.0	0.0	0.0	0.0	0.0	0.0	0.0	0.0	295.49832	37.02393	354.43893	257.95605	983.97284	2.5331085	988.8911	980.1989	1000.0	1000.0	755999	158.2027	17.756111	184.11168	44.423347	158.20264	17.756996	187.1996	47.110874	-8.034083	1.2365452	-5.0112133	-18.823689	67.58188	4.9752293	22477.07963824272
190	985.5619	2.332543	988.63666	980.8167	273.00696	21.831299	310.04352	253.4765	0.0	0.0	0.0	0.0	0.0	0.0	0.0	0.0	273.00696	21.831299	310.04352	253.4765	985.5619	2.332543	988.63666	980.8167	1000.0	1000.0	759999	158.19257	17.77144	184.16168	50.93673	158.19289	17.771772	183.87407	50.263355	-8.007506	1.2396591	-5.071637	-18.129812	67.32023	5.0618854	22594.624690294266
191	985.7625	2.5147505	989.5976	982.5122	264.90802	12.862178	280.18317	248.67603	0.0	0.0	0.0	0.0	0.0	0.0	0.0	0.0	264.90802	12.862178	280.18317	248.67603	985.7625	2.5147505	989.5976	982.5122	1000.0	1000.0	763999	158.07072	17.88109	184.14647	47.04518	158.07056	17.882893	184.80765	46.568962	-8.008787	1.2420123	-4.987256	-20.476938	63.601227	5.188943	22711.188214302063
192	992.05676	1.3107796	995.1983	990.78906	293.62268	25.471088	329.18112	259.4982	0.0	0.0	0.0	0.0	0.0	0.0	0.0	0.0	293.62268	25.471088	329.18112	259.4982	992.05676	1.3107796	995.1983	990.78906	1000.0	1000.0	767999	158.04771	17.895159	185.90837	54.38537	158.04785	17.89636	187.03477	54.276615	-8.027805	1.2388358	-4.867654	-18.762068	65.99225	5.136699	22838.622801065445
193	985.62854	2.3373291	990.91315	982.7017	328.28253	45.31994	375.6441	265.94446	0.0	0.0	0.0	0.0	0.0	0.0	0.0	0.0	328.28253	45.31994	375.6441	265.94446	985.62854	2.3373291	990.91315	982.7017	1000.0	1000.0	771999	158.05328	17.953543	182.67198	45.184288	158.05328	17.954805	184.04045	47.337738	-8.009237	1.2406703	-4.8370295	-20.024654	65.12553	5.1200743	22979.11423444748
194	991.08527	1.7916478	992.8303	987.6011	322.11298	17.395615	346.91364	299.0282	0.0	0.0	0.0	0.0	0.0	0.0	0.0	0.0	322.11298	17.395615	346.91364	299.0282	991.08527	1.7916478	992.8303	987.6011	1000.0	1000.0	775999	158.05608	17.957333	188.31471	43.835285	158.05623	17.957516	187.26303	43.230118	-8.011517	1.2447618	-5.0276546	-20.31007	67.219604	5.0696516	23120.027980566025
195	977.52	2.0479405	980.25244	973.2364	309.0975	30.418943	352.09088	266.05328	0.0	0.0	0.0	0.0	0.0	0.0	0.0	0.0	309.0975	30.418943	352.09088	266.05328	977.52	2.0479405	980.25244	973.2364	1000.0	1000.0	779999	158.08218	17.937143	185.94931	47.48083	158.08241	17.938107	191.23062	45.693043	-8.005245	1.2455221	-5.1524587	-19.047693	64.843666	5.0695195	23260.35968399048
196	984.7747	2.190511	989.66235	981.5724	317.87408	20.482752	343.40002	294.68436	0.0	0.0	0.0	0.0	0.0	0.0	0.0	0.0	317.87408	20.482752	343.40002	294.68436	984.7747	2.190511	989.66235	981.5724	1000.0	1000.0	783999	158.2029	17.818857	185.22461	43.919968	158.20274	17.821339	187.2688	48.724415	-8.001808	1.2480468	-4.9893837	-20.970577	66.399284	4.976276	23399.849190473557
197	985.61945	2.1293004	988.81213	981.79694	285.54645	54.123177	333.0904	193.53308	0.0	0.0	0.0	0.0	0.0	0.0	0.0	0.0	285.54645	54.123177	333.0904	193.53308	985.61945	2.1293004	988.81213	981.79694	1000.0	1000.0	787999	158.357	17.722965	185.8113	44.523228	158.35686	17.724155	185.14958	50.47373	-8.008361	1.2445707	-5.0452805	-20.344591	67.921616	5.003006	23530.165276288986
198	982.63007	2.6698534	986.00244	978.52014	310.90176	27.189503	341.09967	266.8079	0.0	0.0	0.0	0.0	0.0	0.0	0.0	0.0	310.90176	27.189503	341.09967	266.8079	982.63007	2.6698534	986.00244	978.52014	1000.0	1000.0	791999	158.52129	17.594025	188.17531	44.979958	158.52126	17.595179	189.72	41.44805	-8.049056	1.23139	-5.023673	-19.62091	67.10929	4.9592013	23659.572011470795
199	976.0464	2.0040812	979.45874	972.04474	312.17773	94.07233	458.2207	197.1188	0.0	0.0	0.0	0.0	0.0	0.0	0.0	0.0	312.17773	94.07233	458.2207	197.1188	976.0464	2.0040812	979.45874	972.04474	1000.0	1000.0	795999	158.52634	17.590189	185.07729	48.977066	158.52638	17.591557	186.27217	50.187443	-7.9860625	1.2471747	-4.9126635	-18.24346	62.30175	4.9803505	23788.062140464783
200	990.76794	2.1791766	994.35223	986.5607	266.75998	66.1553	363.71698	190.42693	0.0	0.0	0.0	0.0	0.0	0.0	0.0	0.0	266.75998	66.1553	363.71698	190.42693	990.76794	2.1791766	994.35223	986.5607	1000.0	1000.0	799999	158.61131	17.514776	184.74048	47.552658	158.61145	17.516047	183.77144	43.04516	-8.064397	1.2241268	-4.9844017	-19.721804	58.18755	4.8776093	23912.101763010025
