Epoch	AverageTestEnv0Ret	StdTestEnv0Ret	MaxTestEnv0Ret	MinTestEnv0Ret	AverageEnv0Ret	StdEnv0Ret	MaxEnv0Ret	MinEnv0Ret	AverageTestEnv1Ret	StdTestEnv1Ret	MaxTestEnv1Ret	MinTestEnv1Ret	AverageEnv1Ret	StdEnv1Ret	MaxEnv1Ret	MinEnv1Ret	AverageEpRet	StdEpRet	MaxEpRet	MinEpRet	AverageTestEpRet	StdTestEpRet	MaxTestEpRet	MinTestEpRet	EpLen	TestEpLen	TotalEnvInteracts	AverageQ1Vals	StdQ1Vals	MaxQ1Vals	MinQ1Vals	AverageQ2Vals	StdQ2Vals	MaxQ2Vals	MinQ2Vals	AverageLogPi	StdLogPi	MaxLogPi	MinLogPi	LossPi	LossQ	Time
1	-757.21155	58.282192	-652.62366	-845.36426	-361.14865	22.547092	-336.0556	-393.68164	-204.62671	16.535349	-180.25317	-234.1204	-204.28415	70.07509	-140.32964	-321.17578	-565.4328	73.33184	-507.0341	-691.2091	-961.8382	60.790047	-856.0373	-1057.6559	1000.0	1000.0	3999	9.874647	6.3570232	39.496857	-3.2773578	9.874777	6.358909	39.5657	-3.3719814	-7.4119215	2.5723226	18.480667	-19.691692	142.35703	1.2832098	119.22839975357056
2	-1493.341	58.073578	-1431.702	-1613.5135	-307.84644	39.278423	-265.0641	-350.71808	-150.14825	32.26	-90.56372	-209.52025	-194.16672	79.89627	-100.15398	-321.15375	-502.01312	83.845436	-365.21805	-593.5799	-1643.4893	62.95329	-1581.1655	-1742.8064	1000.0	1000.0	7999	45.62321	18.968933	133.35254	4.742722	45.6236	18.97284	132.99098	3.5898478	1.1433318	6.1384478	41.47615	-19.245173	591.473	7.642752	269.8314082622528
3	-442.3868	365.4503	59.295	-1119.9607	-753.5232	474.8196	-283.5862	-1420.3379	-190.76358	76.65374	-77.70103	-348.15723	-246.58655	94.440414	-106.74079	-337.76062	-1000.10974	558.7125	-390.327	-1748.8013	-633.1504	423.6494	-109.30753	-1468.1179	1000.0	1000.0	11999	120.83521	25.069735	229.9145	57.028553	120.83618	25.072357	225.64238	56.284317	5.618419	6.3119717	40.12886	-19.249512	1492.9315	20.436008	426.8702392578125
4	276.9545	55.12131	400.57217	214.67714	-770.57324	143.17534	-580.97614	-958.24286	-113.50957	43.359306	-40.654564	-186.05869	-185.93076	30.954243	-136.37941	-216.20041	-956.504	164.26555	-717.3556	-1165.5444	163.44493	81.17672	314.5024	76.20634	1000.0	1000.0	15999	136.80513	22.214056	231.21431	82.21227	136.80528	22.218473	226.70793	85.48775	-4.5988383	3.998734	30.023493	-18.577158	1636.1536	17.120708	590.4125282764435
5	472.19742	68.90857	575.8183	349.0872	-453.9671	81.407074	-323.27222	-536.79395	-37.525307	35.683807	45.850185	-84.29678	-154.5242	54.506527	-74.19485	-227.40625	-608.49133	103.6331	-488.2846	-731.9657	434.67218	89.16674	545.93774	292.39896	1000.0	1000.0	19999	122.98864	17.35065	197.94771	77.88537	122.9891	17.353765	198.2439	77.25826	-7.1374207	2.3599691	12.554476	-20.757507	1469.681	10.01226	753.1306269168854
6	693.2019	49.859024	794.1027	638.6082	-246.9697	87.62874	-138.4806	-339.55267	35.62966	41.553185	83.39546	-42.71038	-116.48006	31.328335	-71.24667	-157.35092	-363.44977	67.37156	-267.1383	-448.2176	728.83154	18.537209	759.2504	709.8068	1000.0	1000.0	23999	110.68778	13.07649	169.72873	68.949425	110.6879	13.080341	165.26866	69.619156	-7.7243977	1.9604789	18.722324	-17.751347	1323.692	7.4712157	916.9180669784546
7	697.5733	119.51158	881.7854	560.63043	-248.78238	65.85087	-157.36273	-343.4589	-34.401993	23.868822	4.418242	-58.43716	-106.043785	12.154942	-89.59261	-123.331764	-354.82617	74.23449	-259.73965	-466.79065	663.1713	139.46895	873.12683	520.8318	1000.0	1000.0	27999	102.11027	10.072334	152.85716	65.3277	102.11028	10.076979	153.46762	65.870766	-7.858965	1.8474233	10.968315	-19.636728	1222.4054	6.5715218	1082.1585285663605
8	801.17896	56.361767	868.42194	671.1804	-179.33757	47.426254	-114.33135	-248.3504	20.7112	42.78542	132.52148	-13.678307	-109.70068	28.412283	-78.14989	-142.3225	-289.03824	52.120922	-199.32193	-326.50027	821.89014	68.330215	960.1131	684.4286	1000.0	1000.0	31999	96.87188	8.151741	147.47122	62.441174	96.87202	8.156107	149.00095	61.206524	-7.905628	1.7955266	7.1824474	-19.373568	1158.9943	6.351016	1246.005315065384
9	778.6417	59.72398	837.8328	633.56433	-174.53339	13.154871	-154.47237	-191.17508	-10.539846	24.127615	53.202118	-37.455612	-99.38918	29.560394	-60.740715	-135.41885	-273.92255	30.541233	-236.46269	-309.79553	768.10187	71.518456	891.035	620.55286	1000.0	1000.0	35999	93.44954	6.858358	142.02939	60.431984	93.4498	6.863582	141.56178	60.794067	-7.88757	1.7924821	6.6611233	-18.34912	1117.426	6.0272303	1418.5500972270966
10	805.464	80.852715	922.5093	636.1916	-68.98759	23.993092	-34.117016	-99.2736	-21.791859	10.176931	0.40994152	-39.332745	-72.44509	49.147778	-20.134987	-131.89928	-141.43268	66.55547	-54.252003	-231.17287	783.67206	77.7111	909.1671	636.6015	1000.0	1000.0	39999	91.87601	5.970017	136.59857	60.739902	91.87596	5.9766884	135.84525	60.847927	-7.913905	1.7853467	8.358774	-19.86058	1097.887	5.7466397	1607.1100342273712
11	741.34534	76.984	861.66156	640.4237	-174.37872	109.2501	-81.09106	-357.1296	77.23683	85.54062	231.64632	-38.02582	-122.56953	36.392323	-60.67445	-152.05789	-296.94824	126.89196	-161.68568	-501.90015	818.58215	83.733696	959.769	714.62994	1000.0	1000.0	43999	91.4315	5.4590645	134.66733	57.716057	91.43181	5.4655213	134.42624	58.07255	-7.882702	1.8019372	13.4366665	-18.89293	1090.7794	5.668671	1795.8575069904327
12	870.2004	33.536148	910.8488	799.78503	-74.02878	34.451393	-17.580156	-103.64287	-45.40972	15.509742	-15.885337	-58.083134	-144.64053	15.517656	-133.87474	-171.40315	-218.6693	44.773438	-151.4549	-275.04602	824.79065	22.885452	860.3819	783.0879	1000.0	1000.0	47999	91.90275	5.372483	134.90424	55.936928	91.9026	5.3798866	137.82092	54.75194	-7.8223844	1.8733982	20.133606	-17.768623	1096.3505	5.7448025	1982.721668958664
13	779.26025	76.418724	926.59827	704.5686	-83.86933	17.332712	-61.31497	-110.00327	-29.188648	4.6254616	-18.595928	-34.118343	-129.31873	23.22065	-112.2973	-169.14136	-213.18806	38.451756	-182.49469	-279.14462	750.07166	74.43739	894.27783	679.39935	1000.0	1000.0	51999	92.87119	5.409598	141.55127	55.68239	92.87086	5.416944	140.91608	51.82039	-7.8930764	1.8224404	13.514282	-17.700996	1106.4177	5.7468095	2185.4603481292725
14	685.80493	130.6254	886.17194	526.084	-48.12568	40.271374	-21.435036	-117.642654	-16.607824	21.579023	12.741559	-52.81082	-117.44249	15.373609	-93.05227	-135.3013	-165.56818	26.345562	-146.142	-210.69492	669.19714	137.63075	894.64185	473.27316	1000.0	1000.0	55999	93.90904	5.550306	140.75702	49.735962	93.90882	5.557645	138.52934	50.300964	-7.856315	1.8605683	13.822729	-20.186176	1117.6667	5.751534	2392.5795226097107
15	679.1376	84.179665	755.43933	525.10876	-77.34124	45.01608	-28.485102	-125.983025	-80.53143	34.378876	-44.092926	-138.5331	-109.91503	19.325718	-82.20682	-136.56247	-187.25629	48.248833	-118.71125	-233.64099	598.60614	117.250854	704.0858	387.2085	1000.0	1000.0	59999	95.39638	5.7057185	146.11453	53.68574	95.39625	5.7108355	147.89293	51.991653	-7.8666663	1.8650277	14.218475	-19.065266	1136.2834	5.6162744	2594.1127367019653
16	787.0149	30.475477	825.66797	729.84784	-54.6909	48.830338	16.647976	-108.010155	18.608559	21.118488	69.16478	-8.983846	-103.58382	27.447834	-57.142735	-127.41616	-158.27472	41.290462	-94.16575	-209.52481	805.6234	40.33875	861.5553	738.5996	1000.0	1000.0	63999	96.81941	6.146598	154.73703	56.144005	96.81947	6.1503057	155.68448	53.77471	-7.901757	1.8339014	18.823671	-17.934622	1150.5508	5.738296	2796.617833137512
17	768.623	104.94189	966.5311	665.94714	-39.525246	71.773964	44.31813	-114.34189	12.124427	15.996069	39.89292	-10.904644	-118.11719	10.042308	-107.119286	-132.78786	-157.64243	69.63	-88.1578	-236.12108	780.74744	105.25414	986.1583	672.7871	1000.0	1000.0	67999	98.35987	6.5500526	160.27821	52.29914	98.35973	6.5541363	162.74675	52.649605	-7.90247	1.8317587	15.098902	-21.557573	1167.2362	5.689236	2998.7679080963135
18	656.55493	32.044186	696.24133	598.07306	-5.8817635	24.10078	32.119568	-31.284895	5.6562586	9.2874775	18.183231	-7.8384433	-107.49989	9.923143	-94.68082	-122.4395	-113.38166	32.30261	-62.561253	-143.41277	662.2112	40.51725	708.8055	590.801	1000.0	1000.0	71999	100.14719	6.844875	169.55942	51.66591	100.14722	6.847204	167.23593	51.421787	-7.8972087	1.8420408	16.708103	-18.476404	1185.3146	5.481919	3196.7530765533447
19	631.1311	167.50581	893.3891	491.77838	24.500263	61.04645	117.211136	-32.303127	2.0974724	36.370575	79.284706	-43.254757	-112.25158	7.233524	-101.07875	-120.78027	-87.75131	59.80367	1.6090586	-153.0834	633.2286	192.15982	963.3412	456.0859	1000.0	1000.0	75999	102.11327	7.0875807	176.74428	54.385918	102.1132	7.0894012	188.27078	54.06414	-7.8618073	1.8727665	14.918639	-18.005905	1210.4991	5.4345894	3393.9223680496216
20	732.73596	113.655716	887.8271	542.43066	-49.69551	48.1354	-8.59874	-131.78522	-6.879486	14.107138	20.114567	-24.98653	-125.543365	18.983284	-97.88594	-151.31583	-175.23888	55.968773	-106.48468	-260.56573	725.85645	114.647	878.9265	522.70184	1000.0	1000.0	79999	104.08578	7.2575593	187.80777	56.38057	104.08558	7.25914	196.41258	54.1049	-7.8701	1.9072487	17.75224	-19.7831	1233.359	5.2318935	3591.07351398468
21	596.8146	221.25719	938.55115	382.3072	-10.449568	39.238594	33.75199	-69.43851	-26.194614	25.483418	10.720096	-60.745674	-100.595314	25.444954	-77.238106	-143.1654	-111.04489	64.151405	-43.486115	-212.60391	570.62	239.82162	949.27124	330.97275	1000.0	1000.0	83999	106.04906	7.6091347	200.21794	56.977413	106.04904	7.6105957	214.41914	56.682858	-7.8618145	1.9129117	21.82278	-17.910706	1248.5453	5.170862	3788.562675476074
22	536.9022	41.850746	610.81445	455.5075	-8.598754	19.454844	11.026531	-37.160442	-6.6641035	14.535969	32.487995	-23.637293	-104.36067	7.0507655	-93.54219	-113.03358	-112.959435	22.341396	-82.51566	-144.05893	530.23816	46.750977	602.723	431.87024	1000.0	1000.0	87999	107.9521	8.038035	220.80385	60.01635	107.95211	8.038432	224.54692	57.494553	-7.8712916	1.9170219	32.994835	-18.259104	1270.7114	5.161421	4009.6866326332092
23	657.3517	61.355343	742.8471	524.12256	28.411325	41.667435	80.99125	-31.878855	14.008001	13.294323	37.374645	-3.410669	-88.59864	26.641954	-44.92496	-111.35104	-60.187325	26.974857	-27.94889	-95.13797	671.3597	64.73007	780.22174	547.1393	1000.0	1000.0	91999	109.84255	8.4678755	255.00453	58.14556	109.84232	8.470225	256.48856	55.211567	-7.8881636	1.9369065	31.092884	-18.841599	1294.458	5.1374707	4246.910286188126
24	563.25824	124.4318	770.7211	387.88162	-5.928195	56.420498	69.78695	-86.30222	-51.356728	35.82746	20.102585	-93.66418	-83.6442	6.8311787	-73.36511	-92.12228	-89.572395	56.85664	-12.821178	-172.78352	511.90152	154.91093	790.8237	300.7452	1000.0	1000.0	95999	111.64801	8.792558	296.50574	59.39829	111.64781	8.793789	307.50497	55.555096	-7.8649306	1.9211781	33.13391	-18.977417	1316.0289	5.121671	4474.7071805000305
25	651.2988	159.42725	919.36346	434.0648	30.119312	16.054401	50.266075	14.219783	-29.464977	22.263165	5.887579	-65.61332	-108.04469	16.42392	-86.453514	-131.52242	-77.925385	29.179682	-36.187435	-117.00389	621.83386	179.96794	923.2579	379.3085	1000.0	1000.0	99999	113.40967	9.134314	293.97647	58.708286	113.4094	9.137496	306.01	57.070774	-7.8761992	1.9116789	28.899317	-18.845173	1335.7815	5.0873766	4657.230499267578
26	575.88025	196.92648	968.2528	373.03644	28.032516	24.863335	67.045135	-1.093933	-28.946148	19.432306	7.7534013	-54.99172	-90.45258	22.720743	-62.613445	-119.7398	-62.42007	46.651443	4.4316926	-120.83373	546.93414	210.67494	959.86755	318.04474	1000.0	1000.0	103999	115.03955	9.333883	292.87604	59.23435	115.03935	9.336722	293.3581	58.22842	-7.8732567	1.9236951	27.679363	-20.178368	1351.4191	5.062669	4841.172892570496
27	531.6544	129.18962	868.94403	335.26813	41.764458	54.70563	105.32067	-12.8919115	-15.713226	52.738636	19.607004	-165.19739	-92.648026	25.548939	-67.80265	-130.42747	-50.883564	67.09914	34.676235	-143.3194	515.9413	160.52345	855.7813	170.07074	1000.0	1000.0	107999	116.6375	9.815353	328.09485	60.9187	116.63727	9.817939	340.32498	60.66428	-7.8509107	1.9736335	36.965996	-18.795898	1365.6046	5.175592	5026.819659233093
28	784.5229	207.65569	1008.7526	261.50897	30.302685	51.99044	119.64792	-7.726	-11.836478	20.31461	10.606987	-59.766346	-87.212326	27.50104	-47.72933	-120.41559	-56.90964	62.641235	42.413406	-111.19587	772.6864	226.29485	1019.3596	201.74263	1000.0	1000.0	111999	118.1441	10.371942	443.18073	54.080914	118.14391	10.372139	403.98438	57.93873	-7.862046	2.0030975	41.734547	-19.865568	1386.9155	5.496994	5248.740298032761
29	738.2918	140.45169	940.01697	526.3373	64.26424	32.010376	112.74802	25.023357	-28.572779	11.5038	-15.413884	-48.485302	-91.320175	15.032707	-79.52077	-116.691246	-27.055927	35.379906	33.227253	-55.70856	709.71906	148.03479	910.4272	477.852	1000.0	1000.0	115999	119.42754	11.208566	438.1109	61.35909	119.42734	11.210894	435.9757	60.772545	-7.9215736	1.9193754	49.221836	-18.875303	1403.09	5.468624	5473.583366155624
30	763.9404	155.6478	1008.83124	568.47906	61.994312	29.315649	93.97445	19.597631	-9.170765	31.994017	41.677265	-51.019093	-85.765	24.211605	-52.654053	-116.12171	-23.770683	25.936619	19.543545	-49.431213	754.76965	172.75517	1050.5085	538.77905	1000.0	1000.0	119999	120.39795	11.53108	440.1089	53.03588	120.39783	11.5342045	464.3416	56.10999	-7.962688	1.8569932	58.736748	-18.716251	1413.601	5.5586367	5702.497907400131
31	821.02264	121.12569	1001.18634	701.6862	37.58912	10.351388	50.49414	25.521532	21.101599	24.554987	56.03595	-7.8732553	-106.625725	20.100174	-82.423134	-138.05699	-69.036606	13.222592	-52.871387	-87.56285	842.1242	133.7961	1039.7981	710.26074	1000.0	1000.0	123999	121.40714	12.398117	548.5511	59.426956	121.40699	12.402735	548.35974	59.427612	-7.9460635	1.8935674	47.806644	-19.238123	1430.7876	5.883877	5958.267295360565
32	848.451	122.20901	975.17413	646.05176	45.120266	24.220827	68.194115	11.023175	-22.15829	13.78178	7.593546	-39.699734	-87.26912	13.295074	-73.066154	-108.598366	-42.148857	25.23104	-5.246724	-76.21714	826.2928	125.890625	950.82544	606.35205	1000.0	1000.0	127999	122.43259	13.449519	617.0645	57.023323	122.43258	13.448772	624.5216	56.440395	-7.90912	2.0135694	80.315025	-18.250084	1440.9695	6.732255	6149.968431711197
33	850.8224	134.83508	969.9245	608.3114	12.22115	41.392464	69.14621	-43.06087	4.5894446	16.14175	26.880878	-25.89515	-94.54269	10.409851	-76.74018	-103.161026	-82.32153	40.065712	-29.78797	-142.39624	855.41174	132.85242	965.6111	635.19226	1000.0	1000.0	131999	123.48403	14.946837	771.6603	55.25674	123.48417	14.948411	810.03253	55.900635	-7.906912	2.1588383	101.15257	-19.433346	1450.8512	8.782035	6331.904818058014
34	613.65125	74.83781	683.5437	468.3175	9.570499	14.2731495	23.452717	-10.789788	-7.2477684	16.067608	17.275331	-34.80297	-103.359215	4.331297	-98.94302	-110.24378	-93.78873	17.216223	-76.47297	-114.51079	606.4035	67.535484	685.3186	475.5266	1000.0	1000.0	135999	123.96051	17.649872	983.1053	50.335194	123.96128	17.651625	996.52057	55.374752	-7.8536625	2.5186594	97.81715	-18.216805	1449.8665	12.621901	6509.877104997635
35	509.03754	80.60382	718.869	416.25504	-49.526085	30.058533	-10.1468	-91.63558	-5.7806444	18.97094	20.806099	-46.68065	-80.07536	29.471554	-58.105858	-130.58827	-129.60146	33.68463	-79.99487	-166.78271	503.2569	64.8013	672.1884	425.27322	1000.0	1000.0	139999	124.81259	21.220095	1246.9995	45.48085	124.81257	21.222181	1291.3694	53.560287	-7.7503424	2.8124425	96.67755	-19.598078	1449.5302	17.826317	6703.739348649979
36	54.992016	418.48978	281.18936	-1184.3955	-574.3482	331.0697	-24.236908	-905.60504	-164.09315	100.587875	78.24517	-279.64764	-173.54051	59.604134	-114.56378	-263.3828	-747.8888	379.01312	-138.80069	-1168.9879	-109.101135	474.16516	359.43454	-1464.0432	1000.0	1000.0	143999	130.95432	46.122765	1755.5447	50.128582	130.95654	46.11423	1740.9983	50.873306	-5.77123	5.5138516	139.52548	-19.705235	1527.814	57.953953	6918.63089132309
37	-43.944103	412.18567	349.50122	-1084.6342	-698.57947	512.694	-247.85579	-1524.7153	-160.6738	107.52633	-55.583904	-398.21255	-233.94449	89.829704	-140.76628	-367.70798	-932.524	601.0341	-412.116	-1892.4233	-204.61787	515.9785	275.48135	-1482.8467	1000.0	1000.0	147999	145.84271	109.343895	1724.7205	54.121864	145.8413	109.345215	1726.2888	56.216957	-6.224173	5.043191	114.77474	-18.793344	1693.6538	74.85314	7136.121567249298
38	123.84796	269.3416	574.35846	-147.78035	-842.7931	388.1099	-236.72458	-1226.5093	-64.5206	33.11743	-11.47955	-119.16459	-276.38998	42.301426	-209.70416	-317.74753	-1119.1831	429.83835	-446.42874	-1533.9949	59.327362	285.93365	562.87897	-248.39742	1000.0	1000.0	151999	158.2492	138.1357	1628.6249	56.092358	158.24918	138.13773	1625.5286	55.934105	-5.7374845	5.844945	81.06432	-17.842308	1829.2559	110.24428	7348.186251878738
39	269.24628	306.20105	636.51166	-217.62659	-497.17926	327.21518	-198.12363	-1050.7405	-75.19204	30.86307	8.865519	-100.077385	-176.66853	106.69385	-56.04251	-347.3568	-673.8478	424.73776	-332.49734	-1398.0973	194.05424	317.49008	562.63043	-317.70398	1000.0	1000.0	155999	165.5741	138.48103	1393.5221	57.61639	165.57317	138.48788	1383.3915	50.08126	-5.424136	5.865234	56.82306	-19.196825	1917.3113	124.45341	7560.73347735405
40	-196.46422	633.51855	758.5956	-1377.9003	-456.64398	113.25519	-337.8766	-589.27454	-83.83763	68.19359	0.50700027	-241.07883	-133.89568	17.093876	-110.50242	-152.81268	-590.5397	117.57531	-461.43655	-714.1459	-280.30182	692.6037	759.1026	-1618.979	1000.0	1000.0	159999	165.53505	121.49004	1166.4916	51.17557	165.53348	121.49584	1154.2101	51.743893	-5.340519	5.6147933	54.789925	-19.612991	1915.7601	118.498276	7773.068347454071
41	20.961176	140.21095	374.2251	-169.26717	-498.66357	192.00246	-266.27844	-781.95026	-72.437485	16.055735	-26.538267	-85.065956	-203.73773	44.02821	-171.17381	-279.4867	-702.4013	229.50146	-451.82547	-1061.437	-51.47631	150.99261	347.68683	-237.70421	1000.0	1000.0	163999	161.82477	105.23103	928.40845	45.196255	161.8238	105.23826	921.56714	44.69387	-5.6132393	5.041674	47.993443	-17.524546	1863.9236	102.99156	7998.393486261368
42	-220.50217	174.1343	277.66382	-357.35928	-601.8187	195.58098	-343.041	-857.859	-103.88957	13.975223	-66.957405	-121.48942	-156.8601	52.82568	-94.98769	-240.01883	-758.67883	214.21312	-499.0581	-994.27576	-324.39175	187.75452	210.70642	-478.84872	1000.0	1000.0	167999	157.93118	90.190956	765.15875	44.596455	157.93279	90.19615	767.25323	47.132618	-5.643638	4.9545007	58.991177	-19.235817	1817.0125	90.449715	8235.550358057022
43	-80.565994	234.85431	506.1005	-286.29398	-497.7931	155.24113	-292.9064	-729.934	-100.06164	52.459793	-8.575346	-201.28249	-142.30984	16.682446	-114.87406	-158.87793	-640.1029	158.52905	-436.97998	-881.3478	-180.62764	275.13	497.52518	-409.02936	1000.0	1000.0	171999	153.07549	74.69341	624.9169	52.77216	153.07549	74.69971	632.402	58.295547	-6.08545	4.368563	55.176697	-19.882788	1759.0529	68.4341	8462.053125858307
44	224.92117	215.2774	419.78235	-292.89435	-349.56937	73.50826	-236.62155	-442.4265	-49.09806	33.24949	-14.764483	-128.99605	-137.77026	25.51149	-108.84934	-174.27069	-487.3396	64.06276	-384.84842	-551.2759	175.82309	239.70862	397.98572	-358.92535	1000.0	1000.0	175999	147.76785	59.727867	536.1066	59.789513	147.76663	59.731968	538.479	55.44915	-6.633915	3.7135553	55.75774	-18.464256	1692.279	49.42511	8651.519599437714
45	-0.038485717	72.71508	208.93303	-53.556286	-365.27774	58.523403	-305.8883	-461.857	-60.129417	17.278183	-42.45508	-106.31217	-120.38287	40.840744	-50.9	-154.63829	-485.66064	23.138947	-448.88867	-512.757	-60.1679	58.452484	102.62086	-110.29608	1000.0	1000.0	179999	142.31654	45.20552	433.7001	62.110622	142.31606	45.205795	434.32538	57.66676	-7.101772	3.3806202	59.09508	-19.62611	1629.652	36.02997	8838.867882966995
46	609.1156	196.25783	822.31396	368.78748	-283.39694	30.025541	-238.03786	-310.98425	-31.971653	27.729445	-0.5148922	-74.21284	-121.69844	28.709013	-72.88108	-146.11613	-405.0954	31.20803	-368.78973	-448.02893	577.1439	221.17812	809.94055	323.1598	1000.0	1000.0	183999	136.55528	32.801918	353.76746	63.91092	136.55525	32.801437	350.95593	62.33106	-7.7550955	2.5937607	41.89519	-17.697512	1560.3833	22.497803	9029.20715880394
47	659.3126	75.20338	826.8113	531.8871	-263.92783	75.41646	-163.63725	-362.1122	-26.68034	7.099444	-21.007898	-40.607475	-97.31447	30.906197	-50.289062	-135.84401	-361.24228	62.78584	-258.53754	-412.40128	632.63226	80.67397	804.1185	492.03494	1000.0	1000.0	187999	131.43097	23.585798	282.40826	66.10205	131.4308	23.58849	279.69324	63.983707	-8.21518	1.9948312	33.65661	-18.722103	1495.31	13.977873	9255.190064668655
48	594.8599	73.99314	715.654	511.2365	-170.4536	49.99914	-105.702095	-246.15585	-32.964775	2.1137938	-29.426233	-35.947224	-105.239174	19.091259	-72.51128	-120.571785	-275.69278	56.191635	-220.0875	-366.72763	561.8951	72.430336	679.7068	481.8103	1000.0	1000.0	191999	127.95731	17.660961	224.08942	68.36297	127.95694	17.663763	224.37274	62.52998	-8.435096	1.6912948	16.500927	-18.17658	1456.4413	9.904619	9481.914793491364
49	787.2899	24.052784	831.66956	755.3155	-163.04832	79.1445	-69.51573	-264.94205	-34.631966	2.4279056	-31.159233	-38.98639	-115.13283	4.9812584	-110.030205	-123.3539	-278.18115	81.776184	-183.70844	-388.29596	752.6579	24.78421	800.5103	719.88947	1000.0	1000.0	195999	126.06056	14.675061	187.1445	64.85315	126.06058	14.678052	187.3196	63.525253	-8.468227	1.6044003	10.851009	-19.197067	1432.3953	8.056574	9701.017575979233
50	616.3409	35.49411	699.96936	569.6621	-117.50548	24.882236	-77.211494	-144.2856	-22.885395	1.1015366	-20.642126	-24.905832	-115.49367	19.290487	-95.775795	-138.99173	-232.99915	23.45528	-207.25273	-267.9664	593.45544	35.85502	677.417	544.7563	1000.0	1000.0	199999	125.3519	13.03283	173.00966	66.63721	125.35143	13.03501	168.58557	68.14969	-8.449915	1.5890312	8.986015	-18.50695	1425.2295	6.911171	9911.953006505966
51	824.94836	24.954878	836.8253	750.4845	-79.783875	23.880444	-44.7004	-104.48621	-9.825487	3.2454207	-6.0830197	-18.033478	-117.38074	16.115826	-94.100845	-137.01643	-197.16461	15.698217	-171.13943	-210.83644	815.1228	27.838081	829.26044	732.451	1000.0	1000.0	203999	125.52209	11.836756	165.51463	65.577705	125.52213	11.838892	163.18118	69.26512	-8.422743	1.595088	14.593525	-19.304026	1419.0958	6.25126	10121.927238702774
52	734.7944	65.422	837.64996	632.3262	-65.13935	47.53616	13.054842	-114.5788	-21.921473	6.547221	-11.638119	-31.88716	-111.31088	8.282276	-98.078514	-118.807884	-176.45023	44.995728	-105.753044	-225.10794	712.8729	60.700035	814.995	620.63495	1000.0	1000.0	207999	125.90756	10.964537	161.48984	67.08272	125.90712	10.9674425	161.14355	69.072426	-8.337204	1.624939	9.915947	-19.620663	1422.8308	5.792502	10341.663399934769
53	715.74176	58.425102	802.8786	636.5242	-51.88806	67.847824	3.8320277	-167.12352	-28.84016	3.0266066	-25.155544	-34.96573	-113.80884	12.208327	-101.077194	-133.97011	-165.6969	63.34873	-106.29059	-268.2007	686.90155	60.59534	775.6336	601.5585	1000.0	1000.0	211999	126.48413	10.559239	163.01247	69.18894	126.48403	10.56153	160.99599	70.32661	-8.296486	1.6309881	21.155693	-18.069414	1428.3474	5.542093	10569.894635915756
54	767.3174	15.921616	786.49164	727.7777	2.994897	55.968708	73.750145	-66.540306	-12.688634	2.626164	-8.588193	-17.70074	-117.36934	10.075114	-101.47665	-127.18665	-114.374435	53.60392	-53.436512	-191.34161	754.6287	17.421091	777.58673	710.07697	1000.0	1000.0	215999	127.16967	10.541259	164.04276	71.30219	127.16946	10.544174	162.32407	75.55093	-8.235519	1.6478616	14.321782	-18.797375	1434.8204	5.330584	10797.93580532074
55	853.7996	52.39926	999.70807	808.01636	61.00227	28.610863	106.46372	27.566511	-27.483807	13.381145	7.6992717	-43.17992	-125.83786	11.122446	-115.28492	-143.66374	-64.835594	22.317026	-37.20003	-99.0655	826.3158	65.21171	1007.40735	773.5146	1000.0	1000.0	219999	127.98351	10.622528	163.12367	68.16564	127.98361	10.624138	159.81294	69.90916	-8.165957	1.6815628	31.079206	-20.400364	1450.3943	5.177725	11009.243938922882
56	753.3879	208.9232	948.5327	410.0581	96.1301	89.91215	210.93803	-28.51904	-8.563263	15.067146	7.7455964	-37.45754	-99.46393	10.257327	-86.549034	-109.633026	-3.3338299	80.199295	101.30501	-115.06808	744.8246	223.35422	951.533	372.60056	1000.0	1000.0	223999	128.95345	10.824063	163.80307	66.473404	128.95335	10.825717	163.59282	67.31231	-8.114541	1.697885	21.274168	-19.553387	1456.9331	4.9899783	11217.9386510849
57	801.5916	77.41027	1029.1475	733.59625	82.99372	21.282558	113.72126	60.165283	-5.9080105	6.3344464	8.916148	-14.472097	-103.87906	15.93877	-85.394356	-126.825714	-20.885338	29.57426	28.32691	-49.789124	795.68365	81.917	1038.0636	733.19586	1000.0	1000.0	227999	129.96713	11.205726	164.2823	61.454685	129.96713	11.207687	162.64182	60.684906	-8.06566	1.6958767	19.931974	-20.229706	1471.434	4.9224286	11425.099328041077
58	818.8741	20.917717	849.9964	788.9425	140.39482	13.003162	159.16171	122.515884	-29.225037	5.8133235	-17.373297	-36.931705	-107.74521	7.8626366	-99.15795	-116.68769	32.649605	19.566484	60.00376	8.110433	789.64905	24.943443	828.84644	755.3256	1000.0	1000.0	231999	130.92683	11.497494	165.66684	57.357147	130.92676	11.49907	167.73822	58.78655	-8.032241	1.7117951	21.568792	-18.925148	1474.5618	4.810096	11610.376996994019
59	843.6968	13.06973	861.2725	825.9489	147.80244	12.7153015	167.61884	132.59799	-3.3804164	8.497052	10.41049	-15.491643	-111.362366	7.930641	-99.87469	-122.24284	36.44008	16.423021	55.230232	10.35516	840.3164	13.82377	865.6151	822.66046	1000.0	1000.0	235999	131.82349	11.678364	164.55211	60.264866	131.82343	11.679846	164.56879	59.307926	-7.9886026	1.7150873	31.540827	-19.63407	1485.3263	4.816093	11793.782980442047
60	900.79266	47.400726	1004.0425	837.2689	221.93909	78.490814	347.4212	152.24567	-1.1819491	5.9717445	7.407706	-14.442156	-111.12117	6.3300138	-102.932816	-120.00214	110.81793	73.771996	227.41907	45.37042	899.6107	48.917458	1006.0663	844.6766	1000.0	1000.0	239999	132.73016	11.731415	171.21086	57.59278	132.73022	11.731397	167.3853	60.546703	-7.957612	1.7025839	32.91051	-20.029707	1493.261	4.6795335	11980.969151973724
61	646.068	198.80348	964.8421	347.3434	202.7734	29.606968	227.39629	153.07835	-4.7021227	7.9865336	11.512116	-14.185481	-98.54744	14.374971	-82.36675	-121.498535	104.22596	42.13306	134.97928	31.579819	641.36584	206.1265	976.35425	333.15793	1000.0	1000.0	243999	133.69118	11.5807	167.2108	61.05194	133.69125	11.58174	166.26361	60.673965	-7.931252	1.6873206	24.327137	-18.947691	1500.1338	4.6548824	12161.72468495369
62	801.8148	174.11038	1040.0547	518.20123	226.69804	48.242958	284.38007	176.23062	-3.5828679	11.357168	11.779875	-25.56699	-102.51033	7.5765963	-90.87158	-111.993095	124.18771	50.89677	193.5085	73.61998	798.232	182.72476	1037.692	500.58823	1000.0	1000.0	247999	134.34973	11.937633	168.56201	56.48484	134.34975	11.939018	172.12411	56.497353	-7.8865232	1.707664	31.291271	-18.243668	1501.6677	4.6195054	12343.136608839035
63	927.8788	6.2719955	939.42096	920.2349	210.33012	37.738514	258.29218	152.47716	-13.165649	1.9410377	-8.314165	-16.13944	-94.614655	6.123397	-84.70172	-100.7127	115.71547	43.19009	173.59045	51.764454	914.7132	7.0782943	925.6131	905.893	1000.0	1000.0	251999	135.30547	11.891669	175.78938	56.25879	135.30559	11.8925495	173.64943	55.848366	-7.8686175	1.7070092	29.86221	-23.609419	1506.815	4.4937778	12526.250787258148
64	942.7113	37.27817	1016.2128	900.80664	235.86877	30.311861	267.13293	189.84027	3.666472	3.0150359	8.76289	-0.2733461	-94.327515	22.022816	-57.966076	-117.116295	141.54126	49.184364	209.16684	72.72398	946.3778	37.95704	1024.9757	903.80286	1000.0	1000.0	255999	136.08176	11.995707	180.33401	54.630814	136.08168	11.996389	176.16411	53.438587	-7.847192	1.7030418	29.203133	-18.706314	1517.0251	4.5903225	12711.0674533844
65	862.188	103.04225	1007.13495	759.4475	252.77791	30.234102	293.54425	216.65956	-5.787643	3.2886767	1.2799823	-11.361091	-95.87433	11.84174	-84.66025	-115.80267	156.90358	40.372654	208.88402	100.85689	856.4004	105.356995	1003.87946	753.72876	1000.0	1000.0	259999	136.89368	11.979182	182.1268	53.863686	136.89381	11.979858	177.86015	55.011925	-7.7698994	1.7412364	38.970966	-19.206442	1523.465	4.5611463	12897.505633354187
66	825.8677	26.736908	857.135	780.7934	253.61853	21.75731	283.4833	222.31541	-11.786805	2.0953088	-7.5040865	-15.28788	-93.058044	12.28711	-75.86766	-105.546814	160.5605	13.934315	177.93648	146.44775	814.08093	27.364847	845.0751	767.57477	1000.0	1000.0	263999	137.75687	11.8511	180.29146	57.003277	137.75696	11.852203	178.90868	56.8408	-7.758935	1.7587398	39.020126	-18.166962	1531.1918	4.41991	13082.366715431213
67	822.56964	40.997566	927.3009	777.7381	277.61823	51.154083	358.80637	223.24036	-15.48779	2.9016144	-10.458485	-20.223825	-90.02478	7.444156	-83.58487	-102.611244	187.59344	44.171677	256.19513	137.48889	807.0818	42.026817	913.5922	762.2612	1000.0	1000.0	267999	138.53108	11.707004	174.55821	55.367603	138.53117	11.707136	174.93901	53.59357	-7.7624826	1.7339885	59.586437	-21.804354	1537.5065	4.433401	13273.974569320679
68	734.5238	94.17549	922.43964	625.279	276.66992	18.368109	303.78778	256.12906	-11.003008	3.3196719	-6.0888114	-16.149393	-88.80997	6.7084565	-80.70427	-98.19329	187.85994	21.636229	223.08351	164.39082	723.52075	95.209435	915.5159	619.1902	1000.0	1000.0	271999	139.27814	11.505683	181.00894	55.45805	139.27818	11.506889	182.01576	55.002785	-7.6944413	1.7571526	33.012703	-20.583597	1550.8958	4.4096622	13467.913851976395
69	888.84863	57.98163	1029.9993	823.7022	285.35275	57.253773	377.11392	226.12708	-14.120603	6.3045306	2.6279159	-19.910534	-106.21512	13.005558	-88.87177	-124.96794	179.13763	66.641136	288.24216	124.017044	874.728	61.87518	1032.6272	815.0951	1000.0	1000.0	275999	140.08038	11.546401	179.47427	57.055767	140.08034	11.547263	182.30602	54.051243	-7.690578	1.759342	36.556076	-19.543621	1558.5929	4.4912744	13662.798576831818
70	982.555	76.01586	1117.5938	859.2221	242.8208	20.538996	267.05667	210.21585	9.814764	3.543597	14.859851	4.293399	-102.27113	10.276751	-92.30683	-118.94209	140.54967	29.944288	171.51144	91.27376	992.36975	78.63657	1128.5338	863.5155	1000.0	1000.0	279999	140.71873	11.593915	183.52682	56.524326	140.71864	11.595246	183.59315	55.640705	-7.661895	1.774172	26.203709	-17.903376	1559.9769	4.5238113	13859.067975997925
71	926.4376	33.16901	1007.94403	870.5498	307.4299	26.682608	337.88745	275.1546	-6.535197	4.160228	0.14376439	-11.837436	-89.45671	5.783942	-79.85019	-95.246216	217.97319	29.852144	249.42699	184.39253	919.90234	35.67496	1005.935	858.71234	1000.0	1000.0	283999	141.45592	11.230902	186.05823	60.1578	141.45598	11.231565	184.40056	60.625458	-7.6511025	1.7644548	27.648743	-19.120924	1566.254	4.3994975	14053.671097278595
72	907.779	31.714752	972.8884	853.6787	284.63693	29.90919	311.4194	238.57205	-29.908154	4.4160285	-23.515095	-36.792984	-81.4647	11.6304455	-63.93303	-94.219406	203.17224	24.97887	221.59439	160.1786	877.8708	29.712471	943.6951	829.928	1000.0	1000.0	287999	142.09702	10.959421	185.77446	64.95129	142.09697	10.961579	188.24881	64.45973	-7.6325936	1.7948877	29.38736	-18.67839	1574.1825	4.3770247	14248.931849956512
73	938.1582	102.160995	1022.88	768.8751	315.89243	29.107792	355.5971	277.50745	2.8062415	7.272136	13.9812765	-8.736589	-76.95265	7.146093	-66.11191	-86.17949	238.93977	22.643572	269.4176	211.39555	940.96436	102.922844	1030.0286	761.7123	1000.0	1000.0	291999	142.6606	10.983325	185.5747	64.56619	142.6606	10.985114	187.39998	63.63763	-7.676478	1.7312113	23.588251	-20.010979	1584.6093	4.3093762	14437.545852661133
74	1049.2881	73.780266	1188.9696	953.91394	258.0059	46.718132	304.45233	202.49547	-2.9374917	8.085707	6.326481	-14.863005	-91.29213	16.570965	-78.53992	-119.65819	166.71375	37.376774	218.81783	123.95556	1046.3508	74.534775	1183.4536	941.1487	1000.0	1000.0	295999	142.98924	11.191424	184.57312	63.64544	142.98898	11.194379	187.37224	59.757565	-7.6359105	1.7461997	26.163185	-18.96352	1594.0172	4.3552127	14621.490587949753
75	1071.5543	44.793125	1174.6368	1022.3641	352.5089	29.923073	383.99677	303.20078	1.1260848	4.7411227	8.450549	-5.963241	-86.63623	15.024831	-61.794918	-102.09233	265.87268	39.1303	299.58328	201.10844	1072.6804	41.611412	1168.6736	1025.3263	1000.0	1000.0	299999	143.4276	11.218823	187.59161	63.7814	143.42752	11.219654	188.81215	63.851917	-7.6181846	1.7619997	37.090363	-18.826134	1587.1608	4.3423	14805.726552963257
76	930.5919	16.540173	958.2216	910.37146	349.52426	62.20439	451.68814	291.558	-9.178287	5.0686803	3.4451017	-15.304338	-87.00086	5.3898764	-78.90283	-94.067955	262.5234	65.93218	372.7853	204.3153	921.4137	19.137646	961.66675	895.06714	1000.0	1000.0	303999	144.02078	11.148568	185.24986	66.017586	144.02094	11.149363	181.58679	64.06879	-7.5551896	1.7711662	27.654896	-19.94536	1585.4878	4.3791614	14989.422587394714
77	975.2905	58.571774	1089.2955	883.35126	344.48108	51.89672	427.7528	296.09662	-9.876902	13.135867	11.495008	-29.948627	-83.52916	17.17705	-63.700756	-106.724014	260.9519	57.61596	356.93802	203.21957	965.4136	70.55245	1100.7905	862.3487	1000.0	1000.0	307999	144.50064	11.190695	185.62254	63.46036	144.50053	11.192417	186.753	63.622704	-7.583666	1.7749385	26.19354	-19.464144	1582.3617	4.4370146	15171.015856981277
78	851.3372	77.534515	999.2482	788.9593	383.9942	109.524284	534.0324	266.68723	-3.4693184	8.259974	8.793095	-19.648813	-96.06814	11.831663	-84.229965	-113.04536	287.92606	105.07379	420.98706	165.4951	847.86786	82.80491	1008.0413	785.37054	1000.0	1000.0	311999	144.81937	11.045459	189.7818	62.59745	144.81944	11.046465	185.93251	59.539837	-7.5750093	1.7919462	33.84292	-18.069332	1590.1012	4.4360495	15353.093628644943
79	879.7731	115.910324	1024.2612	657.85596	340.86752	58.90894	437.51584	287.1311	-6.551164	10.053603	6.7865357	-32.341553	-94.18521	11.854351	-79.09326	-112.3133	246.68228	60.067192	344.1074	187.96925	873.22186	118.88508	1024.941	650.4101	1000.0	1000.0	315999	145.06665	11.05241	189.6062	62.370327	145.06667	11.052935	191.05472	61.090748	-7.6149473	1.7419405	20.544563	-18.870304	1590.1041	4.370397	15536.849744796753
80	987.38446	95.043434	1071.1235	783.4408	281.29306	56.70459	334.06165	191.25801	-10.526392	11.280585	2.0141728	-29.90075	-83.24707	6.361223	-76.78825	-93.815636	198.046	58.231747	252.82127	110.11401	976.8581	103.67369	1058.3429	753.54004	1000.0	1000.0	319999	145.1979	11.1070385	189.5305	64.05136	145.19798	11.108043	190.48405	62.218628	-7.568595	1.7496407	24.145378	-19.6446	1590.2227	4.3972297	15753.008528709412
81	819.63	75.507324	1009.6731	716.54016	344.60764	32.402554	385.6951	308.86594	-16.566198	10.0786915	8.576907	-35.03979	-79.87071	12.546512	-59.543514	-91.403046	264.7369	32.27412	306.15955	217.46289	803.0638	82.90751	1018.25	699.55096	1000.0	1000.0	323999	145.63239	10.851491	195.35092	64.451004	145.63216	10.852471	193.4904	63.683006	-7.5798273	1.763085	40.82284	-19.051987	1590.3275	4.3879976	15966.122374296188
82	853.34296	66.22572	1045.6844	793.94305	399.43677	45.65373	460.95874	333.6873	0.4190885	5.883358	12.589834	-7.7873178	-93.69733	15.67977	-66.99417	-105.91693	305.73947	49.724037	355.0418	229.90591	853.7621	69.5058	1058.2743	802.42914	1000.0	1000.0	327999	145.93706	10.98133	199.19217	63.173035	145.93706	10.982881	195.78267	65.667175	-7.5456133	1.767315	24.18787	-19.722923	1596.1462	4.37079	16178.023868322372
83	944.53577	106.49282	1054.2607	752.3201	316.0456	35.943527	362.76447	268.02814	-21.56371	11.194149	0.4801418	-32.257214	-71.00737	20.004873	-51.18233	-102.31907	245.03821	28.72229	283.93228	211.74612	922.972	114.08734	1048.7876	721.7594	1000.0	1000.0	331999	146.25383	11.073156	211.15694	63.18383	146.25372	11.074906	205.45575	62.60112	-7.52649	1.7629455	22.469227	-19.714163	1596.6312	4.3513975	16391.267038822174
84	856.5117	62.910046	1029.4718	778.4669	345.17874	44.333187	392.09595	283.42868	-4.011645	5.440151	11.343487	-8.359676	-78.94409	6.1100755	-71.468285	-88.48503	266.23465	43.370846	310.60083	205.14134	852.5	67.81516	1040.8153	771.1754	1000.0	1000.0	335999	146.63487	11.016824	208.15894	62.842167	146.63492	11.017719	211.12682	63.25398	-7.511813	1.7923408	20.149288	-19.090652	1589.7095	4.340252	16604.4108774662
85	939.9165	108.95783	1037.5311	775.7535	333.07394	46.32692	410.64407	288.45703	-6.838277	11.539212	6.7319345	-25.820585	-67.61645	16.416464	-40.54377	-84.49115	265.4575	42.245922	326.15292	213.70242	933.0783	116.34636	1040.834	762.1749	1000.0	1000.0	339999	147.0577	11.080515	210.92969	63.736633	147.05768	11.082007	213.4762	61.93662	-7.5434413	1.8008027	30.179659	-19.296701	1597.8982	4.396817	16806.435760736465
86	1034.2649	58.51318	1111.022	894.30023	356.21054	45.45408	416.80356	302.59323	-7.4124765	11.45321	2.093068	-39.485962	-79.15609	11.757766	-66.15619	-97.63268	277.05444	49.691696	336.6709	225.98985	1026.8524	65.81066	1101.4176	854.8143	1000.0	1000.0	343999	147.31844	11.143528	212.49106	58.15172	147.31834	11.144396	217.21611	60.025063	-7.508684	1.8107879	32.298424	-19.183062	1597.3446	4.353277	16992.04820561409
87	1026.2416	47.231514	1098.1957	927.1266	376.6684	65.49014	470.48077	291.97006	2.15368	7.1454186	11.278862	-10.321958	-83.07487	11.888134	-70.36628	-98.1581	293.5935	62.781826	379.27982	219.39594	1028.3953	51.064037	1096.5922	916.8046	1000.0	1000.0	347999	147.65376	11.228742	224.33188	61.124043	147.65372	11.230262	221.6914	62.914833	-7.5298886	1.7936244	38.784103	-19.53514	1610.1943	4.2835393	17175.72717356682
88	1014.2472	41.702045	1073.4423	919.1486	354.42004	38.158443	403.29782	300.0035	0.34857053	5.307385	10.869156	-10.820993	-78.21984	14.214779	-61.41191	-97.4887	276.2002	52.2336	341.8859	202.5148	1014.5958	43.889423	1084.3114	918.7896	1000.0	1000.0	351999	148.0203	11.096164	205.1861	62.304367	148.02023	11.09864	203.22589	62.686546	-7.516965	1.7767627	29.124504	-20.148426	1618.3065	4.2521753	17358.81040596962
89	1039.9993	60.641724	1142.242	899.3731	379.3668	73.56181	479.53513	307.03976	0.9413454	3.3645716	5.7509036	-6.180877	-75.44307	16.899633	-62.910587	-104.551346	303.9237	83.773155	411.8066	206.15494	1040.9407	61.035362	1147.5432	900.1456	1000.0	1000.0	355999	148.36462	11.196538	202.76031	62.025486	148.36479	11.198083	207.32648	61.020443	-7.4890785	1.8092046	27.541367	-19.826286	1626.0933	4.2932916	17536.16558074951
90	980.069	51.49466	1047.4323	906.9787	317.13983	52.77184	404.26935	262.1597	3.820734	5.599257	9.541232	-7.5789447	-74.12474	3.3499258	-69.45137	-78.67022	243.0151	55.26321	334.818	186.88058	983.8898	54.261314	1052.3851	907.0037	1000.0	1000.0	359999	148.72784	11.168952	202.6076	64.111824	148.72768	11.169411	205.87828	63.43951	-7.4870706	1.8029251	27.886679	-18.442472	1630.3975	4.416205	17717.45747756958
91	953.3304	71.66912	1060.7578	847.5466	351.59253	19.616833	372.86124	319.6365	-6.7407546	4.219501	0.19658381	-11.448275	-70.902245	18.387669	-45.26821	-96.39531	280.6903	30.059643	313.7447	243.89853	946.58966	75.12147	1057.2191	836.0983	1000.0	1000.0	363999	148.93478	11.0295105	199.0664	65.82854	148.93478	11.030653	198.91682	65.76616	-7.50376	1.8043447	23.28204	-20.305206	1627.6624	4.29084	17897.1897854805
92	1001.3693	54.474133	1073.6869	865.6414	355.47314	113.15562	544.33856	245.51318	-1.1100086	6.791937	8.871249	-10.85408	-61.820885	22.142872	-29.898802	-85.508606	293.65225	102.92212	458.82996	192.7508	1000.2593	60.17449	1082.5581	854.888	1000.0	1000.0	367999	149.27528	10.844841	200.71617	65.60035	149.2753	10.846346	200.89717	65.63218	-7.497238	1.8077177	23.615261	-18.710594	1632.2626	4.311127	18101.815468788147
93	1057.7208	75.02513	1192.221	921.192	343.5604	77.24843	469.74207	262.183	-2.425177	8.382178	8.997309	-15.507621	-78.91914	17.833471	-48.382595	-93.10832	264.64127	65.660706	376.63376	213.80043	1055.2957	74.73055	1193.8525	906.09216	1000.0	1000.0	371999	149.39372	10.860567	204.2222	64.3666	149.39384	10.862071	202.9115	65.13671	-7.4809065	1.828496	25.876688	-20.521595	1635.305	4.4652576	18310.185451745987
94	1012.16956	44.937557	1089.3279	935.2659	383.3644	64.45659	494.04935	333.78772	4.25725	4.8924937	13.149301	-1.0371633	-77.421524	7.1727886	-66.417435	-86.174835	305.9429	64.44663	417.1686	262.02585	1016.42676	48.221783	1102.4772	937.5818	1000.0	1000.0	375999	149.54108	11.119151	223.02736	60.826134	149.54108	11.120507	207.51585	61.85854	-7.4443455	1.8547859	37.2888	-17.937563	1629.797	4.475213	18517.100533008575
95	886.14905	155.35333	1095.7361	661.3841	398.67578	55.754883	465.169	321.10712	-15.677928	22.407331	27.029173	-52.249416	-60.535927	18.54574	-35.246586	-87.633766	338.13983	53.469322	405.15076	285.47632	870.47107	165.93752	1088.5256	641.42633	1000.0	1000.0	379999	149.71689	11.285124	214.51614	58.03722	149.71689	11.286471	215.9779	59.85853	-7.4388504	1.84296	44.42884	-19.94272	1625.3163	4.3931828	18696.94952440262
96	965.8688	98.95628	1128.5914	789.3672	344.8774	44.60247	419.73038	307.5112	-0.18153839	11.589702	14.164691	-30.237743	-84.13572	15.386526	-66.4368	-104.20447	260.7417	31.979853	315.5259	235.24135	965.6873	108.82636	1134.3696	759.12946	1000.0	1000.0	383999	149.88153	11.250916	222.76932	57.720795	149.8815	11.251536	212.4981	58.5983	-7.452859	1.8207345	38.18977	-18.68934	1628.9293	4.3699193	18877.87601542473
97	1058.6753	46.47374	1186.615	1017.9735	357.114	41.037228	408.6221	311.55032	1.379414	3.4693902	5.804608	-4.1056213	-56.86802	5.0996594	-50.787987	-64.914856	300.246	41.409237	357.8341	255.23352	1060.0547	45.342793	1183.3685	1016.8145	1000.0	1000.0	387999	150.11646	11.129254	217.44371	57.70544	150.1164	11.129942	217.57527	58.99313	-7.4239564	1.8405379	25.363655	-19.211082	1628.8777	4.3283367	19058.010053873062
98	1002.8978	96.90266	1142.1703	823.71783	434.61774	88.1376	529.8725	303.8487	-2.1297443	12.929436	7.91271	-27.447083	-56.27543	4.632713	-48.753723	-61.409573	378.3423	90.0248	472.22668	246.55612	1000.7682	107.667015	1139.467	796.27075	1000.0	1000.0	391999	150.39973	10.990111	223.85155	60.00742	150.3998	10.99063	215.96574	61.566048	-7.466165	1.8234928	28.182613	-18.688942	1625.083	4.3248086	19240.41454100609
99	1042.3241	30.568785	1083.797	983.8764	321.58856	21.052904	350.75467	291.5332	2.499755	4.203744	12.496205	-2.8539164	-70.906944	10.118679	-53.60946	-78.59605	250.68163	30.107035	297.1452	212.93715	1044.824	29.975151	1084.8923	987.4861	1000.0	1000.0	395999	150.62262	10.936048	204.9825	58.090294	150.62253	10.938513	209.20967	60.22284	-7.4950933	1.8136449	31.19506	-21.721409	1630.6566	4.3875937	19422.55769920349
100	1036.2189	94.49482	1163.4708	806.9489	330.37802	23.35712	357.77246	306.94598	-6.5611773	8.680731	2.7675543	-21.404667	-72.36639	14.516601	-48.73155	-85.81114	258.01166	31.539175	300.58008	221.67096	1029.6575	97.367134	1161.6455	785.54425	1000.0	1000.0	399999	150.86095	10.84256	202.96933	59.30643	150.86105	10.843829	202.38715	60.06113	-7.4420676	1.8324783	20.801296	-20.309685	1636.2393	4.3979383	19605.782955884933
101	930.5338	117.51375	1070.7075	674.0275	329.14056	14.93756	351.20676	309.10782	-16.796673	17.2431	7.7734714	-37.60127	-71.80263	6.636169	-63.479034	-79.98962	257.33795	14.759277	271.21713	232.7739	913.7371	131.96843	1078.481	640.5182	1000.0	1000.0	403999	151.11314	10.781848	216.14784	60.34674	151.11295	10.783597	209.4364	60.58255	-7.452115	1.8253793	29.912981	-17.53654	1635.4695	4.3752317	19801.377301454544
102	991.43	102.858795	1124.4548	834.6603	346.18732	39.792282	395.19937	285.22375	0.47336084	7.6999536	11.294527	-13.257855	-55.4767	12.044968	-43.560814	-72.42769	290.7106	39.687122	351.63858	240.58098	991.90344	109.64664	1129.2969	823.64594	1000.0	1000.0	407999	151.32204	10.746349	224.24553	58.600826	151.322	10.74715	209.76215	57.626293	-7.4294443	1.8499866	29.144726	-19.409603	1631.0432	4.3618426	20017.127831220627
103	1024.3619	66.73231	1100.6962	882.0562	403.37643	58.409435	481.9573	334.35757	4.284204	10.79178	17.460312	-22.220127	-55.588745	19.252007	-24.98324	-75.792	347.78772	46.135433	406.1653	280.0325	1028.6461	76.00706	1110.454	873.8946	1000.0	1000.0	411999	151.49094	10.713613	214.33615	55.905975	151.49107	10.713996	207.16574	56.246983	-7.460211	1.8145984	20.982283	-18.480684	1631.4983	4.2747216	20232.256345272064
104	1032.1077	129.38846	1176.9849	671.3489	372.56714	57.151234	432.9265	312.08075	5.9691024	11.031195	20.551285	-22.880419	-54.25515	12.033135	-42.23876	-72.35014	318.31195	46.81585	375.04404	269.84198	1038.0769	137.85236	1182.4672	648.4685	1000.0	1000.0	415999	151.71681	10.591329	209.87735	56.620056	151.7169	10.591103	207.56581	56.715073	-7.436198	1.819919	21.880129	-18.980137	1633.0613	4.2848673	20443.492109775543
105	1066.5681	72.34285	1145.4048	867.5644	375.59283	95.714264	539.4588	300.15506	3.114573	4.824655	9.1287365	-7.8561697	-62.259407	21.754633	-46.544044	-99.76975	313.33344	107.11345	488.97635	200.3853	1069.6826	74.96082	1143.5352	859.7082	1000.0	1000.0	419999	151.87051	10.723917	207.48636	55.967133	151.8704	10.7256975	207.6354	55.697796	-7.4494705	1.8135653	33.254517	-19.013588	1622.4237	4.2488985	20652.8658618927
106	930.62805	130.38568	1052.8224	712.7617	330.12964	54.197716	418.24918	270.95895	2.861398	10.239508	18.070284	-17.506363	-54.04209	4.9812126	-45.92986	-59.094486	276.08755	52.342678	359.1547	216.65848	933.48944	138.9728	1061.1547	707.22375	1000.0	1000.0	423999	152.07542	10.48053	202.53299	59.14556	152.0754	10.481785	202.91847	60.05015	-7.462694	1.8059746	23.939846	-20.888285	1619.3728	4.294605	20861.226949691772
107	1040.2332	31.53253	1090.9695	979.8002	343.79724	19.523163	364.4459	317.96848	3.8995163	3.4667947	8.895784	-4.2009935	-57.546974	21.791142	-29.6369	-89.79971	286.25024	16.486048	303.12152	268.54156	1044.1327	29.730722	1086.7684	984.494	1000.0	1000.0	427999	152.18582	10.553587	205.31818	57.638046	152.18594	10.554219	208.0424	58.48906	-7.4405413	1.8371764	30.659964	-21.000496	1617.7572	4.3476424	21051.550666809082
108	1101.1224	68.609184	1283.4622	1031.7374	368.3078	79.02697	468.10925	284.46393	4.5882077	3.2667086	9.171742	-1.2548857	-60.367073	7.0640073	-48.572773	-66.89388	307.94073	76.13103	403.69022	230.7311	1105.7106	68.179276	1286.5127	1032.4159	1000.0	1000.0	431999	152.38882	10.335975	207.55287	57.14078	152.38892	10.336108	206.87927	59.408348	-7.442635	1.83956	28.605461	-19.393667	1614.0347	4.3101206	21237.454566955566
109	948.641	101.82521	1079.7902	783.4097	378.7314	66.97862	469.31522	308.84103	-0.65049857	10.442903	12.474251	-17.377243	-70.14696	15.687913	-52.09723	-87.931366	308.58444	64.073326	381.38385	225.47842	947.9904	111.631065	1085.9869	772.48236	1000.0	1000.0	435999	152.50607	10.419032	200.7011	56.828186	152.5061	10.421736	202.71002	57.45209	-7.4429693	1.8487622	25.65071	-20.93899	1616.3163	4.2665763	21422.488672733307
110	1028.7932	50.57592	1107.63	909.828	354.58344	16.79437	378.49164	331.00186	6.562661	8.229902	13.14891	-16.68818	-32.42283	9.513748	-22.225527	-45.998096	322.1606	25.632774	356.2661	285.00375	1035.3558	56.663494	1112.6475	893.13983	1000.0	1000.0	439999	152.63014	10.285378	201.92332	55.72597	152.6301	10.286239	204.38799	54.788254	-7.464603	1.8286936	29.998642	-18.995316	1605.938	4.150498	21617.233263254166
111	989.1502	190.02882	1405.9153	717.6069	325.75726	43.748993	401.22934	294.73703	-12.456859	15.017578	6.1232276	-38.748676	-47.86581	23.011732	-16.892385	-81.8408	277.89142	25.450695	319.38852	254.94398	976.6935	198.76874	1388.041	682.68555	1000.0	1000.0	443999	152.75607	10.278188	206.74997	54.627132	152.7561	10.279063	206.03282	56.831726	-7.450462	1.8148211	26.93378	-21.269197	1608.0947	4.221672	21826.169899702072
112	1055.3801	57.510746	1175.5682	977.1593	323.01627	41.753853	383.8459	272.69165	6.124933	2.5597827	10.228705	1.4566839	-49.194748	11.774567	-33.651794	-66.34665	273.8215	38.37823	317.49924	221.34366	1061.5049	56.870422	1180.3494	987.388	1000.0	1000.0	447999	152.90567	10.485337	205.7403	50.271107	152.90561	10.486099	206.72836	53.291466	-7.435205	1.8540429	39.13896	-20.257132	1611.462	4.210922	22035.868361473083
113	1036.0204	62.401123	1112.4265	880.87476	340.83832	33.28073	393.40186	304.60263	5.183672	5.607562	10.280209	-9.353203	-43.99863	16.723505	-28.168346	-72.11615	296.83972	47.677826	365.2335	232.48648	1041.2041	66.88407	1122.7067	871.52155	1000.0	1000.0	451999	153.16443	10.494274	202.89334	51.37774	153.16449	10.494869	205.42252	50.999104	-7.4093294	1.8676338	36.31909	-25.64063	1608.617	4.2760653	22252.507780313492
114	967.8122	139.06128	1126.0503	642.2221	415.3994	100.71487	554.0746	280.3322	-4.1530848	7.3102765	4.6903276	-16.164251	-54.948067	18.822647	-31.891777	-82.2399	360.45135	93.42588	471.8347	219.38524	963.6592	142.97357	1113.9158	626.0578	1000.0	1000.0	455999	153.22853	10.523146	203.79968	55.407173	153.2284	10.52416	206.80893	56.239067	-7.449279	1.8089981	22.131191	-20.090424	1607.467	4.189948	22472.6397254467
115	1048.5779	31.827976	1139.6476	1024.523	363.01212	86.9825	505.44003	272.22702	6.2706347	8.443143	18.340124	-16.596378	-56.574615	21.5558	-37.143707	-90.87177	306.4375	104.49452	468.29633	181.35524	1054.8486	32.357	1146.5299	1031.4362	1000.0	1000.0	459999	153.33904	10.593372	206.66197	54.150642	153.33939	10.593669	206.87144	54.198093	-7.431779	1.8257853	25.657576	-20.996212	1604.5983	4.2008057	22693.956389904022
116	910.4811	161.15527	1080.7279	689.0757	332.38547	7.376634	343.25208	322.85678	2.980605	8.074573	16.290337	-11.090628	-47.681793	16.799767	-23.635315	-70.729225	284.70367	21.084873	319.61676	262.97287	913.46173	167.99934	1091.8192	680.7679	1000.0	1000.0	463999	153.4975	10.733878	207.95476	53.10281	153.49756	10.73501	208.22508	52.244198	-7.425814	1.819861	28.47197	-20.28072	1608.7152	4.176374	22913.571853160858
117	1054.0856	29.452309	1098.2825	984.6001	353.05856	65.70479	438.0029	268.8316	4.7946725	2.7289042	10.421028	0.8023721	-50.971313	8.894828	-40.407967	-64.742775	302.08728	66.57962	397.59494	221.71028	1058.8801	29.840277	1102.2402	988.7891	1000.0	1000.0	467999	153.62238	10.956481	209.39027	52.512646	153.62239	10.957057	209.75423	53.190365	-7.444649	1.8214176	29.408854	-19.51247	1599.964	4.2535915	23131.982607364655
118	1074.7291	41.388294	1150.4889	1015.9531	355.16858	45.266766	416.7309	305.09454	6.4051566	2.2871957	10.274968	1.9791981	-40.605064	16.349125	-18.659082	-59.397278	314.56348	31.523363	363.83844	286.4355	1081.134	41.04465	1158.4303	1022.88837	1000.0	1000.0	471999	153.81866	10.844203	206.82439	52.465286	153.81868	10.846015	208.01604	53.664394	-7.4399567	1.819317	29.134037	-18.703493	1593.4335	4.185277	23345.631057977676
119	1000.5461	113.29015	1128.2678	757.12573	398.0174	107.54438	569.8356	293.27817	0.44601202	7.373415	8.129362	-15.286992	-40.489605	10.774187	-25.53641	-52.991013	357.52777	105.54741	521.7387	240.28716	1000.9922	119.311295	1132.6353	746.4303	1000.0	1000.0	475999	153.94205	10.920563	206.3963	52.88012	153.94206	10.922195	208.07004	53.144337	-7.442708	1.8247638	41.49736	-21.058092	1595.1615	4.1274996	23523.76044368744
120	1021.74054	87.554276	1096.167	769.8008	367.0089	33.82343	402.84564	330.90018	13.753012	13.839518	51.912395	2.641483	-62.547676	11.926472	-43.785275	-76.85706	304.46124	34.24558	337.008	254.0431	1035.4935	90.41857	1099.9397	772.44226	1000.0	1000.0	479999	154.08513	10.846186	208.35643	53.09327	154.08504	10.847285	209.23492	52.586765	-7.4251137	1.8280257	36.704163	-19.035522	1606.789	4.1305466	23702.70639538765
121	1055.66	96.54966	1177.4552	798.2343	421.03278	139.48997	659.5347	320.54614	3.6071434	9.365919	12.405392	-22.62218	-50.784187	13.738827	-28.429405	-64.55207	370.2486	133.7135	600.6582	275.0077	1059.2671	104.2466	1183.9485	775.6122	1000.0	1000.0	483999	154.21089	11.060947	207.54659	50.892193	154.2109	11.062476	209.54019	51.014103	-7.3895564	1.8639427	41.812424	-18.986279	1612.8711	4.2502894	23883.94309425354
122	1032.3484	98.93514	1135.9408	782.787	364.1396	48.71201	425.31058	305.9506	1.0176299	11.898117	9.32445	-28.318184	-49.04209	21.241034	-20.519318	-79.31602	315.09747	57.62428	383.19113	226.63457	1033.3662	110.09019	1141.6593	754.4688	1000.0	1000.0	487999	154.40637	10.979595	210.47285	53.24826	154.40636	10.980409	211.5814	53.94666	-7.4125614	1.8422712	31.70708	-18.694319	1608.5094	4.2403493	24075.418695926666
123	961.11816	154.8402	1098.1212	647.8689	450.45474	109.88152	626.2447	333.79144	-12.005384	19.181087	5.221952	-47.939285	-55.993134	16.995377	-35.558567	-73.78403	394.46167	107.86263	554.4765	260.00742	949.1128	161.57245	1096.9359	628.2541	1000.0	1000.0	491999	154.51569	10.741331	210.03316	56.619568	154.51569	10.743562	210.21161	56.434147	-7.39099	1.8547877	33.341045	-20.357162	1598.2335	4.2281933	24270.682619571686
124	1094.3641	50.077328	1188.3011	1021.0927	384.1566	38.115562	433.97693	329.76587	6.81708	1.9436315	9.609514	4.105834	-52.0629	12.659534	-32.816074	-68.38175	332.0937	30.601717	380.55865	296.9498	1101.1813	49.97326	1197.5769	1029.9727	1000.0	1000.0	495999	154.6572	10.444801	209.59618	59.206585	154.65721	10.445886	208.28178	59.66454	-7.406478	1.8488437	22.792473	-18.834337	1599.9415	4.1959987	24462.392936229706
125	1017.9336	78.97198	1122.3451	805.56934	460.29193	143.16574	660.5794	311.67487	-1.8281062	15.363116	18.62179	-31.752565	-34.681793	15.275647	-24.761908	-61.10993	425.61014	140.2997	635.81744	284.87988	1016.10535	89.399025	1118.1886	776.12683	1000.0	1000.0	499999	154.80392	10.536833	212.8191	54.960953	154.80386	10.537642	211.55545	56.32737	-7.416562	1.8651437	34.726425	-19.483704	1592.9432	4.2396617	24653.23134469986
126	1030.0134	79.117256	1154.1287	826.03424	374.30573	28.24304	396.82626	326.20395	-0.3478133	6.022079	6.0750117	-12.091383	-43.196552	26.898691	-3.7137096	-77.295395	331.10916	17.243614	359.827	314.41193	1029.6654	83.35646	1157.794	814.5726	1000.0	1000.0	503999	154.9525	10.391024	209.82578	56.924286	154.95267	10.392097	209.09386	58.070038	-7.4212475	1.8392444	41.026894	-20.542717	1606.2942	4.22107	24843.30487561226
127	1032.3533	41.37228	1099.6613	931.4298	357.8728	50.211662	442.28537	310.85986	6.8715773	12.287986	17.617258	-26.504543	-52.22538	13.336105	-34.366806	-70.36208	305.6474	61.296246	407.91858	253.13884	1039.225	50.953857	1100.5945	904.92523	1000.0	1000.0	507999	155.11584	10.300673	203.80421	57.408554	155.11565	10.302488	208.36926	55.67828	-7.3792486	1.842997	52.001846	-18.985653	1610.6785	4.1146245	25037.097733020782
128	953.2791	152.2032	1240.6615	733.97565	375.045	60.224346	460.95218	304.51843	-11.648793	16.486786	12.7309475	-32.959373	-42.10369	14.420272	-22.472942	-61.27141	332.94135	57.581463	412.33597	274.18063	941.6304	166.08267	1241.3231	707.62866	1000.0	1000.0	511999	155.20953	10.448305	208.00595	53.860786	155.20949	10.44986	211.72418	54.001858	-7.3987656	1.851964	35.055634	-20.844835	1603.809	4.215297	25235.04472732544
129	1050.0714	26.960966	1114.475	1018.1316	347.92212	9.513525	362.16412	338.914	9.249235	3.467134	17.275772	5.4409666	-67.93685	22.266289	-31.8693	-89.99481	279.98532	17.047007	307.0447	260.98282	1059.3206	27.464258	1121.7155	1024.738	1000.0	1000.0	515999	155.349	10.272002	204.37242	55.02956	155.349	10.273909	206.2089	55.026512	-7.415611	1.8448843	39.041267	-18.725117	1602.5422	4.1379347	25434.81035923958
130	809.79443	188.04076	1114.5342	611.6468	395.25134	54.652977	450.8907	314.23157	-15.70722	21.663237	24.38817	-37.85171	-45.38961	21.641657	-9.932089	-63.404488	349.86176	57.505566	393.53482	251.76746	794.0873	208.88419	1138.9224	573.79504	1000.0	1000.0	519999	155.4542	10.319148	209.6776	53.80486	155.45415	10.321642	209.50717	52.9681	-7.4150496	1.8698454	28.398243	-18.940174	1598.2572	4.152583	25630.590878009796
131	1026.9435	51.824272	1074.9462	917.23645	374.03668	50.370125	460.52957	335.64636	2.5955784	6.937571	12.933868	-10.656811	-46.189384	10.656903	-37.884087	-64.29309	327.8473	56.074585	422.64548	281.40097	1029.5391	57.35009	1078.1223	906.5796	1000.0	1000.0	523999	155.57336	10.296219	208.68938	52.06732	155.5734	10.296222	209.35666	53.075905	-7.4325433	1.8745223	40.063755	-18.746296	1601.512	4.1924405	25831.74242591858
132	1022.7199	144.78172	1154.0715	607.6158	345.68704	28.857075	391.6553	314.60083	2.6131089	11.02405	16.34649	-27.595127	-37.389114	15.690047	-13.136591	-53.98202	308.29794	27.334457	337.67328	280.1593	1025.3333	154.01251	1154.48	580.0207	1000.0	1000.0	527999	155.62022	10.312214	212.77303	54.350964	155.62022	10.313049	208.41301	52.580093	-7.374869	1.8746064	25.294024	-19.257622	1593.6584	4.193757	26035.22414970398
133	862.08563	197.39774	1036.0111	588.2789	405.53467	33.43192	442.4965	363.05692	7.312955	5.687269	16.74216	-3.572796	-43.71211	6.760489	-32.125034	-48.412	361.82254	36.63643	401.5154	317.074	869.3986	196.84418	1045.7637	589.83057	1000.0	1000.0	531999	155.69742	10.089006	206.26064	57.60709	155.69759	10.088857	206.56367	58.299713	-7.411525	1.8531142	31.314285	-19.420029	1595.0847	4.0951	26236.628076791763
134	1027.2815	61.509438	1155.2771	889.9461	342.67145	36.416492	377.98993	283.39166	1.2438974	9.267464	10.587025	-24.95625	-29.083454	23.268456	-4.345858	-61.086716	313.58795	28.146166	356.37784	279.0458	1028.5253	67.13912	1154.1383	864.9898	1000.0	1000.0	535999	155.84106	10.019144	219.25462	57.47075	155.84093	10.019152	212.29543	53.838684	-7.382812	1.8701689	50.22453	-21.056324	1590.8397	4.1512313	26426.48841404915
135	932.9247	214.3384	1110.7516	499.68155	372.3308	37.642563	437.02695	346.00317	-4.1482015	32.276405	19.155556	-70.211266	-39.293556	9.248909	-29.23917	-52.33029	333.03723	29.834473	384.69666	314.72015	928.77655	245.72798	1111.8314	429.47028	1000.0	1000.0	539999	155.93399	10.147618	212.54637	55.902386	155.93398	10.147738	211.619	55.912098	-7.414312	1.8585377	34.648838	-20.711563	1600.497	4.091055	26606.8788728714
136	1046.6342	31.671535	1092.6031	979.3959	337.57394	28.675741	375.46017	295.63458	-5.251271	14.358185	5.00607	-47.58214	-35.983067	10.284423	-26.262125	-53.295715	301.59088	32.939674	349.19806	263.5814	1041.3829	42.546577	1088.8918	931.8137	1000.0	1000.0	543999	156.03566	9.9936285	210.28902	59.114388	156.03572	9.994159	207.68227	56.913128	-7.3777094	1.8380406	49.241203	-18.887281	1600.8945	4.1495953	26787.75005531311
137	987.6078	117.25944	1081.7026	705.1004	376.03613	40.86604	444.30286	335.65228	28.849842	39.331814	123.522896	-19.898598	-40.699223	15.740148	-23.13912	-61.039032	335.33685	36.40197	393.4809	301.37274	1016.45764	132.08151	1168.276	685.2018	1000.0	1000.0	547999	156.19708	9.986278	212.86383	56.13338	156.1972	9.988264	213.25435	52.867207	-7.367304	1.8541062	35.311615	-19.36976	1598.0083	4.045739	26970.463747262955
138	1073.9897	80.04494	1266.5062	962.645	359.12228	12.804697	373.9006	339.12198	8.096799	3.9549823	15.338353	2.8701675	-44.716324	8.48177	-31.963589	-53.54183	314.40598	17.825006	331.66635	285.58014	1082.0864	78.662766	1274.4972	971.8254	1000.0	1000.0	551999	156.26056	10.179456	209.45723	54.643406	156.26054	10.181198	208.25555	55.135967	-7.3877654	1.8579603	25.390938	-18.920933	1605.388	4.1025867	27165.113812685013
139	1007.4294	118.14819	1097.3785	768.62476	357.20917	26.00609	388.6302	327.0808	1.0788164	8.82376	13.480682	-15.785645	-10.154179	24.367498	6.5097184	-52.231964	347.05502	19.44297	380.63702	333.5905	1008.5083	126.137955	1104.3145	753.8773	1000.0	1000.0	555999	156.3569	10.281415	211.1973	48.35687	156.35695	10.282978	211.23195	49.22161	-7.365594	1.8619344	24.458393	-20.85729	1609.0691	4.182965	27358.814197063446
140	1017.9302	176.45187	1161.5629	590.1597	350.1247	57.869358	439.87915	296.11496	2.070773	6.364787	7.510361	-15.422844	-35.425934	24.70742	-7.506056	-72.758675	314.69873	75.1998	432.37308	229.62985	1020.001	181.40977	1162.1646	574.7369	1000.0	1000.0	559999	156.36917	10.359931	212.4267	48.12525	156.36926	10.3615265	212.02203	48.95877	-7.383748	1.8366562	21.600601	-18.592892	1595.5513	4.086813	27552.117591381073
141	1022.11487	106.69327	1160.3519	765.0067	345.12537	18.228516	368.1065	324.299	-11.323077	23.217974	2.2513824	-73.25421	-26.014076	11.825293	-16.681034	-46.276016	319.1113	18.967777	351.42548	302.7549	1010.7918	128.43303	1158.7465	691.7525	1000.0	1000.0	563999	156.4781	10.344095	212.19234	50.523834	156.47807	10.344786	212.77487	50.740902	-7.38468	1.8506768	35.74305	-18.704273	1585.321	4.0671234	27759.064693450928
142	1040.1898	153.41144	1226.6194	623.34076	358.79956	28.978327	389.1152	320.3203	5.6413884	4.144004	10.8147	-5.422823	-35.10588	23.184628	-3.3827522	-68.891495	323.69366	16.279837	350.60303	307.01035	1045.8314	156.88232	1234.5099	617.91797	1000.0	1000.0	567999	156.5982	10.4108715	210.1993	50.864563	156.59825	10.4124565	206.75957	52.346497	-7.3840313	1.8581774	36.97468	-20.568188	1591.0813	4.0566936	27967.305458784103
143	1060.0522	40.765686	1160.3601	1021.491	413.63766	103.26891	583.8934	310.51553	3.4939618	1.1685641	5.158043	1.6414231	-23.497765	7.181551	-15.4612	-35.12416	390.13992	105.931145	561.9717	275.3914	1063.5461	40.898373	1162.5317	1023.8003	1000.0	1000.0	571999	156.7282	10.475458	211.80356	49.617203	156.72829	10.47691	211.99716	47.162167	-7.4224315	1.8335761	26.668285	-18.736574	1581.3152	3.9983022	28172.876205921173
144	1023.93994	36.962006	1103.4182	976.4323	366.63425	82.59616	477.83972	246.07211	11.20052	16.274878	52.438744	-1.5852748	-48.877495	7.2390366	-36.525608	-54.668343	317.75674	76.19491	423.1714	209.54651	1035.1405	49.884663	1155.8569	976.49976	1000.0	1000.0	575999	156.77583	10.456183	207.83606	47.279533	156.7759	10.457923	209.4546	46.966587	-7.409744	1.8331742	29.725227	-18.344334	1568.5143	3.9579258	28367.52628970146
145	931.2507	215.5911	1105.6215	442.53564	368.44012	37.775814	414.07077	317.19455	-3.9616897	13.857022	7.0492787	-35.23557	-30.284737	8.353015	-16.871584	-38.61749	338.1554	38.219353	378.3442	278.5771	927.28906	228.37402	1110.8799	417.42975	1000.0	1000.0	579999	156.79482	10.448031	214.5591	49.55627	156.79488	10.448956	207.79309	50.14944	-7.390905	1.8629045	43.83338	-20.888502	1561.4241	4.0159154	28562.552681922913
146	1038.1385	53.14457	1143.226	916.114	348.71762	40.52241	385.7708	287.67703	1.5361444	10.378971	9.426115	-28.806093	-27.64568	10.268155	-15.550189	-38.527077	321.07193	50.09829	369.46823	249.14995	1039.6747	60.8227	1147.4802	887.3079	1000.0	1000.0	583999	156.89594	10.409852	218.79953	53.042904	156.8959	10.410408	212.88155	52.855534	-7.370365	1.8644071	43.52409	-21.119709	1554.7402	4.091884	28762.980660915375
147	1042.7234	114.27017	1219.7283	755.08594	388.43652	64.7719	493.90915	320.07562	87.71674	53.056927	181.05603	7.1196613	-23.378464	17.443903	-8.149378	-52.61447	365.05804	73.742805	473.50967	267.46115	1130.4403	139.17815	1338.9116	800.1223	1000.0	1000.0	587999	156.98708	10.244454	211.75287	55.631336	156.98715	10.246577	210.61998	55.648373	-7.3947587	1.8451059	35.6616	-18.912617	1550.4923	4.0202494	28977.37376666069
148	1042.801	36.75525	1129.8033	992.71216	375.24796	50.113117	431.7975	310.4645	7.3775544	9.277437	15.889771	-18.16821	-29.297573	12.114374	-8.962897	-40.54796	345.9504	59.31019	422.8346	269.91653	1050.1785	38.431904	1135.2567	989.71783	1000.0	1000.0	591999	157.12091	10.491033	212.16237	51.043236	157.1208	10.492615	212.45161	48.346634	-7.3468356	1.875734	37.413208	-18.87461	1548.192	4.0136347	29192.335042476654
149	996.61194	64.073814	1058.446	853.3587	362.12335	40.669785	431.63495	329.07578	-1.0997546	11.989868	11.502315	-21.522388	-29.324734	8.708098	-14.628329	-37.29954	332.79858	39.070583	398.19043	297.14923	995.5122	74.54549	1069.9484	838.24634	1000.0	1000.0	595999	157.29779	10.516157	212.72911	48.628994	157.29807	10.515034	213.52124	49.09888	-7.3806906	1.8707199	39.6869	-18.716599	1535.4604	4.0153556	29406.124007225037
150	1059.1217	30.037264	1117.9207	1013.3198	374.23163	44.040207	430.9447	322.80295	10.664343	6.0375724	22.085245	2.5597231	-21.476727	13.190334	-2.2642953	-37.71013	352.75488	33.68867	393.23456	305.26172	1069.7861	33.01127	1138.1716	1024.0272	1000.0	1000.0	599999	157.41075	10.492506	213.67317	48.67258	157.41068	10.493767	213.77168	48.94405	-7.382664	1.8675894	29.328127	-19.050453	1538.0952	4.014958	29620.88190627098
151	1025.6948	92.897606	1163.9326	785.85785	428.21976	42.62387	481.3134	372.732	6.4604406	10.54663	24.78721	-16.731955	-17.038265	12.782417	-2.1569135	-37.117447	411.18152	38.776505	453.3989	361.06967	1032.1553	101.3071	1174.0938	769.1259	1000.0	1000.0	603999	157.6582	10.136989	217.43939	51.834606	157.65825	10.138214	216.49763	52.70018	-7.3683	1.8800342	29.297398	-20.166317	1530.6785	4.044242	29835.990358114243
152	1103.1252	70.24012	1214.7985	1021.9184	404.7748	59.328087	469.19357	309.54544	36.98399	27.483286	95.941925	-20.156805	-24.019743	8.95644	-16.562422	-39.15625	380.75507	57.88157	452.63113	291.19022	1140.1093	77.82133	1244.6162	1002.0074	1000.0	1000.0	607999	157.86095	9.965644	213.37032	56.061302	157.86108	9.966933	215.27835	52.102814	-7.3390284	1.8857479	33.24539	-21.94851	1519.8733	4.146721	30032.825424671173
153	1019.7892	58.88546	1096.8182	896.2009	366.40073	33.14207	410.7385	331.72266	99.846115	88.06087	250.39774	-14.776069	-32.784836	13.626275	-12.642233	-50.627907	333.61588	45.55731	398.09625	286.66818	1119.6354	123.700165	1277.4915	881.42487	1000.0	1000.0	611999	157.8776	10.000011	211.0664	51.289482	157.87752	10.001575	217.32137	50.72073	-7.3936124	1.8557794	35.94986	-20.740208	1514.8386	3.9847634	30217.8922996521
154	1062.0165	36.90901	1129.0442	1011.38574	338.7552	30.77567	387.4509	302.19058	10.236944	3.1125455	13.743391	5.107472	-17.268854	5.78571	-11.190392	-26.477745	321.48633	26.104908	360.97318	288.39044	1072.2534	36.255875	1141.4744	1024.6439	1000.0	1000.0	615999	157.88087	10.018765	216.76018	51.98933	157.881	10.019293	217.13112	51.802864	-7.36739	1.8619946	41.46599	-19.70763	1505.2819	4.021327	30400.710736513138
155	1049.149	35.61767	1101.3617	997.64185	364.62927	57.252354	440.4774	293.5119	4.7903666	7.2043	21.58729	-1.5450246	-16.192173	22.25953	3.2942681	-52.9564	348.43707	70.947105	425.80527	240.55548	1053.9395	37.15167	1104.6593	997.2571	1000.0	1000.0	619999	158.1063	9.677222	214.1749	54.16305	158.10635	9.678556	212.70563	53.87933	-7.3594093	1.8963075	28.026379	-19.139013	1490.2438	4.069719	30584.49131155014
156	1054.3501	89.66068	1186.8936	816.9263	362.45712	58.876465	439.06995	273.53384	67.421364	50.624397	135.5154	5.464939	-29.059328	5.76375	-22.400255	-37.461197	333.3978	61.907536	408.01584	236.07265	1121.7715	108.742676	1220.4357	823.9863	1000.0	1000.0	623999	158.27357	9.779473	216.8991	53.803223	158.2736	9.781345	215.07372	54.42336	-7.38711	1.8816963	31.891945	-19.50755	1491.2119	3.9894311	30767.372510671616
157	1017.4248	85.73499	1143.7506	786.81494	393.35413	75.73912	519.2179	324.34863	20.245586	18.396633	50.525017	-6.131898	-11.262564	11.350108	5.4459405	-23.640375	382.09155	73.6773	499.72623	316.98447	1037.6705	95.02957	1158.0548	780.68304	1000.0	1000.0	627999	158.4728	9.590906	217.2472	56.66516	158.47284	9.591925	213.48607	57.55468	-7.3392944	1.8886178	22.541265	-19.610138	1498.871	4.007804	30950.38770222664
158	1041.6115	36.425335	1115.6504	994.5977	358.20306	18.615273	386.10904	341.12564	10.480684	4.679271	20.797886	3.7894213	-3.3257217	11.589759	8.967481	-15.719189	354.87732	24.760242	395.07654	327.39172	1052.0922	34.736595	1119.4398	1015.3956	1000.0	1000.0	631999	158.64296	9.493153	220.19882	58.959404	158.64307	9.494486	215.21892	60.159897	-7.331245	1.8842652	27.315514	-18.877663	1487.7461	3.9814386	31133.56191134453
159	1027.5492	23.9888	1061.3958	970.6114	341.2133	26.423826	364.21353	296.69028	114.65371	65.668625	215.20372	26.644268	-23.212791	27.324905	-0.5839056	-69.2372	318.0005	32.53373	359.12555	277.74	1142.2029	73.60467	1261.2966	1037.4185	1000.0	1000.0	635999	158.77402	9.639862	217.8507	56.118355	158.77379	9.6425085	218.42232	55.286915	-7.336249	1.8966712	24.034435	-18.355713	1489.5427	3.9650278	31327.03171133995
160	928.1701	138.58076	1089.5546	757.84515	374.2271	61.16806	478.80432	324.7192	-16.153486	24.947552	15.682393	-45.275566	-11.736528	20.607841	13.295313	-41.440002	362.49057	47.38579	437.36432	305.8599	912.0166	163.01506	1103.9165	717.7499	1000.0	1000.0	639999	158.8024	9.746416	221.36122	54.07887	158.8025	9.747535	217.09364	53.37147	-7.3461256	1.894218	30.209877	-20.920666	1490.194	4.0691404	31520.357878684998
161	1035.1431	88.61662	1224.9485	861.26227	367.39008	34.19357	403.1918	311.0434	134.22937	40.766727	192.06017	55.76015	-25.114294	15.730314	-2.8284237	-47.050262	342.2758	19.726301	356.14154	308.215	1169.3723	88.2848	1301.1371	979.8346	1000.0	1000.0	643999	158.80006	9.969397	216.38889	53.00821	158.80013	9.971166	214.01115	53.244843	-7.355586	1.8947233	60.030388	-20.097797	1498.317	4.032066	31713.853229761124
162	1031.6526	23.743183	1079.7095	1000.41016	335.71658	24.690016	369.43222	303.72375	298.0857	53.525803	335.1185	158.34355	-11.233194	6.8161044	-1.5030924	-20.651873	324.4834	28.36185	359.13928	291.2389	1329.7383	57.612156	1399.2253	1171.1871	1000.0	1000.0	647999	158.87914	9.721418	220.39883	54.40086	158.87906	9.722236	218.82469	55.47549	-7.363032	1.8817887	27.819416	-19.041897	1484.7112	3.9412956	31916.202429056168
163	1042.1975	45.050068	1167.0006	997.4932	485.12836	102.62037	585.82745	321.165	10.044158	3.9943886	16.574493	3.8170006	-23.6107	18.450493	6.0965734	-43.50688	461.51764	97.41764	542.32056	296.84244	1052.2416	42.825085	1170.8176	1014.0677	1000.0	1000.0	651999	158.913	9.842546	224.5172	56.94681	158.91315	9.844063	215.43411	55.485428	-7.356846	1.912799	26.581724	-19.408709	1494.6033	4.023672	32119.93547153473
164	1050.8254	38.753696	1108.3132	969.4358	391.24738	31.127106	425.00174	359.29636	13.517691	9.443573	28.185593	-5.534211	-18.608059	19.711237	3.0508418	-49.19835	372.63934	49.23524	428.05258	310.098	1064.3431	43.242065	1126.6873	963.9016	1000.0	1000.0	655999	159.1283	9.689628	216.6073	60.66128	159.12827	9.691816	216.21674	61.74767	-7.3043127	1.9322717	28.017952	-19.966885	1485.6703	4.028353	32324.64152288437
165	1047.649	15.024803	1076.0327	1026.166	395.4965	46.81236	442.0656	324.60648	39.762352	21.790903	91.99216	15.12904	-23.175655	23.09666	0.24002169	-60.577988	372.32083	38.871014	432.54593	324.8465	1087.4115	29.462814	1168.0249	1059.7117	1000.0	1000.0	659999	159.21053	9.539349	216.96233	63.620342	159.21059	9.54086	215.70786	62.18242	-7.3589525	1.8908108	28.807934	-18.675629	1465.8492	3.917235	32530.49183511734
166	922.9982	192.2692	1111.0181	510.17822	342.2357	61.01465	447.7865	302.91907	12.72193	24.333496	51.083332	-24.362095	-2.8505774	6.485449	3.1920042	-13.268896	339.3851	55.092472	434.5176	303.51236	935.7202	212.4243	1125.8011	485.81613	1000.0	1000.0	663999	159.31152	9.538984	220.0326	63.571587	159.31155	9.5408	217.65425	60.432785	-7.354673	1.8886747	43.718754	-19.487837	1463.288	3.9292364	32738.498224020004
167	1043.0795	71.0892	1137.1327	872.07526	392.97852	59.46967	492.00793	335.8643	190.79361	84.81509	285.06247	20.706078	-6.3939495	12.52752	6.508552	-26.073555	386.5846	47.829514	465.93436	337.9101	1233.8732	135.0697	1352.2318	920.1082	1000.0	1000.0	667999	159.47064	9.478937	221.63948	64.3979	159.4706	9.479701	216.40228	63.687	-7.329499	1.9040072	49.323505	-18.73	1460.9135	4.003291	32940.230498313904
168	1040.7991	40.683712	1099.5758	938.04803	377.20822	15.7537	388.14453	350.07913	14.494496	3.3428009	20.161335	10.708132	-12.397872	15.288668	7.0846105	-35.724556	364.81033	20.980297	390.65378	338.20993	1055.2936	40.9944	1117.3281	953.2853	1000.0	1000.0	671999	159.54921	9.585828	220.18265	64.12743	159.5494	9.587343	219.2028	64.00826	-7.333297	1.9075525	29.024004	-20.594662	1449.6991	4.0625753	33119.60197973251
169	1022.44855	98.372505	1153.3042	846.575	354.3626	27.750853	385.98087	320.8188	102.90501	91.78965	233.84743	-14.246157	-22.850636	5.1869845	-15.468063	-28.807405	331.512	32.448486	365.2998	292.01138	1125.3536	168.63719	1359.4526	838.40576	1000.0	1000.0	675999	159.51617	9.585863	220.50702	63.321987	159.5161	9.588475	215.93813	62.234253	-7.358042	1.865015	27.433628	-18.828644	1453.4337	3.8994098	33300.93758702278
170	996.18713	146.09615	1141.2238	570.7354	375.35815	54.404697	456.6658	316.59244	119.98826	58.351604	240.08145	52.381626	-0.40049434	24.607006	28.22269	-33.247993	374.95764	30.375824	423.41782	344.81512	1116.1753	123.669464	1290.5577	810.81683	1000.0	1000.0	679999	159.59457	9.576112	216.23526	64.49571	159.59462	9.579963	217.4955	62.84781	-7.3218536	1.893681	31.559309	-19.089973	1448.5621	3.8534427	33480.36207103729
171	628.53467	297.08032	1083.8823	334.80844	373.50165	30.328876	403.38354	328.30072	-17.261486	22.442907	30.879923	-46.424908	-5.0331116	8.076539	7.378708	-13.858885	368.46857	25.335657	399.91483	335.6794	611.27313	317.4627	1114.7622	306.5063	1000.0	1000.0	683999	159.6852	9.58027	219.95796	64.173416	159.68517	9.582041	218.96298	62.86839	-7.3516107	1.8941176	45.18982	-20.02391	1451.055	3.8745563	33670.219665288925
172	1049.6178	43.053177	1114.9547	991.36646	377.81992	57.835266	462.05112	322.4793	92.61207	114.888725	282.75183	0.9301379	-1.2765708	14.216792	12.880381	-24.521744	376.54333	62.891113	461.68454	297.95758	1142.2299	96.85089	1321.8304	1041.5897	1000.0	1000.0	687999	159.71278	9.61042	217.90253	63.15754	159.71272	9.612405	218.55661	63.00736	-7.3583837	1.877045	27.06763	-19.575516	1441.9484	3.8541937	33862.79420995712
173	1059.198	51.15002	1169.7538	1009.50635	372.0533	111.21614	562.2659	280.3333	204.37585	30.738255	267.31085	159.3843	-14.225902	14.3021965	3.0917525	-33.387016	357.82742	118.640434	557.6065	246.9463	1263.5739	38.503357	1329.1381	1194.4717	1000.0	1000.0	691999	159.87796	9.4590435	217.5729	65.07277	159.87805	9.460912	222.44385	65.637	-7.356808	1.9016055	32.780933	-18.349531	1441.8732	3.9135292	34055.84330058098
174	1078.5923	44.683693	1145.1626	1020.35175	417.56873	74.64226	519.4265	321.96823	209.78215	57.775337	283.95648	63.619587	8.131579	7.370996	18.034262	-1.9415258	425.70032	70.43769	524.6616	333.16672	1288.3744	70.67676	1412.8085	1143.3643	1000.0	1000.0	695999	159.99458	9.3780985	216.93938	70.02659	159.99458	9.379814	218.80647	68.74275	-7.3707633	1.8800598	24.565245	-21.406275	1451.5663	3.9003713	34258.86917114258
175	1059.9989	46.323563	1129.819	959.48065	388.58463	96.943184	549.0241	289.043	34.70425	24.364	70.715965	-15.321844	-21.977755	23.56314	8.062259	-56.501617	366.60687	75.30633	492.5225	297.10526	1094.7031	59.5334	1166.4717	944.1588	1000.0	1000.0	699999	160.0379	9.296001	218.59062	69.10545	160.03786	9.296502	219.09393	64.656105	-7.35202	1.8794415	30.477118	-25.47911	1457.9591	3.923767	34463.78113460541
176	948.0363	142.69308	1040.836	572.39044	382.94794	63.026264	491.32867	335.48676	40.194557	37.735416	105.41926	-14.338204	-8.665362	14.670545	15.709167	-22.851786	374.28256	59.945858	474.95886	324.33774	988.23083	152.27032	1135.4513	633.32794	1000.0	1000.0	703999	160.10081	9.419039	225.76927	65.83677	160.10086	9.422142	225.0122	66.51704	-7.3551745	1.8576279	20.042004	-19.818304	1454.8025	3.9015596	34669.333003759384
177	979.5304	154.90366	1084.3699	518.5793	355.72357	30.851622	405.38782	322.28262	28.146408	46.91181	168.00299	2.6990345	27.975224	23.417631	62.051647	4.6128864	383.6988	22.191946	410.0007	348.84174	1007.67676	109.41055	1100.3105	686.5823	1000.0	1000.0	707999	160.19342	9.405933	219.11478	60.9986	160.1935	9.407985	218.2536	65.08544	-7.3420887	1.8865448	28.923794	-20.515526	1462.0435	3.8176358	34875.26581788063
178	1061.1841	84.46141	1201.8378	901.41705	342.92743	11.086496	351.8845	324.19635	32.007404	27.734587	74.62075	-26.033714	2.185152	15.020182	20.882574	-20.145401	345.11255	25.741108	372.76706	304.05093	1093.1917	101.218925	1267.1901	875.38336	1000.0	1000.0	711999	160.36751	9.460983	224.48354	65.1642	160.36752	9.462819	221.8857	64.83628	-7.327558	1.8917564	24.635578	-19.041515	1473.445	3.7984586	35082.58648967743
179	1054.1707	46.478947	1158.4478	1006.17725	368.01465	47.306786	442.5824	317.31787	151.26393	50.997505	214.8257	17.517336	8.071265	26.469753	48.74835	-25.12461	376.08594	60.24485	443.9117	292.19324	1205.4346	75.97141	1321.0017	1031.8473	1000.0	1000.0	715999	160.46843	9.39486	216.54997	65.77316	160.46834	9.397067	214.40466	65.44916	-7.3530235	1.8966452	29.451328	-17.880339	1456.4764	3.8137815	35289.53573489189
180	1045.3209	70.25434	1114.6903	856.46136	358.0084	29.515985	392.8979	319.20346	218.4686	88.72701	281.28806	4.848217	4.905522	9.708038	13.767587	-10.569662	362.91394	28.559784	406.66547	331.72253	1263.7896	150.42038	1387.3032	861.3096	1000.0	1000.0	719999	160.60289	9.352351	227.92084	62.415157	160.60283	9.353808	223.2187	61.584366	-7.3199306	1.8726879	27.995514	-21.733496	1459.1246	3.8023608	35477.26964139938
181	1057.3308	42.78927	1126.055	998.2006	452.67676	77.22905	557.36896	343.86816	138.21643	81.177345	270.3851	50.075176	-3.0521915	17.353987	20.91805	-20.787811	449.6245	73.68322	563.36664	364.7862	1195.5471	117.49561	1396.4401	1057.3466	1000.0	1000.0	723999	160.69754	9.318104	222.2981	62.79696	160.69754	9.31916	221.64769	61.204136	-7.3178096	1.8960607	18.252666	-18.329584	1439.2448	3.894161	35662.44792675972
182	1049.9406	34.350952	1112.9229	1008.60333	355.76324	47.335358	426.61893	297.5211	230.67435	38.07385	261.2768	129.01207	9.185212	16.302998	34.236332	-11.444392	364.94843	46.373466	433.93753	304.1514	1280.615	34.169544	1326.711	1212.2671	1000.0	1000.0	727999	160.7317	9.262217	218.8283	61.077785	160.73189	9.263067	220.81209	63.08061	-7.349225	1.8775762	27.917187	-22.007624	1444.2544	3.8664258	35847.849351882935
183	1052.4474	46.42665	1171.3135	1002.141	368.27487	40.047157	421.97095	319.23184	227.06638	14.154279	254.47171	203.08583	13.050004	11.405992	31.85483	1.9656152	381.32486	47.51899	433.81583	321.19745	1279.5137	40.669556	1374.3993	1226.9998	1000.0	1000.0	731999	160.8038	9.287433	217.39159	57.129215	160.80382	9.28867	219.03618	58.204494	-7.293045	1.8974559	18.008263	-20.594803	1443.7373	3.8294184	36034.95352768898
184	1034.4464	40.23301	1133.4032	995.89526	341.30942	24.090807	376.9723	315.41547	182.84045	50.85181	235.68959	98.04531	1.4179237	5.8051867	8.612722	-5.4029827	342.72736	19.764908	373.93472	320.915	1217.2867	39.161324	1280.9049	1129.1486	1000.0	1000.0	735999	160.96382	9.398936	215.8325	58.1891	160.96379	9.400311	218.68564	55.981377	-7.3100863	1.9033191	31.047663	-18.799135	1432.5101	3.8338192	36224.3239030838
185	1129.0881	110.72021	1397.3771	1031.5746	389.37854	41.847996	440.83246	330.61502	147.8234	79.26797	245.87408	21.818085	13.248474	10.033546	21.99611	-3.8070018	402.627	35.22395	437.02545	348.637	1276.9115	84.649536	1439.9126	1083.9106	1000.0	1000.0	739999	161.02885	9.439633	222.00125	57.766167	161.0289	9.4404545	220.88698	56.765358	-7.3258467	1.8846055	35.905094	-18.900446	1427.566	3.8435678	36411.42091727257
186	1063.4583	66.32895	1238.4186	1003.71497	362.56586	36.14519	416.27203	318.66547	193.86603	16.197796	227.78658	170.81737	16.736061	16.77454	37.394363	-7.7228947	379.3019	23.679544	408.54916	355.93692	1257.3242	57.50185	1409.2358	1186.8901	1000.0	1000.0	743999	161.07198	9.295208	221.66373	62.054688	161.07193	9.297381	217.08173	61.76983	-7.32568	1.8805753	26.262127	-18.778728	1440.6718	3.8369033	36597.03153967857
187	1067.8209	45.959576	1136.315	1008.56915	444.39774	129.79095	652.68787	333.02252	266.4488	22.995802	296.88766	225.57098	6.0414147	20.628952	26.814548	-27.94761	450.43918	114.55937	624.74023	341.92303	1334.2697	47.270386	1403.0828	1244.3368	1000.0	1000.0	747999	161.04665	9.432263	226.22127	60.35196	161.0465	9.433713	218.28326	61.56418	-7.3002605	1.9064287	32.34984	-20.032028	1426.092	3.8368192	36780.37566971779
188	1066.4275	36.50659	1141.9745	1027.8848	384.01962	29.003965	422.0777	341.43436	218.08882	31.320189	276.53577	174.27826	1.7946768	26.464653	35.913002	-26.958145	385.8143	53.071274	457.9907	320.5922	1284.5162	47.18159	1362.4182	1209.5297	1000.0	1000.0	751999	161.11795	9.522773	226.49847	51.359543	161.11806	9.525579	221.79312	52.084244	-7.3272	1.8804151	38.349373	-19.917593	1422.2584	3.7926207	36964.409700870514
189	1086.1267	57.801067	1229.0853	1032.7583	381.47467	38.827423	446.2582	350.84253	236.49783	92.90328	304.11697	13.359746	18.514664	20.728022	34.07624	-16.734135	399.98932	52.957066	479.09808	335.17722	1322.6246	114.186386	1491.5212	1047.6776	1000.0	1000.0	755999	161.10892	9.608122	225.34271	48.983875	161.10904	9.607375	220.47786	48.62173	-7.3221693	1.871755	31.655392	-18.64817	1417.8	3.8777955	37149.70263195038
190	1108.8473	92.92254	1266.3282	998.6712	366.3535	17.407492	386.74686	340.08926	229.25671	44.041775	282.2512	130.0334	13.437034	18.290056	34.917255	-6.1819434	379.79053	24.904318	421.6641	356.4305	1338.104	89.141495	1484.7052	1194.5679	1000.0	1000.0	759999	161.2481	9.382752	225.1781	51.967518	161.24794	9.384929	223.897	54.055233	-7.274665	1.905298	33.207264	-18.826906	1412.681	3.9085693	37331.477992773056
191	1062.0952	49.335876	1164.4209	1015.2901	420.03397	75.85098	550.6463	367.17157	257.29196	36.13265	314.4213	194.13002	5.5831404	6.1300883	14.6696415	-2.2774477	425.61707	76.39049	557.23004	370.60693	1319.3873	44.263027	1393.0582	1256.6206	1000.0	1000.0	763999	161.34602	9.080569	223.99184	57.350975	161.346	9.082519	224.94089	59.12162	-7.2862744	1.9043908	23.43562	-19.589397	1415.2386	3.833397	37512.14866709709
192	1100.679	70.40809	1242.18	1013.5784	412.51575	53.0942	501.5821	370.00317	273.5714	35.931046	322.98276	213.59198	2.540187	14.164556	21.249765	-13.917292	415.05594	57.897457	512.4595	360.28467	1374.2506	62.280018	1503.16	1276.0557	1000.0	1000.0	767999	161.39845	9.174357	220.25803	54.187546	161.3986	9.175715	215.54665	57.444008	-7.3496127	1.8744774	25.14721	-19.85346	1408.5266	3.7127132	37703.55681562424
193	997.77	139.07532	1127.6272	637.5574	347.88046	27.745245	386.80582	312.48248	205.17598	71.36699	273.47113	52.27828	12.073604	4.5118985	16.236301	4.587492	359.95407	30.483625	403.04214	325.09164	1202.946	201.3422	1364.0499	716.1642	1000.0	1000.0	771999	161.38612	9.044138	224.54959	53.71351	161.3861	9.046017	220.24402	55.677692	-7.324493	1.8952211	23.396667	-19.471565	1395.616	3.7603865	37890.50246477127
194	1050.0284	34.280407	1108.5891	992.7724	387.17572	43.16964	455.88196	344.02252	330.16138	21.6383	352.30743	276.24002	19.133894	9.224162	33.050037	10.256363	406.30963	43.118774	467.24408	354.27887	1380.1898	36.847378	1446.6239	1306.9991	1000.0	1000.0	775999	161.51102	9.063987	226.20578	52.488045	161.511	9.065349	220.98152	52.04376	-7.3305326	1.8960819	30.158293	-19.961527	1409.5383	3.7318819	38077.75049829483
195	1014.5602	108.49025	1096.3333	697.76434	430.90247	49.591507	516.44653	397.75653	220.46951	74.83338	271.69257	0.8011526	30.705036	7.4069147	40.765553	19.961582	461.60754	51.482716	548.62897	419.7634	1235.0295	181.97362	1368.0258	698.5655	1000.0	1000.0	779999	161.58887	9.426835	223.93536	48.8962	161.5889	9.428585	224.12262	48.20915	-7.26415	1.9115082	28.371147	-18.91366	1410.9294	3.8347023	38262.208137989044
196	1043.9376	35.85818	1109.0233	1004.2191	366.21918	52.68575	427.91806	282.52414	211.34053	76.03461	295.4883	12.703192	20.610615	21.301931	39.57507	-14.592814	386.82977	55.76937	467.49313	317.7467	1255.2781	82.73852	1332.6193	1049.1868	1000.0	1000.0	783999	161.67313	9.547153	224.30122	43.998093	161.67323	9.548126	227.29053	43.75427	-7.311358	1.8957845	32.32021	-20.459782	1411.6155	3.7992601	38473.36124563217
197	1053.6506	125.71608	1234.1434	761.3904	385.52695	59.422764	486.71646	334.06552	225.20078	110.35567	320.50037	6.098661	5.2678013	15.4880085	27.982672	-14.795879	390.79474	50.84167	471.9206	333.6786	1278.8514	217.66727	1471.7354	767.489	1000.0	1000.0	787999	161.75917	9.4789915	225.68929	43.765343	161.7591	9.481256	221.75356	41.19485	-7.2950077	1.8908747	24.693491	-19.824295	1415.227	3.7654316	38708.87957620621
198	1085.618	80.23666	1310.8254	1007.6032	408.51105	52.79471	493.05426	350.92767	291.78302	47.274246	325.9878	155.23834	8.039053	14.871339	26.285448	-12.967465	416.55008	40.42329	480.08682	367.64792	1377.4011	36.80255	1466.0637	1333.591	1000.0	1000.0	791999	161.82463	9.492942	228.95706	43.196507	161.82452	9.49461	218.42154	44.290367	-7.279928	1.9090513	27.533329	-18.012316	1410.5334	3.7668774	38904.90822553635
199	1104.2822	84.536354	1310.6492	992.1347	345.50388	45.973816	410.72815	285.05722	302.79187	72.24346	356.58688	117.967636	18.737867	7.797077	31.091179	9.618117	364.24173	50.983685	441.81934	301.13535	1407.0742	77.92518	1550.8767	1259.4196	1000.0	1000.0	795999	161.87451	9.477409	226.09177	47.755383	161.87476	9.4787855	223.45049	49.260063	-7.3272376	1.9108866	19.974194	-19.027529	1414.7495	3.8620844	39091.37504816055
200	1101.5154	66.8348	1226.8646	1013.78754	405.6242	33.651867	463.63083	381.6462	193.73665	11.253272	210.93036	170.69395	4.7781405	14.602237	18.745577	-18.800295	410.40234	40.59553	478.49103	372.16614	1295.252	67.80561	1424.4595	1220.1006	1000.0	1000.0	799999	161.93417	9.573063	221.9669	48.390648	161.93411	9.573638	220.61356	48.842484	-7.291118	1.9084765	22.912521	-19.605536	1412.5298	3.9110992	39274.863877534866
