Epoch	AverageTestEnv0Ret	StdTestEnv0Ret	MaxTestEnv0Ret	MinTestEnv0Ret	AverageEnv0Ret	StdEnv0Ret	MaxEnv0Ret	MinEnv0Ret	AverageEpRet	StdEpRet	MaxEpRet	MinEpRet	AverageTestEpRet	StdTestEpRet	MaxTestEpRet	MinTestEpRet	EpLen	TestEpLen	TotalEnvInteracts	AverageQ1Vals	StdQ1Vals	MaxQ1Vals	MinQ1Vals	AverageQ2Vals	StdQ2Vals	MaxQ2Vals	MinQ2Vals	AverageLogPi	StdLogPi	MaxLogPi	MinLogPi	LossPi	LossQ	Time
1	-64.70393	65.93595	-6.68677	-236.71025	-212.11073	25.013992	-177.91736	-243.50262	-212.11073	25.013992	-177.91736	-243.50262	-64.70393	65.93595	-6.68677	-236.71025	1000.0	1000.0	3999	3.7025726	2.457383	18.095385	-0.5657133	3.7021158	2.4591794	17.502708	-1.8522755	-3.6794953	1.0204147	6.1119843	-11.318898	-3.7053902	0.5455784	112.37253046035767
2	-120.825485	60.38507	-43.55513	-264.54605	-328.69547	42.16469	-268.90396	-370.1826	-328.69547	42.16469	-268.90396	-370.1826	-120.825485	60.38507	-43.55513	-264.54605	1000.0	1000.0	7999	12.97031	4.964458	35.647778	0.3070343	12.970563	4.9629426	36.27614	-0.061160803	-2.1239982	2.30184	14.137127	-13.252355	-13.704918	1.5915442	251.11759209632874
3	-322.8667	99.58967	-146.92035	-554.30176	-167.54004	111.738914	-55.177765	-334.15982	-167.54004	111.738914	-55.177765	-334.15982	-322.8667	99.58967	-146.92035	-554.30176	1000.0	1000.0	11999	26.669273	8.165797	54.787697	9.660617	26.669737	8.163878	54.914043	8.968979	-0.7670039	2.8359904	14.12859	-13.365566	-27.803644	2.6671138	392.8893852233887
4	1008.8045	44.225403	1071.7473	918.706	233.26213	187.87982	415.9837	-52.78008	233.26213	187.87982	415.9837	-52.78008	1008.8045	44.225403	1071.7473	918.706	1000.0	1000.0	15999	34.2279	9.929383	66.88474	14.456996	34.2283	9.927752	65.06903	13.855959	-2.4146051	1.9583325	11.729374	-13.048489	-34.8695	2.7738428	536.2823598384857
5	1390.1571	38.629818	1462.5834	1322.9481	559.40967	257.49924	925.72314	201.31088	559.40967	257.49924	925.72314	201.31088	1390.1571	38.629818	1462.5834	1322.9481	1000.0	1000.0	19999	38.438553	10.068993	73.061455	17.514565	38.43887	10.068577	71.424965	17.389835	-2.464058	1.8034612	10.876314	-12.659991	-38.989384	2.6768801	679.7295596599579
6	2069.895	59.613037	2159.2153	1946.621	1217.005	137.64246	1403.2775	1057.2689	1217.005	137.64246	1403.2775	1057.2689	2069.895	59.613037	2159.2153	1946.621	1000.0	1000.0	23999	44.716286	12.468912	84.866196	20.284853	44.716915	12.467526	84.069374	20.62105	-1.8512108	2.1135945	12.365884	-13.797808	-45.269108	3.579901	875.4150307178497
7	2761.5903	363.9341	3176.3389	1741.8147	1737.6271	201.75955	2038.0343	1474.7015	1737.6271	201.75955	2038.0343	1474.7015	2761.5903	363.9341	3176.3389	1741.8147	1000.0	1000.0	27999	54.32685	16.403458	105.491196	23.135578	54.327206	16.401094	107.866516	22.765732	-1.2757365	2.354077	13.283915	-14.44103	-54.885952	4.7472343	1076.685748577118
8	3164.0808	114.051544	3377.1504	2999.2595	2363.291	173.05042	2656.9006	2216.4255	2363.291	173.05042	2656.9006	2216.4255	3164.0808	114.051544	3377.1504	2999.2595	1000.0	1000.0	31999	67.703835	22.206625	135.9937	24.003832	67.70422	22.204472	136.80737	24.144873	-0.63524085	2.581341	14.8762245	-14.375745	-68.292206	6.2448854	1278.8432109355927
9	2834.882	458.3986	3120.7327	1476.3442	2006.0989	910.05505	2634.2131	435.90298	2006.0989	910.05505	2634.2131	435.90298	2834.882	458.3986	3120.7327	1476.3442	1000.0	1000.0	35999	81.854324	28.90961	157.39062	25.777046	81.85519	28.907377	160.20721	24.858877	-0.19531445	2.778235	17.406027	-14.95031	-82.47369	7.8200274	1440.0031526088715
10	3476.5566	41.377186	3571.679	3423.3875	2452.036	710.871	2973.599	1230.0889	2452.036	710.871	2973.599	1230.0889	3476.5566	41.377186	3571.679	3423.3875	1000.0	1000.0	39999	98.30104	35.514442	185.68399	26.78378	98.30174	35.51232	186.18097	21.724787	0.21099727	2.9266257	16.572927	-14.665084	-98.911255	9.681597	1601.222222328186
11	3841.3523	80.96802	3984.5598	3648.2285	3200.539	88.21859	3330.077	3100.4094	3200.539	88.21859	3330.077	3100.4094	3841.3523	80.96802	3984.5598	3648.2285	1000.0	1000.0	43999	114.55092	42.33489	205.24121	27.510187	114.55111	42.33452	203.91365	19.621456	0.57632965	3.0854766	17.372187	-14.980551	-115.17377	10.778117	1759.9706926345825
12	3866.325	553.9879	4275.5063	2329.9993	3398.4412	70.07866	3507.3206	3311.5938	3398.4412	70.07866	3507.3206	3311.5938	3866.325	553.9879	4275.5063	2329.9993	1000.0	1000.0	47999	133.0392	48.155045	225.96664	26.021229	133.03928	48.154346	224.26686	14.283971	0.8890604	3.2183573	19.556145	-14.7485285	-133.62009	11.921783	1925.3710188865662
13	4277.3257	85.25418	4415.2427	4144.1694	3339.663	586.41156	3852.572	2342.453	3339.663	586.41156	3852.572	2342.453	4277.3257	85.25418	4415.2427	4144.1694	1000.0	1000.0	51999	149.59387	53.834244	251.04898	24.247128	149.59402	53.83466	252.05074	9.245468	1.0503561	3.2898614	19.310995	-15.897829	-150.12512	12.917388	2131.1182990074158
14	4291.7256	700.9551	4726.78	2220.7637	3226.2385	617.5752	3952.3677	2592.206	3226.2385	617.5752	3952.3677	2592.206	4291.7256	700.9551	4726.78	2220.7637	1000.0	1000.0	55999	165.88951	59.308693	268.37857	18.772614	165.88959	59.30956	270.48047	6.348819	1.2903969	3.3886383	19.062107	-13.124624	-166.39752	14.792447	2337.0602509975433
15	4742.407	102.97192	4948.838	4621.197	4204.62	72.162254	4256.1104	4080.101	4204.62	72.162254	4256.1104	4080.101	4742.407	102.97192	4948.838	4621.197	1000.0	1000.0	59999	180.29724	65.65681	287.3742	18.49986	180.29703	65.657326	287.33258	6.901721	1.478403	3.4923573	21.888136	-15.373465	-180.78691	16.72902	2545.8228511810303
16	4640.836	454.43436	5003.5034	3306.3225	3155.772	1180.6833	4354.7886	1541.7797	3155.772	1180.6833	4354.7886	1541.7797	4640.836	454.43436	5003.5034	3306.3225	1000.0	1000.0	63999	194.7391	71.31849	317.6107	18.981947	194.73926	71.319145	317.2216	12.378353	1.668654	3.5935338	25.324865	-15.41973	-195.20096	17.573372	2752.769671678543
17	4770.4785	139.1309	5019.1304	4557.9062	4338.488	40.03373	4380.6675	4281.709	4338.488	40.03373	4380.6675	4281.709	4770.4785	139.1309	5019.1304	4557.9062	1000.0	1000.0	67999	208.63658	76.48867	329.6639	17.707176	208.63696	76.48992	331.77216	7.8673644	1.7991475	3.654771	23.674423	-14.219	-209.07729	19.148409	2961.1026632785797
18	5298.0864	114.972595	5515.0845	5126.2466	4442.3657	140.5457	4662.318	4277.6387	4442.3657	140.5457	4662.318	4277.6387	5298.0864	114.972595	5515.0845	5126.2466	1000.0	1000.0	71999	223.05692	79.69657	340.40195	14.850902	223.05669	79.69796	343.56216	7.9100704	1.9554267	3.698349	25.635859	-15.299482	-223.44212	20.008532	3170.7819130420685
19	5178.372	89.07415	5282.6304	4948.2837	4674.139	183.71169	4936.573	4469.7905	4674.139	183.71169	4936.573	4469.7905	5178.372	89.07415	5282.6304	4948.2837	1000.0	1000.0	75999	236.4824	82.444725	351.74728	20.306234	236.4825	82.44584	351.19495	10.344694	2.0419137	3.7575421	27.690996	-14.648228	-236.82893	19.451292	3371.0669400691986
20	4806.602	1331.9761	5631.283	1114.8712	4248.9575	945.1967	4839.695	2613.158	4248.9575	945.1967	4839.695	2613.158	4806.602	1331.9761	5631.283	1114.8712	1000.0	1000.0	79999	248.6119	85.38431	362.3599	17.180542	248.61247	85.38591	362.04535	3.302145	2.0801177	3.7728152	24.269743	-13.00046	-248.93575	19.744373	3573.0890913009644
21	5511.0654	95.05056	5655.7603	5360.9927	4002.5222	1495.0972	5018.462	1419.3131	4002.5222	1495.0972	5018.462	1419.3131	5511.0654	95.05056	5655.7603	5360.9927	1000.0	1000.0	83999	259.57452	88.6385	373.6618	21.020695	259.57455	88.64028	377.3504	16.377766	2.1448574	3.8122973	26.28091	-13.705808	-259.85815	20.155445	3789.492707014084
22	5438.8745	603.5239	5806.4077	3757.952	5022.215	54.775204	5097.4883	4945.963	5022.215	54.775204	5097.4883	4945.963	5438.8745	603.5239	5806.4077	3757.952	1000.0	1000.0	87999	268.23947	92.32763	388.0656	18.008835	268.23926	92.32979	389.7288	17.503832	2.2421343	3.8510022	21.467522	-13.146253	-268.4737	22.454453	4027.787229537964
23	5612.224	423.36014	5876.3477	4593.883	5136.0386	132.88832	5288.9507	4936.501	5136.0386	132.88832	5288.9507	4936.501	5612.224	423.36014	5876.3477	4593.883	1000.0	1000.0	91999	278.9684	94.39554	397.6563	12.2226715	278.96777	94.39922	398.74063	18.037815	2.338796	3.8840973	28.573961	-16.600555	-279.2002	22.563082	4266.022870063782
24	5922.12	74.65285	6029.8315	5804.153	5312.42	67.14508	5389.06	5229.0986	5312.42	67.14508	5389.06	5229.0986	5922.12	74.65285	6029.8315	5804.153	1000.0	1000.0	95999	289.18564	96.15715	411.41632	27.24891	289.1854	96.15949	410.2728	26.696966	2.4322252	3.9284656	26.78096	-16.040236	-289.37766	22.629555	4452.457531929016
25	6032.1514	67.97241	6149.3257	5940.4985	5322.865	83.45813	5431.454	5204.36	5322.865	83.45813	5431.454	5204.36	6032.1514	67.97241	6149.3257	5940.4985	1000.0	1000.0	99999	299.1659	98.010475	419.78198	34.362514	299.16675	98.01311	421.02097	29.664217	2.5763972	3.9966896	26.561325	-13.583359	-299.34567	22.161585	4632.33261847496
26	5997.328	100.4576	6163.3843	5849.461	5505.209	92.329414	5633.437	5389.961	5505.209	92.329414	5633.437	5389.961	5997.328	100.4576	6163.3843	5849.461	1000.0	1000.0	103999	308.856	99.47711	434.92892	33.130306	308.85535	99.47951	433.61496	27.770058	2.6835856	4.0308046	25.255247	-16.631998	-309.01602	22.417757	4813.055689573288
27	6068.125	135.5099	6261.403	5804.567	5571.9956	184.60695	5866.335	5386.9707	5571.9956	184.60695	5866.335	5386.9707	6068.125	135.5099	6261.403	5804.567	1000.0	1000.0	107999	318.10242	101.227425	443.47092	38.168297	318.10257	101.22996	443.91544	29.592226	2.6950994	4.032093	26.667595	-15.570686	-318.24435	21.451954	4987.088131427765
28	5985.0366	673.2076	6353.149	3980.6433	4813.2285	1453.7933	5679.5874	2295.379	4813.2285	1453.7933	5679.5874	2295.379	5985.0366	673.2076	6353.149	3980.6433	1000.0	1000.0	111999	326.7965	102.80945	453.91415	36.80411	326.79535	102.81286	454.8644	30.00803	2.7926075	4.0838385	28.211016	-13.694894	-326.91287	22.29197	5156.3485453128815
29	5859.995	825.4837	6487.2847	3758.3352	5799.803	113.85184	5918.613	5625.416	5799.803	113.85184	5918.613	5625.416	5859.995	825.4837	6487.2847	3758.3352	1000.0	1000.0	115999	333.56653	106.24281	467.5868	37.25957	333.5667	106.24541	468.01132	31.695679	2.830946	4.1044245	26.159624	-14.160099	-333.66888	23.655863	5325.081746816635
30	6413.139	59.805355	6525.006	6328.5713	5729.898	75.66001	5819.545	5612.258	5729.898	75.66001	5819.545	5612.258	6413.139	59.805355	6525.006	6328.5713	1000.0	1000.0	119999	341.8141	107.30647	474.75537	35.99433	341.8141	107.307915	473.8913	31.035095	2.9360611	4.1057696	26.5836	-15.534425	-341.91592	23.913914	5494.283065319061
31	6474.008	85.8173	6602.0923	6293.8833	5894.2764	108.420425	6012.011	5749.2305	5894.2764	108.420425	6012.011	5749.2305	6474.008	85.8173	6602.0923	6293.8833	1000.0	1000.0	123999	350.03925	108.12225	491.19818	38.04159	350.03973	108.123985	490.1048	27.22863	2.9897094	4.1545873	33.40038	-14.18882	-350.11285	24.226456	5668.3220682144165
32	6913.811	94.04422	7067.689	6753.099	5975.4316	121.23852	6087.0684	5777.658	5975.4316	121.23852	6087.0684	5777.658	6913.811	94.04422	7067.689	6753.099	1000.0	1000.0	127999	357.6024	109.458534	501.58142	26.686491	357.6028	109.46078	499.05588	28.04766	3.0940437	4.14527	27.368753	-14.686266	-357.6495	25.145807	5843.313737630844
33	6909.4243	67.05594	7017.8496	6816.4824	6203.7793	101.05825	6365.0874	6088.5356	6203.7793	101.05825	6365.0874	6088.5356	6909.4243	67.05594	7017.8496	6816.4824	1000.0	1000.0	131999	365.41983	110.46702	504.6176	25.67113	365.42044	110.46831	504.61902	21.263708	3.20389	4.149413	30.778149	-15.487865	-365.48544	25.082754	6018.241882801056
34	7058.677	119.87382	7272.197	6842.3105	6215.6855	109.17606	6371.0825	6083.9473	6215.6855	109.17606	6371.0825	6083.9473	7058.677	119.87382	7272.197	6842.3105	1000.0	1000.0	135999	373.47995	111.38819	512.3618	37.87672	373.48044	111.38948	510.57928	32.42904	3.2484488	4.1588426	24.789255	-14.083693	-373.5245	25.270645	6189.908029556274
35	7050.2314	110.64478	7194.828	6865.156	6365.559	93.362274	6456.43	6223.44	6365.559	93.362274	6456.43	6223.44	7050.2314	110.64478	7194.828	6865.156	1000.0	1000.0	139999	380.9019	112.598045	522.0829	32.58774	380.90176	112.60103	519.01965	31.801783	3.344464	4.1614637	25.236713	-13.488663	-380.91623	26.334871	6359.279454946518
36	7213.2295	134.00531	7401.0815	6940.246	6478.5522	56.14967	6539.2695	6387.3765	6478.5522	56.14967	6539.2695	6387.3765	7213.2295	134.00531	7401.0815	6940.246	1000.0	1000.0	143999	388.9143	113.26158	527.2559	35.765926	388.91483	113.26428	526.9316	30.29533	3.4042785	4.1583123	32.190018	-13.707743	-388.9582	26.877531	6527.840285778046
37	6804.7173	80.31734	6962.2427	6685.4004	6498.2637	109.35787	6625.198	6342.996	6498.2637	109.35787	6625.198	6342.996	6804.7173	80.31734	6962.2427	6685.4004	1000.0	1000.0	147999	396.23764	114.365685	533.73944	33.347996	396.238	114.36761	533.623	24.919102	3.470415	4.200536	32.478394	-15.379389	-396.257	27.666578	6698.087235927582
38	7381.5835	103.06682	7527.0454	7204.763	6560.0117	182.32553	6763.762	6265.494	6560.0117	182.32553	6763.762	6265.494	7381.5835	103.06682	7527.0454	7204.763	1000.0	1000.0	151999	403.2782	115.26301	540.8742	31.282703	403.27844	115.264656	542.5158	29.336292	3.5431435	4.209322	30.512257	-14.131266	-403.3018	28.390812	6913.205281496048
39	7627.9688	145.55676	7850.8076	7347.0654	6718.749	172.4734	6938.0454	6461.472	6718.749	172.4734	6938.0454	6461.472	7627.9688	145.55676	7850.8076	7347.0654	1000.0	1000.0	155999	410.49927	116.21012	551.6117	29.067146	410.49988	116.21243	551.78094	17.665339	3.565367	4.199128	26.926	-13.476805	-410.4957	27.482996	7129.118499517441
40	7388.582	123.948586	7496.4287	7124.919	6797.4688	39.17477	6847.8145	6751.6484	6797.4688	39.17477	6847.8145	6751.6484	7388.582	123.948586	7496.4287	7124.919	1000.0	1000.0	159999	417.40604	116.72106	562.6618	32.89228	417.40637	116.72359	560.95856	26.782887	3.5973473	4.179144	33.58027	-14.395853	-417.41525	27.509642	7344.858912706375
41	7769.607	135.87029	7907.5176	7512.822	6883.556	80.83692	7010.433	6785.4624	6883.556	80.83692	7010.433	6785.4624	7769.607	135.87029	7907.5176	7512.822	1000.0	1000.0	163999	424.3767	117.708824	574.29376	34.754864	424.37692	117.71107	570.29724	37.32588	3.7651072	4.2044077	32.425358	-14.616303	-424.37656	28.053862	7560.474640369415
42	7654.388	97.02759	7811.2925	7465.542	5697.4233	2390.4353	7198.9146	1559.6918	5697.4233	2390.4353	7198.9146	1559.6918	7654.388	97.02759	7811.2925	7465.542	1000.0	1000.0	167999	429.68253	120.77851	576.46704	3.7658756	429.68323	120.778725	576.0786	2.2326596	3.736409	4.2035375	40.556274	-13.664274	-429.66064	29.803652	7775.641737699509
43	7893.8203	145.81987	8103.071	7654.029	7289.493	161.94475	7486.4033	7102.3438	7289.493	161.94475	7486.4033	7102.3438	7893.8203	145.81987	8103.071	7654.029	1000.0	1000.0	171999	435.9542	122.85963	590.06464	2.1404061	435.9543	122.86442	589.16974	2.2355342	3.8224428	4.2248483	37.607475	-13.741348	-435.9337	31.011059	7991.00430226326
44	7794.5	117.27775	7932.3823	7571.9385	7284.633	89.945656	7366.2373	7143.0444	7284.633	89.945656	7366.2373	7143.0444	7794.5	117.27775	7932.3823	7571.9385	1000.0	1000.0	175999	442.57983	124.24111	599.5727	2.1647108	442.5805	124.24108	597.6853	2.2655296	3.902368	4.262703	26.597141	-15.248231	-442.5677	32.702656	8197.447055339813
45	7625.053	112.972	7907.577	7483.4907	7321.8975	142.69658	7491.089	7142.59	7321.8975	142.69658	7491.089	7142.59	7625.053	112.972	7907.577	7483.4907	1000.0	1000.0	179999	450.00592	125.461174	605.11646	2.1961446	450.00668	125.46218	602.68933	2.2942474	4.008338	4.2657294	34.74779	-11.995214	-449.99533	33.73073	8403.2302942276
46	7603.7007	72.61636	7747.222	7492.1787	7307.507	24.444054	7329.539	7266.08	7307.507	24.444054	7329.539	7266.08	7603.7007	72.61636	7747.222	7492.1787	1000.0	1000.0	183999	457.0963	126.349976	611.141	2.2277274	457.0963	126.35306	610.2409	2.3247652	4.0774126	4.2857885	33.647945	-13.399492	-457.08453	35.64507	8587.234072208405
47	8180.4585	130.82973	8399.247	7960.139	7514.0527	84.710686	7572.0107	7368.003	7514.0527	84.710686	7572.0107	7368.003	8180.4585	130.82973	8399.247	7960.139	1000.0	1000.0	187999	463.83	127.146255	625.05273	2.2575781	463.83237	127.145004	618.763	2.3560846	4.191938	4.2619963	32.763515	-12.912661	-463.8237	34.903347	8753.418013572693
48	7837.932	74.38534	7911.127	7641.975	7542.84	67.42067	7656.863	7487.9204	7542.84	67.42067	7656.863	7487.9204	7837.932	74.38534	7911.127	7641.975	1000.0	1000.0	191999	470.55084	128.38246	631.45667	2.2886264	470.5511	128.3841	630.302	2.3811321	4.190921	4.2762265	38.216072	-15.570253	-470.50775	34.52639	8919.390355587006
49	8377.264	162.15547	8560.672	7975.4995	7681.7515	71.03186	7763.129	7567.746	7681.7515	71.03186	7763.129	7567.746	8377.264	162.15547	8560.672	7975.4995	1000.0	1000.0	195999	477.44568	129.54652	641.965	2.3171337	477.44653	129.54863	643.0416	2.4089417	4.2458315	4.279176	33.053093	-12.282623	-477.4432	34.48102	9085.396075963974
50	8467.796	166.9611	8691.117	8227.378	7630.953	131.91359	7809.2974	7474.5986	7630.953	131.91359	7809.2974	7474.5986	8467.796	166.9611	8691.117	8227.378	1000.0	1000.0	199999	484.3943	130.22023	650.5213	2.3484402	484.39536	130.2216	647.3997	2.4390645	4.385769	4.340735	41.70297	-12.124524	-484.38226	35.34048	9261.199440717697
51	8622.44	86.150345	8761.856	8448.284	7669.502	204.5034	7954.4194	7458.676	7669.502	204.5034	7954.4194	7458.676	8622.44	86.150345	8761.856	8448.284	1000.0	1000.0	203999	490.3701	131.25926	654.7218	2.3753734	490.3704	131.26237	653.288	2.46511	4.3533564	4.278648	36.794678	-12.254987	-490.31818	37.511097	9437.505162239075
52	8602.959	107.67277	8774.93	8451.693	7812.1743	86.563736	7924.864	7681.542	7812.1743	86.563736	7924.864	7681.542	8602.959	107.67277	8774.93	8451.693	1000.0	1000.0	207999	496.5269	131.4764	665.47925	2.4043064	496.52716	131.47739	667.0648	2.4931018	4.427761	4.2868347	38.33373	-15.776875	-496.47235	37.758564	9613.879986047745
53	8356.178	106.34989	8498.911	8179.1245	7897.5283	135.27399	8018.0483	7670.0527	7897.5283	135.27399	8018.0483	7670.0527	8356.178	106.34989	8498.911	8179.1245	1000.0	1000.0	211999	502.3872	132.57745	672.5996	2.4318664	502.3875	132.5806	674.3905	2.5196173	4.4707956	4.278864	33.064835	-15.108177	-502.33936	36.54935	9787.421533346176
54	8141.8193	98.221344	8304.437	7998.33	8017.569	78.82964	8141.8237	7926.2495	8017.569	78.82964	8141.8237	7926.2495	8141.8193	98.221344	8304.437	7998.33	1000.0	1000.0	215999	508.43277	133.45364	679.41	2.4605005	508.4331	133.45677	678.23065	2.548742	4.594859	4.3140645	52.13411	-15.042616	-508.36948	37.069717	9958.83493757248
55	8764.46	113.26796	8977.425	8613.236	8067.96	76.19572	8140.67	7960.499	8067.96	76.19572	8140.67	7960.499	8764.46	113.26796	8977.425	8613.236	1000.0	1000.0	219999	514.1516	133.86119	687.2163	2.4869432	514.1521	133.8631	685.01404	2.5764835	4.5942354	4.261883	33.44368	-12.495078	-514.07794	37.579773	10130.58953666687
56	7950.582	72.723145	8108.997	7820.828	8183.0205	103.089325	8286.305	8046.6094	8183.0205	103.089325	8286.305	8046.6094	7950.582	72.723145	8108.997	7820.828	1000.0	1000.0	223999	520.13293	134.38837	689.63104	2.516243	520.13367	134.39038	687.9166	2.6050694	4.669037	4.262567	46.727444	-12.011026	-520.0614	38.917553	10302.347494840622
57	8683.305	133.30727	8921.122	8425.61	8264.5625	213.50124	8505.544	7931.0522	8264.5625	213.50124	8505.544	7931.0522	8683.305	133.30727	8921.122	8425.61	1000.0	1000.0	227999	525.642	135.23401	699.5074	2.542714	525.6423	135.23709	698.9124	2.631241	4.731434	4.2688646	36.651955	-11.099468	-525.5555	39.357426	10470.835042715073
58	8987.589	160.49854	9229.012	8723.514	8247.992	82.23052	8333.132	8117.4004	8247.992	82.23052	8333.132	8117.4004	8987.589	160.49854	9229.012	8723.514	1000.0	1000.0	231999	531.8878	136.36223	704.9702	2.5699944	531.88873	136.3636	704.0196	2.657749	4.8617797	4.280594	40.702976	-11.814246	-531.853	40.48236	10640.404041051865
59	9072.158	153.0367	9332.13	8909.678	8256.619	131.99849	8485.094	8172.7114	8256.619	131.99849	8485.094	8172.7114	9072.158	153.0367	9332.13	8909.678	1000.0	1000.0	235999	537.53845	136.70374	708.23804	2.5977292	537.53876	136.705	711.6699	2.6843207	4.8225417	4.269475	53.17649	-12.190821	-537.46674	38.51479	10811.585838317871
60	9382.213	118.9305	9540.084	9181.708	8370.1875	125.68287	8453.686	8153.271	8370.1875	125.68287	8453.686	8153.271	9382.213	118.9305	9540.084	9181.708	1000.0	1000.0	239999	543.43146	136.76636	726.9355	2.622416	543.4315	136.76761	722.963	2.708481	4.84932	4.2995	46.017265	-11.81097	-543.3452	39.748188	10985.517142772675
61	9087.055	107.47302	9192.592	8847.538	8292.65	176.90677	8496.816	8082.301	8292.65	176.90677	8496.816	8082.301	9087.055	107.47302	9192.592	8847.538	1000.0	1000.0	243999	548.01904	137.80473	728.65295	2.6477609	548.0192	137.80544	731.5111	2.7332342	4.902551	4.3170857	46.624065	-12.500897	-547.93585	40.862938	11161.57912492752
62	8969.185	96.27799	9070.699	8731.597	8457.8545	284.73096	8866.105	8092.3496	8457.8545	284.73096	8866.105	8092.3496	8969.185	96.27799	9070.699	8731.597	1000.0	1000.0	247999	553.8376	137.44022	733.41583	2.6737244	553.8382	137.44316	733.13086	2.7589047	4.9793477	4.3351474	36.121174	-12.596974	-553.7073	42.32216	11338.506469249725
63	9194.561	100.42668	9356.771	9025.692	8646.222	86.5578	8763.686	8529.528	8646.222	86.5578	8763.686	8529.528	9194.561	100.42668	9356.771	9025.692	1000.0	1000.0	251999	558.345	138.9309	736.8002	2.7002246	558.3452	138.93254	739.99756	2.7853665	5.0219064	4.3171477	43.06214	-15.078338	-558.2474	42.44781	11510.362661600113
64	9178.456	137.1848	9396.32	8885.615	8517.922	200.49716	8832.044	8303.079	8517.922	200.49716	8832.044	8303.079	9178.456	137.1848	9396.32	8885.615	1000.0	1000.0	255999	563.82135	138.74007	738.7703	2.7236526	563.82214	138.74207	738.4714	2.8080878	5.0816517	4.29603	50.70929	-11.773728	-563.71686	41.609356	11682.248772144318
65	9395.435	95.71342	9546.035	9225.366	8755.232	148.8316	8913.601	8510.813	8755.232	148.8316	8913.601	8510.813	9395.435	95.71342	9546.035	9225.366	1000.0	1000.0	259999	568.5785	139.53265	751.63446	2.7495563	568.5791	139.53516	753.589	2.831993	5.0701714	4.31604	42.94995	-14.658123	-568.44275	41.636986	11854.16973400116
66	9093.755	70.02786	9201.638	8981.569	8729.36	107.697014	8896.386	8614.817	8729.36	107.697014	8896.386	8614.817	9093.755	70.02786	9201.638	8981.569	1000.0	1000.0	263999	573.25775	140.19446	749.97504	2.7736425	573.2575	140.19537	750.6954	2.856316	5.1236167	4.299178	37.835583	-12.122761	-573.1269	41.551636	12074.95185804367
67	9370.878	100.96401	9583.36	9220.658	8898.687	192.10939	9209.167	8715.283	8898.687	192.10939	9209.167	8715.283	9370.878	100.96401	9583.36	9220.658	1000.0	1000.0	267999	578.3945	140.0599	756.49115	2.797773	578.39526	140.06172	754.394	2.8794224	5.1551776	4.3339415	53.55017	-13.042589	-578.24384	41.525894	12322.61201620102
68	9092.706	622.95526	9465.376	7245.314	8781.656	152.8786	8973.342	8621.488	8781.656	152.8786	8973.342	8621.488	9092.706	622.95526	9465.376	7245.314	1000.0	1000.0	271999	582.4259	141.4141	760.88916	2.8218477	582.42645	141.41492	761.3452	2.902437	5.1685047	4.2805705	44.839973	-12.927249	-582.26276	41.765854	12550.178874969482
69	9423.8545	176.847	9711.884	9018.145	9028.663	115.62419	9171.201	8856.734	9028.663	115.62419	9171.201	8856.734	9423.8545	176.847	9711.884	9018.145	1000.0	1000.0	275999	586.5578	142.09624	763.4236	2.845817	586.55817	142.09856	764.14417	2.9249015	5.2633567	4.322668	39.9746	-12.724606	-586.4176	42.23966	12717.213619232178
70	9642.99	125.207726	9915.323	9485.51	8973.59	139.37253	9150.45	8798.824	8973.59	139.37253	9150.45	8798.824	9642.99	125.207726	9915.323	9485.51	1000.0	1000.0	279999	591.03827	142.85283	772.76636	2.867979	591.0388	142.85321	771.34515	2.9464996	5.206488	4.2796245	45.22399	-15.017045	-590.88043	42.442703	12882.973369598389
71	9641.631	113.82482	9849.236	9442.367	9060.544	99.39064	9175.645	8920.351	9060.544	99.39064	9175.645	8920.351	9641.631	113.82482	9849.236	9442.367	1000.0	1000.0	283999	596.053	143.0303	776.01263	2.8911428	596.05334	143.0331	773.8079	2.9676092	5.34693	4.321905	41.187485	-12.73466	-595.8856	43.584015	13048.59190750122
72	9790.232	159.50792	9981.34	9406.525	8911.904	158.69594	9066.976	8707.045	8911.904	158.69594	9066.976	8707.045	9790.232	159.50792	9981.34	9406.525	1000.0	1000.0	287999	600.9462	142.87012	779.32227	2.9154584	600.94617	142.87445	776.71606	2.9922898	5.422182	4.3270164	35.41305	-13.189947	-600.78033	46.47092	13246.779000759125
73	9349.489	121.030495	9510.254	9182.784	9159.091	196.42651	9366.786	8839.376	9159.091	196.42651	9366.786	8839.376	9349.489	121.030495	9510.254	9182.784	1000.0	1000.0	291999	605.41876	143.44658	800.6707	2.9393334	605.4188	143.44794	800.8057	3.017808	5.5042095	4.3697014	42.808243	-13.4197645	-605.2369	46.606094	13452.162638425827
74	9824.791	124.19314	10020.201	9557.958	9148.852	42.985577	9204.228	9085.705	9148.852	42.985577	9204.228	9085.705	9824.791	124.19314	10020.201	9557.958	1000.0	1000.0	295999	609.33734	144.42883	803.45514	2.9631157	609.3378	144.42937	802.6528	3.042696	5.5063906	4.3213367	37.40089	-13.51366	-609.1421	45.237236	13664.239220619202
75	9730.901	152.42897	10050.628	9566.957	9265.067	126.070656	9397.146	9081.506	9265.067	126.070656	9397.146	9081.506	9730.901	152.42897	10050.628	9566.957	1000.0	1000.0	299999	614.0306	144.89946	811.02	2.9883957	614.03015	144.90477	809.35156	3.0671165	5.5463476	4.334105	49.186913	-14.392563	-613.88	45.557194	13876.91824555397
76	9708.117	95.16641	9805.791	9508.242	9118.004	104.2103	9259.157	8993.102	9118.004	104.2103	9259.157	8993.102	9708.117	95.16641	9805.791	9508.242	1000.0	1000.0	303999	618.84375	145.00243	811.20026	3.0113056	618.84454	145.00264	810.3358	3.0923157	5.57707	4.333356	50.04263	-14.34006	-618.66187	47.10027	14093.192438602448
77	9915.05	78.36853	10061.712	9791.997	9175.78	113.024895	9361.429	9069.99	9175.78	113.024895	9361.429	9069.99	9915.05	78.36853	10061.712	9791.997	1000.0	1000.0	307999	622.9466	145.54163	812.2023	3.0341957	622.94666	145.54506	807.7649	3.113673	5.628643	4.33862	54.535652	-11.930116	-622.7401	47.355556	14305.882534265518
78	10036.951	78.90736	10164.832	9869.495	9190.94	106.543785	9358.941	9093.2705	9190.94	106.543785	9358.941	9093.2705	10036.951	78.90736	10164.832	9869.495	1000.0	1000.0	311999	626.82385	145.7213	815.2579	3.0568292	626.82434	145.72336	813.0506	3.1364849	5.6215987	4.309019	52.11699	-12.391866	-626.62225	45.613514	14476.92522072792
79	9792.045	124.99475	9966.039	9536.504	9393.401	78.99606	9518.149	9308.468	9393.401	78.99606	9518.149	9308.468	9792.045	124.99475	9966.039	9536.504	1000.0	1000.0	315999	631.5305	144.86984	821.65283	3.079898	631.5306	144.87294	820.80084	3.1603599	5.6760387	4.3147883	45.973854	-13.038613	-631.3114	45.48939	14646.444924592972
80	9834.511	95.73741	9948.23	9662.716	9313.133	98.99776	9464.405	9191.023	9313.133	98.99776	9464.405	9191.023	9834.511	95.73741	9948.23	9662.716	1000.0	1000.0	319999	634.89856	146.10997	819.73914	3.1038513	634.899	146.11163	819.9241	3.184611	5.682809	4.322091	34.50864	-11.280119	-634.6915	45.265224	14816.374370336533
81	9645.539	148.91261	9894.077	9438.902	9380.268	177.30054	9636.935	9146.646	9380.268	177.30054	9636.935	9146.646	9645.539	148.91261	9894.077	9438.902	1000.0	1000.0	323999	638.4111	147.31148	830.1393	3.1252162	638.41125	147.31488	826.5168	3.2053745	5.6783195	4.336144	43.740467	-12.48645	-638.1376	49.134163	14989.610409498215
82	10231.074	165.38585	10432.16	9976.2295	9577.513	87.621506	9672.789	9476.63	9577.513	87.621506	9672.789	9476.63	10231.074	165.38585	10432.16	9976.2295	1000.0	1000.0	327999	642.9493	146.99406	829.03864	3.1462014	642.9508	146.9916	827.0794	3.2264009	5.776439	4.3699675	57.852863	-12.456038	-642.749	46.617336	15166.144618034363
83	9846.286	127.51554	10081.206	9657.686	9377.426	57.837082	9449.48	9293.547	9377.426	57.837082	9449.48	9293.547	9846.286	127.51554	10081.206	9657.686	1000.0	1000.0	331999	646.75507	146.92567	831.20386	3.1689317	646.75476	146.92978	829.7744	3.2441356	5.7654104	4.320394	62.962208	-14.32748	-646.4864	48.89305	15342.671293020248
84	9913.467	67.41917	10030.47	9794.366	9472.371	174.00813	9679.346	9226.359	9472.371	174.00813	9679.346	9226.359	9913.467	67.41917	10030.47	9794.366	1000.0	1000.0	335999	650.4609	147.05672	834.18884	3.1915092	650.4616	147.05928	832.40485	3.2670312	5.809093	4.335707	77.32446	-16.673927	-650.2455	46.956844	15517.835501909256
85	10232.13	83.77373	10387.095	10084.769	9439.1045	195.36098	9667.457	9128.043	9439.1045	195.36098	9667.457	9128.043	10232.13	83.77373	10387.095	10084.769	1000.0	1000.0	339999	654.17065	147.18617	834.04236	3.2142212	654.17114	147.18796	833.9682	3.2901678	5.8142385	4.34279	41.20053	-12.104577	-653.89526	45.885674	15689.033875226974
86	10294.179	127.55673	10493.995	10111.371	9514.26	115.05881	9711.943	9424.841	9514.26	115.05881	9711.943	9424.841	10294.179	127.55673	10493.995	10111.371	1000.0	1000.0	343999	657.2119	147.32275	839.94196	3.2352352	657.21216	147.32573	839.0087	3.3110836	5.910096	4.358333	55.803585	-12.894121	-656.9409	48.46567	15859.450095176697
87	10074.962	211.67395	10517.265	9786.304	9548.108	13.44492	9569.605	9532.517	9548.108	13.44492	9569.605	9532.517	10074.962	211.67395	10517.265	9786.304	1000.0	1000.0	347999	661.0348	147.63043	839.4986	3.25726	661.03467	147.63428	840.00995	3.3325095	5.913081	4.36735	49.210293	-12.70263	-660.78326	50.167377	16030.65474820137
88	10230.128	173.79333	10547.5205	9977.785	9593.201	141.00566	9770.665	9397.515	9593.201	141.00566	9770.665	9397.515	10230.128	173.79333	10547.5205	9977.785	1000.0	1000.0	351999	664.3327	148.19675	845.3486	3.2770295	664.3341	148.19614	846.8455	3.354538	5.961477	4.3780622	36.967117	-13.474813	-664.0888	48.734642	16203.308334827423
89	10234.131	83.68956	10349.19	10084.721	9607.343	139.03471	9758.083	9380.05	9607.343	139.03471	9758.083	9380.05	10234.131	83.68956	10349.19	10084.721	1000.0	1000.0	355999	668.1	148.30078	851.4248	3.299497	668.10016	148.3038	846.2145	3.3756897	6.008029	4.373135	44.65995	-13.029727	-667.84973	47.90847	16377.30927324295
90	9824.326	51.506794	9910.871	9739.932	9660.488	85.01377	9796.199	9566.566	9660.488	85.01377	9796.199	9566.566	9824.326	51.506794	9910.871	9739.932	1000.0	1000.0	359999	671.5075	147.69865	850.9811	3.3215418	671.50745	147.70416	848.00995	3.3971848	5.952427	4.3487196	56.49801	-11.390432	-671.18854	49.020393	16549.597516059875
91	10210.525	137.60825	10354.327	9950.26	9666.859	131.33089	9880.446	9521.8955	9666.859	131.33089	9880.446	9521.8955	10210.525	137.60825	10354.327	9950.26	1000.0	1000.0	363999	673.5747	148.48198	850.336	3.3423398	673.5744	148.48453	852.328	3.420108	6.046419	4.3846817	42.618473	-11.399839	-673.2786	51.325462	16728.52801299095
92	10343.752	158.12794	10646.786	10147.348	9689.036	92.41906	9803.821	9565.707	9689.036	92.41906	9803.821	9565.707	10343.752	158.12794	10646.786	10147.348	1000.0	1000.0	367999	676.8009	148.77989	855.5325	3.362872	676.80255	148.7802	855.36304	3.4402082	6.1550565	4.403144	47.389084	-11.731986	-676.5276	49.92534	16944.567467451096
93	10061.256	109.30006	10291.9375	9887.554	9637.145	63.10823	9714.855	9539.042	9637.145	63.10823	9714.855	9539.042	10061.256	109.30006	10291.9375	9887.554	1000.0	1000.0	371999	679.768	148.60222	855.921	3.3834064	679.7688	148.6021	855.3861	3.458776	6.1357536	4.352133	50.95061	-13.164976	-679.4538	49.50418	17160.998735189438
94	10387.111	108.8899	10548.733	10218.563	9784.775	19.524208	9803.69	9756.68	9784.775	19.524208	9803.69	9756.68	10387.111	108.8899	10548.733	10218.563	1000.0	1000.0	375999	682.7895	148.12875	857.3242	3.4047298	682.78973	148.13092	858.94995	3.4775271	6.19211	4.3789935	41.91406	-13.727487	-682.4968	47.3504	17358.611963510513
95	10442.279	132.39062	10600.565	10138.1045	9778.428	240.38925	10040.432	9407.16	9778.428	240.38925	10040.432	9407.16	10442.279	132.39062	10600.565	10138.1045	1000.0	1000.0	379999	685.6029	148.51515	859.8673	3.427304	685.60266	148.51924	862.54865	3.5002072	6.161329	4.3527265	42.430004	-13.622282	-685.29565	48.708786	17527.232570886612
96	10545.854	108.35969	10727.559	10345.754	9893.277	122.555405	10076.181	9730.79	9893.277	122.555405	10076.181	9730.79	10545.854	108.35969	10727.559	10345.754	1000.0	1000.0	383999	688.9309	148.25781	862.68475	3.447402	688.9311	148.26051	863.1474	3.5221374	6.1746817	4.3804846	41.64589	-11.640465	-688.5641	49.873634	17694.921622753143
97	10375.617	98.670906	10519.434	10153.791	9823.694	67.9044	9892.947	9737.089	9823.694	67.9044	9892.947	9737.089	10375.617	98.670906	10519.434	10153.791	1000.0	1000.0	387999	691.628	148.6847	875.5411	3.4685206	691.6275	148.69019	870.77466	3.543686	6.241326	4.3468623	55.495037	-12.3224945	-691.2808	51.220985	17862.466297388077
98	10383.658	121.70881	10600.535	10126.204	9927.391	197.07472	10240.422	9699.795	9927.391	197.07472	10240.422	9699.795	10383.658	121.70881	10600.535	10126.204	1000.0	1000.0	391999	694.17865	148.76968	870.5697	3.4875882	694.17926	148.7676	867.8126	3.564868	6.254285	4.405417	45.16719	-12.041657	-693.8429	51.7102	18034.900544643402
99	10407.12	133.3101	10540.538	10041.297	9875.116	111.583374	10001.766	9698.962	9875.116	111.583374	10001.766	9698.962	10407.12	133.3101	10540.538	10041.297	1000.0	1000.0	395999	696.4364	149.3981	872.14716	3.5103106	696.4377	149.39842	871.26965	3.5854197	6.208877	4.3679953	50.469215	-15.283911	-696.0592	49.171715	18207.03136253357
100	9755.211	147.46681	9959.129	9503.545	9966.1045	139.84961	10141.42	9764.991	9966.1045	139.84961	10141.42	9764.991	9755.211	147.46681	9959.129	9503.545	1000.0	1000.0	399999	699.6232	148.19641	871.7818	3.5311396	699.62335	148.2014	872.03815	3.603978	6.2970405	4.4134254	51.43232	-13.13403	-699.2642	50.227955	18379.817944049835
101	10619.973	141.61761	10875.369	10422.057	10046.91	86.04218	10167.311	9950.518	10046.91	86.04218	10167.311	9950.518	10619.973	141.61761	10875.369	10422.057	1000.0	1000.0	403999	702.37103	148.67085	871.8042	3.5508766	702.3713	148.67189	871.97266	3.6255322	6.216429	4.3677707	49.939934	-12.894139	-701.98737	47.674282	18574.305834531784
102	10712.52	90.357315	10832.365	10579.89	9870.989	199.87	10090.31	9600.341	9870.989	199.87	10090.31	9600.341	10712.52	90.357315	10832.365	10579.89	1000.0	1000.0	407999	704.20337	149.59377	877.7375	3.5709116	704.20416	149.59392	875.9405	3.6459846	6.190751	4.382927	52.011257	-12.843262	-703.79236	48.272385	18809.635508298874
103	10480.224	87.71434	10676.095	10355.268	10115.337	108.68284	10219.374	9960.522	10115.337	108.68284	10219.374	9960.522	10480.224	87.71434	10676.095	10355.268	1000.0	1000.0	411999	706.1051	149.81291	876.0114	3.5917907	706.1055	149.81496	877.72864	3.6640444	6.2568765	4.365364	46.806484	-13.850792	-705.6864	48.485912	19046.244051218033
104	10432.365	99.92785	10608.101	10273.348	7840.0537	3745.579	10119.277	1353.7627	7840.0537	3745.579	10119.277	1353.7627	10432.365	99.92785	10608.101	10273.348	1000.0	1000.0	415999	708.94183	149.13396	879.0	3.6102493	708.94214	149.13547	879.89264	3.6825657	6.4299545	4.413555	45.17659	-12.753869	-708.56323	49.82542	19286.956892967224
105	10806.955	126.4929	11029.523	10576.416	9953.797	138.86385	10192.486	9847.283	9953.797	138.86385	10192.486	9847.283	10806.955	126.4929	11029.523	10576.416	1000.0	1000.0	419999	710.54016	152.18588	884.25305	3.631774	710.5401	152.18707	884.5189	3.7037263	6.3382792	4.421695	40.4562	-10.7944145	-710.1187	53.731743	19528.438514471054
106	10436.747	151.18613	10683.156	10179.539	10041.885	115.87946	10166.357	9898.209	10041.885	115.87946	10166.357	9898.209	10436.747	151.18613	10683.156	10179.539	1000.0	1000.0	423999	712.54	153.03735	885.9616	3.6531641	712.5408	153.04118	887.93146	3.7247858	6.337018	4.420268	43.202072	-12.637482	-712.113	52.496292	19749.576481580734
107	10802.329	71.7956	10888.267	10678.211	9959.906	121.96801	10095.799	9794.635	9959.906	121.96801	10095.799	9794.635	10802.329	71.7956	10888.267	10678.211	1000.0	1000.0	427999	715.04535	152.26826	887.7942	3.6759663	715.04504	152.27069	890.0256	3.7483423	6.361286	4.410969	43.123013	-12.904871	-714.59204	52.41282	19927.15333390236
108	10787.745	102.09381	10985.09	10663.667	9948.626	157.23625	10100.766	9727.811	9948.626	157.23625	10100.766	9727.811	10787.745	102.09381	10985.09	10663.667	1000.0	1000.0	431999	716.63666	152.73529	888.93365	3.6988292	716.6372	152.7358	892.08093	3.7719688	6.405104	4.4338474	54.884014	-14.969839	-716.1863	53.701157	20103.921340465546
109	10409.535	155.85258	10645.668	10078.81	8944.738	1810.531	10343.063	5833.6123	8944.738	1810.531	10343.063	5833.6123	10409.535	155.85258	10645.668	10078.81	1000.0	1000.0	435999	718.6354	152.90294	892.42	3.723333	718.6354	152.90807	890.8678	3.794917	6.3376756	4.369157	62.92341	-11.178378	-718.2027	53.3597	20280.571597337723
110	9065.236	3104.4854	10808.059	2085.7114	10058.427	133.12202	10231.506	9872.207	10058.427	133.12202	10231.506	9872.207	9065.236	3104.4854	10808.059	2085.7114	1000.0	1000.0	439999	720.3443	153.50862	903.7266	3.7455149	720.3442	153.5143	900.75433	3.8195884	6.410396	4.417744	43.405666	-12.9133835	-719.8475	61.375168	20524.090284585953
111	10440.799	74.663506	10523.445	10315.88	8869.23	1904.6166	10047.247	5573.072	8869.23	1904.6166	10047.247	5573.072	10440.799	74.663506	10523.445	10315.88	1000.0	1000.0	443999	721.71136	154.2728	894.4809	3.772439	721.71063	154.27893	892.6919	3.848719	6.4394145	4.424876	54.254196	-12.292851	-721.2161	58.48875	20773.04114675522
112	10784.783	122.76778	10926.343	10507.998	10064.408	143.03607	10202.922	9832.408	10064.408	143.03607	10202.922	9832.408	10784.783	122.76778	10926.343	10507.998	1000.0	1000.0	447999	722.3259	154.97766	895.03143	3.7930624	722.3268	154.97937	893.90656	3.8717802	6.4534245	4.4453845	53.131424	-11.533463	-721.81836	56.198578	20988.051978588104
113	9464.562	2523.861	11016.003	2389.0706	10052.415	107.02593	10165.847	9911.322	10052.415	107.02593	10165.847	9911.322	9464.562	2523.861	11016.003	2389.0706	1000.0	1000.0	451999	724.0756	154.83052	903.3665	3.8144643	724.07587	154.8319	898.53986	3.8912096	6.5237494	4.4369	50.20716	-13.584261	-723.60223	54.95852	21171.564779281616
114	10584.589	157.77846	10836.075	10337.125	10201.542	190.5863	10390.384	9892.765	10201.542	190.5863	10390.384	9892.765	10584.589	157.77846	10836.075	10337.125	1000.0	1000.0	455999	726.01904	155.08421	902.2171	3.8372772	726.0193	155.08916	901.7736	3.9147618	6.507745	4.4283338	60.253956	-14.179445	-725.50616	58.57467	21354.447632551193
115	10551.672	113.021774	10728.49	10355.15	10314.032	133.07185	10521.7295	10186.912	10314.032	133.07185	10521.7295	10186.912	10551.672	113.021774	10728.49	10355.15	1000.0	1000.0	459999	727.7266	155.70097	913.8123	3.8608704	727.7274	155.70085	917.3394	3.9389486	6.4854956	4.4234138	55.44983	-12.616156	-727.2255	60.754547	21536.360687971115
116	10474.503	110.1725	10631.07	10281.23	10179.254	164.83775	10413.198	10003.367	10179.254	164.83775	10413.198	10003.367	10474.503	110.1725	10631.07	10281.23	1000.0	1000.0	463999	730.08777	154.75589	917.979	3.8862112	730.0884	154.75797	918.222	3.961895	6.4408627	4.419928	54.005043	-13.334839	-729.5882	59.184143	21716.92146205902
117	9975.7295	2418.6604	11104.022	3049.648	6778.263	3487.6775	10430.189	2922.1904	6778.263	3487.6775	10430.189	2922.1904	9975.7295	2418.6604	11104.022	3049.648	1000.0	1000.0	467999	730.5847	157.12735	922.40405	3.9086497	730.5844	157.13123	920.24585	3.9846525	6.4788036	4.4600244	62.491257	-12.331286	-730.0563	57.51183	21899.47253036499
118	10883.039	112.07357	11108.882	10760.192	10225.365	149.56796	10418.187	10010.887	10225.365	149.56796	10418.187	10010.887	10883.039	112.07357	11108.882	10760.192	1000.0	1000.0	471999	730.9357	159.77061	926.1519	3.931685	730.936	159.77496	925.3188	4.0086317	6.497854	4.473439	54.418167	-13.725107	-730.34705	63.75455	22079.93634057045
119	10839.745	109.400345	11116.152	10715.402	10054.076	181.34888	10360.7	9891.177	10054.076	181.34888	10360.7	9891.177	10839.745	109.400345	11116.152	10715.402	1000.0	1000.0	475999	732.44745	159.47649	928.4644	3.9576356	732.44806	159.48163	925.9926	4.034813	6.448521	4.428514	68.91702	-12.636192	-731.8833	61.615875	22314.150377750397
120	10430.06	137.95996	10661.62	10202.069	10151.788	96.31428	10250.835	10002.146	10151.788	96.31428	10250.835	10002.146	10430.06	137.95996	10661.62	10202.069	1000.0	1000.0	479999	734.4482	158.84842	926.8224	3.9813418	734.4474	158.85567	925.1362	4.059133	6.5009356	4.4478908	60.04925	-13.17673	-733.89087	64.09394	22553.9434363842
121	10778.685	147.17287	11006.845	10517.911	10365.93	39.923294	10402.852	10307.225	10365.93	39.923294	10402.852	10307.225	10778.685	147.17287	11006.845	10517.911	1000.0	1000.0	483999	736.4734	158.31404	927.8702	4.005453	736.47424	158.3135	923.6341	4.085402	6.6089993	4.4554467	58.145596	-11.094391	-735.9292	61.43972	22771.730814933777
122	10792.583	90.1975	10976.386	10653.715	10297.37	70.30328	10415.196	10233.873	10297.37	70.30328	10415.196	10233.873	10792.583	90.1975	10976.386	10653.715	1000.0	1000.0	487999	737.86865	158.56413	928.07764	4.030486	737.86926	158.56458	925.8052	4.110574	6.5801	4.433361	50.89482	-11.151674	-737.265	63.328243	22954.446373462677
123	11066.6	91.33753	11210.269	10922.25	10289.275	191.0944	10454.622	9965.561	10289.275	191.0944	10454.622	9965.561	11066.6	91.33753	11210.269	10922.25	1000.0	1000.0	491999	739.9334	158.17705	930.3133	4.0558734	739.9346	158.1782	932.7772	4.1347613	6.588048	4.4734	55.38859	-12.302145	-739.34863	61.204205	23136.475679636
124	10978.224	125.993065	11211.417	10771.03	9644.722	1056.0918	10336.386	7819.228	9644.722	1056.0918	10336.386	7819.228	10978.224	125.993065	11211.417	10771.03	1000.0	1000.0	495999	741.0433	158.64784	926.7778	4.0814767	741.0425	158.65347	926.1453	4.158811	6.557397	4.436466	58.72218	-15.58946	-740.46936	60.547447	23322.073026895523
125	9298.292	2653.0547	10529.005	1666.4479	10271.863	102.784676	10358.361	10096.709	10271.863	102.784676	10358.361	10096.709	9298.292	2653.0547	10529.005	1666.4479	1000.0	1000.0	499999	742.0482	159.16313	927.8385	4.104455	742.04895	159.1666	928.803	4.1845922	6.660211	4.4747114	62.493923	-11.545255	-741.4833	61.62565	23530.57799100876
126	10868.553	107.53808	11045.894	10727.836	10251.504	138.75963	10398.001	10028.428	10251.504	138.75963	10398.001	10028.428	10868.553	107.53808	11045.894	10727.836	1000.0	1000.0	503999	743.3523	158.78177	930.77954	4.128621	743.35297	158.78494	930.31964	4.208034	6.608721	4.465889	52.55242	-13.976729	-742.7628	58.342712	23709.07653236389
127	10759.073	68.062805	10891.481	10662.785	10408.04	140.8036	10614.742	10228.096	10408.04	140.8036	10614.742	10228.096	10759.073	68.062805	10891.481	10662.785	1000.0	1000.0	507999	745.1027	159.00558	933.1273	4.153692	745.1024	159.00955	928.88605	4.234375	6.6204586	4.4594703	76.32818	-11.558546	-744.4838	62.920258	23887.59840130806
128	11068.539	96.5834	11200.298	10840.162	10258.334	119.35838	10416.514	10082.573	10258.334	119.35838	10416.514	10082.573	11068.539	96.5834	11200.298	10840.162	1000.0	1000.0	511999	746.7762	159.05615	932.03815	4.1793704	746.7762	159.06018	933.0162	4.2614975	6.6493263	4.4385357	64.45895	-12.247719	-746.1333	57.045273	24066.619337558746
129	10671.185	97.637794	10775.303	10424.307	10453.617	57.724857	10527.057	10376.433	10453.617	57.724857	10527.057	10376.433	10671.185	97.637794	10775.303	10424.307	1000.0	1000.0	515999	748.89453	159.01678	936.1905	4.202812	748.8955	159.02118	932.8916	4.2862782	6.6403065	4.511837	86.59883	-11.520588	-748.2656	60.735172	24269.549246549606
130	10772.858	88.27075	10876.893	10579.424	10341.455	64.40103	10394.207	10235.066	10341.455	64.40103	10394.207	10235.066	10772.858	88.27075	10876.893	10579.424	1000.0	1000.0	519999	750.6751	158.4402	934.09796	4.228538	750.67395	158.44502	932.8008	4.312648	6.6881733	4.4938745	51.17028	-13.811931	-750.0693	58.75117	24466.849613189697
131	10801.139	91.39336	11020.854	10682.144	10429.38	89.97636	10568.222	10325.738	10429.38	89.97636	10568.222	10325.738	10801.139	91.39336	11020.854	10682.144	1000.0	1000.0	523999	751.98737	159.08421	934.3195	4.2520413	751.98834	159.08665	933.4947	4.338613	6.6652412	4.493533	43.23696	-13.2663765	-751.33594	65.00571	24658.986120939255
132	10893.755	104.765236	11074.19	10708.513	10391.749	258.2925	10726.455	10060.981	10391.749	258.2925	10726.455	10060.981	10893.755	104.765236	11074.19	10708.513	1000.0	1000.0	527999	753.9616	158.74054	933.56683	4.278734	753.9628	158.7416	936.0217	4.364119	6.692251	4.490042	45.47462	-11.984274	-753.3308	63.72318	24837.82282114029
133	11182.145	80.70122	11286.8545	11028.379	10470.817	109.57784	10607.091	10310.761	10470.817	109.57784	10607.091	10310.761	11182.145	80.70122	11286.8545	11028.379	1000.0	1000.0	531999	755.7814	158.22342	934.40344	4.3042703	755.7815	158.22713	932.8773	4.387814	6.7566977	4.529307	48.46902	-13.284135	-755.1449	58.961353	25016.877715349197
134	11055.683	91.970856	11206.844	10950.943	10306.316	175.21765	10443.832	10006.888	10306.316	175.21765	10443.832	10006.888	11055.683	91.970856	11206.844	10950.943	1000.0	1000.0	535999	757.3003	158.52637	939.2089	4.3289237	757.3005	158.53062	939.8213	4.4131	6.668894	4.491006	60.85394	-11.798267	-756.6474	62.106388	25203.082362651825
135	10657.156	126.38287	10807.987	10456.724	10486.463	74.57733	10569.501	10370.078	10486.463	74.57733	10569.501	10370.078	10657.156	126.38287	10807.987	10456.724	1000.0	1000.0	539999	759.47314	158.9911	939.19385	4.35348	759.47186	158.99858	939.5517	4.440156	6.788011	4.5134306	53.916107	-14.94867	-758.8262	61.961056	25430.18831062317
136	10745.92	858.8963	11273.218	8196.58	10443.729	117.43004	10520.21	10240.553	10443.729	117.43004	10520.21	10240.553	10745.92	858.8963	11273.218	8196.58	1000.0	1000.0	543999	761.3785	157.00505	938.2415	4.377223	761.37946	157.0044	941.57385	4.4664745	6.685845	4.4569345	51.16032	-14.018	-760.70844	56.352707	25657.403691530228
137	10539.51	1122.1086	11127.785	7205.3853	8854.055	3034.859	10765.289	3600.264	8854.055	3034.859	10765.289	3600.264	10539.51	1122.1086	11127.785	7205.3853	1000.0	1000.0	547999	762.78986	158.07968	943.2819	4.401218	762.78973	158.08542	944.6821	4.488105	6.627689	4.4521604	57.64978	-12.310023	-762.1416	54.770336	25859.709114551544
138	10794.694	99.410706	11060.807	10721.93	10430.6045	170.11603	10682.462	10210.881	10430.6045	170.11603	10682.462	10210.881	10794.694	99.410706	11060.807	10721.93	1000.0	1000.0	551999	763.03064	160.3343	941.8204	4.423198	763.03094	160.33653	940.9968	4.5106463	6.657708	4.4572115	46.338448	-15.272905	-762.3713	60.079086	26038.67018508911
139	10913.964	103.41001	11147.999	10779.478	8439.735	3409.8735	10474.772	2534.8792	8439.735	3409.8735	10474.772	2534.8792	10913.964	103.41001	11147.999	10779.478	1000.0	1000.0	555999	764.61743	160.23715	944.1638	4.4464564	764.61774	160.24167	944.57904	4.5342126	6.679037	4.441603	46.244545	-11.799941	-763.92847	61.559258	26217.210291147232
140	10732.897	194.9981	11014.025	10444.947	10639.602	87.00478	10735.112	10537.08	10639.602	87.00478	10735.112	10537.08	10732.897	194.9981	11014.025	10444.947	1000.0	1000.0	559999	765.18787	162.58154	947.28784	4.470844	765.1882	162.58214	946.1633	4.5601573	6.7528863	4.465991	56.47483	-12.343835	-764.53467	64.97585	26395.9729013443
141	10707.693	114.51823	10948.477	10523.16	10388.07	189.83232	10701.165	10231.018	10388.07	189.83232	10701.165	10231.018	10707.693	114.51823	10948.477	10523.16	1000.0	1000.0	563999	767.52185	161.67426	948.65375	4.4970818	767.5227	161.67479	948.9492	4.5859733	6.7152042	4.430508	42.43589	-14.571907	-766.8147	72.35605	26580.381514787674
142	11245.846	119.85145	11421.499	11058.961	10599.527	45.184204	10670.125	10548.526	10599.527	45.184204	10670.125	10548.526	11245.846	119.85145	11421.499	11058.961	1000.0	1000.0	567999	767.8187	161.97595	949.3286	4.523751	767.8192	161.97282	947.0679	4.611266	6.7695975	4.4474306	42.640495	-12.865277	-767.1334	62.652985	26764.23522758484
143	10102.531	2717.5176	11149.739	1956.3739	10547.098	115.737885	10735.162	10443.541	10547.098	115.737885	10735.162	10443.541	10102.531	2717.5176	11149.739	1956.3739	1000.0	1000.0	571999	769.9516	161.49564	948.31573	4.5506334	769.9506	161.50407	944.97076	4.636827	6.7731714	4.5062175	44.539665	-11.329805	-769.22626	66.37869	26947.999490976334
144	11239.385	76.46759	11367.862	11065.093	10469.459	152.60532	10634.434	10296.875	10469.459	152.60532	10634.434	10296.875	11239.385	76.46759	11367.862	11065.093	1000.0	1000.0	575999	771.0196	161.95047	946.84784	4.574401	771.0196	161.9531	946.75946	4.6647243	6.75537	4.4810696	48.62857	-11.773624	-770.3475	59.3914	27132.579882144928
145	10575.625	129.17216	10753.51	10303.872	8169.7515	4294.678	10759.432	732.6984	8169.7515	4294.678	10759.432	732.6984	10575.625	129.17216	10753.51	10303.872	1000.0	1000.0	579999	772.3633	161.63133	950.6324	4.6021643	772.36346	161.6319	948.95636	4.694324	6.7354517	4.466107	57.20937	-13.403451	-771.64777	64.60771	27319.07961320877
146	11138.33	127.715065	11362.133	10959.462	10544.639	64.56264	10644.693	10478.605	10544.639	64.56264	10644.693	10478.605	11138.33	127.715065	11362.133	10959.462	1000.0	1000.0	583999	771.8924	164.63353	955.00885	4.62896	771.8921	164.63829	954.19037	4.7220745	6.7116256	4.459133	67.937935	-11.193489	-771.164	65.7555	27503.56851696968
147	11098.768	146.40703	11375.024	10896.4795	10354.594	111.58926	10522.861	10209.219	10354.594	111.58926	10522.861	10209.219	11098.768	146.40703	11375.024	10896.4795	1000.0	1000.0	587999	773.7549	163.59282	946.1076	4.6559873	773.75494	163.59663	945.71014	4.751882	6.782459	4.490765	47.350334	-13.032482	-773.07996	65.02974	27687.798691034317
148	10856.889	112.11752	11081.967	10658.025	10535.73	35.42845	10594.295	10500.663	10535.73	35.42845	10594.295	10500.663	10856.889	112.11752	11081.967	10658.025	1000.0	1000.0	591999	775.7624	163.22311	951.60333	4.68211	775.76294	163.2258	950.89404	4.7786326	6.75884	4.488652	68.074265	-13.432233	-775.0521	62.545803	27873.406945466995
149	10545.327	1659.2468	11357.211	5589.2773	10586.165	76.66532	10671.067	10489.554	10586.165	76.66532	10671.067	10489.554	10545.327	1659.2468	11357.211	5589.2773	1000.0	1000.0	595999	776.9338	163.8444	951.89026	4.709947	776.93304	163.85071	950.40186	4.806708	6.7376804	4.450701	51.928265	-13.906827	-776.23895	58.856476	28060.45312190056
150	11086.39	141.70175	11342.434	10878.042	10367.797	173.39749	10601.818	10188.721	10367.797	173.39749	10601.818	10188.721	11086.39	141.70175	11342.434	10878.042	1000.0	1000.0	599999	778.1074	163.95125	952.3065	4.7353067	778.10736	163.95328	950.6046	4.834675	6.786496	4.4470162	80.42194	-14.107944	-777.3715	62.62842	28242.358520507812
151	11056.814	62.55831	11166.202	10947.542	10461.289	195.31097	10727.771	10235.357	10461.289	195.31097	10727.771	10235.357	11056.814	62.55831	11166.202	10947.542	1000.0	1000.0	603999	779.34247	163.36551	955.46246	4.7624626	779.34375	163.36945	952.00073	4.8653955	6.8221445	4.4903054	62.33184	-11.711253	-778.5705	72.67183	28418.41880583763
152	11174.565	131.15808	11305.433	10864.794	10618.319	64.68478	10678.422	10509.161	10618.319	64.68478	10678.422	10509.161	11174.565	131.15808	11305.433	10864.794	1000.0	1000.0	607999	779.83093	163.45865	953.1794	4.790809	779.8303	163.4606	952.21387	4.8928328	6.7946687	4.46811	54.976788	-12.903456	-779.09314	73.11674	28594.55305504799
153	11350.544	126.25121	11544.019	11112.457	10656.884	139.42978	10851.893	10459.448	10656.884	139.42978	10851.893	10459.448	11350.544	126.25121	11544.019	11112.457	1000.0	1000.0	611999	781.2896	162.60336	950.93024	4.8208895	781.291	162.60144	952.12787	4.924946	6.695504	4.4341645	69.820724	-12.673507	-780.56335	57.899803	28770.007200956345
154	10689.075	135.6379	10882.97	10458.666	10522.717	109.207245	10700.832	10422.862	10522.717	109.207245	10700.832	10422.862	10689.075	135.6379	10882.97	10458.666	1000.0	1000.0	615999	782.7248	163.00293	953.3507	4.846953	782.72375	163.01065	955.20844	4.9480233	6.7791224	4.477614	71.76422	-13.926459	-781.976	63.99817	28951.122714281082
155	10947.712	103.93073	11096.421	10721.9795	10545.629	137.28444	10657.682	10312.672	10545.629	137.28444	10657.682	10312.672	10947.712	103.93073	11096.421	10721.9795	1000.0	1000.0	619999	783.91614	162.99611	956.07886	4.8717833	783.9161	163.00002	956.5927	4.977421	6.7292304	4.458039	68.30347	-11.562332	-783.1325	71.17967	29131.76293206215
156	11032.293	146.87717	11271.855	10815.532	8949.535	2689.3792	10641.298	4295.2485	8949.535	2689.3792	10641.298	4295.2485	11032.293	146.87717	11271.855	10815.532	1000.0	1000.0	623999	784.41327	163.18231	957.8624	4.898712	784.41296	163.18933	955.4343	5.006441	6.7863774	4.4695334	45.331173	-11.8461685	-783.6109	73.21697	29311.703078746796
157	11425.799	98.04564	11602.867	11316.673	10451.454	92.24449	10594.124	10340.102	10451.454	92.24449	10594.124	10340.102	11425.799	98.04564	11602.867	11316.673	1000.0	1000.0	627999	784.61346	164.43445	958.01843	4.9253445	784.6128	164.44168	956.9529	5.035415	6.904902	4.5691414	50.668774	-11.476789	-783.83856	78.402824	29490.791368722916
158	10972.671	125.13543	11180.851	10802.238	10720.817	190.31897	11040.334	10538.129	10720.817	190.31897	11040.334	10538.129	10972.671	125.13543	11180.851	10802.238	1000.0	1000.0	631999	785.92017	164.26398	958.3826	4.9540353	785.92145	164.26505	957.5117	5.0677433	6.9001293	4.5533714	58.169918	-12.777946	-785.1647	76.508	29669.173566818237
159	10611.342	217.08842	10875.216	10052.976	10580.872	180.7121	10860.747	10361.963	10580.872	180.7121	10860.747	10361.963	10611.342	217.08842	10875.216	10052.976	1000.0	1000.0	635999	787.24023	163.9919	958.62823	4.982606	787.2407	163.98976	958.76697	5.0948067	6.887265	4.536962	62.388683	-12.40971	-786.4709	66.36334	29847.110366106033
160	11283.775	120.19436	11487.775	11065.498	10738.208	32.202507	10778.555	10690.01	10738.208	32.202507	10778.555	10690.01	11283.775	120.19436	11487.775	11065.498	1000.0	1000.0	639999	788.18976	164.35207	961.1703	5.006742	788.18945	164.35414	957.91766	5.1184535	6.9115877	4.5062156	47.538406	-11.319502	-787.3809	74.49447	30044.743586063385
161	11234.186	123.61449	11485.202	11074.652	10744.281	80.878746	10847.412	10620.587	10744.281	80.878746	10847.412	10620.587	11234.186	123.61449	11485.202	11074.652	1000.0	1000.0	643999	789.02026	163.91899	959.52625	5.032106	789.0203	163.92625	959.40643	5.145275	6.9089036	4.5293202	60.136894	-12.644213	-788.1935	63.79997	30285.29490160942
162	11578.919	92.55317	11689.701	11442.191	10725.039	189.33176	11019.903	10508.776	10725.039	189.33176	11019.903	10508.776	11578.919	92.55317	11689.701	11442.191	1000.0	1000.0	647999	790.13574	163.36282	963.80817	5.0573583	790.136	163.36717	962.7477	5.172731	6.880576	4.497419	71.41246	-15.492763	-789.3784	63.865948	30525.875485658646
163	10537.271	2674.8079	11496.88	2514.2234	10689.176	177.1213	10926.248	10498.44	10689.176	177.1213	10926.248	10498.44	10537.271	2674.8079	11496.88	2514.2234	1000.0	1000.0	651999	792.148	163.89464	967.8139	5.081865	792.1475	163.89886	965.4295	5.1989174	6.7957425	4.466652	47.4386	-14.392344	-791.3856	64.097015	30721.581711292267
164	11426.93	91.231705	11534.643	11211.182	10739.596	51.976925	10820.242	10686.787	10739.596	51.976925	10820.242	10686.787	11426.93	91.231705	11534.643	11211.182	1000.0	1000.0	655999	793.9452	162.93448	972.2195	5.107127	793.9457	162.93901	967.5129	5.2264996	6.944018	4.509178	80.166626	-11.825417	-793.1471	67.90701	30907.146399259567
165	10719.259	134.17998	10893.691	10548.299	9143.844	2775.1694	10956.15	4342.95	9143.844	2775.1694	10956.15	4342.95	10719.259	134.17998	10893.691	10548.299	1000.0	1000.0	659999	794.84033	163.0892	962.82336	5.134805	794.8401	163.09135	966.43024	5.2560925	6.9063544	4.5161657	55.18047	-10.952614	-793.9907	77.89839	31133.4639210701
166	10525.698	2450.5923	11515.975	3183.7158	10767.112	142.5705	10908.027	10536.612	10767.112	142.5705	10908.027	10536.612	10525.698	2450.5923	11515.975	3183.7158	1000.0	1000.0	663999	794.6879	164.50372	970.0931	5.1629496	794.6882	164.51118	967.53033	5.2834826	6.818485	4.4775205	98.45746	-12.512926	-793.9047	62.25015	31342.471039056778
167	11517.222	126.19973	11709.881	11318.661	10706.927	97.67952	10874.854	10634.618	10706.927	97.67952	10874.854	10634.618	11517.222	126.19973	11709.881	11318.661	1000.0	1000.0	667999	795.9664	164.655	970.5697	5.1870356	795.9662	164.66205	974.15466	5.3094363	6.9000287	4.5516677	53.15181	-12.932905	-795.1042	78.44363	31548.631191253662
168	11189.293	168.74727	11421.52	10835.356	10673.362	224.11176	11041.289	10452.488	10673.362	224.11176	11041.289	10452.488	11189.293	168.74727	11421.52	10835.356	1000.0	1000.0	671999	797.1239	163.0528	968.2681	5.215567	797.12463	163.05502	965.5528	5.3408256	6.9438677	4.5154014	46.257862	-11.828048	-796.3225	68.473595	31754.71501803398
169	11322.744	82.6484	11469.201	11176.785	10559.422	91.63558	10673.738	10439.087	10559.422	91.63558	10673.738	10439.087	11322.744	82.6484	11469.201	11176.785	1000.0	1000.0	675999	797.53674	163.27324	970.69214	5.2412524	797.53613	163.2785	976.3273	5.3652234	6.9198174	4.508728	67.09248	-13.502661	-796.6704	68.35694	31961.634300231934
170	11129.258	81.9892	11269.399	10982.536	10889.641	65.63393	10973.647	10790.856	10889.641	65.63393	10973.647	10790.856	11129.258	81.9892	11269.399	10982.536	1000.0	1000.0	679999	798.0389	163.96793	971.14557	5.2656584	798.0396	163.96954	969.2581	5.3927937	6.9232607	4.494441	59.82096	-13.428176	-797.24396	67.38605	32134.599662303925
171	11363.79	111.52429	11578.619	11185.611	10871.876	143.38649	11071.7295	10691.254	10871.876	143.38649	11071.7295	10691.254	11363.79	111.52429	11578.619	11185.611	1000.0	1000.0	683999	799.4361	164.37866	975.02545	5.292764	799.4349	164.38774	976.9852	5.4188976	6.952998	4.4637284	63.100574	-12.021095	-798.61194	72.40965	32307.216278791428
172	11340.635	169.80547	11720.42	11098.418	10736.822	28.429083	10777.709	10697.389	10736.822	28.429083	10777.709	10697.389	11340.635	169.80547	11720.42	11098.418	1000.0	1000.0	687999	800.698	164.39459	970.414	5.3190913	800.69666	164.40154	970.36	5.4492416	6.8934283	4.460948	53.064137	-13.87687	-799.8634	65.35159	32476.224035978317
173	11563.006	161.46864	11859.388	11232.927	10725.443	78.08418	10833.335	10636.098	10725.443	78.08418	10833.335	10636.098	11563.006	161.46864	11859.388	11232.927	1000.0	1000.0	691999	802.256	164.07106	973.38605	5.345081	802.25653	164.07216	971.56104	5.479644	6.9660487	4.4752584	49.060432	-13.873154	-801.44	62.138306	32651.91397213936
174	11360.814	112.04072	11520.866	11160.99	10206.486	903.7586	10915.347	8663.537	10206.486	903.7586	10915.347	8663.537	11360.814	112.04072	11520.866	11160.99	1000.0	1000.0	695999	802.9632	163.96254	974.4585	5.3703904	802.9643	163.95898	975.19147	5.5047574	6.9536085	4.456231	80.36478	-13.341982	-802.13965	64.779976	32826.94426226616
175	11150.42	140.81607	11403.785	10876.214	10899.437	99.99487	11022.97	10783.568	10899.437	99.99487	11022.97	10783.568	11150.42	140.81607	11403.785	10876.214	1000.0	1000.0	699999	804.3157	164.53394	981.15027	5.3952656	804.31726	164.53226	979.946	5.525787	6.9270477	4.452137	62.38695	-12.085111	-803.4766	68.04987	33002.79062509537
176	11633.287	187.42664	11921.743	11266.189	10852.662	89.71594	10951.496	10707.392	10852.662	89.71594	10951.496	10707.392	11633.287	187.42664	11921.743	11266.189	1000.0	1000.0	703999	805.6648	163.66824	974.5242	5.420104	805.6657	163.66602	973.60297	5.546613	6.9626756	4.4419184	73.840065	-16.328941	-804.8227	66.249466	33205.074380636215
177	11156.217	145.71402	11402.445	10920.353	10840.326	100.32706	10945.88	10679.626	10840.326	100.32706	10945.88	10679.626	11156.217	145.71402	11402.445	10920.353	1000.0	1000.0	707999	806.8154	163.8037	981.6214	5.446903	806.818	163.79741	974.0283	5.5713477	7.0524535	4.511452	79.791954	-12.836724	-805.99835	67.596695	33442.53806400299
178	11131.186	125.7637	11309.613	10893.504	10845.648	218.65843	11172.542	10579.989	10845.648	218.65843	11172.542	10579.989	11131.186	125.7637	11309.613	10893.504	1000.0	1000.0	711999	808.3487	164.627	977.8887	5.4726257	808.34894	164.62532	975.3539	5.5914164	6.978307	4.4557147	52.209034	-10.6502495	-807.5331	70.26698	33680.53738832474
179	11311.452	114.78525	11470.232	11063.052	9297.838	2915.6064	11140.725	4250.8257	9297.838	2915.6064	11140.725	4250.8257	11311.452	114.78525	11470.232	11063.052	1000.0	1000.0	715999	809.2033	165.17206	979.7719	5.4975567	809.20465	165.17052	977.22516	5.613523	7.0062895	4.5022087	85.88683	-11.943936	-808.32825	75.9485	33863.28598308563
180	11297.459	77.90914	11457.362	11217.647	10844.078	204.20999	11110.57	10580.182	10844.078	204.20999	11110.57	10580.182	11297.459	77.90914	11457.362	11217.647	1000.0	1000.0	719999	810.1929	165.30281	982.72473	5.5233746	810.19366	165.30002	987.833	5.6378546	7.0026116	4.4781303	77.12294	-12.179517	-809.3228	70.86291	34038.69699382782
181	10749.373	1828.9465	11563.996	5273.262	10933.205	114.411865	11123.726	10831.438	10933.205	114.411865	11123.726	10831.438	10749.373	1828.9465	11563.996	5273.262	1000.0	1000.0	723999	810.23755	165.57222	985.67444	5.5507574	810.238	165.57161	983.23975	5.663105	7.081035	4.5405765	69.556015	-16.193378	-809.3627	70.59878	34213.79301404953
182	11350.4375	92.75627	11530.761	11252.849	10809.766	186.34003	11116.973	10614.379	10809.766	186.34003	11116.973	10614.379	11350.4375	92.75627	11530.761	11252.849	1000.0	1000.0	727999	810.7827	166.3391	984.9217	5.577019	810.7837	166.34273	985.8677	5.688623	7.007022	4.4674606	57.225674	-12.733631	-809.87836	69.53508	34387.281925201416
183	11636.17	104.10278	11834.087	11476.397	10981.351	221.555	11226.0205	10661.807	10981.351	221.555	11226.0205	10661.807	11636.17	104.10278	11834.087	11476.397	1000.0	1000.0	731999	812.47784	164.93515	991.06476	5.60404	812.47833	164.93373	989.69055	5.7158494	7.0140777	4.510376	69.18483	-11.218302	-811.572	78.38164	34559.66178894043
184	11528.63	78.47182	11616.694	11374.564	10883.011	125.61005	11022.827	10680.263	10883.011	125.61005	11022.827	10680.263	11528.63	78.47182	11616.694	11374.564	1000.0	1000.0	735999	812.16626	165.71848	991.5218	5.6318045	812.16656	165.72063	991.48865	5.741045	7.104357	4.5151067	56.922504	-11.98195	-811.2786	70.64708	34731.65077495575
185	10814.259	88.2006	10935.241	10651.068	11133.485	185.05449	11405.143	10910.108	11133.485	185.05449	11405.143	10910.108	10814.259	88.2006	10935.241	10651.068	1000.0	1000.0	739999	814.15765	164.27911	993.2035	5.657994	814.1574	164.28134	997.40643	5.767931	7.150399	4.4896517	68.27229	-12.238369	-813.336	69.831055	34904.25005316734
186	11513.04	117.0158	11728.601	11339.836	10906.811	148.76218	11057.667	10664.923	10906.811	148.76218	11057.667	10664.923	11513.04	117.0158	11728.601	11339.836	1000.0	1000.0	743999	815.47473	164.4342	996.3278	5.6850085	815.4755	164.43793	1000.4647	5.79572	7.076825	4.533912	57.317825	-15.098756	-814.57495	63.652664	35077.72913193703
187	11661.42	112.50289	11839.784	11460.357	10905.335	61.106968	10987.751	10817.034	10905.335	61.106968	10987.751	10817.034	11661.42	112.50289	11839.784	11460.357	1000.0	1000.0	747999	816.3085	164.2416	995.1134	5.709993	816.3088	164.24448	995.6497	5.821418	7.003855	4.5131617	64.06616	-13.489448	-815.41864	69.03327	35251.03259277344
188	11146.097	143.3371	11373.039	10864.787	10993.96	84.48025	11134.616	10914.945	10993.96	84.48025	11134.616	10914.945	11146.097	143.3371	11373.039	10864.787	1000.0	1000.0	751999	817.8819	164.35945	995.51184	5.7348056	817.88184	164.3639	995.4372	5.8453636	7.0255313	4.463128	59.615948	-10.321689	-817.05237	64.73638	35424.33777117729
189	11264.728	138.5207	11535.232	11082.1	10929.121	191.6791	11141.43	10628.447	10929.121	191.6791	11141.43	10628.447	11264.728	138.5207	11535.232	11082.1	1000.0	1000.0	755999	819.24	164.89304	999.5559	5.7592196	819.2404	164.89842	996.3628	5.870838	7.072149	4.4537816	63.53114	-11.86049	-818.3539	69.711784	35632.72062587738
190	11329.323	99.48856	11426.436	11132.977	10869.807	212.54224	11045.691	10506.512	10869.807	212.54224	11045.691	10506.512	11329.323	99.48856	11426.436	11132.977	1000.0	1000.0	759999	820.89667	164.3923	998.94586	5.785137	820.897	164.39198	997.8744	5.897914	7.0704646	4.4251113	66.153046	-13.207933	-820.0057	61.11346	35874.36480522156
191	11376.7	123.4649	11585.1045	11089.379	11029.924	206.12297	11267.438	10741.301	11029.924	206.12297	11267.438	10741.301	11376.7	123.4649	11585.1045	11089.379	1000.0	1000.0	763999	822.15265	164.78244	998.92847	5.8106236	822.15173	164.78911	1001.3473	5.921905	7.1264787	4.4368443	57.230522	-14.371928	-821.23663	74.60525	36118.88852238655
192	10460.653	2363.2532	11503.274	3432.0276	11072.114	54.874516	11152.226	11013.998	11072.114	54.874516	11152.226	11013.998	10460.653	2363.2532	11503.274	3432.0276	1000.0	1000.0	767999	823.3687	165.13513	1000.8256	5.836798	823.37	165.13379	1005.56104	5.9515224	7.2410135	4.510418	90.74007	-11.832088	-822.4332	85.49141	36339.789404153824
193	11841.689	171.6317	12095.117	11445.571	11060.486	62.56734	11125.978	10957.498	11060.486	62.56734	11125.978	10957.498	11841.689	171.6317	12095.117	11445.571	1000.0	1000.0	771999	824.62427	163.49799	998.9319	5.86572	824.6262	163.49464	999.6474	5.977457	7.135419	4.4376063	49.33415	-14.525629	-823.771	79.99766	36560.20142912865
194	11739.931	95.717354	11893.407	11569.933	10960.738	214.64136	11300.182	10706.364	10960.738	214.64136	11300.182	10706.364	11739.931	95.717354	11893.407	11569.933	1000.0	1000.0	775999	825.2288	164.49666	1002.96783	5.8934813	825.22986	164.49118	1003.30853	6.0011477	7.167667	4.5132656	53.32327	-15.1755085	-824.3082	71.83204	36763.88553929329
195	11708.904	117.058075	11908.874	11525.487	10881.529	159.4402	11044.33	10661.737	10881.529	159.4402	11044.33	10661.737	11708.904	117.058075	11908.874	11525.487	1000.0	1000.0	779999	826.8453	163.88815	1003.52386	5.920086	826.84686	163.88972	1003.7453	6.0243874	7.2040744	4.4661574	53.875366	-12.447097	-825.9556	80.498314	36937.250634908676
196	11666.47	59.643253	11797.197	11593.528	10890.489	151.92082	11079.168	10660.31	10890.489	151.92082	11079.168	10660.31	11666.47	59.643253	11797.197	11593.528	1000.0	1000.0	783999	827.28986	164.51526	1000.05994	5.949186	827.29016	164.51451	1006.50244	6.050463	7.1130238	4.441299	69.685875	-11.735613	-826.3963	74.25801	37110.78592252731
197	11258.295	116.13819	11427.025	11043.164	11135.44	102.8298	11265.754	10984.792	11135.44	102.8298	11265.754	10984.792	11258.295	116.13819	11427.025	11043.164	1000.0	1000.0	787999	828.7829	163.236	1003.91614	5.9720554	828.7837	163.23796	1003.25916	6.072045	7.1279263	4.475864	59.943016	-16.99958	-827.89087	72.89126	37284.52915215492
198	11283.873	138.37903	11509.079	11055.848	11053.394	116.26478	11125.911	10852.101	11053.394	116.26478	11125.911	10852.101	11283.873	138.37903	11509.079	11055.848	1000.0	1000.0	791999	829.5053	164.45491	1004.099	5.997724	829.5053	164.45857	1003.5787	6.0966763	7.086784	4.4562473	88.26797	-11.703785	-828.63477	68.54006	37461.452345609665
199	11740.432	179.26648	11958.9	11308.759	11100.174	93.75023	11213.994	10953.677	11100.174	93.75023	11213.994	10953.677	11740.432	179.26648	11958.9	11308.759	1000.0	1000.0	795999	830.3869	163.37524	1007.0594	6.024054	830.38855	163.37115	1005.7741	6.1239405	7.1509643	4.470086	54.281723	-12.395076	-829.4529	70.3381	37637.234805345535
200	9825.725	3035.365	11298.701	1313.5232	10962.192	92.910126	11053.846	10847.036	10962.192	92.910126	11053.846	10847.036	9825.725	3035.365	11298.701	1313.5232	1000.0	1000.0	799999	831.0296	163.35263	1006.13055	6.049427	831.0296	163.35175	1007.4153	6.147773	7.0818367	4.443451	67.64952	-12.577173	-830.082	65.3413	37813.65204977989
