Epoch	AverageTestEnv0Ret	StdTestEnv0Ret	MaxTestEnv0Ret	MinTestEnv0Ret	AverageEnv0Ret	StdEnv0Ret	MaxEnv0Ret	MinEnv0Ret	AverageEpRet	StdEpRet	MaxEpRet	MinEpRet	AverageTestEpRet	StdTestEpRet	MaxTestEpRet	MinTestEpRet	EpLen	TestEpLen	TotalEnvInteracts	AverageQ1Vals	StdQ1Vals	MaxQ1Vals	MinQ1Vals	AverageQ2Vals	StdQ2Vals	MaxQ2Vals	MinQ2Vals	AverageLogPi	StdLogPi	MaxLogPi	MinLogPi	LossPi	LossQ	Time
1	-157.21475	3.210647	-151.83852	-162.52507	-388.95898	55.38936	-325.81335	-477.9369	-388.95898	55.38936	-325.81335	-477.9369	-157.21475	3.210647	-151.83852	-162.52507	1000.0	1000.0	3999	2.56103	2.7807364	19.799309	-4.636038	2.5607474	2.780765	18.92417	-4.838392	-3.2961936	1.2846527	6.1122785	-11.10488	-1.0407894	0.8254984	122.36625933647156
2	-277.71182	45.34446	-220.4351	-342.1567	-257.61215	48.293476	-182.95993	-318.02335	-257.61215	48.293476	-182.95993	-318.02335	-277.71182	45.34446	-220.4351	-342.1567	1000.0	1000.0	7999	10.342565	4.934146	35.562977	-3.9917834	10.343319	4.9312887	34.727657	-4.944995	-2.11317	2.0311916	10.013668	-11.37472	-3.4895556	3.130373	274.7323491573334
3	36.274036	62.65305	195.52463	-33.50839	-279.9919	85.04824	-173.92099	-411.6284	-279.9919	85.04824	-173.92099	-411.6284	36.274036	62.65305	195.52463	-33.50839	1000.0	1000.0	11999	18.59819	5.252853	46.868774	-2.6936898	18.600784	5.2427816	45.90152	-0.31431895	-2.2902515	2.401975	11.088371	-12.874407	-6.1969395	4.3201685	429.4841070175171
4	125.24072	103.06639	290.9875	18.11716	-123.78653	39.222733	-87.70609	-183.19676	-123.78653	39.222733	-87.70609	-183.19676	125.24072	103.06639	290.9875	18.11716	1000.0	1000.0	15999	22.506767	5.7445383	48.01168	0.6228725	22.508812	5.7382584	49.150734	0.40106565	-2.9272606	2.000678	10.885685	-12.654039	-7.3912153	3.5564747	587.1696634292603
5	633.00037	378.94595	1077.9893	124.9616	-132.40437	59.72807	-35.124416	-182.16113	-132.40437	59.72807	-35.124416	-182.16113	633.00037	378.94595	1077.9893	124.9616	1000.0	1000.0	19999	24.752962	5.9097915	53.80646	3.039444	24.754175	5.9047985	53.83826	2.3404212	-3.123619	1.814753	10.398787	-13.894285	-8.378755	2.6740794	754.3643071651459
6	402.49823	340.13745	885.4954	7.5810246	-2.901847	95.631004	92.70409	-162.26154	-2.901847	95.631004	92.70409	-162.26154	402.49823	340.13745	885.4954	7.5810246	1000.0	1000.0	23999	27.7102	6.326464	60.568295	6.813063	27.71155	6.322796	59.722435	6.562552	-3.1678522	1.7863752	11.539309	-12.463304	-9.465582	2.5226607	932.9629466533661
7	350.0153	149.84392	575.2595	145.45677	161.2294	190.1114	395.41498	-126.11365	161.2294	190.1114	395.41498	-126.11365	350.0153	149.84392	575.2595	145.45677	1000.0	1000.0	27999	31.388542	7.3885903	71.33193	7.8866878	31.389135	7.385769	69.406586	10.183906	-3.1132994	1.843094	10.993044	-13.897671	-11.047925	2.694991	1088.423214673996
8	851.3408	496.85364	1479.5176	118.46923	146.55565	246.7657	560.71967	-54.169044	146.55565	246.7657	560.71967	-54.169044	851.3408	496.85364	1479.5176	118.46923	1000.0	1000.0	31999	35.13325	8.633888	81.56028	13.422457	35.134026	8.630571	79.7201	12.570051	-2.9954343	1.9936454	12.70428	-12.584133	-12.673983	2.9888737	1239.756091117859
9	963.9256	516.8116	1568.4893	100.527054	507.65488	299.0944	754.35425	-3.7469766	507.65488	299.0944	754.35425	-3.7469766	963.9256	516.8116	1568.4893	100.527054	1000.0	1000.0	35999	39.50176	10.796499	92.209274	18.06127	39.502625	10.794354	90.29765	19.48766	-2.8969471	2.1036828	16.091404	-12.359818	-14.311449	3.3821044	1391.0496098995209
10	1135.3583	664.98627	1867.292	149.06322	511.9569	503.9919	1165.3741	-14.045838	511.9569	503.9919	1165.3741	-14.045838	1135.3583	664.98627	1867.292	149.06322	1000.0	1000.0	39999	44.052734	13.281488	101.37544	22.58481	44.053505	13.279773	103.06587	21.524462	-2.7828007	2.2187736	14.651443	-13.315029	-15.998811	3.9437573	1542.9607908725739
11	1463.373	568.63416	1920.3505	272.25208	657.7238	422.5152	1372.9955	275.194	657.7238	422.5152	1372.9955	275.194	1463.373	568.63416	1920.3505	272.25208	1000.0	1000.0	43999	49.508945	16.802597	111.676186	26.107098	49.509365	16.80248	110.275955	26.248455	-2.6633341	2.3596437	16.235285	-11.954023	-17.764227	4.8211155	1695.7347192764282
12	1923.948	741.67236	2397.6858	168.4242	1220.3082	724.89105	1885.0317	-3.5147681	1220.3082	724.89105	1885.0317	-3.5147681	1923.948	741.67236	2397.6858	168.4242	1000.0	1000.0	47999	54.40042	19.95998	126.15137	29.29788	54.40105	19.958824	126.65609	27.25113	-2.4876475	2.5469391	15.9145155	-13.208511	-19.798597	5.8038964	1848.8090114593506
13	1699.2328	733.8895	2340.3843	327.01746	1788.9459	146.20757	1957.6564	1636.6128	1788.9459	146.20757	1957.6564	1636.6128	1699.2328	733.8895	2340.3843	327.01746	1000.0	1000.0	51999	61.41012	24.833551	142.408	31.85229	61.411	24.832088	142.15839	31.580256	-2.2679858	2.7458665	16.048567	-12.128189	-22.167555	7.3444295	2002.919670343399
14	2497.6401	139.26369	2646.4365	2173.0676	1550.9622	367.63522	1956.6482	984.53235	1550.9622	367.63522	1956.6482	984.53235	2497.6401	139.26369	2646.4365	2173.0676	1000.0	1000.0	55999	68.985596	29.635252	154.1205	35.022125	68.98621	29.633408	154.20914	34.671547	-2.018	3.0024736	20.092396	-14.769912	-24.843504	8.8850565	2157.8564760684967
15	2796.218	130.99678	3072.1711	2628.3823	2057.0374	163.46411	2218.578	1855.361	2057.0374	163.46411	2218.578	1855.361	2796.218	130.99678	3072.1711	2628.3823	1000.0	1000.0	59999	76.03132	33.971928	163.33482	35.69706	76.032486	33.970505	163.26607	36.554634	-1.8406081	3.1593904	17.301676	-14.21189	-27.572922	10.407847	2343.128247976303
16	2645.5913	45.816525	2747.1587	2569.6948	1972.7465	364.3868	2260.9438	1347.731	1972.7465	364.3868	2260.9438	1347.731	2645.5913	45.816525	2747.1587	2569.6948	1000.0	1000.0	63999	83.95206	38.504234	177.64325	35.640705	83.95304	38.50203	173.657	36.970646	-1.6489606	3.3137105	19.788702	-13.663731	-30.450844	12.240515	2545.70796084404
17	2437.3115	959.42145	3152.3896	307.10782	1846.9519	747.96686	2609.8398	970.7275	1846.9519	747.96686	2609.8398	970.7275	2437.3115	959.42145	3152.3896	307.10782	1000.0	1000.0	67999	91.57481	43.34672	193.20973	37.713013	91.57552	43.344536	191.47256	37.825386	-1.4713856	3.4298818	23.997961	-18.318686	-34.33229	13.478273	2747.758701324463
18	2258.2603	924.256	3072.212	807.56934	1646.7191	951.9068	2535.999	162.08536	1646.7191	951.9068	2535.999	162.08536	2258.2603	924.256	3072.212	807.56934	1000.0	1000.0	71999	97.70987	48.02879	202.17818	36.778873	97.71029	48.026455	203.74258	38.243397	-1.4110593	3.431191	19.273354	-12.329362	-37.456017	14.4156275	2955.3261408805847
19	3289.2466	154.28508	3572.8691	3022.02	2525.6875	448.5024	2813.4646	1749.6646	2525.6875	448.5024	2813.4646	1749.6646	3289.2466	154.28508	3572.8691	3022.02	1000.0	1000.0	75999	105.13078	52.879932	221.34245	37.266815	105.13067	52.878525	217.92444	37.94748	-1.2657627	3.5021794	21.322563	-13.267223	-40.59406	15.979538	3166.9436717033386
20	3208.9602	92.78306	3359.403	3070.5974	2807.6035	144.5335	2911.3618	2559.2588	2807.6035	144.5335	2911.3618	2559.2588	3208.9602	92.78306	3359.403	3070.5974	1000.0	1000.0	79999	113.44389	57.549458	227.21823	35.549763	113.44471	57.54772	224.98889	31.270813	-1.1683736	3.6170454	19.077984	-12.67342	-44.605934	17.697441	3384.6184639930725
21	3318.1577	113.896736	3443.0862	3054.1462	1986.5388	902.1301	2777.0742	577.0214	1986.5388	902.1301	2777.0742	577.0214	3318.1577	113.896736	3443.0862	3054.1462	1000.0	1000.0	83999	120.86587	61.52778	240.65085	35.03885	120.86672	61.52629	236.23248	33.089325	-1.1022581	3.6719818	22.62541	-12.662336	-44.66542	19.901093	3572.93629527092
22	3415.3171	53.247116	3505.3726	3323.105	2218.6177	1058.8024	2928.8472	388.02682	2218.6177	1058.8024	2928.8472	388.02682	3415.3171	53.247116	3505.3726	3323.105	1000.0	1000.0	87999	126.13664	65.26077	249.62508	26.051273	126.13754	65.25915	250.12512	23.983301	-1.0006918	3.7067707	22.95013	-13.302733	-46.406315	20.470762	3762.509411096573
23	3610.507	104.03631	3735.5134	3446.2366	3024.6497	178.13438	3174.6208	2733.4968	3024.6497	178.13438	3174.6208	2733.4968	3610.507	104.03631	3735.5134	3446.2366	1000.0	1000.0	91999	132.06485	68.17801	253.7404	23.403849	132.06552	68.17754	252.58519	19.342833	-0.86354005	3.8029408	25.720745	-14.327652	-50.12664	21.783722	3951.8878009319305
24	3776.7808	107.37342	4019.8796	3608.502	3156.4868	233.5065	3458.8718	2903.1018	3156.4868	233.5065	3458.8718	2903.1018	3776.7808	107.37342	4019.8796	3608.502	1000.0	1000.0	95999	139.019	71.15567	257.10535	18.711973	139.01811	71.15359	258.92288	15.363868	-0.7301389	3.9127758	22.227943	-12.937361	-52.9517	23.750671	4176.740344047546
25	3792.3765	119.14802	3928.9648	3558.4883	2391.5073	1123.6361	3263.548	463.65695	2391.5073	1123.6361	3263.548	463.65695	3792.3765	119.14802	3928.9648	3558.4883	1000.0	1000.0	99999	145.21118	73.86353	265.7761	15.410943	145.21254	73.86241	266.91443	4.7189436	-0.75291985	3.8555748	34.868927	-12.510901	-54.646797	25.188877	4416.701075553894
26	3774.673	103.462456	3927.6313	3617.5383	3221.8022	90.87167	3336.7048	3103.392	3221.8022	90.87167	3336.7048	3103.392	3774.673	103.462456	3927.6313	3617.5383	1000.0	1000.0	103999	150.2052	76.292595	273.70203	10.549373	150.20609	76.29021	273.73694	0.6327306	-0.6623589	3.899868	35.666428	-12.821222	-55.957336	25.035051	4644.495452880859
27	3836.543	122.060074	4029.9294	3576.0828	3437.4187	148.1813	3563.7612	3186.3892	3437.4187	148.1813	3563.7612	3186.3892	3836.543	122.060074	4029.9294	3576.0828	1000.0	1000.0	107999	156.1625	78.446724	284.92084	12.768844	156.16325	78.443535	285.8931	5.325508	-0.48982894	4.0009704	24.735044	-13.630987	-59.330708	26.678745	4825.811051607132
28	3958.675	101.139915	4170.953	3866.8213	3417.7896	153.3676	3654.3774	3226.1501	3417.7896	153.3676	3654.3774	3226.1501	3958.675	101.139915	4170.953	3866.8213	1000.0	1000.0	111999	162.25829	80.66482	293.98108	9.21617	162.25935	80.66295	289.52853	6.556899	-0.39310196	4.021394	30.501162	-13.849489	-61.25439	27.408781	5006.8024797439575
29	3859.8254	801.635	4260.9575	1468.8221	3539.1555	171.43184	3718.1042	3256.1362	3539.1555	171.43184	3718.1042	3256.1362	3859.8254	801.635	4260.9575	1468.8221	1000.0	1000.0	115999	168.52802	82.94862	305.87854	15.368265	168.52815	82.94625	305.9714	12.4490795	-0.14285614	4.189995	29.917145	-13.910067	-66.93716	30.050352	5187.5937757492065
30	4326.8955	111.602	4467.3423	4048.1597	3769.6626	149.08234	3905.5771	3517.3694	3769.6626	149.08234	3905.5771	3517.3694	4326.8955	111.602	4467.3423	4048.1597	1000.0	1000.0	119999	175.86787	85.891525	320.75757	18.757597	175.8682	85.88985	320.40326	10.731739	-0.083968356	4.1298437	43.184	-13.909637	-71.119095	31.048338	5412.5949103832245
31	4529.8633	154.41716	4907.5605	4340.9043	2977.5696	1393.9856	3853.56	565.3055	2977.5696	1393.9856	3853.56	565.3055	4529.8633	154.41716	4907.5605	4340.9043	1000.0	1000.0	123999	182.19379	88.81039	334.40515	11.397661	182.19434	88.80903	338.06006	11.4327135	-0.033848256	4.235354	36.806538	-12.467688	-72.00316	32.06056	5643.076878070831
32	4193.3936	61.370625	4264.6084	4082.526	3802.3237	134.19376	3961.7139	3593.5872	3802.3237	134.19376	3961.7139	3593.5872	4193.3936	61.370625	4264.6084	4082.526	1000.0	1000.0	127999	188.12138	91.1911	341.3302	9.749254	188.12148	91.189095	341.8663	7.216072	0.14040108	4.258477	34.802544	-12.426294	-78.934425	32.908913	5857.675763607025
33	4586.654	77.492676	4689.067	4412.765	3932.0806	118.41204	4055.0007	3747.6355	3932.0806	118.41204	4055.0007	3747.6355	4586.654	77.492676	4689.067	4412.765	1000.0	1000.0	131999	194.77937	93.61639	347.37415	15.732753	194.78053	93.61422	345.1378	2.349231	0.1706055	4.2394447	35.573162	-12.810835	-79.612236	33.02957	6033.9002940654755
34	4686.323	86.465515	4793.0396	4474.587	3683.462	1074.3672	4340.7944	1823.1232	3683.462	1074.3672	4340.7944	1823.1232	4686.323	86.465515	4793.0396	4474.587	1000.0	1000.0	135999	201.42072	96.427795	352.54468	14.098107	201.42133	96.42584	351.3299	3.4637713	0.3687332	4.2713385	46.962837	-13.881504	-85.822395	34.02272	6211.11673116684
35	4588.0684	75.57168	4772.591	4520.199	4270.5376	170.81613	4446.843	3987.7844	4270.5376	170.81613	4446.843	3987.7844	4588.0684	75.57168	4772.591	4520.199	1000.0	1000.0	139999	208.51274	99.528915	359.4555	6.9177275	208.5133	99.52682	358.6578	-13.381797	0.42227548	4.3044305	39.2237	-16.895985	-90.90698	34.433693	6387.58563709259
36	4801.165	158.35031	5009.0947	4398.6943	4250.8604	124.68219	4453.176	4130.711	4250.8604	124.68219	4453.176	4130.711	4801.165	158.35031	5009.0947	4398.6943	1000.0	1000.0	143999	215.2981	101.40138	365.67313	11.119092	215.29929	101.39863	367.30988	-3.5215964	0.44868538	4.3383985	38.744385	-15.604035	-89.64542	37.611794	6569.972928524017
37	4793.0337	94.25609	4914.963	4587.423	4372.748	108.73672	4536.7344	4252.3965	4372.748	108.73672	4536.7344	4252.3965	4793.0337	94.25609	4914.963	4587.423	1000.0	1000.0	147999	221.16362	103.46543	382.72266	7.359853	221.16563	103.4627	378.96417	-8.549724	0.47496727	4.360922	35.338684	-12.282032	-91.54452	37.58884	6752.277777433395
38	4789.478	164.21928	5060.3726	4512.7534	4182.6494	393.19363	4478.2954	3506.3416	4182.6494	393.19363	4478.2954	3506.3416	4789.478	164.21928	5060.3726	4512.7534	1000.0	1000.0	151999	227.0272	105.48672	383.42822	3.3005757	227.02885	105.48195	384.68646	-6.2081776	0.6387793	4.4533315	43.722435	-12.542817	-97.13852	38.81349	6935.922984600067
39	4776.472	129.2918	4984.0493	4556.715	4077.6445	476.03455	4400.283	3257.148	4077.6445	476.03455	4400.283	3257.148	4776.472	129.2918	4984.0493	4556.715	1000.0	1000.0	155999	232.23824	106.9285	391.1296	1.9313763	232.23952	106.92598	386.67157	-21.265701	0.7674009	4.4719405	32.234352	-15.302235	-104.84077	39.96043	7115.975205898285
40	5327.075	143.76242	5638.9243	5098.622	4458.454	134.4767	4655.3477	4324.853	4458.454	134.4767	4655.3477	4324.853	5327.075	143.76242	5638.9243	5098.622	1000.0	1000.0	159999	237.3944	109.07545	394.71463	6.0073175	237.3955	109.07216	391.79236	-1.0875504	0.8613884	4.4300203	37.628563	-14.483496	-109.292496	40.269108	7293.341669559479
41	5169.5464	815.684	5615.4453	2745.3816	4761.383	157.94456	5017.394	4585.1714	4761.383	157.94456	5017.394	4585.1714	5169.5464	815.684	5615.4453	2745.3816	1000.0	1000.0	163999	244.42278	111.11886	405.51242	4.3462157	244.42342	111.11605	405.24347	-17.585678	0.9744844	4.429984	34.560986	-15.204846	-116.84181	39.34396	7470.431803226471
42	5309.9453	107.19423	5435.947	5061.6	4754.636	207.36191	5087.004	4579.0205	4754.636	207.36191	5087.004	4579.0205	5309.9453	107.19423	5435.947	5061.6	1000.0	1000.0	167999	252.79613	113.449486	407.7303	1.9985272	252.79597	113.44829	408.69888	-26.7592	1.0630225	4.4618134	32.09722	-17.197197	-121.94062	41.430088	7657.550971508026
43	5325.989	184.44073	5624.4263	4987.2183	5040.152	39.027622	5104.9155	5002.6216	5040.152	39.027622	5104.9155	5002.6216	5325.989	184.44073	5624.4263	4987.2183	1000.0	1000.0	171999	259.8479	115.595406	414.91208	3.8460317	259.8484	115.59437	414.277	-10.000064	1.1095164	4.50362	32.99744	-17.034834	-124.06273	43.059868	7882.192936658859
44	5657.7812	170.33647	5908.1426	5376.245	4838.993	552.239	5327.4385	3907.6238	4838.993	552.239	5327.4385	3907.6238	5657.7812	170.33647	5908.1426	5376.245	1000.0	1000.0	175999	265.3793	117.35385	429.00653	8.071067	265.37888	117.35243	425.09744	-7.5255046	1.2443684	4.5409803	39.85827	-13.624088	-132.37537	44.8035	8099.910747766495
45	5622.3096	145.96825	5918.1606	5382.1094	4827.9854	423.7954	5222.643	4143.411	4827.9854	423.7954	5222.643	4143.411	5622.3096	145.96825	5918.1606	5382.1094	1000.0	1000.0	179999	272.4741	119.2297	432.88617	3.0701632	272.47476	119.22728	433.54382	-5.962261	1.3895253	4.584455	32.710342	-14.597705	-138.6151	43.348602	8276.302686691284
46	6052.0654	135.39865	6290.305	5779.413	5156.877	123.63254	5313.883	4986.008	5156.877	123.63254	5313.883	4986.008	6052.0654	135.39865	6290.305	5779.413	1000.0	1000.0	183999	279.93427	121.60338	446.25565	3.0847373	279.93414	121.60165	445.49792	-14.754811	1.484172	4.6301517	37.79423	-14.761775	-144.78708	44.62777	8452.464711427689
47	5792.8813	558.86884	6187.414	4146.6143	5428.828	111.97916	5564.996	5288.7876	5428.828	111.97916	5564.996	5288.7876	5792.8813	558.86884	6187.414	4146.6143	1000.0	1000.0	187999	286.99683	123.837105	454.2101	2.141993	286.9964	123.83509	454.44507	-12.939693	1.4989811	4.607341	34.93018	-13.688825	-153.27527	42.818195	8628.49755358696
48	5923.897	512.41437	6331.2246	4485.701	5295.9365	109.05169	5420.6245	5130.751	5295.9365	109.05169	5420.6245	5130.751	5923.897	512.41437	6331.2246	4485.701	1000.0	1000.0	191999	295.55823	126.10135	462.78973	7.131381	295.55853	126.09901	460.0988	-10.891413	1.5644909	4.6195054	32.582443	-14.4572935	-159.35747	42.557266	8834.229522705078
49	6107.3486	129.8942	6344.5464	5929.8423	4300.6904	1927.8667	5557.981	965.93066	4300.6904	1927.8667	5557.981	965.93066	6107.3486	129.8942	6344.5464	5929.8423	1000.0	1000.0	195999	301.54065	128.49976	469.00546	2.1730523	301.5399	128.498	469.92276	-30.302155	1.6551493	4.6372128	41.403496	-15.031634	-167.8289	48.331978	9052.429746866226
50	6281.1807	217.11192	6652.0996	5952.2407	5477.168	174.44179	5744.716	5275.563	5477.168	174.44179	5744.716	5275.563	6281.1807	217.11192	6652.0996	5952.2407	1000.0	1000.0	199999	307.31665	130.32495	472.2924	2.2047071	307.31747	130.32219	472.9647	-25.75073	1.6312598	4.6041017	42.870014	-12.7994995	-171.87193	47.902172	9271.679372787476
51	5950.2715	194.543	6172.1025	5519.4106	5586.044	97.654526	5715.876	5450.158	5586.044	97.654526	5715.876	5450.158	5950.2715	194.543	6172.1025	5519.4106	1000.0	1000.0	203999	312.9142	131.4181	481.84793	2.241918	312.9142	131.41618	482.61264	-14.953064	1.6755776	4.616479	42.000202	-12.320719	-174.73572	46.729107	9449.543229818344
52	6019.8745	1214.791	6662.046	2396.4385	4608.544	1759.7994	5875.4023	1578.414	4608.544	1759.7994	5875.4023	1578.414	6019.8745	1214.791	6662.046	2396.4385	1000.0	1000.0	207999	319.3485	133.45001	491.08505	2.2451339	319.3489	133.44705	488.89706	-73.18903	1.8253372	4.649428	33.416542	-12.999706	-189.53796	47.49949	9627.619116544724
53	6559.05	77.78968	6704.147	6426.3384	5778.6836	162.79578	6021.0366	5562.342	5778.6836	162.79578	6021.0366	5562.342	6559.05	77.78968	6704.147	6426.3384	1000.0	1000.0	211999	324.08292	135.88838	497.26752	2.2718208	324.0841	135.88358	497.95563	-22.764824	1.8582153	4.6577535	62.340508	-12.39151	-191.18854	48.553482	9810.017585039139
54	6442.4463	119.46919	6618.894	6209.6553	4863.6245	1600.4722	6151.8706	2120.7349	4863.6245	1600.4722	6151.8706	2120.7349	6442.4463	119.46919	6618.894	6209.6553	1000.0	1000.0	215999	330.0727	137.03986	505.8542	2.297554	330.07285	137.0345	506.50623	-24.536951	1.781044	4.6419387	61.04552	-15.272985	-187.37146	51.34704	9988.390893936157
55	6474.8726	264.7644	6833.5854	5880.287	5893.3564	138.44583	6047.859	5685.383	5893.3564	138.44583	6047.859	5685.383	6474.8726	264.7644	6833.5854	5880.287	1000.0	1000.0	219999	333.42346	138.865	507.55365	0.8899827	333.4238	138.86464	508.80728	-61.637417	1.8013175	4.703481	51.04351	-12.607434	-184.96083	53.529385	10165.828948259354
56	5768.5376	194.45418	6101.287	5479.18	5916.159	141.8344	6108.7974	5756.5996	5916.159	141.8344	6108.7974	5756.5996	5768.5376	194.45418	6101.287	5479.18	1000.0	1000.0	223999	337.92288	139.36182	517.22046	-4.6823673	337.92355	139.36005	515.0174	-48.972748	1.9356178	4.747167	39.193214	-11.896158	-193.33119	53.7606	10343.293937683105
57	5896.601	1203.9323	6697.2686	2397.8542	5810.409	263.90842	6210.8584	5566.4185	5810.409	263.90842	6210.8584	5566.4185	5896.601	1203.9323	6697.2686	2397.8542	1000.0	1000.0	227999	343.35843	140.18982	521.6254	2.3603551	343.35876	140.18532	523.2068	-37.647972	2.071411	4.761589	36.542194	-14.137476	-203.99544	53.706665	10535.455008268356
58	6850.122	131.13445	7049.208	6674.2847	5937.897	212.39847	6227.484	5631.935	5937.897	212.39847	6227.484	5631.935	6850.122	131.13445	7049.208	6674.2847	1000.0	1000.0	231999	347.60385	141.45119	526.19495	-1.5919969	347.60672	141.44571	525.94135	-61.11786	2.0932024	4.7170606	44.294163	-13.624367	-211.77084	54.926376	10777.642265796661
59	6967.974	207.34627	7371.474	6632.85	6238.495	164.15149	6492.178	6057.9165	6238.495	164.15149	6492.178	6057.9165	6967.974	207.34627	7371.474	6632.85	1000.0	1000.0	235999	353.5606	143.19427	532.9758	2.411362	353.56128	143.1902	529.86884	-30.4579	2.1185105	4.704585	37.850594	-17.94279	-215.5506	52.789772	11019.22953081131
60	6674.538	147.56384	6884.503	6358.1665	5884.549	289.0174	6179.303	5410.3022	5884.549	289.0174	6179.303	5410.3022	6674.538	147.56384	6884.503	6358.1665	1000.0	1000.0	239999	359.50577	144.2004	540.5751	2.442836	359.5066	144.19832	539.15546	-27.509432	2.0503316	4.7314777	46.9002	-13.554283	-206.44672	54.26679	11223.804430246353
61	6821.1553	150.30382	7077.7715	6573.5186	5536.202	1133.0903	6248.009	3576.382	5536.202	1133.0903	6248.009	3576.382	6821.1553	150.30382	7077.7715	6573.5186	1000.0	1000.0	243999	362.4934	145.37636	538.1348	2.4613013	362.49387	145.37112	539.9534	-66.48962	2.1876316	4.7321906	38.460457	-13.362306	-219.97946	56.221455	11416.439158916473
62	6968.9697	81.693214	7119.31	6815.6846	6231.5815	180.41695	6462.887	5957.982	6231.5815	180.41695	6462.887	5957.982	6968.9697	81.693214	7119.31	6815.6846	1000.0	1000.0	247999	366.85703	145.55951	544.5344	2.477176	366.8575	145.55672	542.0694	-49.62047	2.1039221	4.668987	38.995613	-11.917334	-212.1094	54.21972	11609.174894809723
63	6657.4727	125.792915	6854.55	6457.7944	6264.5947	104.069565	6364.855	6103.3984	6264.5947	104.069565	6364.855	6103.3984	6657.4727	125.792915	6854.55	6457.7944	1000.0	1000.0	251999	370.56033	146.3103	553.96014	-15.402539	370.56177	146.30804	556.59216	-44.933777	2.2686932	4.7344937	38.59014	-12.886122	-224.51863	58.138092	11798.939720630646
64	6640.362	133.68083	6825.9404	6382.2705	6388.2324	139.11983	6620.171	6258.344	6388.2324	139.11983	6620.171	6258.344	6640.362	133.68083	6825.9404	6382.2705	1000.0	1000.0	255999	375.57364	147.04654	556.0799	-22.581446	375.57455	147.04301	553.3181	-29.782038	2.3097022	4.730127	32.084232	-14.08455	-227.19836	56.20221	11986.137093544006
65	5975.7393	648.4811	6668.507	4173.893	6478.328	334.05142	6853.8667	6113.0205	6478.328	334.05142	6853.8667	6113.0205	5975.7393	648.4811	6668.507	4173.893	1000.0	1000.0	259999	379.936	148.51476	562.5876	2.5433865	379.9364	148.5131	558.4822	-44.822647	2.404368	4.7436423	41.395073	-13.733788	-228.16638	55.53761	12173.678398132324
66	7172.1406	178.37529	7479.788	6903.1924	6213.6235	126.13461	6348.385	6082.7617	6213.6235	126.13461	6348.385	6082.7617	7172.1406	178.37529	7479.788	6903.1924	1000.0	1000.0	263999	384.84732	149.09256	568.48535	2.5640597	384.84732	149.09053	565.5246	-22.538095	2.4014077	4.720728	52.206688	-13.029056	-235.74377	55.368195	12359.5619931221
67	6833.736	132.80464	7027.565	6514.266	6552.995	152.30318	6744.3516	6324.751	6552.995	152.30318	6744.3516	6324.751	6833.736	132.80464	7027.565	6514.266	1000.0	1000.0	267999	389.38992	149.74149	569.7227	-16.888172	389.38904	149.74135	564.52155	-44.003555	2.4365509	4.7919602	44.695335	-12.781652	-237.801	58.58672	12543.5041077137
68	5875.189	62.458687	5966.705	5779.132	6521.076	191.8618	6688.464	6194.8633	6521.076	191.8618	6688.464	6194.8633	5875.189	62.458687	5966.705	5779.132	1000.0	1000.0	271999	394.53268	149.95255	570.73004	-16.566946	394.5341	149.94736	574.76776	-16.620193	2.656372	4.7689257	37.282974	-19.351631	-256.01584	58.434902	12727.094789505005
69	7142.3506	124.724396	7341.901	6969.608	6621.572	75.553055	6705.225	6522.508	6621.572	75.553055	6705.225	6522.508	7142.3506	124.724396	7341.901	6969.608	1000.0	1000.0	275999	398.86896	151.83989	573.6301	-16.330673	398.86923	151.84007	573.0492	-40.623898	2.5604284	4.736087	36.367775	-13.880325	-251.2818	58.60036	12911.067041158676
70	7362.4697	140.13884	7582.4976	7094.9873	6595.412	227.59221	6787.259	6216.526	6595.412	227.59221	6787.259	6216.526	7362.4697	140.13884	7582.4976	7094.9873	1000.0	1000.0	279999	403.4741	152.93025	583.2946	-14.026225	403.4748	152.92787	583.33594	-21.920063	2.5570223	4.733303	41.071964	-12.530154	-266.0845	55.480766	13091.373490571976
71	7406.328	94.181946	7602.9653	7250.161	6697.235	112.16097	6841.42	6527.724	6697.235	112.16097	6841.42	6527.724	7406.328	94.181946	7602.9653	7250.161	1000.0	1000.0	283999	409.04825	153.41844	586.663	-17.436754	409.04843	153.41786	586.6628	-86.50916	2.7058647	4.7493944	39.15326	-16.00906	-273.5702	60.75925	13272.545383930206
72	7401.447	165.71382	7621.0537	7129.42	6724.508	250.40442	7076.4263	6382.966	6724.508	250.40442	7076.4263	6382.966	7401.447	165.71382	7621.0537	7129.42	1000.0	1000.0	287999	413.73624	154.83263	604.02594	-2.1765773	413.73676	154.82909	607.52893	-37.563683	2.74704	4.8122597	55.60424	-13.040961	-274.38303	59.34954	13453.572474002838
73	7204.411	116.745415	7381.649	7008.7505	6914.987	141.48302	7073.4844	6719.355	6914.987	141.48302	7073.4844	6719.355	7204.411	116.745415	7381.649	7008.7505	1000.0	1000.0	291999	419.9108	154.97487	604.6039	2.7107613	419.9113	154.97322	605.2108	-41.11149	2.7790914	4.813217	53.751675	-14.518829	-275.90512	54.190758	13633.57549405098
74	6862.134	164.15688	7138.28	6592.4766	5437.5044	2575.988	7161.4297	989.26044	5437.5044	2575.988	7161.4297	989.26044	6862.134	164.15688	7138.28	6592.4766	1000.0	1000.0	295999	423.34924	157.02412	610.34033	2.7305574	423.34988	157.02414	606.2673	-35.07135	2.7289126	4.799859	34.33542	-14.347598	-276.0506	59.48008	13813.145972967148
75	6502.751	81.904465	6674.621	6382.648	6982.2715	282.77045	7360.2646	6571.5957	6982.2715	282.77045	7360.2646	6571.5957	6502.751	81.904465	6674.621	6382.648	1000.0	1000.0	299999	426.8722	157.509	612.64294	-23.18961	426.8722	157.50568	610.9264	-25.136421	2.7036262	4.791153	33.36983	-13.603502	-277.63425	59.88537	13993.499804258347
76	7878.7007	226.02072	8326.791	7547.9634	6909.1553	132.69025	7056.363	6733.2153	6909.1553	132.69025	7056.363	6733.2153	7878.7007	226.02072	8326.791	7547.9634	1000.0	1000.0	303999	430.577	157.9712	624.82556	-15.05258	430.57773	157.96889	627.37787	-37.95787	2.7733724	4.777876	37.355152	-14.581982	-281.7098	60.018032	14174.287175655365
77	7988.6626	183.05275	8238.4375	7667.8853	7014.3916	51.706585	7076.5654	6935.927	7014.3916	51.706585	7076.5654	6935.927	7988.6626	183.05275	8238.4375	7667.8853	1000.0	1000.0	307999	434.73087	158.50461	623.75665	2.7927394	434.7313	158.50406	624.4815	-27.326448	2.8614979	4.784718	39.872963	-12.806682	-290.2983	60.415234	14356.415205955505
78	7259.1123	162.47343	7496.424	6978.3223	7104.763	230.0598	7362.6123	6780.3516	7104.763	230.0598	7362.6123	6780.3516	7259.1123	162.47343	7496.424	6978.3223	1000.0	1000.0	311999	437.85345	158.71736	627.0074	-9.066292	437.8547	158.7146	626.6106	-31.15581	2.92859	4.7609763	42.203777	-16.706453	-302.06656	62.68745	14537.465923309326
79	8128.051	217.0137	8504.394	7792.7603	7174.209	230.5965	7453.309	6914.8433	7174.209	230.5965	7453.309	6914.8433	8128.051	217.0137	8504.394	7792.7603	1000.0	1000.0	315999	443.943	159.31268	629.24695	2.8342757	443.9428	159.31218	634.34674	-24.94512	2.9204319	4.7326303	35.1699	-13.091699	-306.2439	57.052727	14719.094059228897
80	8004.746	285.10825	8537.245	7681.821	7246.085	145.9816	7484.5244	7102.2163	7246.085	145.9816	7484.5244	7102.2163	8004.746	285.10825	8537.245	7681.821	1000.0	1000.0	319999	447.73627	160.91902	636.07434	2.8506398	447.73688	160.91745	636.945	-16.735388	2.916076	4.7390184	42.461227	-13.96985	-315.435	59.886017	14899.008869409561
81	7921.415	157.56947	8253.778	7711.856	7312.044	171.5706	7566.106	7139.7354	7312.044	171.5706	7566.106	7139.7354	7921.415	157.56947	8253.778	7711.856	1000.0	1000.0	323999	453.2994	161.15321	653.65424	-9.870659	453.3001	161.14876	645.8986	-18.549694	3.076012	4.7297587	39.59074	-13.373438	-329.9211	58.564747	15079.012244224548
82	8211.377	169.67537	8419.709	7905.9546	7508.5312	71.42124	7617.303	7417.685	7508.5312	71.42124	7617.303	7417.685	8211.377	169.67537	8419.709	7905.9546	1000.0	1000.0	327999	459.1916	161.75424	650.65	2.905059	459.19284	161.75151	652.16223	-29.551685	3.0184865	4.76325	38.48716	-14.34652	-319.64304	56.30933	15259.386193752289
83	7287.294	209.80872	7591.061	6851.8135	7416.3423	220.6346	7691.008	7133.123	7416.3423	220.6346	7691.008	7133.123	7287.294	209.80872	7591.061	6851.8135	1000.0	1000.0	331999	463.7563	163.13506	666.0031	2.9119992	463.75647	163.13396	666.87604	-19.382185	3.114518	4.757667	41.41286	-13.336381	-333.5149	59.27871	15479.247568368912
84	8267.348	119.931595	8472.043	8006.334	7597.1963	181.87755	7805.5034	7381.764	7597.1963	181.87755	7805.5034	7381.764	8267.348	119.931595	8472.043	8006.334	1000.0	1000.0	335999	468.65552	163.36942	669.5774	-10.549165	468.65613	163.36676	670.8883	-20.570726	3.1518984	4.7995768	42.18917	-14.600873	-334.30457	62.15206	15691.885170698166
85	8073.2554	112.991745	8343.171	7908.436	7570.92	126.54703	7739.54	7382.76	7570.92	126.54703	7739.54	7382.76	8073.2554	112.991745	8343.171	7908.436	1000.0	1000.0	339999	473.22913	163.63481	681.7125	2.9484642	473.23004	163.63179	682.9299	-10.992762	3.1536784	4.761851	38.115986	-13.26649	-335.1468	58.366123	15900.770627975464
86	8004.35	122.27979	8279.409	7895.744	7855.6396	320.7476	8317.397	7493.483	7855.6396	320.7476	8317.397	7493.483	8004.35	122.27979	8279.409	7895.744	1000.0	1000.0	343999	476.4058	164.83994	679.77234	1.019273	476.40512	164.83723	678.8484	-23.228153	3.155778	4.768612	40.968155	-14.3178215	-339.36868	62.5511	16087.989702939987
87	8529.344	164.18631	8774.325	8235.432	7495.596	166.24652	7630.881	7210.988	7495.596	166.24652	7630.881	7210.988	8529.344	164.18631	8774.325	8235.432	1000.0	1000.0	347999	480.9216	165.60312	692.103	2.9895377	480.92325	165.6002	691.51514	-17.357227	3.1854591	4.770117	43.2408	-14.71434	-340.1082	63.63856	16276.270013570786
88	8255.475	296.35486	8723.0	7734.7773	7622.7324	107.79168	7769.165	7501.553	7622.7324	107.79168	7769.165	7501.553	8255.475	296.35486	8723.0	7734.7773	1000.0	1000.0	351999	485.08633	165.62315	691.03235	14.126292	485.08716	165.62051	691.3354	-32.06097	3.2348504	4.756679	41.362072	-11.590202	-349.7408	62.02481	16462.746676921844
89	8459.945	122.279495	8735.321	8260.805	7966.5986	199.87453	8207.637	7662.531	7966.5986	199.87453	8207.637	7662.531	8459.945	122.279495	8735.321	8260.805	1000.0	1000.0	355999	489.13672	166.80104	702.75494	3.0225563	489.13596	166.79892	696.30005	-8.204054	3.3210454	4.7526827	48.65495	-14.453041	-359.02423	64.68642	16676.82206106186
90	8596.32	130.07816	8767.578	8328.754	7688.221	192.49884	7956.9414	7416.875	7688.221	192.49884	7956.9414	7416.875	8596.32	130.07816	8767.578	8328.754	1000.0	1000.0	359999	493.70395	167.1088	706.8497	3.041029	493.705	167.10696	702.89246	-13.446304	3.3284962	4.7281985	39.906616	-12.907287	-361.48572	61.905594	16888.461223840714
91	7424.1577	180.13048	7750.178	6998.9614	7582.431	178.23613	7842.6387	7353.6943	7582.431	178.23613	7842.6387	7353.6943	7424.1577	180.13048	7750.178	6998.9614	1000.0	1000.0	363999	497.61395	168.2377	711.3953	3.0682135	497.6136	168.23613	711.0808	-34.924164	3.3348722	4.7265935	46.602245	-12.31418	-364.0638	60.307907	17097.558334589005
92	6860.9854	1082.8704	7576.8325	3664.0852	7822.066	285.45963	8142.8286	7451.09	7822.066	285.45963	8142.8286	7451.09	6860.9854	1082.8704	7576.8325	3664.0852	1000.0	1000.0	367999	502.7408	168.68005	712.51965	3.092096	502.7415	168.67715	710.3521	-9.198193	3.326834	4.73519	43.085815	-14.641572	-358.75143	62.029037	17268.098145484924
93	7960.4014	1607.4678	9010.946	3183.758	6609.911	2341.572	8176.4775	2563.2288	6609.911	2341.572	8176.4775	2563.2288	7960.4014	1607.4678	9010.946	3183.758	1000.0	1000.0	371999	505.888	169.89056	714.15454	3.1038349	505.88892	169.88574	715.5423	-53.816914	3.354039	4.7095966	46.903576	-12.6407795	-377.62396	63.32753	17439.13572692871
94	7964.193	1122.1925	8525.375	4629.546	8048.919	170.72748	8285.54	7802.923	8048.919	170.72748	8285.54	7802.923	7964.193	1122.1925	8525.375	4629.546	1000.0	1000.0	375999	509.8484	170.24384	713.25146	20.40432	509.8488	170.24077	718.3813	-11.527632	3.3993003	4.7160125	47.537346	-15.703919	-378.33282	61.464165	17611.32239842415
95	9096.533	749.8351	9743.906	6971.7188	7812.6533	354.0436	8107.3286	7232.8286	7812.6533	354.0436	8107.3286	7232.8286	9096.533	749.8351	9743.906	6971.7188	1000.0	1000.0	379999	514.19366	171.15797	724.3973	3.1318552	514.1938	171.1578	727.9029	-31.187803	3.4473321	4.6895957	48.922585	-15.200973	-382.99606	63.807755	17782.328527212143
96	8959.262	170.00188	9186.894	8704.803	8017.9116	258.4582	8326.249	7609.424	8017.9116	258.4582	8326.249	7609.424	8959.262	170.00188	9186.894	8704.803	1000.0	1000.0	383999	519.1897	172.22408	742.1616	3.1499786	519.1902	172.21962	744.424	-2.2944567	3.5483618	4.7147436	46.914333	-12.8384495	-393.8487	63.960827	17953.725986480713
97	8652.424	223.46039	9029.195	8391.315	8317.242	155.48102	8468.218	8076.989	8317.242	155.48102	8468.218	8076.989	8652.424	223.46039	9029.195	8391.315	1000.0	1000.0	387999	521.96967	172.8649	750.62006	3.1786425	521.9698	172.86469	750.637	-22.177233	3.50853	4.743719	59.162903	-12.735876	-398.7339	67.76805	18124.538161754608
98	9059.592	268.10635	9517.602	8634.952	8484.202	146.49304	8661.743	8295.722	8484.202	146.49304	8661.743	8295.722	9059.592	268.10635	9517.602	8634.952	1000.0	1000.0	391999	525.7863	173.13976	757.6861	3.1951199	525.7868	173.13672	755.9875	-14.623512	3.5899081	4.7489657	48.734604	-11.763648	-415.0047	66.53541	18297.323405981064
99	8809.108	222.10161	9128.763	8440.688	8326.393	106.1977	8442.755	8174.5728	8326.393	106.1977	8442.755	8174.5728	8809.108	222.10161	9128.763	8440.688	1000.0	1000.0	395999	530.90985	174.64403	756.89526	7.0758104	530.90936	174.64064	756.75	-13.730795	3.6242716	4.7134404	76.50287	-13.739703	-414.97794	64.713326	18488.06106519699
100	9085.36	272.8897	9383.989	8583.925	8343.518	204.836	8619.015	8053.5005	8343.518	204.836	8619.015	8053.5005	9085.36	272.8897	9383.989	8583.925	1000.0	1000.0	399999	536.69037	174.96017	765.7163	4.8038483	536.6904	174.95943	760.7385	-33.259254	3.6977637	4.7116346	47.60309	-13.830548	-426.15973	64.15198	18676.6976852417
101	8169.2515	1579.5898	9360.41	3504.4392	8319.847	174.88774	8495.605	8115.9966	8319.847	174.88774	8495.605	8115.9966	8169.2515	1579.5898	9360.41	3504.4392	1000.0	1000.0	403999	541.09	175.23082	774.6798	10.600436	541.09106	175.22711	773.3313	-17.596977	3.7137122	4.767152	48.088474	-12.492706	-423.23782	70.65264	18864.88505077362
102	7863.2295	2006.5775	9278.502	3430.0046	8394.002	226.61404	8710.786	8083.41	8394.002	226.61404	8710.786	8083.41	7863.2295	2006.5775	9278.502	3430.0046	1000.0	1000.0	407999	544.5899	176.50058	777.13153	8.2990675	544.5915	176.4975	777.3839	-3.9107065	3.7575421	4.7534304	79.44208	-12.914413	-430.27756	69.61974	19039.89001607895
103	9468.275	226.95657	9896.88	9028.785	7456.1523	1700.177	8546.952	4519.384	7456.1523	1700.177	8546.952	4519.384	9468.275	226.95657	9896.88	9028.785	1000.0	1000.0	411999	548.0621	176.8472	775.67334	3.2881553	548.0621	176.84216	775.352	-11.722204	3.7519562	4.7563653	53.55423	-13.624914	-422.31674	67.46116	19213.135625362396
104	9151.895	1086.1296	9647.538	5908.709	8648.287	225.99236	8933.211	8412.297	8648.287	225.99236	8933.211	8412.297	9151.895	1086.1296	9647.538	5908.709	1000.0	1000.0	415999	551.2552	178.64737	788.11304	3.2899423	551.2556	178.64584	784.38696	-10.562038	3.787305	4.6951547	50.581444	-11.564044	-429.31732	69.58	19387.63558793068
105	8136.245	2660.0295	9906.194	2290.989	8652.669	373.81625	8987.135	8018.7495	8652.669	373.81625	8987.135	8018.7495	8136.245	2660.0295	9906.194	2290.989	1000.0	1000.0	419999	555.4526	179.0215	785.68024	3.3080544	555.4512	179.02206	783.75183	-22.294926	3.7788754	4.728037	46.091805	-12.689983	-422.64362	74.04714	19563.064432621002
106	8643.121	1675.3348	9507.692	3649.6506	8705.878	250.80673	8917.407	8303.221	8705.878	250.80673	8917.407	8303.221	8643.121	1675.3348	9507.692	3649.6506	1000.0	1000.0	423999	555.8838	179.84677	790.7723	3.3231099	555.8848	179.84502	791.9831	-23.542381	3.774015	4.750411	48.22286	-12.786758	-415.44632	80.775215	19737.047142744064
107	9323.7705	684.1608	9872.12	7332.133	8691.953	164.39279	8904.435	8460.823	8691.953	164.39279	8904.435	8460.823	9323.7705	684.1608	9872.12	7332.133	1000.0	1000.0	427999	558.2479	179.28456	789.1532	3.3398125	558.2483	179.28217	788.41974	-21.297777	3.8669107	4.735552	63.83693	-13.564384	-423.83627	75.996506	19909.950795173645
108	9225.896	659.4702	9817.881	7394.208	8375.9	154.18748	8620.635	8231.374	8375.9	154.18748	8620.635	8231.374	9225.896	659.4702	9817.881	7394.208	1000.0	1000.0	431999	560.124	179.1108	792.9572	3.357372	560.12585	179.10625	792.1097	-0.67830276	3.925759	4.777376	46.34785	-15.166814	-427.81293	75.56256	20087.404669761658
109	9108.61	2493.2847	10225.001	1647.3726	6874.4736	2972.8235	8829.404	1732.6471	6874.4736	2972.8235	8829.404	1732.6471	9108.61	2493.2847	10225.001	1647.3726	1000.0	1000.0	435999	562.7436	180.309	804.8425	3.3749046	562.745	180.30362	804.7013	-30.211164	3.9703178	4.7629633	49.85864	-13.119031	-439.83243	75.41889	20310.978685855865
110	9358.995	248.47903	9680.997	8844.128	8518.704	495.37015	9030.675	7776.3784	8518.704	495.37015	9030.675	7776.3784	9358.995	248.47903	9680.997	8844.128	1000.0	1000.0	439999	564.785	181.55074	810.1708	3.392957	564.7851	181.548	809.4866	-30.033329	3.958495	4.756698	50.63613	-14.069283	-436.19855	86.09992	20534.698397159576
111	9543.941	237.54831	9877.743	9128.509	8665.068	293.58173	9100.617	8386.706	8665.068	293.58173	9100.617	8386.706	9543.941	237.54831	9877.743	9128.509	1000.0	1000.0	443999	568.7506	181.30243	812.81256	1.217576	568.75073	181.3003	809.5679	-25.713137	3.980808	4.7571416	58.3477	-13.755998	-435.22754	77.27786	20746.372344970703
112	8777.795	2009.4077	10231.677	2954.4617	8991.534	247.98973	9374.9	8752.473	8991.534	247.98973	9374.9	8752.473	8777.795	2009.4077	10231.677	2954.4617	1000.0	1000.0	447999	571.73376	182.49751	813.0338	3.42944	571.7347	182.49802	815.0802	-48.850254	4.0813227	4.784461	63.35476	-16.796392	-437.1832	82.89736	20935.387228488922
113	8668.539	1033.2455	9383.591	5659.2397	9020.034	192.70135	9211.665	8795.058	9020.034	192.70135	9211.665	8795.058	8668.539	1033.2455	9383.591	5659.2397	1000.0	1000.0	451999	573.9974	182.2125	812.5166	3.447986	573.9974	182.21208	811.9449	-19.47998	3.9794056	4.73364	46.623734	-13.131378	-431.0226	82.58459	21127.453820228577
114	8855.654	199.72893	9171.657	8540.887	8955.518	185.34708	9177.961	8709.007	8955.518	185.34708	9177.961	8709.007	8855.654	199.72893	9171.657	8540.887	1000.0	1000.0	455999	574.62354	182.68237	825.5835	3.4660933	574.6237	182.68153	822.66876	-70.81792	3.9999566	4.7865047	58.670593	-12.29412	-431.83374	91.70695	21328.544395923615
115	9627.903	203.35918	9942.877	9290.9375	8683.615	215.7908	8997.18	8389.599	8683.615	215.7908	8997.18	8389.599	9627.903	203.35918	9942.877	9290.9375	1000.0	1000.0	459999	576.37335	182.22455	816.2788	3.4830885	576.3739	182.22156	816.6745	-40.067764	3.9855082	4.7887926	54.652473	-14.918673	-425.11694	89.007034	21555.169046878815
116	9391.916	235.45943	9835.245	8994.909	8738.512	218.07811	9006.819	8404.685	8738.512	218.07811	9006.819	8404.685	9391.916	235.45943	9835.245	8994.909	1000.0	1000.0	463999	578.6063	181.91016	816.71234	3.5018895	578.608	181.90694	819.71387	-16.093508	3.9585164	4.704763	50.191902	-13.554478	-438.20184	79.27375	21781.74541783333
117	9017.3545	733.219	9709.4	6881.8203	8981.663	200.0379	9174.57	8653.944	8981.663	200.0379	9174.57	8653.944	9017.3545	733.219	9709.4	6881.8203	1000.0	1000.0	467999	581.32874	181.99174	820.22266	2.0184147	581.33014	181.99449	817.6712	-72.996506	4.059895	4.742206	61.320293	-12.90277	-434.86374	83.48799	21981.836105823517
118	9191.174	89.958664	9319.517	9020.1455	7658.1035	1969.118	9077.507	4275.4673	7658.1035	1969.118	9077.507	4275.4673	9191.174	89.958664	9319.517	9020.1455	1000.0	1000.0	471999	582.004	183.8165	820.85	3.5352051	582.00256	183.81714	820.78345	-204.41359	4.156182	4.740936	50.42829	-15.079527	-450.99573	93.34433	22161.339504241943
119	8800.322	3123.6033	10578.555	1064.6348	9087.031	313.1632	9363.244	8558.566	9087.031	313.1632	9363.244	8558.566	8800.322	3123.6033	10578.555	1064.6348	1000.0	1000.0	475999	584.6728	183.5379	821.719	3.5529568	584.67267	183.5372	820.95465	-154.05528	4.216325	4.7393866	51.992195	-13.019968	-454.40875	83.629524	22341.072360515594
120	9772.257	176.05714	10203.537	9544.711	9076.834	182.42233	9239.754	8767.406	9076.834	182.42233	9239.754	8767.406	9772.257	176.05714	10203.537	9544.711	1000.0	1000.0	479999	588.3897	184.03992	831.60333	3.5700154	588.3886	184.04375	826.37134	-134.86368	4.2072763	4.746982	55.49083	-16.225891	-452.44876	88.28928	22521.633491039276
121	10221.6	222.28854	10531.128	9818.236	9128.773	193.91254	9433.909	8928.597	9128.773	193.91254	9433.909	8928.597	10221.6	222.28854	10531.128	9818.236	1000.0	1000.0	483999	591.0072	185.2508	837.85205	3.587996	591.0077	185.25186	833.4812	-61.97766	4.1672196	4.74426	65.74665	-13.2262945	-455.9441	90.60361	22707.92094898224
122	9718.291	385.02008	10245.803	9011.4795	6990.698	3567.0723	9205.706	815.33636	6990.698	3567.0723	9205.706	815.33636	9718.291	385.02008	10245.803	9011.4795	1000.0	1000.0	487999	593.4247	185.80049	835.281	3.60573	593.4244	185.8001	833.90533	-29.159195	4.26849	4.783571	59.34924	-11.364991	-464.34662	90.80252	22889.02437543869
123	9903.025	114.503845	10023.605	9715.911	9107.105	265.87735	9317.275	8650.844	9107.105	265.87735	9317.275	8650.844	9903.025	114.503845	10023.605	9715.911	1000.0	1000.0	491999	595.6081	186.75171	832.2958	3.6230276	595.6086	186.74998	832.228	-43.774246	4.343171	4.7500844	52.133877	-14.619079	-477.5049	93.30109	23070.29482316971
124	9389.1	201.88544	9765.093	9053.491	9179.658	231.66142	9465.537	8831.285	9179.658	231.66142	9465.537	8831.285	9389.1	201.88544	9765.093	9053.491	1000.0	1000.0	495999	598.68195	187.02675	840.1049	3.6420574	598.68225	187.0242	843.5939	-119.29149	4.322468	4.693764	44.5984	-13.150438	-483.72757	87.58309	23290.324381113052
125	9834.021	858.089	10451.769	7325.5166	7351.7666	2969.502	9410.222	2231.351	7351.7666	2969.502	9410.222	2231.351	9834.021	858.089	10451.769	7325.5166	1000.0	1000.0	499999	602.0547	188.56749	843.8465	3.6602104	602.0552	188.57152	839.8465	-51.773823	4.277833	4.7327175	53.97516	-13.552759	-473.89935	93.036095	23512.368493556976
126	10293.252	252.92085	10682.593	9889.461	9337.205	149.15092	9533.832	9165.742	9337.205	149.15092	9533.832	9165.742	10293.252	252.92085	10682.593	9889.461	1000.0	1000.0	503999	604.40686	189.78607	845.0925	3.6775744	604.4058	189.78777	845.1262	-103.314445	4.4593296	4.7813134	45.96492	-13.159574	-477.00244	98.945175	23724.083876609802
127	10168.252	1105.482	10873.3955	6913.2227	9356.778	317.84973	9731.333	8991.399	9356.778	317.84973	9731.333	8991.399	10168.252	1105.482	10873.3955	6913.2227	1000.0	1000.0	507999	607.66113	189.69388	848.2773	3.6975563	607.6616	189.68979	848.4101	-79.28501	4.3948665	4.7430086	51.13146	-15.926481	-473.12256	91.79428	23902.338891506195
128	10005.793	95.826515	10139.88	9834.567	9552.339	497.25687	10007.809	8812.971	9552.339	497.25687	10007.809	8812.971	10005.793	95.826515	10139.88	9834.567	1000.0	1000.0	511999	610.6796	190.79749	856.1426	-25.405424	610.6782	190.80185	856.05927	-125.67074	4.491743	4.757981	64.45377	-15.971549	-495.80237	89.08303	24078.19299507141
129	10050.764	171.43019	10370.901	9719.413	9169.604	195.21199	9470.207	8949.409	9169.604	195.21199	9470.207	8949.409	10050.764	171.43019	10370.901	9719.413	1000.0	1000.0	515999	615.106	190.51382	861.4442	3.7342815	615.1063	190.51175	855.742	-75.89433	4.548903	4.7525883	49.25036	-14.02166	-495.781	97.08553	24256.365486860275
130	9925.009	997.63104	10455.973	6983.4756	9489.049	181.1455	9744.785	9273.989	9489.049	181.1455	9744.785	9273.989	9925.009	997.63104	10455.973	6983.4756	1000.0	1000.0	519999	616.9889	191.66937	876.87335	3.7537527	616.98785	191.67169	874.6191	-88.35802	4.4543915	4.7675805	49.8558	-12.218807	-478.8269	96.20782	24475.272435426712
131	9302.461	329.0489	9926.078	8954.801	9409.696	276.52948	9771.996	9124.001	9409.696	276.52948	9771.996	9124.001	9302.461	329.0489	9926.078	8954.801	1000.0	1000.0	523999	618.2208	191.42575	883.9766	-32.644253	618.22253	191.42294	887.268	-106.97545	4.488651	4.771037	55.02484	-13.637089	-479.40005	99.38178	24701.13685488701
132	9570.799	159.73447	9812.285	9282.51	9368.855	225.92299	9659.592	9041.903	9368.855	225.92299	9659.592	9041.903	9570.799	159.73447	9812.285	9282.51	1000.0	1000.0	527999	620.6233	191.46716	882.2893	3.7918677	620.6217	191.46617	882.0534	-55.127098	4.6187587	4.790761	52.85871	-14.031499	-492.40994	98.05776	24922.805950164795
133	10461.518	313.63892	11007.628	9961.874	9463.309	212.26895	9782.752	9185.483	9463.309	212.26895	9782.752	9185.483	10461.518	313.63892	11007.628	9961.874	1000.0	1000.0	531999	623.596	192.17357	885.1047	3.8102243	623.59827	192.16895	890.4329	-57.220657	4.5997043	4.7825637	69.80954	-15.978357	-495.32755	97.22055	25118.920062303543
134	10053.928	2109.9414	11165.601	3748.7239	9490.289	197.45354	9831.231	9353.654	9490.289	197.45354	9831.231	9353.654	10053.928	2109.9414	11165.601	3748.7239	1000.0	1000.0	535999	626.4604	192.62044	897.42523	3.830491	626.4621	192.61157	896.23834	-50.814793	4.6129932	4.743079	56.410194	-14.285655	-496.89743	94.221924	25315.551833629608
135	9017.679	189.59183	9414.132	8786.836	9703.302	314.17072	10074.608	9239.663	9703.302	314.17072	10074.608	9239.663	9017.679	189.59183	9414.132	8786.836	1000.0	1000.0	539999	630.1366	192.57126	895.5725	3.8518684	630.1359	192.57095	892.5496	-91.085976	4.6523333	4.679057	51.798992	-13.255272	-505.55817	98.44373	25505.002838611603
136	10800.822	191.89452	11146.81	10436.375	9649.434	84.1984	9736.7295	9535.013	9649.434	84.1984	9736.7295	9535.013	10800.822	191.89452	11146.81	10436.375	1000.0	1000.0	543999	632.3185	192.85191	893.97015	3.8714554	632.3188	192.85602	893.41486	-96.5672	4.5985217	4.669039	56.55033	-13.176207	-509.8586	99.643425	25677.254850149155
137	10770.575	78.294525	10940.061	10644.324	9674.684	306.61072	10090.551	9235.204	9674.684	306.61072	10090.551	9235.204	10770.575	78.294525	10940.061	10644.324	1000.0	1000.0	547999	634.7873	193.38918	903.44086	3.8895035	634.7865	193.38849	898.8655	-75.754005	4.6233807	4.7494674	60.248764	-13.543777	-496.18875	101.364006	25848.410086631775
138	9795.564	263.31314	10147.285	9203.431	9642.064	117.75776	9743.903	9443.572	9642.064	117.75776	9743.903	9443.572	9795.564	263.31314	10147.285	9203.431	1000.0	1000.0	551999	636.43414	193.63126	894.5866	3.9085264	636.4348	193.62743	896.64655	-64.99912	4.673125	4.7339487	60.319065	-13.137749	-502.58243	95.52217	26020.923043251038
139	10384.435	210.77489	10706.731	10091.43	9944.15	360.72253	10397.05	9432.8545	9944.15	360.72253	10397.05	9432.8545	10384.435	210.77489	10706.731	10091.43	1000.0	1000.0	555999	640.55194	193.57974	895.1814	3.9257178	640.5536	193.57912	898.55286	-33.46625	4.8061614	4.713214	58.64457	-11.353563	-504.97638	100.07847	26203.503695487976
140	10291.498	2123.999	11151.046	3929.6902	9639.214	254.41176	9969.78	9258.359	9639.214	254.41176	9969.78	9258.359	10291.498	2123.999	11151.046	3929.6902	1000.0	1000.0	559999	643.33826	193.90126	905.6426	-3.2575383	643.339	193.89758	906.0039	-56.587803	4.764626	4.7129927	52.22636	-13.319788	-520.19385	102.73128	26387.0965116024
141	8890.539	210.99069	9169.387	8543.626	9943.9795	240.79953	10219.207	9619.813	9943.9795	240.79953	10219.207	9619.813	8890.539	210.99069	9169.387	8543.626	1000.0	1000.0	563999	646.8602	194.32156	908.83826	3.9645226	646.8594	194.3291	916.22675	-28.581778	4.7782884	4.7138596	59.35334	-14.853961	-523.953	99.90656	26578.35077238083
142	10283.221	1812.1448	11047.812	4864.111	9858.506	85.98415	9985.488	9759.117	9858.506	85.98415	9985.488	9759.117	10283.221	1812.1448	11047.812	4864.111	1000.0	1000.0	567999	648.48334	195.63467	917.1764	3.9814627	648.48315	195.63695	909.8721	-46.283962	4.773489	4.7058516	64.76571	-15.410247	-533.0649	99.435844	26782.80144381523
143	10599.722	185.38446	10887.557	10321.123	9928.468	408.62546	10422.438	9384.295	9928.468	408.62546	10422.438	9384.295	10599.722	185.38446	10887.557	10321.123	1000.0	1000.0	571999	653.18933	194.98543	912.675	3.9996266	653.1891	194.9836	914.7921	-78.41392	4.8553643	4.674582	65.5771	-13.672769	-537.87537	100.939995	27009.977601766586
144	10227.956	440.10968	11028.632	9420.214	9941.394	294.63736	10418.106	9632.324	9941.394	294.63736	10418.106	9632.324	10227.956	440.10968	11028.632	9420.214	1000.0	1000.0	575999	656.0228	196.14458	915.53503	4.0181684	656.0241	196.14278	914.0931	-89.474	4.756551	4.675273	60.580494	-13.305466	-541.76685	96.05461	27235.894532203674
145	10234.954	2490.2422	11219.54	2771.9404	10222.82	263.3951	10602.88	9858.227	10222.82	263.3951	10602.88	9858.227	10234.954	2490.2422	11219.54	2771.9404	1000.0	1000.0	579999	659.8111	196.72559	921.9177	4.03852	659.811	196.72371	921.3543	-40.78463	4.786357	4.7000937	51.15692	-15.999886	-537.5316	91.81406	27418.69818663597
146	10821.271	161.96458	11010.749	10396.281	10097.771	105.89701	10244.229	9993.028	10097.771	105.89701	10244.229	9993.028	10821.271	161.96458	11010.749	10396.281	1000.0	1000.0	583999	662.94293	197.34544	922.8855	-10.9605055	662.94495	197.34183	922.00464	-51.190437	4.902311	4.705591	58.317596	-14.118032	-541.0259	101.1607	27591.072338581085
147	9851.789	106.59654	10006.056	9676.823	10267.48	250.79906	10513.474	9859.578	10267.48	250.79906	10513.474	9859.578	9851.789	106.59654	10006.056	9676.823	1000.0	1000.0	587999	665.8992	197.92139	924.42804	4.07549	665.89923	197.9211	922.0409	-56.568867	4.90209	4.7044625	56.65822	-14.845402	-539.661	96.8712	27764.16604399681
148	11126.736	145.09186	11459.486	10925.809	7668.0986	3828.3674	10180.899	1047.0581	7668.0986	3828.3674	10180.899	1047.0581	11126.736	145.09186	11459.486	10925.809	1000.0	1000.0	591999	668.5637	198.45485	934.0632	4.09324	668.5646	198.45065	936.9033	-34.131058	5.00541	4.741004	73.07055	-12.875391	-559.354	102.474205	27943.049837350845
149	10888.573	141.51988	11207.005	10731.021	9175.99	1825.2112	10477.781	6026.079	9175.99	1825.2112	10477.781	6026.079	10888.573	141.51988	11207.005	10731.021	1000.0	1000.0	595999	670.7382	200.1823	947.1361	4.1112494	670.7384	200.17876	944.78564	-26.3359	4.976356	4.764789	84.92333	-12.209341	-549.6974	96.937225	28132.858198404312
150	9671.248	3090.7651	11483.661	2678.521	9943.094	219.6203	10153.571	9609.538	9943.094	219.6203	10153.571	9609.538	9671.248	3090.7651	11483.661	2678.521	1000.0	1000.0	599999	674.15454	200.32234	946.8013	4.12934	674.1535	200.32558	943.5392	-93.742165	5.148565	4.792097	108.09052	-12.26426	-565.25757	113.34985	28320.355340242386
151	10935.866	124.429855	11181.794	10742.075	10277.644	413.99878	10620.401	9571.399	10277.644	413.99878	10620.401	9571.399	10935.866	124.429855	11181.794	10742.075	1000.0	1000.0	603999	676.3085	200.75381	945.4386	4.1486897	676.3088	200.75127	944.83014	-139.8063	5.072451	4.7326746	89.119736	-11.665079	-574.1926	104.364296	28506.10161137581
152	10008.285	1602.2926	11015.331	5295.215	10012.989	365.7155	10480.505	9486.232	10012.989	365.7155	10480.505	9486.232	10008.285	1602.2926	11015.331	5295.215	1000.0	1000.0	607999	678.268	200.54709	954.6548	4.1687503	678.26514	200.55519	953.2128	-115.3838	5.024485	4.7935567	61.246754	-12.073221	-561.8329	110.14756	28680.53319644928
153	10135.946	2340.8086	11336.613	3247.0044	10265.006	222.62926	10527.149	9929.429	10265.006	222.62926	10527.149	9929.429	10135.946	2340.8086	11336.613	3247.0044	1000.0	1000.0	611999	680.6347	200.85246	953.31854	4.187678	680.6347	200.85437	951.4438	-49.55045	5.0947895	4.743355	69.56897	-13.590163	-560.0001	106.76916	28855.191115379333
154	10925.181	344.4439	11126.014	9917.176	10583.711	270.40588	10914.803	10163.523	10583.711	270.40588	10914.803	10163.523	10925.181	344.4439	11126.014	9917.176	1000.0	1000.0	615999	684.3421	202.24872	964.5929	4.2050524	684.3416	202.2442	961.25323	-105.90814	5.1520514	4.7152624	53.943974	-13.764944	-585.20135	107.08956	29029.404051303864
155	10417.929	139.33415	10679.656	10105.929	10351.742	178.87941	10587.444	10087.533	10351.742	178.87941	10587.444	10087.533	10417.929	139.33415	10679.656	10105.929	1000.0	1000.0	619999	686.72784	203.4556	963.717	4.225466	686.7279	203.45738	960.49194	-129.1886	5.150533	4.76007	54.698517	-13.526616	-574.35394	106.0146	29241.805263757706
156	11364.73	269.79514	11802.089	10784.218	10388.553	183.45625	10639.703	10124.966	10388.553	183.45625	10639.703	10124.966	11364.73	269.79514	11802.089	10784.218	1000.0	1000.0	623999	689.90027	203.73895	967.3855	-11.955774	689.8992	203.73679	969.936	-113.781746	5.2459445	4.7223306	65.753586	-13.517607	-597.8678	109.897995	29468.57456445694
157	11385.374	211.86804	11626.193	11031.744	10357.475	133.58891	10559.588	10187.956	10357.475	133.58891	10559.588	10187.956	11385.374	211.86804	11626.193	11031.744	1000.0	1000.0	627999	693.26575	203.7351	970.2894	4.260604	693.2657	203.73631	969.72125	-76.82467	5.3485355	4.7166753	56.229435	-15.8734255	-593.069	116.6219	29693.247635126114
158	10290.244	457.5551	11044.874	9264.949	8361.872	3491.3186	10808.934	2332.5938	8361.872	3491.3186	10808.934	2332.5938	10290.244	457.5551	11044.874	9264.949	1000.0	1000.0	631999	696.5747	204.60625	970.64954	4.281048	696.5762	204.60335	972.1952	-87.91338	5.2946296	4.7198105	51.1866	-14.825528	-586.66187	106.61265	29868.196905612946
159	9703.68	3185.737	11644.471	2552.335	10625.455	233.29773	10889.662	10380.987	10625.455	233.29773	10889.662	10380.987	9703.68	3185.737	11644.471	2552.335	1000.0	1000.0	635999	698.37866	205.68596	974.55725	4.3010626	698.3779	205.68861	973.74384	-57.23104	5.23531	4.68862	58.75862	-13.796597	-598.2601	106.81817	30042.89424085617
160	11143.6045	210.89839	11491.457	10760.997	10509.772	150.08887	10697.341	10311.263	10509.772	150.08887	10697.341	10311.263	11143.6045	210.89839	11491.457	10760.997	1000.0	1000.0	639999	700.7779	206.67145	975.57416	-4.4976277	700.7763	206.67346	977.9973	-133.01587	5.2545886	4.671741	63.81456	-12.458242	-599.39923	107.36629	30218.642193317413
161	9655.953	3508.7886	11652.314	2330.747	10426.975	187.14659	10686.129	10205.535	10426.975	187.14659	10686.129	10205.535	9655.953	3508.7886	11652.314	2330.747	1000.0	1000.0	643999	704.1776	206.97491	979.2501	4.3370786	704.17834	206.97447	982.5966	-25.022545	5.3846054	4.72992	79.400826	-13.644791	-601.808	108.035934	30393.655026435852
162	10291.049	181.04976	10577.612	9865.387	10702.068	123.10813	10855.349	10513.288	10702.068	123.10813	10855.349	10513.288	10291.049	181.04976	10577.612	9865.387	1000.0	1000.0	647999	706.6333	208.13898	988.9015	4.3562765	706.6318	208.14267	982.9251	-177.07962	5.315789	4.747235	72.663216	-15.25387	-589.6987	114.39742	30572.698931455612
163	11510.088	163.97322	11761.669	11263.885	9141.828	1626.7567	10969.818	6991.8315	9141.828	1626.7567	10969.818	6991.8315	11510.088	163.97322	11761.669	11263.885	1000.0	1000.0	651999	708.7284	207.76617	982.1837	4.373931	708.7291	207.76703	984.17175	-173.55	5.3403344	4.725183	58.158363	-13.500913	-605.7847	114.119125	30754.093270778656
164	10898.528	169.2519	11105.896	10624.794	10182.762	423.71762	10851.31	9689.176	10182.762	423.71762	10851.31	9689.176	10898.528	169.2519	11105.896	10624.794	1000.0	1000.0	655999	709.0841	208.97801	985.0244	4.393679	709.0813	208.9902	984.8264	-164.34961	5.505732	4.7726665	65.2133	-14.022669	-600.49036	133.2297	30937.067084550858
165	11499.276	253.38806	11793.418	11012.796	10608.795	341.08	10864.043	10033.379	10608.795	341.08	10864.043	10033.379	11499.276	253.38806	11793.418	11012.796	1000.0	1000.0	659999	711.2893	207.80899	983.0457	4.4127474	711.2894	207.80798	983.0975	-113.21857	5.3505464	4.733519	54.41969	-14.180478	-599.34174	123.79464	31122.46706390381
166	11392.856	192.47548	11674.951	10946.017	10742.071	80.302124	10836.706	10616.265	10742.071	80.302124	10836.706	10616.265	11392.856	192.47548	11674.951	10946.017	1000.0	1000.0	663999	711.3949	208.69365	983.2158	-7.6197553	711.3954	208.69402	979.386	-158.64066	5.335385	4.757391	63.841022	-12.3996935	-606.6264	114.80264	31303.96637392044
167	10358.746	140.67816	10647.648	10120.048	10436.612	66.34731	10537.326	10351.538	10436.612	66.34731	10537.326	10351.538	10358.746	140.67816	10647.648	10120.048	1000.0	1000.0	667999	713.0932	209.31116	986.5386	4.4535728	713.09247	209.3126	984.41766	-98.77686	5.393023	4.7580543	59.101032	-12.362057	-600.9649	119.85866	31482.3674595356
168	10536.125	1808.8654	11509.588	5174.0796	10526.515	297.9669	10840.351	10198.961	10526.515	297.9669	10840.351	10198.961	10536.125	1808.8654	11509.588	5174.0796	1000.0	1000.0	671999	714.8926	208.53214	984.3643	4.474409	714.8908	208.53313	985.9133	-104.91182	5.3636427	4.715183	88.97712	-13.198127	-597.39764	121.50629	31655.426156044006
169	11356.153	247.70076	11744.022	10899.854	10452.912	226.87994	10822.475	10204.559	10452.912	226.87994	10822.475	10204.559	11356.153	247.70076	11744.022	10899.854	1000.0	1000.0	675999	715.88824	207.87126	985.2893	-19.641182	715.8862	207.87514	986.4272	-216.80835	5.5129776	4.7426624	64.40676	-14.082014	-606.10614	124.92748	31828.69500851631
170	11208.867	189.06755	11455.847	10800.397	10552.402	395.7536	10995.818	10079.323	10552.402	395.7536	10995.818	10079.323	11208.867	189.06755	11455.847	10800.397	1000.0	1000.0	679999	716.8916	208.77992	983.8476	4.5109015	716.89545	208.77376	986.7462	-93.0565	5.4842324	4.7253966	54.74603	-15.763287	-622.0644	116.7044	32002.1287484169
171	9790.143	215.63649	10181.711	9364.823	10797.498	189.35097	11048.605	10559.472	10797.498	189.35097	11048.605	10559.472	9790.143	215.63649	10181.711	9364.823	1000.0	1000.0	683999	718.97845	208.3607	992.27576	4.532101	718.9768	208.364	989.58826	-187.49594	5.5160737	4.7756124	58.36727	-12.0275545	-621.8785	117.429825	32214.952921628952
172	10503.326	109.48827	10653.62	10342.599	10865.832	291.5905	11321.064	10516.453	10865.832	291.5905	11321.064	10516.453	10503.326	109.48827	10653.62	10342.599	1000.0	1000.0	687999	722.1029	208.76012	987.6439	4.550338	722.1014	208.76474	988.9003	-184.04225	5.5393624	4.7355056	55.538834	-11.904474	-622.0005	113.68721	32459.564551591873
173	11221.896	188.58414	11436.705	10804.002	10752.067	165.18631	10974.12	10528.122	10752.067	165.18631	10974.12	10528.122	11221.896	188.58414	11436.705	10804.002	1000.0	1000.0	691999	724.30286	210.0727	995.60974	4.569591	724.30133	210.07777	992.7728	-96.89778	5.687947	4.7307553	52.743538	-12.072057	-631.89575	124.14716	32702.60754084587
174	10569.842	1979.6321	11380.576	4636.1616	10875.711	253.57347	11167.164	10497.565	10875.711	253.57347	11167.164	10497.565	10569.842	1979.6321	11380.576	4636.1616	1000.0	1000.0	695999	726.1456	211.02412	996.19946	4.589951	726.1445	211.02898	994.5792	-173.97462	5.6077332	4.7626996	63.12855	-13.226328	-630.1614	113.84305	32932.162336587906
175	11379.879	252.63391	11741.732	10951.406	10593.914	239.3581	10971.645	10307.072	10593.914	239.3581	10971.645	10307.072	11379.879	252.63391	11741.732	10951.406	1000.0	1000.0	699999	729.853	211.02846	997.2781	-23.125732	729.8529	211.03159	997.2224	-234.57869	5.5747294	4.7617164	64.74212	-14.245949	-630.74243	119.988464	33161.80564427376
176	11424.475	222.59503	11901.004	11058.396	8272.406	4204.871	11036.778	1002.5365	8272.406	4204.871	11036.778	1002.5365	11424.475	222.59503	11901.004	11058.396	1000.0	1000.0	703999	733.95825	210.52174	1003.43884	4.630142	733.9554	210.53227	1002.9517	-146.52606	5.747775	4.736219	82.755615	-13.8086815	-644.58575	118.677666	33391.436578035355
177	11372.913	124.302345	11593.465	11182.557	11030.8125	201.59447	11326.015	10762.863	11030.8125	201.59447	11326.015	10762.863	11372.913	124.302345	11593.465	11182.557	1000.0	1000.0	707999	735.7485	213.38521	1012.8741	4.64951	735.7482	213.3846	1009.7654	-85.301254	5.682144	4.7703657	57.22448	-13.641592	-641.8846	114.93587	33620.422451496124
178	11509.0625	156.81009	11735.571	11241.367	10843.184	171.8185	11123.202	10655.832	10843.184	171.8185	11123.202	10655.832	11509.0625	156.81009	11735.571	11241.367	1000.0	1000.0	711999	739.119	213.78331	1012.71906	0.8716793	739.11847	213.78697	1011.3248	-121.59938	5.715861	4.73281	56.93406	-13.24227	-659.9649	123.854965	33851.25577878952
179	12001.291	205.08899	12201.157	11677.134	10988.593	106.99234	11060.095	10803.599	10988.593	106.99234	11060.095	10803.599	12001.291	205.08899	12201.157	11677.134	1000.0	1000.0	715999	741.78656	212.8261	1014.124	-22.118961	741.787	212.82768	1017.04803	-159.6748	5.676087	4.8202224	64.78348	-13.400511	-638.1033	115.73883	34035.844329595566
180	9630.457	2225.0955	10650.145	2976.7383	10810.311	240.99222	11015.628	10425.853	10810.311	240.99222	11015.628	10425.853	9630.457	2225.0955	10650.145	2976.7383	1000.0	1000.0	719999	744.28125	213.23218	1015.38245	4.7170353	744.28217	213.227	1017.6732	-116.99704	5.711154	4.791045	61.64624	-12.335815	-649.7446	132.53882	34213.188928604126
181	11892.674	149.92413	12197.018	11751.386	11012.459	215.71252	11315.036	10715.475	11012.459	215.71252	11315.036	10715.475	11892.674	149.92413	12197.018	11751.386	1000.0	1000.0	723999	745.31616	214.66049	1017.18335	4.74229	745.3143	214.66579	1016.4355	-281.4015	5.719105	4.745272	48.569824	-12.558764	-644.06384	117.57486	34391.17723941803
182	11762.208	209.24898	12095.137	11419.784	10326.019	1074.2246	11409.207	8539.57	10326.019	1074.2246	11409.207	8539.57	11762.208	209.24898	12095.137	11419.784	1000.0	1000.0	727999	747.64795	213.28116	1023.8156	4.7621512	747.646	213.28564	1015.7635	-281.757	5.6957393	4.7467103	58.449135	-12.030971	-634.775	123.21735	34568.88638305664
183	11412.865	172.33081	11644.558	10991.577	10657.625	291.25897	10967.466	10294.765	10657.625	291.25897	10967.466	10294.765	11412.865	172.33081	11644.558	10991.577	1000.0	1000.0	731999	749.0942	214.0171	1018.6607	4.7800136	749.08984	214.03178	1018.086	-254.02663	5.7293	4.699149	64.96683	-13.37258	-654.50665	128.94511	34747.86966061592
184	11661.395	168.94328	11886.415	11294.504	10874.786	78.175964	10980.169	10785.519	10874.786	78.175964	10980.169	10785.519	11661.395	168.94328	11886.415	11294.504	1000.0	1000.0	735999	750.3218	214.2248	1025.2178	-25.29326	750.3211	214.23007	1023.4743	-161.79372	5.817772	4.7616916	50.07802	-15.048922	-656.8504	122.36557	34927.05440187454
185	11278.905	149.50159	11492.554	10997.292	10983.672	139.84406	11141.124	10757.68	10983.672	139.84406	11141.124	10757.68	11278.905	149.50159	11492.554	10997.292	1000.0	1000.0	739999	751.6359	214.50482	1022.4466	4.81677	751.635	214.50742	1022.9395	-120.98892	5.8978887	4.7471595	44.471527	-13.097473	-671.0943	123.151955	35107.10874438286
186	11151.578	1009.23145	11642.425	8142.6924	8609.682	4127.281	11499.61	1485.1588	8609.682	4127.281	11499.61	1485.1588	11151.578	1009.23145	11642.425	8142.6924	1000.0	1000.0	743999	754.4675	214.39389	1020.3744	-14.409426	754.46735	214.4009	1023.21716	-190.441	5.860837	4.780024	64.896255	-13.115751	-664.068	130.01306	35295.813227176666
187	11934.959	204.27385	12174.812	11512.447	11036.167	225.43301	11295.526	10737.411	11036.167	225.43301	11295.526	10737.411	11934.959	204.27385	12174.812	11512.447	1000.0	1000.0	747999	755.2902	215.15834	1021.03467	4.8606973	755.2904	215.1624	1022.4542	-123.78273	5.8534436	4.739137	53.800785	-14.5417385	-663.12823	125.28358	35484.26752471924
188	11785.655	227.67947	12092.391	11329.675	9268.6	3058.5618	11120.934	3971.8164	9268.6	3058.5618	11120.934	3971.8164	11785.655	227.67947	12092.391	11329.675	1000.0	1000.0	751999	755.877	216.62889	1026.6528	4.880789	755.8757	216.63159	1027.1161	-174.09737	5.808719	4.717511	70.42873	-12.17842	-665.096	134.73822	35674.34624695778
189	11590.714	201.47203	11790.865	11135.799	9960.456	1720.134	11269.523	7016.2383	9960.456	1720.134	11269.523	7016.2383	11590.714	201.47203	11790.865	11135.799	1000.0	1000.0	755999	757.1736	217.53812	1028.3765	4.902167	757.1682	217.55283	1026.8522	-266.29703	5.965263	4.7192454	63.25263	-14.590544	-679.43176	143.49062	35921.595702409744
190	10958.604	157.65263	11272.067	10686.719	10842.312	281.358	11154.365	10385.581	10842.312	281.358	11154.365	10385.581	10958.604	157.65263	11272.067	10686.719	1000.0	1000.0	759999	758.63165	218.28188	1024.9521	-2.233243	758.6308	218.28667	1025.8324	-226.2114	5.857146	4.7367644	63.526833	-11.889534	-664.07623	137.722	36170.102360486984
191	10877.414	127.023796	11103.678	10691.086	9523.333	2834.0654	11246.543	4615.7847	9523.333	2834.0654	11246.543	4615.7847	10877.414	127.023796	11103.678	10691.086	1000.0	1000.0	763999	759.4511	218.46855	1030.1991	4.944065	759.447	218.47931	1028.2646	-242.37245	5.8953424	4.7679467	69.32349	-15.101746	-678.47815	140.0495	36379.34803247452
192	11912.3	170.07288	12161.111	11566.452	11054.161	300.8588	11498.452	10712.487	11054.161	300.8588	11498.452	10712.487	11912.3	170.07288	12161.111	11566.452	1000.0	1000.0	767999	760.84326	218.84128	1031.8818	-24.516834	760.84106	218.84953	1030.8597	-194.5926	5.911458	4.7598596	67.7226	-11.55953	-683.5605	142.53136	36557.16458725929
193	11304.9795	703.8272	11988.168	9450.949	10762.516	667.57886	11236.714	9613.97	10762.516	667.57886	11236.714	9613.97	11304.9795	703.8272	11988.168	9450.949	1000.0	1000.0	771999	762.55145	218.60425	1032.8397	4.9853354	762.5509	218.60835	1036.3152	-213.24472	5.9954624	4.7652383	63.215492	-14.444771	-687.2396	138.75775	36734.92807006836
194	11466.308	198.71669	11826.857	11149.855	9361.303	2760.4878	11164.378	4585.483	9361.303	2760.4878	11164.378	4585.483	11466.308	198.71669	11826.857	11149.855	1000.0	1000.0	775999	764.6224	219.90837	1035.7026	5.0092278	764.61993	219.91328	1035.6228	-378.195	5.925544	4.7508016	53.300842	-12.336983	-675.23096	132.31178	36916.10965561867
195	9956.771	2986.652	11894.305	1660.2854	10997.174	300.09647	11279.142	10491.508	10997.174	300.09647	11279.142	10491.508	9956.771	2986.652	11894.305	1660.2854	1000.0	1000.0	779999	767.1319	221.57939	1039.5153	-18.115221	767.132	221.57953	1040.8923	-285.28284	5.9126167	4.7899976	74.85674	-12.177801	-680.4202	142.03003	37105.85862469673
196	11727.377	90.152725	11881.388	11612.806	11235.168	185.43364	11383.401	10926.842	11235.168	185.43364	11383.401	10926.842	11727.377	90.152725	11881.388	11612.806	1000.0	1000.0	783999	768.3148	221.19562	1034.5704	5.058946	768.3131	221.20044	1032.3368	-229.76459	5.9070325	4.7760105	49.502388	-11.648611	-670.96686	135.33931	37292.41951966286
197	11638.502	830.85956	12074.073	9173.551	11028.807	283.80316	11391.207	10627.777	11028.807	283.80316	11391.207	10627.777	11638.502	830.85956	12074.073	9173.551	1000.0	1000.0	787999	769.48645	220.50183	1034.1536	5.083685	769.48553	220.50867	1033.2714	-198.88118	5.886651	4.683881	64.51771	-11.812111	-701.2412	152.52663	37481.38205528259
198	12470.172	149.2697	12647.282	12195.524	11244.135	316.91418	11544.256	10740.162	11244.135	316.91418	11544.256	10740.162	12470.172	149.2697	12647.282	12195.524	1000.0	1000.0	791999	771.0095	220.85315	1040.2289	-23.154633	771.01245	220.84074	1042.5077	-179.80782	5.9545794	4.8224316	52.4818	-12.114618	-703.2902	134.9616	37659.51584672928
199	12192.338	130.72197	12411.467	11898.839	11178.785	261.3607	11423.65	10800.241	11178.785	261.3607	11423.65	10800.241	12192.338	130.72197	12411.467	11898.839	1000.0	1000.0	795999	772.42126	221.40169	1040.7233	5.133203	772.41864	221.41731	1039.8699	-310.50232	5.9354577	4.771547	64.7337	-11.483139	-705.17194	145.52538	37836.70580339432
200	11937.562	156.03697	12113.318	11554.4375	8901.039	4160.4644	11330.221	1695.0071	8901.039	4160.4644	11330.221	1695.0071	11937.562	156.03697	12113.318	11554.4375	1000.0	1000.0	799999	774.6032	221.94614	1044.2235	-30.541855	774.6023	221.94803	1044.689	-176.26074	5.9620237	4.783199	52.529457	-12.7382765	-701.54315	134.78609	38013.07516312599
