Epoch	AverageTestEnv0Ret	StdTestEnv0Ret	MaxTestEnv0Ret	MinTestEnv0Ret	AverageEnv0Ret	StdEnv0Ret	MaxEnv0Ret	MinEnv0Ret	AverageEpRet	StdEpRet	MaxEpRet	MinEpRet	AverageTestEpRet	StdTestEpRet	MaxTestEpRet	MinTestEpRet	EpLen	TestEpLen	TotalEnvInteracts	AverageQ1Vals	StdQ1Vals	MaxQ1Vals	MinQ1Vals	AverageQ2Vals	StdQ2Vals	MaxQ2Vals	MinQ2Vals	AverageLogPi	StdLogPi	MaxLogPi	MinLogPi	LossPi	LossQ	Time
1	-50.32364	9.813446	-36.55798	-65.18693	-274.36334	82.84487	-150.88232	-378.13544	-274.36334	82.84487	-150.88232	-378.13544	-50.32364	9.813446	-36.55798	-65.18693	1000.0	1000.0	3999	3.4960697	3.3463953	20.883919	-3.483013	3.4788115	3.371846	20.402653	-4.280156	-2.961258	1.5368099	7.1004725	-11.923805	-4.3877873	1.0255746	110.14158034324646
2	-420.54443	31.266157	-398.15735	-486.59393	-297.24542	72.68063	-183.89687	-371.95187	-297.24542	72.68063	-183.89687	-371.95187	-420.54443	31.266157	-398.15735	-486.59393	1000.0	1000.0	7999	16.249052	7.0167074	45.788177	-3.241799	16.249643	7.0174184	44.9338	-4.0018454	-0.7357195	2.5479958	16.108013	-16.234413	-17.636087	2.6456199	253.42446875572205
3	-151.5354	31.481575	-98.76472	-203.22844	-243.81158	33.326054	-189.96762	-277.64926	-243.81158	33.326054	-189.96762	-277.64926	-151.5354	31.481575	-98.76472	-203.22844	1000.0	1000.0	11999	33.623425	9.487209	71.197044	8.3121805	33.62457	9.484836	71.545975	7.6994667	-0.34777126	2.894114	16.92894	-14.856683	-34.971527	3.9129434	398.43988132476807
4	716.0701	239.6284	1035.8069	433.10605	205.61702	157.81564	403.90054	-32.979656	205.61702	157.81564	403.90054	-32.979656	716.0701	239.6284	1035.8069	433.10605	1000.0	1000.0	15999	39.23801	10.356913	72.31731	19.262941	39.2384	10.355671	71.66409	18.761366	-2.380679	1.8876331	12.9119215	-14.474613	-39.831024	4.0056868	546.0313956737518
5	1833.1113	80.104935	1935.5212	1648.2966	744.2355	475.64407	1338.8107	44.580208	744.2355	475.64407	1338.8107	44.580208	1833.1113	80.104935	1935.5212	1648.2966	1000.0	1000.0	19999	41.58526	11.547701	82.00656	19.815943	41.585377	11.547057	81.54941	20.197847	-2.3626726	1.8890132	13.481146	-13.365703	-42.176193	3.3535569	693.1053192615509
6	2266.898	82.46733	2380.423	2096.1943	760.2154	549.3359	1367.2228	-19.204187	760.2154	549.3359	1367.2228	-19.204187	2266.898	82.46733	2380.423	2096.1943	1000.0	1000.0	23999	48.183975	15.650484	99.379074	22.019848	48.18454	15.649377	101.57945	22.426273	-1.8174596	2.2295911	17.584053	-14.026787	-48.829773	4.1469765	841.6372017860413
7	2897.671	75.21208	3041.8162	2817.5125	2092.1003	170.66698	2342.975	1901.2693	2092.1003	170.66698	2342.975	1901.2693	2897.671	75.21208	3041.8162	2817.5125	1000.0	1000.0	27999	58.66511	21.731468	127.50197	23.574654	58.66512	21.731712	128.29308	23.939484	-1.1635052	2.6521087	18.48109	-14.056287	-59.371265	5.416682	993.0168752670288
8	3231.2837	65.38489	3331.6064	3145.7827	2537.2148	447.68555	3021.3303	1806.5293	2537.2148	447.68555	3021.3303	1806.5293	3231.2837	65.38489	3331.6064	3145.7827	1000.0	1000.0	31999	74.66662	29.038637	155.94528	24.925508	74.6667	29.038322	154.8089	25.272633	-0.49109513	2.9286306	17.799116	-16.50256	-75.40544	7.3479357	1144.3955285549164
9	3768.765	49.94721	3820.5977	3661.3416	2991.0923	222.2337	3273.2563	2719.926	2991.0923	222.2337	3273.2563	2719.926	3768.765	49.94721	3820.5977	3661.3416	1000.0	1000.0	35999	93.72463	36.998142	175.44138	25.463264	93.72449	36.99853	176.9006	25.675234	0.027974635	3.1708996	19.065851	-13.441914	-94.477066	9.223346	1296.2960991859436
10	3903.2847	87.992294	4046.2385	3694.1394	3228.1711	152.68303	3371.4756	2976.77	3228.1711	152.68303	3371.4756	2976.77	3903.2847	87.992294	4046.2385	3694.1394	1000.0	1000.0	39999	114.30925	44.376316	199.60086	25.080187	114.30897	44.37532	201.50092	24.37071	0.48896426	3.3411486	20.201664	-15.240459	-115.0451	10.558038	1451.1047141551971
11	4173.4365	79.201836	4282.948	4033.285	3473.306	100.863365	3583.2375	3365.289	3473.306	100.863365	3583.2375	3365.289	4173.4365	79.201836	4282.948	4033.285	1000.0	1000.0	43999	134.86536	50.884953	225.62575	24.763823	134.86534	50.88389	224.075	24.090324	0.8487157	3.4197302	20.600645	-17.213037	-135.56743	12.068748	1605.3967473506927
12	4260.874	66.96347	4359.293	4165.369	3670.333	71.62951	3785.3806	3593.4175	3670.333	71.62951	3785.3806	3593.4175	4260.874	66.96347	4359.293	4165.369	1000.0	1000.0	47999	154.98064	56.294968	249.44424	23.18193	154.98112	56.29371	248.81998	21.353846	1.0186133	3.479352	22.6901	-13.854601	-155.63174	12.687035	1758.1525962352753
13	4374.106	314.99625	4650.3	3456.9946	3895.7686	57.583683	3977.5432	3815.7493	3895.7686	57.583683	3977.5432	3815.7493	4374.106	314.99625	4650.3	3456.9946	1000.0	1000.0	51999	173.99075	61.06257	267.07373	21.669653	173.99059	61.062393	266.31265	13.160812	1.1381153	3.523629	23.215738	-15.11327	-174.5985	12.582531	1914.4813814163208
14	4851.1494	276.6859	5114.0093	4077.761	4092.0251	116.71232	4230.177	3906.94	4092.0251	116.71232	4230.177	3906.94	4851.1494	276.6859	5114.0093	4077.761	1000.0	1000.0	55999	191.62888	65.71682	283.36298	20.491747	191.62811	65.71735	283.64102	13.149713	1.2553732	3.5678542	21.053726	-15.083875	-192.15637	13.761515	2072.6991305351257
15	4984.517	92.346535	5152.2544	4835.7046	4254.046	108.898964	4413.912	4123.429	4254.046	108.898964	4413.912	4123.429	4984.517	92.346535	5152.2544	4835.7046	1000.0	1000.0	59999	208.61073	69.67306	309.81863	20.71335	208.61098	69.67228	307.89755	17.42578	1.4479916	3.6488204	23.06988	-15.276339	-209.14677	13.965176	2223.0369703769684
16	4998.688	89.07036	5133.9995	4855.716	4391.995	56.627556	4450.167	4307.454	4391.995	56.627556	4450.167	4307.454	4998.688	89.07036	5133.9995	4855.716	1000.0	1000.0	63999	225.51242	73.03885	322.85178	18.921606	225.5123	73.03916	323.6108	15.592815	1.6307822	3.698411	24.986622	-14.666674	-226.0158	15.061532	2373.606014251709
17	5010.624	66.94742	5135.957	4919.2495	4557.966	118.84568	4652.802	4357.733	4557.966	118.84568	4652.802	4357.733	5010.624	66.94742	5135.957	4919.2495	1000.0	1000.0	67999	241.17493	76.024574	340.3034	17.969032	241.1752	76.02448	340.682	12.838255	1.7539966	3.7263775	24.859646	-14.45722	-241.64769	15.72903	2529.4192867279053
18	4955.1455	87.190956	5097.8257	4851.2217	4777.1367	67.05086	4888.9507	4717.4717	4777.1367	67.05086	4888.9507	4717.4717	4955.1455	87.190956	5097.8257	4851.2217	1000.0	1000.0	71999	255.78946	79.01491	355.35925	18.174793	255.78938	79.01466	352.2895	13.073284	1.9532981	3.7570102	22.939165	-12.727335	-256.2318	16.133324	2688.9854378700256
19	5210.6865	49.61863	5313.183	5150.18	4787.355	136.19798	5012.262	4669.2334	4787.355	136.19798	5012.262	4669.2334	5210.6865	49.61863	5313.183	5150.18	1000.0	1000.0	75999	269.84207	81.370384	367.93658	18.485329	269.84195	81.37061	365.0367	10.431127	2.0065272	3.7483509	28.073017	-13.347105	-270.24484	15.591447	2854.4440488815308
20	5379.274	130.32022	5544.9976	5095.6304	4912.728	126.10318	5056.494	4747.786	4912.728	126.10318	5056.494	4747.786	5379.274	130.32022	5544.9976	5095.6304	1000.0	1000.0	79999	282.7221	83.04486	379.51346	18.223774	282.72217	83.04383	378.8448	7.6708446	2.0618856	3.728249	28.780235	-12.317072	-283.0758	15.759394	3022.3674387931824
21	5211.607	44.735973	5268.814	5143.781	4121.3984	1528.8632	5054.5796	1473.9055	4121.3984	1528.8632	5054.5796	1473.9055	5211.607	44.735973	5268.814	5143.781	1000.0	1000.0	83999	293.8566	85.76585	390.60895	15.062175	293.85675	85.765945	390.7108	-3.6451292	2.1400795	3.7449965	25.913246	-13.108823	-294.17175	16.806536	3206.5142402648926
22	5532.669	46.751812	5582.112	5432.759	5048.077	101.045944	5174.6987	4947.1543	5048.077	101.045944	5174.6987	4947.1543	5532.669	46.751812	5582.112	5432.759	1000.0	1000.0	87999	302.72275	89.89494	402.2888	10.838215	302.72253	89.894325	399.2423	-6.61949	2.2192934	3.759455	31.814423	-13.102054	-303.00894	18.508436	3395.5954718589783
23	5573.154	82.57027	5694.931	5427.022	5250.962	24.042723	5288.3296	5221.384	5250.962	24.042723	5288.3296	5221.384	5573.154	82.57027	5694.931	5427.022	1000.0	1000.0	91999	313.22815	90.96911	413.4739	11.594704	313.2284	90.96958	410.03598	-8.03058	2.376365	3.7896106	32.460953	-14.757192	-313.50613	18.46824	3584.7535004615784
24	5756.9595	42.819386	5817.746	5690.2173	5210.1543	81.03773	5293.253	5087.7324	5210.1543	81.03773	5293.253	5087.7324	5756.9595	42.819386	5817.746	5690.2173	1000.0	1000.0	95999	323.04434	91.736465	420.24182	20.296385	323.04395	91.73668	418.9866	-43.032547	2.399272	3.7899609	29.618752	-13.702183	-323.26624	18.87986	3765.504423379898
25	5589.1494	71.70519	5688.7705	5478.4146	4323.421	1651.8462	5311.4814	1463.1667	4323.421	1651.8462	5311.4814	1463.1667	5589.1494	71.70519	5688.7705	5478.4146	1000.0	1000.0	99999	329.6313	95.63098	429.92636	4.457064	329.63037	95.63295	430.44617	-21.656273	2.3419383	3.7842193	33.166374	-13.701537	-329.82474	21.13825	3942.0033724308014
26	5591.7095	724.8164	5941.5195	3431.2922	5391.161	67.08119	5466.7593	5291.844	5391.161	67.08119	5466.7593	5291.844	5591.7095	724.8164	5941.5195	3431.2922	1000.0	1000.0	103999	337.43723	96.68514	435.6376	-3.9294934	337.4366	96.68595	438.01816	-61.949276	2.4137707	3.7633998	26.833149	-12.411835	-337.60886	20.45787	4119.154101133347
27	5840.6123	143.15367	6027.7266	5520.434	5451.363	67.72824	5561.055	5386.429	5451.363	67.72824	5561.055	5386.429	5840.6123	143.15367	6027.7266	5520.434	1000.0	1000.0	107999	345.3032	97.18582	453.54056	3.8500934	345.30344	97.18388	449.52216	-14.284019	2.47315	3.7868054	38.78293	-12.702024	-345.46494	19.814907	4297.470977783203
28	6050.462	85.13237	6166.1304	5905.526	5454.123	34.61063	5485.4287	5398.3823	5454.123	34.61063	5485.4287	5398.3823	6050.462	85.13237	6166.1304	5905.526	1000.0	1000.0	111999	352.8271	97.501205	457.0296	-7.9205008	352.82675	97.50068	456.6467	-91.99795	2.5942404	3.8088315	40.199497	-14.862317	-352.95032	20.17736	4475.122274398804
29	5808.539	121.101906	5931.4136	5489.8906	5532.2866	74.799194	5650.7944	5446.6016	5532.2866	74.799194	5650.7944	5446.6016	5808.539	121.101906	5931.4136	5489.8906	1000.0	1000.0	115999	360.40805	97.534	464.494	-0.61049974	360.4082	97.5329	461.07187	-21.892447	2.5811856	3.8026962	42.089424	-12.186867	-360.49362	20.869663	4653.018213033676
30	6316.353	73.60137	6413.081	6156.4155	5605.678	64.594406	5695.207	5515.0713	5605.678	64.594406	5695.207	5515.0713	6316.353	73.60137	6413.081	6156.4155	1000.0	1000.0	119999	367.23773	97.61205	470.17184	13.679711	367.2379	97.61143	467.99246	-52.161133	2.7199476	3.808137	36.123726	-14.862194	-367.3518	19.674126	4830.932285785675
31	6024.502	58.545567	6086.412	5890.8096	5662.7104	81.96351	5792.5312	5586.004	5662.7104	81.96351	5792.5312	5586.004	6024.502	58.545567	6086.412	5890.8096	1000.0	1000.0	123999	373.6675	98.327965	472.91473	19.834408	373.6674	98.326485	474.3881	-55.172592	2.745796	3.8629692	45.79164	-17.608137	-373.7596	20.097084	5044.6831176280975
32	6155.5596	137.81589	6334.4136	5858.5054	5717.2075	160.45894	5913.4595	5513.515	5717.2075	160.45894	5913.4595	5513.515	6155.5596	137.81589	6334.4136	5858.5054	1000.0	1000.0	127999	380.48944	97.89698	480.05597	14.643877	380.4891	97.89733	482.03928	-14.014168	2.823903	3.846238	34.724667	-12.077478	-380.56354	19.822021	5264.281538963318
33	6338.9614	121.20431	6586.319	6157.035	5412.136	586.933	5822.0806	4402.628	5412.136	586.933	5822.0806	4402.628	6338.9614	121.20431	6586.319	6157.035	1000.0	1000.0	131999	385.6964	99.194	484.59454	7.1477523	385.69608	99.19467	484.39465	-53.9084	2.8079398	3.8273013	39.253063	-12.233943	-385.7458	21.463854	5486.485896587372
34	6438.5044	91.96492	6644.508	6297.6865	5793.659	98.268845	5927.0156	5649.569	5793.659	98.268845	5927.0156	5649.569	6438.5044	91.96492	6644.508	6297.6865	1000.0	1000.0	135999	391.38467	99.38004	492.96124	3.2986917	391.3849	99.37858	493.40076	-78.33583	2.9025683	3.8430173	39.49494	-13.601741	-391.40884	21.451164	5714.477752923965
35	6149.9766	56.120453	6250.659	6083.494	5886.8315	111.629875	6073.728	5787.547	5886.8315	111.629875	6073.728	5787.547	6149.9766	56.120453	6250.659	6083.494	1000.0	1000.0	139999	396.95004	99.4345	505.60284	17.24246	396.94983	99.43525	505.97586	-11.84872	2.9382153	3.8294818	61.881783	-12.850427	-396.9627	21.588177	5942.103786945343
36	6450.311	46.907192	6506.978	6385.5225	5587.9375	694.89185	6067.2554	4391.5864	5587.9375	694.89185	6067.2554	4391.5864	6450.311	46.907192	6506.978	6385.5225	1000.0	1000.0	143999	401.85815	99.93013	514.1183	-1.4436829	401.85767	99.93124	515.09186	-62.788223	3.0235832	3.8756847	47.67256	-12.920052	-401.83746	23.31575	6144.231236457825
37	6321.415	90.478775	6488.7925	6222.799	5987.377	152.91077	6229.768	5836.9365	5987.377	152.91077	6229.768	5836.9365	6321.415	90.478775	6488.7925	6222.799	1000.0	1000.0	147999	406.41443	100.5665	516.9996	-1.4427668	406.4144	100.56611	519.169	-30.67863	3.048005	3.8801107	58.213367	-13.741505	-406.3782	25.439968	6321.077077150345
38	6438.6816	91.958435	6545.3813	6282.614	6136.4507	146.31895	6317.693	5944.9536	6136.4507	146.31895	6317.693	5944.9536	6438.6816	91.958435	6545.3813	6282.614	1000.0	1000.0	151999	410.81097	100.9077	520.1104	-2.557019	410.81104	100.90671	518.31537	-38.111237	3.1232138	3.8878891	56.114216	-14.792268	-410.7456	24.853477	6498.582148551941
39	6368.8413	1688.5144	7087.889	1312.9435	6054.34	111.67837	6167.9976	5896.081	6054.34	111.67837	6167.9976	5896.081	6368.8413	1688.5144	7087.889	1312.9435	1000.0	1000.0	155999	415.4952	101.0109	523.91583	-13.291491	415.495	101.01119	525.19086	-38.71803	3.198535	3.923607	45.634346	-12.780615	-415.39957	26.539633	6674.784792423248
40	6631.258	137.34407	6839.25	6304.328	6146.4536	180.45955	6426.1445	5969.0513	6146.4536	180.45955	6426.1445	5969.0513	6631.258	137.34407	6839.25	6304.328	1000.0	1000.0	159999	419.95712	101.14574	530.2769	-27.243258	419.95743	101.14531	531.9388	-68.25642	3.2783916	3.9289114	41.321693	-12.699769	-419.8852	27.051762	6848.606040239334
41	6912.732	159.92845	7162.851	6659.9946	6368.823	77.07794	6481.899	6279.777	6368.823	77.07794	6481.899	6279.777	6912.732	159.92845	7162.851	6659.9946	1000.0	1000.0	163999	424.96933	100.98564	545.188	13.843107	424.96912	100.98466	543.3602	12.702325	3.3453832	3.9131308	60.35641	-13.774808	-424.90454	25.16042	7023.572702884674
42	6708.574	116.05965	6870.7954	6524.2	5169.9946	1747.6168	6292.563	2152.1086	5169.9946	1747.6168	6292.563	2152.1086	6708.574	116.05965	6870.7954	6524.2	1000.0	1000.0	167999	428.20084	103.52653	547.849	-5.7637644	428.20035	103.52759	547.10474	-11.201902	3.3691952	3.933151	50.65706	-13.107352	-428.083	27.078999	7197.649976730347
43	6816.042	107.37397	6984.444	6699.7036	6399.721	192.37674	6601.5796	6123.8164	6399.721	192.37674	6601.5796	6123.8164	6816.042	107.37397	6984.444	6699.7036	1000.0	1000.0	171999	432.26923	104.78944	552.5274	8.374571	432.26923	104.787384	550.95715	-20.71864	3.423107	3.965763	55.51831	-14.5750675	-432.17264	28.673992	7420.355326890945
44	7129.0615	118.96843	7330.4277	6961.0815	5982.3516	1018.65356	6716.394	4232.9985	5982.3516	1018.65356	6716.394	4232.9985	7129.0615	118.96843	7330.4277	6961.0815	1000.0	1000.0	175999	435.84207	106.37179	562.74554	-60.483875	435.8422	106.37335	560.1542	-195.204	3.4938774	4.026268	87.628654	-14.858327	-435.72952	32.583298	7668.0949165821075
45	7165.146	126.612526	7417.942	7017.5405	6432.408	94.26611	6534.978	6316.6816	6432.408	94.26611	6534.978	6316.6816	7165.146	126.612526	7417.942	7017.5405	1000.0	1000.0	179999	440.1184	106.96277	569.4185	-102.336266	440.1201	106.956894	567.8771	-215.9654	3.501604	4.000189	74.073296	-13.879492	-439.98474	33.728848	7901.5464062690735
46	4450.083	2709.6362	7838.2217	777.94073	5589.0977	1669.7677	6712.7227	2702.3088	5589.0977	1669.7677	6712.7227	2702.3088	4450.083	2709.6362	7838.2217	777.94073	1000.0	1000.0	183999	444.00146	107.31575	571.90906	-89.474106	444.00293	107.30892	575.6885	-106.78678	3.6684847	4.0670266	60.07942	-13.568802	-443.87878	34.839993	8089.026916503906
47	7214.806	273.8015	7509.286	6475.23	4468.758	2679.8406	6780.4546	123.1103	4468.758	2679.8406	6780.4546	123.1103	7214.806	273.8015	7509.286	6475.23	1000.0	1000.0	187999	446.0646	111.0273	577.2995	-60.353855	446.06653	111.01945	579.13794	-79.93524	3.6902516	4.054532	55.37326	-14.350445	-445.93954	35.932858	8276.260674476624
48	7488.7046	135.62576	7678.2617	7218.3877	5133.772	1617.9934	6953.471	3423.156	5133.772	1617.9934	6953.471	3423.156	7488.7046	135.62576	7678.2617	7218.3877	1000.0	1000.0	191999	447.2622	115.96857	582.56683	-51.943375	447.26392	115.96212	583.8151	-76.09885	3.6893713	4.092546	65.30715	-15.2373	-447.10593	38.46684	8463.630330324173
49	7468.46	114.41019	7637.895	7302.915	6586.389	298.87073	6916.0254	6273.637	6586.389	298.87073	6916.0254	6273.637	7468.46	114.41019	7637.895	7302.915	1000.0	1000.0	195999	449.27896	119.20848	595.1593	-52.514202	449.28217	119.19589	594.06635	-108.81436	3.7357903	4.1395493	50.591896	-13.612138	-449.0876	43.18045	8646.866775989532
50	8068.694	113.40194	8200.59	7801.402	5971.6924	1490.6138	6877.9653	3390.3423	5971.6924	1490.6138	6877.9653	3390.3423	8068.694	113.40194	8200.59	7801.402	1000.0	1000.0	199999	452.8208	119.549446	598.2922	-68.671814	452.8248	119.535286	597.63464	-73.93969	3.861451	4.168016	39.119522	-14.177961	-452.6527	46.706978	8831.080611467361
51	7515.4805	62.527718	7591.846	7418.7383	6755.304	254.92107	7026.8853	6340.852	6755.304	254.92107	7026.8853	6340.852	7515.4805	62.527718	7591.846	7418.7383	1000.0	1000.0	203999	455.88513	121.08725	602.79175	-34.477016	455.8874	121.07669	599.3431	-91.50656	3.9275255	4.183029	59.398163	-12.5779295	-455.6825	48.395084	9013.55626988411
52	6943.288	996.72473	7636.3706	4035.9976	6830.839	144.05246	6947.2144	6584.628	6830.839	144.05246	6947.2144	6584.628	6943.288	996.72473	7636.3706	4035.9976	1000.0	1000.0	207999	459.6616	121.6976	607.34717	-44.38045	459.66595	121.68374	605.70337	-60.80959	3.9071965	4.1908355	89.02748	-12.508192	-459.45038	45.95349	9193.123761892319
53	7615.694	74.54013	7739.672	7506.639	6890.065	241.4478	7195.8096	6519.2324	6890.065	241.4478	7195.8096	6519.2324	7615.694	74.54013	7739.672	7506.639	1000.0	1000.0	211999	463.02753	121.95933	610.4301	-40.187057	463.03235	121.94613	609.23975	-71.23418	3.9545217	4.2223234	76.461105	-12.548298	-462.82745	47.153442	9373.944950580597
54	7299.383	96.62721	7434.703	7108.8423	5469.8403	2651.6716	7082.8374	878.1124	5469.8403	2651.6716	7082.8374	878.1124	7299.383	96.62721	7434.703	7108.8423	1000.0	1000.0	215999	464.95285	124.150604	614.9577	-44.62086	464.95685	124.13595	614.2118	-97.44915	3.9400084	4.2580686	46.75045	-12.467987	-464.74298	53.83642	9556.495079278946
55	7812.978	117.59472	8000.1616	7585.91	7207.674	215.67963	7511.2593	6908.7026	7207.674	215.67963	7511.2593	6908.7026	7812.978	117.59472	8000.1616	7585.91	1000.0	1000.0	219999	467.71777	125.195526	615.95734	-34.253082	467.72272	125.1782	614.55725	-73.279495	3.9715466	4.205334	54.357597	-11.351738	-467.47467	51.854515	9740.89210987091
56	7533.0586	141.21458	7694.689	7284.7837	6826.62	508.9664	7194.4375	5953.4507	6826.62	508.9664	7194.4375	5953.4507	7533.0586	141.21458	7694.689	7284.7837	1000.0	1000.0	223999	471.86572	125.67342	623.7773	-45.3806	471.87012	125.657425	624.2543	-89.04232	4.0712905	4.1778717	50.68129	-12.309987	-471.64636	52.278072	9924.641132116318
57	7425.4717	116.15674	7565.8003	7233.809	5696.042	2962.9084	7493.463	564.9759	5696.042	2962.9084	7493.463	564.9759	7425.4717	116.15674	7565.8003	7233.809	1000.0	1000.0	227999	473.9156	128.66342	629.7643	-70.55553	473.92	128.64482	628.81085	-88.09846	4.1434245	4.220229	56.533882	-12.510708	-473.68234	59.2227	10113.703733205795
58	7519.6743	112.873245	7700.302	7347.15	7164.601	181.51848	7362.9116	6870.754	7164.601	181.51848	7362.9116	6870.754	7519.6743	112.873245	7700.302	7347.15	1000.0	1000.0	231999	477.20078	129.35684	632.52203	-53.20846	477.20593	129.3379	633.63184	-74.00194	4.1986837	4.255251	54.479183	-13.052442	-476.9597	61.250633	10421.801627635956
59	7421.3843	1718.0248	8229.202	2278.0376	7469.3525	176.24712	7658.692	7286.239	7469.3525	176.24712	7658.692	7286.239	7421.3843	1718.0248	8229.202	2278.0376	1000.0	1000.0	235999	480.15323	130.32423	636.78534	-62.99803	480.15857	130.3072	635.8077	-86.92608	4.2396216	4.2377977	65.85036	-12.830956	-479.90903	55.56805	10730.246058702469
60	8346.102	161.49907	8708.13	8162.0234	7632.359	97.30017	7769.161	7497.6567	7632.359	97.30017	7769.161	7497.6567	8346.102	161.49907	8708.13	8162.0234	1000.0	1000.0	239999	484.73605	129.91301	640.73785	-38.04264	484.74026	129.89804	643.43146	-61.217148	4.395937	4.28998	51.47835	-14.686193	-484.51382	56.03489	11014.773359775543
61	7698.888	63.256027	7805.2427	7607.2803	7426.3125	235.66615	7743.9277	7110.7666	7426.3125	235.66615	7743.9277	7110.7666	7698.888	63.256027	7805.2427	7607.2803	1000.0	1000.0	243999	489.12085	130.24265	648.37604	-45.052044	489.1252	130.2257	647.35944	-72.39566	4.412105	4.252616	46.005	-12.136066	-488.89026	54.306553	11282.572078704834
62	8357.761	140.6828	8584.76	8091.1997	7657.752	201.11038	7971.8013	7473.579	7657.752	201.11038	7971.8013	7473.579	8357.761	140.6828	8584.76	8091.1997	1000.0	1000.0	247999	493.32324	131.02177	662.5889	-40.383106	493.32697	131.00865	660.4285	-59.695065	4.448615	4.215193	51.237156	-15.469461	-493.07867	53.12439	11469.06977891922
63	8793.842	97.23253	8925.638	8629.519	7841.9756	44.966606	7872.8364	7764.5635	7841.9756	44.966606	7872.8364	7764.5635	8793.842	97.23253	8925.638	8629.519	1000.0	1000.0	251999	497.95795	131.15273	667.7995	-42.28755	497.96136	131.13898	668.05536	-42.869026	4.56576	4.2741313	44.460365	-12.104385	-497.7105	58.13729	11651.058916807175
64	8697.15	142.70447	8990.518	8506.145	7581.579	270.40012	8005.1084	7278.5845	7581.579	270.40012	8005.1084	7278.5845	8697.15	142.70447	8990.518	8506.145	1000.0	1000.0	255999	502.49496	131.84918	669.1351	-30.662298	502.49823	131.83829	670.3763	-50.61016	4.5635986	4.2848773	46.694374	-13.236996	-502.2839	54.526554	11832.359778165817
65	8828.412	145.51656	9094.759	8581.3955	8017.699	186.09256	8296.526	7806.2207	8017.699	186.09256	8296.526	7806.2207	8828.412	145.51656	9094.759	8581.3955	1000.0	1000.0	259999	506.95575	132.11127	676.4449	-32.294453	506.95935	132.09772	674.3474	-52.408146	4.664537	4.2807074	59.47771	-14.086451	-506.774	54.466244	12090.984007120132
66	8430.994	149.10721	8667.841	8152.4116	7801.243	128.04999	7962.8115	7620.2007	7801.243	128.04999	7962.8115	7620.2007	8430.994	149.10721	8667.841	8152.4116	1000.0	1000.0	263999	511.22388	133.42412	687.26324	-37.02356	511.2268	133.41324	689.8497	-46.68231	4.7234054	4.3111734	50.25499	-12.063578	-511.00595	56.683453	12409.9545981884
67	8390.749	1974.4358	9302.534	2478.925	8037.972	194.66513	8305.424	7757.024	8037.972	194.66513	8305.424	7757.024	8390.749	1974.4358	9302.534	2478.925	1000.0	1000.0	267999	516.14825	133.63861	697.7584	-40.042515	516.1522	133.6251	700.5498	-43.514343	4.834146	4.324036	49.50775	-11.856617	-515.9372	58.32303	12743.101194620132
68	8794.286	1140.9164	9294.325	5388.78	8075.6064	156.17242	8227.138	7828.6626	8075.6064	156.17242	8227.138	7828.6626	8794.286	1140.9164	9294.325	5388.78	1000.0	1000.0	271999	521.16266	134.28555	700.6782	-35.935238	521.16473	134.27695	699.103	-86.52735	4.901854	4.3517995	59.321594	-12.203191	-520.9605	57.19796	13080.100978374481
69	6235.0073	2755.1594	8676.188	1414.1517	8313.531	64.820404	8421.417	8249.245	8313.531	64.820404	8421.417	8249.245	6235.0073	2755.1594	8676.188	1414.1517	1000.0	1000.0	275999	526.3945	134.55444	712.0696	-42.948696	526.39685	134.5458	708.8609	-55.715683	4.969135	4.3991213	45.264286	-11.609299	-526.1845	60.38174	13371.349311351776
70	9122.768	132.99922	9296.571	8876.663	8131.367	364.72137	8547.984	7709.003	8131.367	364.72137	8547.984	7709.003	9122.768	132.99922	9296.571	8876.663	1000.0	1000.0	279999	531.6706	135.1119	717.4519	-34.609787	531.6737	135.10292	716.46545	-58.889748	5.0874367	4.365287	59.589985	-13.425589	-531.48456	62.98782	13676.855056524277
71	8651.023	221.01944	8991.953	8268.841	8184.293	454.45074	8564.148	7440.906	8184.293	454.45074	8564.148	7440.906	8651.023	221.01944	8991.953	8268.841	1000.0	1000.0	283999	535.9772	137.09045	724.21027	-59.011024	535.9797	137.08601	725.74384	-71.01946	5.1308637	4.414085	55.3196	-12.85644	-535.7565	65.389854	13868.924494743347
72	8512.516	93.83946	8642.416	8379.766	8434.242	55.170338	8475.962	8339.285	8434.242	55.170338	8475.962	8339.285	8512.516	93.83946	8642.416	8379.766	1000.0	1000.0	287999	540.84045	137.39471	721.7543	-63.471947	540.8434	137.38837	724.9598	-57.898186	5.149093	4.427152	71.806465	-12.078756	-540.6062	64.00918	14053.81430387497
73	8243.81	168.47581	8641.415	8026.417	7218.7812	2616.5583	8800.72	2688.5168	7218.7812	2616.5583	8800.72	2688.5168	8243.81	168.47581	8641.415	8026.417	1000.0	1000.0	291999	544.6816	139.88441	730.0256	-32.831177	544.68414	139.8753	733.43964	-53.157722	5.203352	4.4473095	57.779278	-12.655125	-544.4803	66.33737	14238.828013420105
74	8950.36	220.6011	9294.708	8578.172	8685.672	199.84787	8884.216	8355.842	8685.672	199.84787	8884.216	8355.842	8950.36	220.6011	9294.708	8578.172	1000.0	1000.0	295999	548.5709	141.42029	736.50885	-51.177856	548.57324	141.4148	740.75714	-53.642506	5.2289667	4.425182	57.8274	-13.168901	-548.3156	70.910576	14423.57321548462
75	9290.518	335.8543	9585.329	8420.114	8657.8545	163.89825	8887.034	8427.996	8657.8545	163.89825	8887.034	8427.996	9290.518	335.8543	9585.329	8420.114	1000.0	1000.0	299999	552.83795	141.70964	737.98004	-44.389896	552.84	141.70676	738.56256	-68.665764	5.3373237	4.41673	53.212326	-15.814545	-552.6287	71.32748	14608.062519073486
76	9039.655	175.36658	9358.693	8783.149	8837.814	224.44188	9082.69	8612.169	8837.814	224.44188	9082.69	8612.169	9039.655	175.36658	9358.693	8783.149	1000.0	1000.0	303999	557.9928	141.86586	744.6739	-59.62199	557.99524	141.85742	743.08374	-38.181942	5.3889556	4.426226	50.36879	-12.484592	-557.77985	69.36244	14793.190121173859
77	9401.702	133.35432	9627.424	9189.954	8082.208	1478.8818	9017.232	5522.9585	8082.208	1478.8818	9017.232	5522.9585	9401.702	133.35432	9627.424	9189.954	1000.0	1000.0	307999	562.5428	142.68925	762.0241	-19.832678	562.5448	142.68697	755.8744	-29.14356	5.4437785	4.446433	56.191013	-12.344817	-562.3299	72.02354	15033.348265171051
78	9767.404	166.09346	9998.681	9483.46	8723.207	85.08448	8809.732	8616.614	8723.207	85.08448	8809.732	8616.614	9767.404	166.09346	9998.681	9483.46	1000.0	1000.0	311999	566.45056	144.51369	761.547	-11.8553505	566.4514	144.51276	762.2773	-18.059397	5.5555625	4.4875307	71.59288	-12.246623	-566.25275	76.20427	15344.59093117714
79	7322.8267	2550.2527	10091.506	1903.0071	9011.837	199.6519	9337.824	8800.211	9011.837	199.6519	9337.824	8800.211	7322.8267	2550.2527	10091.506	1903.0071	1000.0	1000.0	315999	571.2497	144.86873	768.902	3.0550747	571.2533	144.86304	766.9036	-5.8356357	5.5849805	4.4870996	73.9499	-12.068733	-571.02136	78.28014	15616.641897678375
80	9369.263	196.77405	9704.831	9110.612	8868.34	121.22594	9045.738	8707.791	8868.34	121.22594	9045.738	8707.791	9369.263	196.77405	9704.831	9110.612	1000.0	1000.0	319999	574.6001	145.68481	771.3702	-15.103235	574.6008	145.68413	773.9507	-35.427814	5.599233	4.4839616	60.661293	-11.608034	-574.3334	78.8401	15846.006500959396
81	10034.223	198.39082	10390.415	9665.033	8171.3945	1529.4946	9340.392	5591.8535	8171.3945	1529.4946	9340.392	5591.8535	10034.223	198.39082	10390.415	9665.033	1000.0	1000.0	323999	578.3058	147.24184	777.48596	3.130702	578.308	147.23828	777.10754	-23.765959	5.712854	4.5054727	66.72484	-13.865868	-578.1157	76.81061	16073.14457988739
82	9016.58	179.4988	9302.144	8709.6	9006.202	286.7705	9356.931	8577.436	9006.202	286.7705	9356.931	8577.436	9016.58	179.4988	9302.144	8709.6	1000.0	1000.0	327999	583.0693	148.49014	783.33954	3.1665123	583.0719	148.48375	780.6521	-41.987488	5.73854	4.484134	68.84403	-11.8182335	-582.81323	80.65829	16374.29680776596
83	10093.749	138.55234	10269.354	9814.426	9258.788	189.24837	9505.25	8994.435	9258.788	189.24837	9505.25	8994.435	10093.749	138.55234	10269.354	9814.426	1000.0	1000.0	331999	587.1023	149.19327	791.53345	-13.256624	587.1038	149.19058	789.7367	-45.393684	5.792653	4.489742	54.01691	-12.637877	-586.83923	87.571915	16699.513991355896
84	10236.493	138.30669	10486.012	10009.84	7155.076	3736.9878	9424.966	686.9254	7155.076	3736.9878	9424.966	686.9254	10236.493	138.30669	10486.012	10009.84	1000.0	1000.0	335999	590.2199	152.32025	794.8878	-75.94638	590.2215	152.31465	796.3526	-71.02498	5.900532	4.494585	63.51304	-11.959462	-589.98126	88.11498	16993.051699399948
85	10140.357	130.23213	10303.129	9837.961	9412.055	152.26208	9584.002	9198.2705	9412.055	152.26208	9584.002	9198.2705	10140.357	130.23213	10303.129	9837.961	1000.0	1000.0	339999	594.0674	153.2692	795.35205	-28.572182	594.06885	153.26471	797.2663	-44.318455	5.8543887	4.537324	71.5513	-12.888693	-593.8085	90.22553	17286.272983551025
86	10409.604	343.59335	10898.736	9535.202	9297.637	180.49211	9607.804	9169.549	9297.637	180.49211	9607.804	9169.549	10409.604	343.59335	10898.736	9535.202	1000.0	1000.0	343999	598.06384	153.47879	803.0838	-46.629242	598.06555	153.4763	804.5063	-12.089036	5.919954	4.5354815	75.68441	-11.612085	-597.844	82.512955	17524.05399775505
87	10132.474	92.11618	10258.619	10002.828	9437.605	95.53553	9541.848	9313.344	9437.605	95.53553	9541.848	9313.344	10132.474	92.11618	10258.619	10002.828	1000.0	1000.0	347999	602.33386	154.14574	810.896	3.343308	602.3362	154.14584	812.8138	-38.049423	6.02036	4.55413	71.586716	-12.139101	-602.1142	84.83409	17757.34376335144
88	10046.592	221.35117	10196.455	9426.384	9623.779	98.261635	9780.079	9508.59	9623.779	98.261635	9780.079	9508.59	10046.592	221.35117	10196.455	9426.384	1000.0	1000.0	351999	607.1474	154.65504	820.2356	-9.314355	607.1481	154.65428	814.8637	-30.974596	6.1151466	4.5650253	65.20447	-15.285316	-606.92365	89.81822	17941.63531279564
89	10527.936	145.82162	10742.079	10296.504	9737.351	126.11566	9906.983	9560.196	9737.351	126.11566	9906.983	9560.196	10527.936	145.82162	10742.079	10296.504	1000.0	1000.0	355999	612.34033	155.42958	822.90894	-2.7459314	612.3405	155.4296	823.12915	-18.271105	6.201885	4.548383	61.888977	-13.662739	-612.10675	88.66378	18124.127810239792
90	10528.757	204.19455	10734.4375	10029.332	9682.8125	43.434532	9731.443	9613.546	9682.8125	43.434532	9731.443	9613.546	10528.757	204.19455	10734.4375	10029.332	1000.0	1000.0	359999	617.1702	156.55827	833.773	3.438668	617.17206	156.55722	835.7963	-7.2493896	6.1780157	4.5640497	100.72472	-12.834607	-616.94464	91.92141	18306.70627093315
91	10457.162	278.39655	10872.39	9927.32	9508.432	66.79993	9572.119	9413.513	9508.432	66.79993	9572.119	9413.513	10457.162	278.39655	10872.39	9927.32	1000.0	1000.0	363999	622.02856	157.1341	836.1697	3.472097	622.0296	157.12985	838.15814	-5.6929617	6.278533	4.57312	82.75621	-10.636053	-621.8319	87.77622	18490.56494808197
92	10562.719	134.70714	10769.097	10373.16	9713.932	346.8536	10179.58	9310.035	9713.932	346.8536	10179.58	9310.035	10562.719	134.70714	10769.097	10373.16	1000.0	1000.0	367999	627.392	157.82246	839.6892	3.5032678	627.3941	157.82236	839.29095	-11.646168	6.33732	4.5637717	63.462013	-15.584579	-627.1995	91.31868	18673.175154924393
93	10324.011	154.27211	10628.815	10099.876	9647.58	93.63323	9717.579	9487.542	9647.58	93.63323	9717.579	9487.542	10324.011	154.27211	10628.815	10099.876	1000.0	1000.0	371999	632.2746	158.6696	846.60754	3.5393121	632.27454	158.67131	846.36786	3.6914718	6.413586	4.5538454	63.123688	-11.659719	-632.0802	87.92158	18856.234894752502
94	10744.339	108.97736	10874.702	10527.52	9992.146	43.117058	10049.957	9932.796	9992.146	43.117058	10049.957	9932.796	10744.339	108.97736	10874.702	10527.52	1000.0	1000.0	375999	637.2026	158.09702	846.13446	3.5676703	637.2038	158.0952	845.8048	-4.404986	6.5088606	4.5751324	53.756973	-13.022163	-637.03455	90.15984	19039.460542678833
95	10552.411	86.332	10667.628	10418.19	9803.119	221.02446	10098.094	9498.331	9803.119	221.02446	10098.094	9498.331	10552.411	86.332	10667.628	10418.19	1000.0	1000.0	379999	640.88245	158.66365	850.4185	3.6140654	640.88385	158.66626	852.2333	3.1075745	6.4862237	4.5541387	64.05962	-13.626282	-640.63885	94.174324	19232.305315732956
96	10249.177	62.750973	10374.779	10133.302	10033.365	38.410194	10092.145	9984.93	10033.365	38.410194	10092.145	9984.93	10249.177	62.750973	10374.779	10133.302	1000.0	1000.0	383999	645.7846	158.36156	855.3555	13.799131	645.7848	158.37053	852.4025	4.4067125	6.4717245	4.5442176	66.140686	-12.295486	-645.59424	94.770294	19561.859558582306
97	10535.674	190.44511	10795.084	10039.075	9807.463	125.27158	9973.073	9685.301	9807.463	125.27158	9973.073	9685.301	10535.674	190.44511	10795.084	10039.075	1000.0	1000.0	387999	650.51715	157.42587	855.4077	12.459472	650.51654	157.43181	857.76746	2.306419	6.5688677	4.5521135	68.12728	-12.808426	-650.29144	95.26126	19856.03001666069
98	10245.044	78.9927	10362.203	10099.129	10009.361	229.92197	10314.037	9671.042	10009.361	229.92197	10314.037	9671.042	10245.044	78.9927	10362.203	10099.129	1000.0	1000.0	391999	654.02325	157.74983	860.2957	6.364538	654.02386	157.75107	857.006	3.818	6.5916886	4.5514755	59.9098	-11.257357	-653.7986	95.72952	20042.456758737564
99	10515.507	78.61651	10614.613	10341.049	10223.172	108.3689	10373.07	10117.554	10223.172	108.3689	10373.07	10117.554	10515.507	78.61651	10614.613	10341.049	1000.0	1000.0	395999	657.7901	157.92117	867.9729	9.997464	657.7896	157.92447	865.8828	-4.5730586	6.5682926	4.5510507	75.308556	-14.642899	-657.5498	96.103966	20229.46352481842
100	10710.736	301.225	11078.072	9927.4795	10215.741	317.14368	10517.963	9746.816	10215.741	317.14368	10517.963	9746.816	10710.736	301.225	11078.072	9927.4795	1000.0	1000.0	399999	661.39233	159.5208	876.57495	-46.85478	661.39233	159.52483	872.1259	4.7992263	6.603988	4.525879	66.860825	-12.569341	-661.1651	92.53508	20416.285967588425
101	10180.7705	83.604645	10351.888	10064.702	10144.885	238.39864	10502.987	9831.737	10144.885	238.39864	10502.987	9831.737	10180.7705	83.604645	10351.888	10064.702	1000.0	1000.0	403999	664.9492	160.44304	878.24805	9.291208	664.9482	160.4505	876.5833	6.4225764	6.6041894	4.565519	69.327065	-12.458246	-664.7123	98.36398	20602.34043622017
102	9691.515	1788.4092	10906.202	6161.1597	9991.025	223.4864	10267.505	9661.2295	9991.025	223.4864	10267.505	9661.2295	9691.515	1788.4092	10906.202	6161.1597	1000.0	1000.0	407999	668.8508	160.91273	880.06366	5.291791	668.8513	160.91383	881.9319	9.128885	6.6813025	4.5671988	51.166462	-12.39714	-668.61237	102.28663	20788.134635210037
103	11116.804	133.14342	11348.327	10956.927	10209.161	301.26056	10574.013	9735.926	10209.161	301.26056	10574.013	9735.926	11116.804	133.14342	11348.327	10956.927	1000.0	1000.0	411999	672.11945	160.95314	885.30536	9.168115	672.1192	160.95964	881.1043	2.8848066	6.7373023	4.632209	105.61964	-13.499676	-671.90924	97.30302	20972.369037151337
104	10953.244	196.7955	11274.881	10599.546	10013.641	185.14201	10278.79	9760.939	10013.641	185.14201	10278.79	9760.939	10953.244	196.7955	11274.881	10599.546	1000.0	1000.0	415999	675.743	161.24556	887.5983	8.26767	675.7423	161.24857	884.5646	-2.1360486	6.7631783	4.621425	83.534744	-13.463936	-675.4528	95.764435	21225.626762151718
105	10729.17	146.25757	10893.129	10394.635	10230.092	83.09957	10341.705	10125.466	10230.092	83.09957	10341.705	10125.466	10729.17	146.25757	10893.129	10394.635	1000.0	1000.0	419999	679.3	161.38965	886.62286	8.722125	679.29913	161.397	886.8558	6.349922	6.759315	4.5782294	67.680336	-11.617742	-679.0196	94.21181	21491.343470573425
106	11023.224	139.43379	11243.115	10791.243	10639.946	158.33907	10898.393	10467.544	10639.946	158.33907	10898.393	10467.544	11023.224	139.43379	11243.115	10791.243	1000.0	1000.0	423999	682.226	162.51425	897.0714	7.2254868	682.2261	162.51509	899.2853	-5.3666987	6.798903	4.6163917	102.15035	-13.144377	-681.9764	98.90633	21724.268153190613
107	11319.545	153.37794	11536.789	11084.412	9205.988	2178.2966	10630.786	5438.7427	9205.988	2178.2966	10630.786	5438.7427	11319.545	153.37794	11536.789	11084.412	1000.0	1000.0	427999	685.30383	163.64749	906.88873	6.3725934	685.3031	163.65463	901.63324	2.572764	6.876927	4.6163597	81.19828	-11.395203	-685.0384	98.82575	21925.84345149994
108	11184.248	107.47748	11426.103	10996.577	10601.999	112.521774	10745.449	10429.945	10601.999	112.521774	10745.449	10429.945	11184.248	107.47748	11426.103	10996.577	1000.0	1000.0	431999	688.08136	163.90895	902.427	6.9863777	688.07947	163.91794	905.02905	-7.261007	6.86754	4.6685753	74.50461	-14.83262	-687.7639	108.122894	22132.25039291382
109	11129.543	206.9687	11388.291	10789.192	10796.94	159.9756	10954.3	10565.755	10796.94	159.9756	10954.3	10565.755	11129.543	206.9687	11388.291	10789.192	1000.0	1000.0	435999	691.49274	164.65636	914.3027	6.718215	691.4938	164.66002	911.93787	-6.809701	6.994489	4.616515	67.431465	-14.715332	-691.20026	103.78779	22400.115483283997
110	10899.095	190.99068	11135.173	10502.014	9704.539	1776.4126	10889.035	6633.596	9704.539	1776.4126	10889.035	6633.596	10899.095	190.99068	11135.173	10502.014	1000.0	1000.0	439999	694.2019	167.23366	913.9928	3.9210894	694.201	167.245	914.8249	-152.32265	6.9077888	4.6383414	97.67222	-14.671602	-693.90424	108.85869	22712.541288375854
111	11006.674	140.28441	11262.323	10813.443	10579.537	328.00003	10781.168	10011.583	10579.537	328.00003	10781.168	10011.583	11006.674	140.28441	11262.323	10813.443	1000.0	1000.0	443999	697.7158	168.13193	921.3609	3.934481	697.7145	168.13708	916.9784	-6.5381494	6.999351	4.678362	80.66702	-10.56123	-697.41675	107.812904	22939.65737247467
112	10935.942	150.12015	11113.077	10719.826	10633.045	117.55753	10755.999	10439.093	10633.045	117.55753	10755.999	10439.093	10935.942	150.12015	11113.077	10719.826	1000.0	1000.0	447999	701.0272	168.7633	923.8755	-5.345559	701.02673	168.77173	918.3792	-11.6914425	7.0172224	4.6366825	99.08247	-12.535595	-700.7335	115.37985	23127.167197704315
113	10867.93	92.72947	11013.844	10718.78	10484.9795	233.06624	10883.18	10291.13	10484.9795	233.06624	10883.18	10291.13	10867.93	92.72947	11013.844	10718.78	1000.0	1000.0	451999	704.4222	169.08401	922.93866	3.9716477	704.4227	169.08525	925.8638	-6.6286855	6.9815483	4.6244793	64.48817	-11.770134	-704.0931	113.21423	23314.096553087234
114	11135.648	87.81655	11283.973	11001.392	10501.84	120.84099	10675.778	10338.217	10501.84	120.84099	10675.778	10338.217	11135.648	87.81655	11283.973	11001.392	1000.0	1000.0	455999	706.9621	170.9312	929.4618	3.9918606	706.96185	170.93352	930.1189	-42.554832	7.056842	4.648009	65.127426	-11.840046	-706.6362	115.84625	23512.626684188843
115	11338.72	168.44145	11549.858	11006.823	8178.6113	4109.5386	10724.368	1063.0798	8178.6113	4109.5386	10724.368	1063.0798	11338.72	168.44145	11549.858	11006.823	1000.0	1000.0	459999	709.83746	171.33055	926.81573	-3.6491838	709.838	171.33324	926.28723	-27.229702	7.074756	4.6730103	67.8045	-14.802721	-709.454	116.36269	23722.828389406204
116	10586.1	128.08983	10737.563	10356.588	10529.673	242.40077	10727.194	10122.494	10529.673	242.40077	10727.194	10122.494	10586.1	128.08983	10737.563	10356.588	1000.0	1000.0	463999	711.14185	173.75345	929.999	4.0328264	711.14105	173.75473	930.0536	-17.299599	7.093792	4.6869435	85.61933	-11.275365	-710.7667	123.65475	23932.90631365776
117	10746.964	1716.6792	11678.807	5627.2275	10735.463	179.29538	10935.84	10450.338	10735.463	179.29538	10935.84	10450.338	10746.964	1716.6792	11678.807	5627.2275	1000.0	1000.0	467999	714.0854	175.11214	936.55286	4.054397	714.087	175.10922	937.23914	-14.940862	7.1142488	4.6904	56.175293	-12.75491	-713.75977	114.75856	24182.57818889618
118	11336.762	176.61241	11521.841	10911.518	10713.958	127.50069	10886.094	10529.895	10713.958	127.50069	10886.094	10529.895	11336.762	176.61241	11521.841	10911.518	1000.0	1000.0	471999	717.55896	174.6925	936.5958	4.0762	717.55865	174.69897	937.712	-63.147507	7.146035	4.690331	94.850914	-14.827267	-717.16974	118.34071	24446.91726207733
119	10934.982	87.70902	11082.567	10767.748	10745.5625	118.328476	10871.26	10584.668	10745.5625	118.328476	10871.26	10584.668	10934.982	87.70902	11082.567	10767.748	1000.0	1000.0	475999	720.51746	173.97461	944.07477	4.0963273	720.51904	173.97226	939.0915	-2.2490892	7.214452	4.6651654	54.993378	-11.964955	-720.12177	114.60098	24683.872403383255
120	10995.791	582.6295	11475.375	9301.819	10699.717	346.4969	11104.629	10147.277	10699.717	346.4969	11104.629	10147.277	10995.791	582.6295	11475.375	9301.819	1000.0	1000.0	479999	722.267	175.75032	943.82764	4.122929	722.26794	175.75018	944.16125	-18.104399	7.202136	4.6909466	60.893368	-13.047242	-721.8608	113.72897	24868.386842012405
121	11101.82	151.09557	11328.579	10861.23	10857.462	88.41892	10945.769	10720.44	10857.462	88.41892	10945.769	10720.44	11101.82	151.09557	11328.579	10861.23	1000.0	1000.0	483999	724.6004	176.33177	945.82166	-0.46925783	724.60187	176.32982	946.9003	-20.341475	7.293112	4.716084	65.66319	-12.867584	-724.2308	118.62825	25056.840791463852
122	11482.252	128.9955	11709.854	11315.644	10976.593	107.68641	11157.239	10883.191	10976.593	107.68641	11157.239	10883.191	11482.252	128.9955	11709.854	11315.644	1000.0	1000.0	487999	727.61786	175.59663	952.8883	-28.098537	727.61835	175.59692	950.6846	-19.506926	7.2145877	4.6943035	64.53784	-13.076503	-727.17554	112.84722	25267.68467116356
123	11408.799	119.93156	11672.71	11274.113	10796.693	118.37903	10998.064	10710.761	10796.693	118.37903	10998.064	10710.761	11408.799	119.93156	11672.71	11274.113	1000.0	1000.0	491999	730.39606	176.93687	953.1494	-8.157843	730.39825	176.93477	955.0633	-21.672203	7.2212415	4.711943	65.60726	-12.79221	-730.0063	113.48597	25543.36122393608
124	11712.678	191.04904	12034.098	11418.538	10862.295	176.35945	10992.283	10560.277	10862.295	176.35945	10992.283	10560.277	11712.678	191.04904	12034.098	11418.538	1000.0	1000.0	495999	733.5097	176.83615	960.823	-2.1367059	733.5106	176.83199	960.41156	-13.863291	7.3168144	4.673913	55.7471	-12.63036	-733.1181	113.5878	25726.559182167053
125	11488.933	200.6324	12019.769	11191.012	10725.273	284.98257	11013.475	10252.514	10725.273	284.98257	11013.475	10252.514	11488.933	200.6324	12019.769	11191.012	1000.0	1000.0	499999	735.95	176.77756	954.36053	-0.21365881	735.9519	176.77005	952.073	-9.142951	7.2996817	4.7095184	78.383354	-12.319637	-735.49866	123.4977	25909.683356523514
126	9829.279	175.83788	10168.4795	9541.485	10860.705	158.53583	11121.888	10693.949	10860.705	158.53583	11121.888	10693.949	9829.279	175.83788	10168.4795	9541.485	1000.0	1000.0	503999	738.1646	177.67725	959.2432	-15.89011	738.1656	177.67569	963.92194	-18.86595	7.463432	4.7038965	69.23979	-10.286652	-737.7705	122.80684	26092.691742420197
127	11620.613	90.747986	11762.6	11466.273	10988.266	224.4587	11279.398	10660.838	10988.266	224.4587	11279.398	10660.838	11620.613	90.747986	11762.6	11466.273	1000.0	1000.0	507999	740.4047	178.36292	961.8786	-37.512794	740.4065	178.35866	964.73096	-30.63385	7.387335	4.7025876	65.78119	-12.576952	-739.96014	115.13081	26275.371757507324
128	11220.489	108.98744	11473.574	11098.454	11149.285	181.31021	11342.314	10855.75	11149.285	181.31021	11342.314	10855.75	11220.489	108.98744	11473.574	11098.454	1000.0	1000.0	511999	744.0732	178.33783	972.3221	-18.681442	744.0741	178.3341	965.4122	-47.81019	7.51098	4.7490954	74.88616	-11.012567	-743.6582	114.14204	26458.623101711273
129	11518.141	67.36245	11605.389	11360.427	10894.609	92.050865	11022.969	10764.608	10894.609	92.050865	11022.969	10764.608	11518.141	67.36245	11605.389	11360.427	1000.0	1000.0	515999	748.10266	178.17874	972.41785	4.3579807	748.1038	178.17679	965.145	-58.72673	7.50094	4.756106	86.07691	-13.663656	-747.68713	114.54005	26642.415691137314
130	10887.46	178.84813	11135.226	10557.424	11059.82	112.30368	11247.229	10959.037	11059.82	112.30368	11247.229	10959.037	10887.46	178.84813	11135.226	10557.424	1000.0	1000.0	519999	750.31213	179.366	969.1684	1.7639565	750.31305	179.3658	967.4322	-100.77909	7.4463463	4.7173615	70.49083	-12.984089	-749.8968	118.11358	26826.002593755722
131	11112.933	243.77046	11473.917	10740.081	10894.55	133.92297	11102.305	10763.001	10894.55	133.92297	11102.305	10763.001	11112.933	243.77046	11473.917	10740.081	1000.0	1000.0	523999	752.7646	178.71838	973.3686	-18.078773	752.76544	178.7179	971.62225	-30.60915	7.413016	4.7240667	76.853836	-12.209006	-752.29224	115.19864	27009.388991594315
132	10889.949	171.64488	11172.794	10656.81	10922.711	71.80775	11004.223	10849.994	10922.711	71.80775	11004.223	10849.994	10889.949	171.64488	11172.794	10656.81	1000.0	1000.0	527999	755.26184	178.90569	972.59125	-14.487011	755.2629	178.90343	972.8515	-22.937784	7.5363917	4.719132	70.58159	-11.798639	-754.8073	118.83556	27192.5683927536
133	10477.846	1579.0692	11198.171	5751.426	10888.915	162.65376	11087.603	10634.555	10888.915	162.65376	11087.603	10634.555	10477.846	1579.0692	11198.171	5751.426	1000.0	1000.0	531999	756.9021	179.05533	976.0154	-17.45349	756.90326	179.05235	976.92993	-35.757782	7.5513983	4.707522	66.39805	-12.023782	-756.4225	122.23941	27374.09059548378
134	11540.822	159.08101	11742.904	11277.887	10034.058	1596.667	10963.279	7268.5625	10034.058	1596.667	10963.279	7268.5625	11540.822	159.08101	11742.904	11277.887	1000.0	1000.0	535999	758.7366	178.7113	976.06256	-23.00187	758.738	178.70969	979.88983	-37.212734	7.59315	4.686787	78.95198	-12.540354	-758.202	127.66568	27555.995794534683
135	11450.768	110.03268	11692.176	11291.133	11127.727	248.84055	11377.874	10812.821	11127.727	248.84055	11377.874	10812.821	11450.768	110.03268	11692.176	11291.133	1000.0	1000.0	539999	760.05286	179.38173	974.40625	-23.280664	760.0517	179.38461	981.45074	-39.05211	7.6510563	4.760142	84.19725	-12.15339	-759.5129	130.14928	27737.970545053482
136	11536.925	107.8985	11744.914	11344.619	10157.637	1610.2561	11207.321	7372.1377	10157.637	1610.2561	11207.321	7372.1377	11536.925	107.8985	11744.914	11344.619	1000.0	1000.0	543999	760.5232	180.43828	973.7203	-57.73245	760.52545	180.43718	978.3665	-20.166306	7.6452537	4.770546	71.06388	-11.042701	-759.9983	129.90038	27958.743950605392
137	11713.436	104.782295	11907.838	11488.62	10948.504	134.0125	11073.317	10722.536	10948.504	134.0125	11073.317	10722.536	11713.436	104.782295	11907.838	11488.62	1000.0	1000.0	547999	762.4825	179.96146	979.1041	-18.596497	762.4835	179.95901	976.6575	-27.752514	7.589365	4.731334	78.48601	-14.806234	-761.89514	125.84156	28173.446004629135
138	11896.444	124.36388	12074.424	11710.8125	11033.409	193.64743	11189.157	10701.43	11033.409	193.64743	11189.157	10701.43	11896.444	124.36388	12074.424	11710.8125	1000.0	1000.0	551999	762.5132	180.75854	976.2477	-11.151048	762.51514	180.75514	977.29285	-19.968533	7.51381	4.7475944	106.81993	-12.365141	-761.93835	121.14226	28383.608512878418
139	11703.928	136.80302	11926.839	11511.323	10925.02	142.21965	11165.371	10807.395	10925.02	142.21965	11165.371	10807.395	11703.928	136.80302	11926.839	11511.323	1000.0	1000.0	555999	764.5365	180.18181	980.3506	-22.94486	764.53656	180.1828	980.0621	-42.8226	7.5986714	4.7002044	93.060005	-10.837746	-763.95215	129.74762	28561.81662297249
140	11046.28	1397.0044	11798.553	6920.4424	11096.651	112.48971	11221.512	10921.45	11096.651	112.48971	11221.512	10921.45	11046.28	1397.0044	11798.553	6920.4424	1000.0	1000.0	559999	765.7521	180.3859	981.0126	-26.793644	765.7533	180.38559	984.7893	-119.04245	7.646093	4.702016	89.36727	-11.902056	-765.10876	134.50397	28739.504813432693
141	11562.421	274.78757	12045.315	11087.296	11206.105	232.15117	11522.104	10888.549	11206.105	232.15117	11522.104	10888.549	11562.421	274.78757	12045.315	11087.296	1000.0	1000.0	563999	767.8646	180.75003	985.5504	-11.256544	767.8664	180.74786	982.45654	-18.3695	7.6628494	4.659435	95.11922	-14.47509	-767.2851	126.59789	28917.42375445366
142	11773.455	208.96732	12094.453	11460.82	11010.762	126.69195	11168.202	10832.721	11010.762	126.69195	11168.202	10832.721	11773.455	208.96732	12094.453	11460.82	1000.0	1000.0	567999	769.41455	180.65704	993.7959	-5.627921	769.4157	180.65616	983.88434	-13.256559	7.5945077	4.6893983	63.509563	-11.451057	-768.8241	122.92715	29098.812101602554
143	11255.366	728.86096	11709.861	9108.32	11001.63	194.28143	11241.021	10786.682	11001.63	194.28143	11241.021	10786.682	11255.366	728.86096	11709.861	9108.32	1000.0	1000.0	571999	770.8429	181.06882	984.3291	-18.28629	770.84265	181.06877	984.74414	-21.161545	7.6617446	4.727274	69.03852	-11.073074	-770.2095	128.52028	29280.74336218834
144	10791.058	84.506004	10971.935	10686.092	11068.771	132.3451	11166.571	10840.711	11068.771	132.3451	11166.571	10840.711	10791.058	84.506004	10971.935	10686.092	1000.0	1000.0	575999	772.27875	180.94508	983.34534	-25.376854	772.2798	180.94106	983.57654	-83.14373	7.780858	4.747365	74.210266	-11.103333	-771.6861	131.80183	29461.630796670914
145	11819.352	71.70446	11969.667	11741.514	11059.441	242.55347	11418.4	10799.076	11059.441	242.55347	11418.4	10799.076	11819.352	71.70446	11969.667	11741.514	1000.0	1000.0	579999	774.3095	179.97954	984.13995	-66.46879	774.3123	179.97588	987.7057	-21.69878	7.710619	4.708575	53.07581	-12.087089	-773.7049	121.9082	29678.893351078033
146	11966.827	155.58592	12187.39	11735.6455	11196.959	23.089563	11224.193	11161.205	11196.959	23.089563	11224.193	11161.205	11966.827	155.58592	12187.39	11735.6455	1000.0	1000.0	583999	775.3219	180.15782	991.57574	-5.601717	775.32294	180.1532	989.95966	-169.61996	7.7196755	4.7452946	66.241585	-11.908762	-774.678	118.9175	29930.95946407318
147	11979.867	119.15511	12159.004	11745.831	11174.767	464.83945	11581.975	10386.998	11174.767	464.83945	11581.975	10386.998	11979.867	119.15511	12159.004	11745.831	1000.0	1000.0	587999	777.67664	179.62979	989.7192	-24.797174	777.6774	179.63412	992.322	-14.951374	7.716767	4.745187	99.85997	-12.379181	-777.0412	121.41133	30182.79759168625
148	11714.471	219.18375	11992.551	11348.664	11101.78	260.25293	11445.906	10775.396	11101.78	260.25293	11445.906	10775.396	11714.471	219.18375	11992.551	11348.664	1000.0	1000.0	591999	779.2216	180.77165	990.19073	-47.16222	779.2217	180.7724	990.1338	-23.040377	7.779248	4.766056	63.009285	-11.937895	-778.56665	126.366844	30423.582346200943
149	11772.736	238.55058	12072.614	11432.911	11003.722	190.64877	11203.068	10767.106	11003.722	190.64877	11203.068	10767.106	11772.736	238.55058	12072.614	11432.911	1000.0	1000.0	595999	780.8388	180.7086	994.03674	-16.825771	780.8393	180.70523	993.66223	-29.488235	7.817939	4.726546	88.36865	-11.664752	-780.2335	123.991264	30664.215720891953
150	11693.372	191.38123	12015.751	11337.446	10937.85	158.98126	11090.149	10671.763	10937.85	158.98126	11090.149	10671.763	11693.372	191.38123	12015.751	11337.446	1000.0	1000.0	599999	782.5033	180.93253	997.9704	-23.884912	782.5049	180.93346	996.56696	-24.06806	7.716442	4.690505	67.74787	-11.760843	-781.85376	122.540955	30865.194586753845
151	10686.9	126.07986	10884.31	10463.523	10996.413	169.15169	11200.8545	10731.002	10996.413	169.15169	11200.8545	10731.002	10686.9	126.07986	10884.31	10463.523	1000.0	1000.0	603999	784.30096	180.80028	998.119	-20.104485	784.3023	180.79504	1000.26276	-27.670815	7.7284293	4.6965513	69.7618	-12.78742	-783.64374	116.04278	31043.347796678543
152	11928.361	114.5378	12083.794	11680.956	9783.96	2531.5818	11527.485	5423.762	9783.96	2531.5818	11527.485	5423.762	11928.361	114.5378	12083.794	11680.956	1000.0	1000.0	607999	785.21454	181.48987	993.6187	-8.818461	785.21655	181.48845	998.43274	-15.942532	7.741633	4.7150445	70.611755	-10.681601	-784.56946	122.79858	31221.285173654556
153	10801.905	972.40796	11414.364	8364.822	11116.821	293.95682	11566.414	10745.387	11116.821	293.95682	11566.414	10745.387	10801.905	972.40796	11414.364	8364.822	1000.0	1000.0	611999	786.3396	181.8233	999.3749	-7.885775	786.3402	181.81633	996.36646	-14.1763	7.7583575	4.7548985	56.387375	-11.623415	-785.57275	129.6615	31402.245733976364
154	11336.275	169.25842	11528.991	10924.924	11192.95	126.66697	11350.368	11005.918	11192.95	126.66697	11350.368	11005.918	11336.275	169.25842	11528.991	10924.924	1000.0	1000.0	615999	788.2641	181.07957	1001.03656	-16.96455	788.26575	181.08125	1000.5651	-45.325363	7.7796764	4.70984	82.33964	-12.865244	-787.503	136.6753	31591.445009469986
155	11870.082	91.72346	12021.859	11725.155	8624.437	4545.9683	11322.73	751.62366	8624.437	4545.9683	11322.73	751.62366	11870.082	91.72346	12021.859	11725.155	1000.0	1000.0	619999	787.6866	183.60582	996.9073	-12.9897	787.68713	183.60219	995.2483	-15.918518	7.8228736	4.741042	58.33425	-9.787488	-786.99115	124.65741	31780.39303135872
156	11608.372	225.3677	11859.328	11215.019	11032.529	322.0711	11361.078	10497.97	11032.529	322.0711	11361.078	10497.97	11608.372	225.3677	11859.328	11215.019	1000.0	1000.0	623999	788.5025	184.39456	996.49066	-18.401352	788.504	184.39233	996.7434	-14.434196	7.7996507	4.7018	67.088776	-13.275141	-787.804	134.48134	31969.426789283752
157	11771.807	93.840515	11960.674	11622.737	11168.361	123.08768	11348.793	11042.177	11168.361	123.08768	11348.793	11042.177	11771.807	93.840515	11960.674	11622.737	1000.0	1000.0	627999	789.6875	184.09401	1003.2187	-28.355423	789.68933	184.0939	998.46313	-25.88657	7.8637867	4.7594523	108.66498	-10.6602	-788.9486	129.24759	32157.759274482727
158	12122.623	162.55524	12420.669	11919.217	11293.63	157.09357	11450.697	11039.851	11293.63	157.09357	11450.697	11039.851	12122.623	162.55524	12420.669	11919.217	1000.0	1000.0	631999	791.7762	183.68015	1004.07367	-17.926785	791.77747	183.67867	1002.8305	-36.621628	7.903569	4.8062325	81.211334	-13.526414	-791.0404	123.78994	32346.122671365738
159	11750.138	238.5307	12109.5	11287.439	11324.122	262.55386	11578.358	10949.071	11324.122	262.55386	11578.358	10949.071	11750.138	238.5307	12109.5	11287.439	1000.0	1000.0	635999	793.04816	183.4866	1001.9754	-24.57407	793.0502	183.48691	998.25366	-21.076084	7.922365	4.7616324	88.22111	-13.431255	-792.3546	128.58916	32534.250734567642
160	10509.696	2649.5352	11525.072	2568.8545	9581.131	2950.0657	11430.954	4477.997	9581.131	2950.0657	11430.954	4477.997	10509.696	2649.5352	11525.072	2568.8545	1000.0	1000.0	639999	794.06647	184.30266	1003.17444	-22.249882	794.0675	184.29843	1002.89307	-6.2944713	7.821085	4.758278	59.83687	-12.113563	-793.3674	122.88934	32722.94246482849
161	12086.721	214.54689	12543.464	11771.395	11224.803	228.7237	11619.277	11062.495	11224.803	228.7237	11619.277	11062.495	12086.721	214.54689	12543.464	11771.395	1000.0	1000.0	643999	795.8993	184.67886	1000.9333	-14.977458	795.9001	184.67426	1002.59576	-11.568661	7.841385	4.747779	66.208694	-11.089224	-795.21704	131.31235	32912.05004668236
162	11405.927	140.17056	11550.085	11165.352	11210.135	72.61011	11305.646	11112.77	11210.135	72.61011	11305.646	11112.77	11405.927	140.17056	11550.085	11165.352	1000.0	1000.0	647999	797.15814	185.52444	1006.89813	-3.8835382	797.16113	185.52327	1004.10657	-10.171801	7.876862	4.702919	75.00632	-12.21271	-796.4846	122.6264	33100.4018509388
163	12297.603	134.26758	12623.6875	12096.923	11299.04	143.41945	11516.77	11113.895	11299.04	143.41945	11516.77	11113.895	12297.603	134.26758	12623.6875	12096.923	1000.0	1000.0	651999	799.43665	185.8945	1003.3972	1.3449545	799.4383	185.89162	1001.3661	-27.051239	7.7519064	4.7402945	66.97855	-12.543772	-798.6391	131.39874	33322.06134533882
164	11869.2705	65.141464	11961.912	11788.977	11463.35	41.570957	11503.943	11400.309	11463.35	41.570957	11503.943	11400.309	11869.2705	65.141464	11961.912	11788.977	1000.0	1000.0	655999	799.89453	186.89896	1010.9403	-21.415257	799.89746	186.8868	1009.0185	-31.443863	7.9683156	4.8083324	74.31736	-11.311752	-799.14355	139.53825	33556.088176488876
165	12257.758	98.41858	12453.583	12112.114	11401.02	215.85175	11640.127	11064.337	11401.02	215.85175	11640.127	11064.337	12257.758	98.41858	12453.583	12112.114	1000.0	1000.0	659999	802.59143	185.28436	1005.2429	-5.4906225	802.5963	185.27797	1006.03076	-39.5051	7.8367176	4.760113	60.621468	-11.148795	-801.8279	127.553375	33790.176095962524
166	11127.541	143.07271	11327.644	10921.115	11312.423	98.14219	11415.41	11154.271	11312.423	98.14219	11415.41	11154.271	11127.541	143.07271	11327.644	10921.115	1000.0	1000.0	663999	802.6549	186.09857	1005.7585	5.367134	802.65497	186.10028	1006.32764	-40.769333	7.9859543	4.7846875	148.10178	-12.032863	-801.9134	123.54961	34024.92485046387
167	12060.693	117.83469	12260.27	11878.893	9345.633	3531.4668	11631.041	3234.747	9345.633	3531.4668	11631.041	3234.747	12060.693	117.83469	12260.27	11878.893	1000.0	1000.0	667999	803.7618	186.22574	1028.3224	-31.709044	803.7634	186.2259	1008.7743	-41.208298	7.957011	4.752865	72.92383	-12.250441	-802.99146	131.39816	34259.077728033066
168	11930.231	196.0007	12151.143	11477.392	11430.326	105.70964	11552.143	11270.909	11430.326	105.70964	11552.143	11270.909	11930.231	196.0007	12151.143	11477.392	1000.0	1000.0	671999	804.6303	186.97592	1013.64435	-31.70755	804.63354	186.96088	1016.17053	-117.04701	7.913001	4.7923584	130.4132	-12.086906	-803.8624	136.34048	34462.56703400612
169	12017.397	152.35336	12174.471	11706.339	11315.546	131.56628	11416.753	11089.3545	11315.546	131.56628	11416.753	11089.3545	12017.397	152.35336	12174.471	11706.339	1000.0	1000.0	675999	805.8988	187.50888	1016.81775	-85.80682	805.9006	187.50262	1015.97485	-276.80615	7.9510517	4.78635	83.92689	-11.69501	-805.0617	131.5622	34645.74270606041
170	12221.179	76.26313	12350.422	12108.575	11440.611	94.306206	11533.622	11287.334	11440.611	94.306206	11533.622	11287.334	12221.179	76.26313	12350.422	12108.575	1000.0	1000.0	679999	806.8896	188.01704	1015.7579	-152.51071	806.8928	188.00546	1013.38324	-123.27559	8.003262	4.7461853	77.167175	-12.433247	-806.0963	133.65227	34829.2461335659
171	11309.627	124.16079	11504.161	11053.547	11258.432	274.15833	11532.515	10803.756	11258.432	274.15833	11532.515	10803.756	11309.627	124.16079	11504.161	11053.547	1000.0	1000.0	683999	809.3124	187.22638	1021.1138	-68.24572	809.3151	187.21931	1016.3906	-115.83043	7.993958	4.7423825	63.100407	-11.606614	-808.55096	126.00781	35033.43981027603
172	12035.018	184.1241	12290.483	11597.113	11432.958	178.64668	11688.889	11210.314	11432.958	178.64668	11688.889	11210.314	12035.018	184.1241	12290.483	11597.113	1000.0	1000.0	687999	810.86536	187.35202	1016.9633	-3.232439	810.8673	187.35275	1015.4796	-28.538822	8.072619	4.807339	70.72594	-11.864159	-810.08765	133.4437	35279.83763504028
173	11647.391	101.718315	11797.738	11464.787	11238.199	155.9759	11499.286	11102.98	11238.199	155.9759	11499.286	11102.98	11647.391	101.718315	11797.738	11464.787	1000.0	1000.0	691999	812.0391	187.84433	1019.21924	-24.306946	812.0412	187.84004	1017.598	-35.589996	8.01769	4.8013635	80.52496	-11.420814	-811.1864	135.8607	35526.05642199516
174	10988.512	223.62747	11258.505	10617.41	11248.135	186.19345	11409.768	10933.519	11248.135	186.19345	11409.768	10933.519	10988.512	223.62747	11258.505	10617.41	1000.0	1000.0	695999	812.28815	187.84525	1018.28345	-22.15289	812.2889	187.84184	1040.1514	-20.487175	8.074246	4.799042	63.694935	-11.740254	-811.48065	136.48509	35719.060017585754
175	12347.075	136.86256	12607.0625	12119.272	11454.789	184.46954	11670.58	11207.215	11454.789	184.46954	11670.58	11207.215	12347.075	136.86256	12607.0625	12119.272	1000.0	1000.0	699999	813.6549	187.245	1015.51587	5.716567	813.6563	187.24445	1016.6004	-21.279755	8.073737	4.809368	77.54108	-11.207014	-812.8514	137.15082	35902.52663516998
176	12048.798	99.64079	12180.48	11791.567	11523.195	34.06209	11569.908	11477.793	11523.195	34.06209	11569.908	11477.793	12048.798	99.64079	12180.48	11791.567	1000.0	1000.0	703999	815.13007	186.8327	1014.57355	3.25428	815.13184	186.82451	1018.44336	-31.627827	7.9921575	4.7666574	74.37161	-15.085848	-814.3046	124.8865	36085.504239320755
177	11888.647	174.01228	12222.697	11517.193	11222.153	167.91113	11371.615	10943.542	11222.153	167.91113	11371.615	10943.542	11888.647	174.01228	12222.697	11517.193	1000.0	1000.0	707999	815.7788	187.30623	1018.3202	-34.560905	815.7799	187.31325	1020.648	-172.89009	8.001536	4.748249	67.45442	-11.463448	-814.9529	123.03295	36268.22435426712
178	11366.793	97.69136	11492.74	11164.862	11634.89	87.028694	11751.555	11532.1875	11634.89	87.028694	11751.555	11532.1875	11366.793	97.69136	11492.74	11164.862	1000.0	1000.0	711999	818.0927	186.02635	1020.2284	-39.39984	818.0936	186.02101	1026.2737	-79.290596	8.114321	4.813004	90.71785	-14.017951	-817.258	126.073135	36451.75498890877
179	11904.286	195.53084	12136.893	11430.947	11404.493	240.88031	11725.95	11069.897	11404.493	240.88031	11725.95	11069.897	11904.286	195.53084	12136.893	11430.947	1000.0	1000.0	715999	819.5731	186.40352	1019.5856	-39.95667	819.5739	186.40158	1020.9891	-217.67867	8.062334	4.760882	65.91348	-11.901138	-818.71625	127.123146	36635.253947496414
180	11983.231	265.80582	12334.543	11375.978	11606.752	129.63412	11699.843	11383.986	11606.752	129.63412	11699.843	11383.986	11983.231	265.80582	12334.543	11375.978	1000.0	1000.0	719999	820.8717	186.46254	1021.8095	-42.94529	820.8713	186.46654	1027.1702	-198.7758	8.093922	4.8140683	110.33929	-12.368498	-820.0595	131.07312	36832.269593954086
181	12186.35	89.77492	12348.513	12076.316	11340.313	111.45286	11451.884	11159.45	11340.313	111.45286	11451.884	11159.45	12186.35	89.77492	12348.513	12076.316	1000.0	1000.0	723999	822.45667	186.16747	1021.7957	3.5312672	822.45795	186.16385	1024.7557	-33.45874	8.081634	4.772548	78.61463	-12.811979	-821.59174	131.23222	37055.69741988182
182	12226.196	170.66626	12559.023	11959.027	11315.232	232.01414	11590.076	11040.962	11315.232	232.01414	11590.076	11040.962	12226.196	170.66626	12559.023	11959.027	1000.0	1000.0	727999	822.8984	186.80653	1024.351	-8.269395	822.89984	186.80624	1027.0519	-49.420807	8.057245	4.793309	71.36293	-10.601233	-822.0144	139.23143	37279.17571210861
183	12255.8	118.907845	12443.455	12019.662	11477.916	138.48453	11643.702	11306.186	11477.916	138.48453	11643.702	11306.186	12255.8	118.907845	12443.455	12019.662	1000.0	1000.0	731999	824.5337	185.8111	1023.9014	-0.081855774	824.53705	185.80887	1022.70544	-26.132502	8.122615	4.7970867	74.049126	-12.770151	-823.673	135.27255	37511.423776865005
184	12107.064	208.67564	12579.567	11794.221	11465.97	63.956917	11522.638	11357.403	11465.97	63.956917	11522.638	11357.403	12107.064	208.67564	12579.567	11794.221	1000.0	1000.0	735999	825.45776	186.06737	1025.8698	-9.02121	825.45856	186.06349	1022.03296	-33.198845	8.104999	4.8140283	67.51345	-11.18845	-824.5964	138.05116	37746.24131202698
185	11987.708	102.529594	12167.735	11793.329	11486.405	292.57312	11857.243	11157.1875	11486.405	292.57312	11857.243	11157.1875	11987.708	102.529594	12167.735	11793.329	1000.0	1000.0	739999	826.5208	185.69772	1027.1378	-24.56792	826.52423	185.69157	1024.1075	-28.457972	8.09995	4.778499	80.81216	-12.888287	-825.66254	122.811424	37974.56550574303
186	12320.725	140.54787	12637.684	12105.275	11227.076	275.27188	11551.272	10799.402	11227.076	275.27188	11551.272	10799.402	12320.725	140.54787	12637.684	12105.275	1000.0	1000.0	743999	826.7766	185.57211	1025.807	-7.71369	826.77576	185.57419	1024.1829	-24.34917	8.085283	4.737806	69.42383	-12.027226	-825.82385	138.53815	38149.10504364967
187	11849.656	204.61604	12180.509	11543.536	11464.715	311.3713	11711.26	10932.104	11464.715	311.3713	11711.26	10932.104	11849.656	204.61604	12180.509	11543.536	1000.0	1000.0	747999	827.6758	185.38904	1024.1066	-59.40171	827.6752	185.39462	1024.9268	-24.688412	8.204015	4.7534156	100.03878	-13.7572975	-826.781	135.63618	38323.2074239254
188	12299.343	184.56866	12527.989	12023.655	11386.323	123.46022	11537.241	11231.251	11386.323	123.46022	11537.241	11231.251	12299.343	184.56866	12527.989	12023.655	1000.0	1000.0	751999	827.7596	185.8598	1021.86005	-8.190657	827.75995	185.86142	1025.3842	-29.791103	8.076399	4.739904	77.40444	-10.009485	-826.7884	132.7682	38498.3037238121
189	11896.865	79.86406	12021.621	11800.903	11603.762	205.02737	11920.226	11353.004	11603.762	205.02737	11920.226	11353.004	11896.865	79.86406	12021.621	11800.903	1000.0	1000.0	755999	828.7081	186.43158	1025.595	-7.0723596	828.7085	186.43758	1024.8884	-191.94435	8.16192	4.79402	86.66609	-14.065796	-827.8638	120.969925	38715.37306189537
190	11913.83	179.68433	12311.823	11657.754	9504.012	3101.2249	11518.198	4141.5176	9504.012	3101.2249	11518.198	4141.5176	11913.83	179.68433	12311.823	11657.754	1000.0	1000.0	759999	829.775	187.5142	1025.9877	-13.350603	829.77655	187.50386	1023.1537	-22.709675	8.15772	4.775486	65.70481	-12.88863	-828.8708	129.49011	38951.00386595726
191	12258.424	187.40562	12558.678	11987.55	11536.198	203.5412	11745.204	11228.455	11536.198	203.5412	11745.204	11228.455	12258.424	187.40562	12558.678	11987.55	1000.0	1000.0	763999	831.89825	186.72789	1025.7194	-34.271683	831.8994	186.72643	1026.6808	-32.90989	8.2481365	4.8019066	64.54915	-12.879719	-831.012	136.32002	39177.84689474106
192	11725.391	134.86166	11953.566	11448.627	11583.951	244.27452	11964.897	11304.923	11583.951	244.27452	11964.897	11304.923	11725.391	134.86166	11953.566	11448.627	1000.0	1000.0	767999	832.96344	186.68802	1026.2317	-9.949612	832.96606	186.68285	1027.3713	-76.64831	8.20257	4.7949963	86.76614	-13.831558	-832.0425	135.37474	39353.94407105446
193	12211.268	205.8942	12507.974	11716.709	11599.255	112.3431	11737.35	11449.816	11599.255	112.3431	11737.35	11449.816	12211.268	205.8942	12507.974	11716.709	1000.0	1000.0	771999	834.4672	185.03136	1026.1743	-18.5993	834.4678	185.0284	1027.6216	-14.40049	8.10899	4.739259	88.357346	-10.900242	-833.57074	131.9027	39528.30409502983
194	11943.364	773.97614	12390.723	9657.813	11582.693	229.07275	11950.094	11337.039	11582.693	229.07275	11950.094	11337.039	11943.364	773.97614	12390.723	9657.813	1000.0	1000.0	775999	834.8949	186.20517	1034.0681	-76.65248	834.89526	186.20871	1028.2247	-88.928154	8.219208	4.737983	107.527466	-10.698326	-833.956	129.61334	39703.0340821743
195	11915.197	219.82927	12414.905	11578.579	10503.523	2079.505	11872.344	6909.876	10503.523	2079.505	11872.344	6909.876	11915.197	219.82927	12414.905	11578.579	1000.0	1000.0	779999	835.65656	188.02791	1031.4502	-29.135994	835.6584	188.02478	1037.9465	-105.50049	8.259915	4.767192	75.973495	-16.183702	-834.75415	129.51917	39916.162168979645
196	11485.492	142.03018	11697.676	11223.08	11485.367	174.36893	11694.689	11220.807	11485.367	174.36893	11694.689	11220.807	11485.492	142.03018	11697.676	11223.08	1000.0	1000.0	783999	836.4877	187.59654	1039.189	-32.423336	836.4876	187.60197	1035.3845	-52.037144	8.205839	4.760465	77.08974	-13.478028	-835.572	146.3713	40143.52142596245
197	11942.057	797.4808	12659.371	9682.03	9507.983	3522.7668	11901.0205	3425.697	9507.983	3522.7668	11901.0205	3425.697	11942.057	797.4808	12659.371	9682.03	1000.0	1000.0	787999	836.5734	188.91641	1032.9144	-23.84318	836.57336	188.91693	1038.5271	-61.029312	8.295817	4.8107758	81.29253	-12.421801	-835.6666	140.0165	40367.52416372299
198	11502.289	140.46541	11822.526	11328.998	11480.807	179.3939	11664.226	11220.931	11480.807	179.3939	11664.226	11220.931	11502.289	140.46541	11822.526	11328.998	1000.0	1000.0	791999	837.2636	189.6475	1030.9857	-28.660595	837.26447	189.65036	1034.5448	-52.474503	8.135665	4.7977986	104.28706	-12.2752075	-836.31134	144.7522	40557.70003199577
199	12396.384	250.53912	12773.935	11856.183	9478.763	3696.5195	11888.61	3089.2104	9478.763	3696.5195	11888.61	3089.2104	12396.384	250.53912	12773.935	11856.183	1000.0	1000.0	795999	837.8864	188.96455	1032.348	-29.447237	837.8868	188.96222	1031.5266	-43.71637	8.351295	4.833157	66.82092	-13.248283	-836.9398	134.7165	40751.600012779236
200	12395.225	138.85367	12615.033	12125.189	11509.913	91.589584	11659.418	11410.069	11509.913	91.589584	11659.418	11410.069	12395.225	138.85367	12615.033	12125.189	1000.0	1000.0	799999	838.7094	189.16641	1032.1415	-36.592358	838.7103	189.16608	1034.2843	-59.887672	8.2508	4.792258	79.37439	-11.565186	-837.77203	127.52527	40939.290011405945
