Epoch	AverageTestEnv0Ret	StdTestEnv0Ret	MaxTestEnv0Ret	MinTestEnv0Ret	AverageEnv0Ret	StdEnv0Ret	MaxEnv0Ret	MinEnv0Ret	AverageEpRet	StdEpRet	MaxEpRet	MinEpRet	AverageTestEpRet	StdTestEpRet	MaxTestEpRet	MinTestEpRet	EpLen	TestEpLen	TotalEnvInteracts	AverageQ1Vals	StdQ1Vals	MaxQ1Vals	MinQ1Vals	AverageQ2Vals	StdQ2Vals	MaxQ2Vals	MinQ2Vals	AverageLogPi	StdLogPi	MaxLogPi	MinLogPi	LossPi	LossQ	Time
1	405.86823	31.409567	462.50018	348.5661	-102.60057	147.82826	13.305163	-409.13	-102.60057	147.82826	13.305163	-409.13	405.86823	31.409567	462.50018	348.5661	302.30768	1000.0	3999	4.8250856	3.7857456	27.790684	-14.39756	4.8255677	3.7906199	26.920773	-14.198373	-4.5492125	1.4167	10.375444	-13.900972	2.2802463	1.2768376	80.76545786857605
2	-211.54941	34.922523	-135.10704	-263.88922	-60.29933	103.66665	33.835167	-429.89645	-60.29933	103.66665	33.835167	-429.89645	-211.54941	34.922523	-135.10704	-263.88922	169.04167	1000.0	7999	15.0134115	5.620906	44.41838	-15.914098	15.012953	5.6338987	43.74957	-15.476015	-3.409933	2.0861127	16.14178	-16.731253	6.2312856	4.266424	181.25140953063965
3	596.22516	8.282858	607.3222	580.63025	-56.766785	86.8074	1.6848581	-356.8376	-56.766785	86.8074	1.6848581	-356.8376	596.22516	8.282858	607.3222	580.63025	156.70833	1000.0	11999	25.004507	5.8981805	54.59277	-10.259804	25.00445	5.922294	54.902813	-11.172019	-2.9247375	2.290596	16.354555	-15.361256	9.9927845	7.7504687	280.97790789604187
4	684.556	11.338271	700.04535	662.769	-100.90032	89.14102	18.912033	-192.50418	-100.90032	89.14102	18.912033	-192.50418	684.556	11.338271	700.04535	662.769	709.4	1000.0	15999	27.038593	5.631658	57.410423	-26.314114	27.03894	5.650937	57.701225	-13.88594	-3.5302455	1.9148284	15.477599	-14.337156	10.537736	7.009144	384.32511162757874
5	845.20715	16.777155	874.861	826.58417	-29.993134	55.316334	45.964485	-121.396255	-29.993134	55.316334	45.964485	-121.396255	845.20715	16.777155	874.861	826.58417	597.7143	1000.0	19999	26.954792	5.554557	58.553177	-17.155815	26.954977	5.570543	59.61762	-16.610811	-3.698622	1.7993007	12.927048	-15.906135	10.456574	5.906303	489.31894755363464
6	773.12976	34.35903	843.7477	712.0497	18.72607	52.986668	100.65343	-83.10923	18.72607	52.986668	100.65343	-83.10923	773.12976	34.35903	843.7477	712.0497	401.77777	1000.0	23999	27.775322	5.4574285	60.64608	-24.716787	27.775946	5.4694815	59.060764	-15.261	-3.7312546	1.7256241	17.385876	-16.252611	10.781539	6.025659	593.342001914978
7	667.6235	110.1531	843.10675	554.6113	38.07935	32.890797	109.0672	-2.9046335	38.07935	32.890797	109.0672	-2.9046335	667.6235	110.1531	843.10675	554.6113	442.0	1000.0	27999	29.427876	5.2586074	56.65448	-15.64159	29.428495	5.2687945	58.140995	-16.216202	-3.6224115	1.7002035	20.485138	-14.356444	10.770843	5.3734226	693.0095808506012
8	706.95984	88.34924	871.1469	494.92322	34.185852	33.939148	90.488014	1.695239	34.185852	33.939148	90.488014	1.695239	706.95984	88.34924	871.1469	494.92322	617.0	965.9	31999	31.824785	5.0668297	58.091072	-29.240097	31.826027	5.0799637	57.159863	-29.578495	-3.5556476	1.6778327	18.901405	-14.361748	11.401409	5.5577774	792.4079539775848
9	747.46747	72.783424	936.0585	666.7601	60.808823	70.654526	196.11351	-14.517033	60.808823	70.654526	196.11351	-14.517033	747.46747	72.783424	936.0585	666.7601	389.81818	1000.0	35999	34.29715	5.063268	61.977535	-17.809221	34.29816	5.072683	61.476364	-17.653198	-3.5457575	1.6729921	32.51235	-14.449427	12.032332	5.44704	898.2014992237091
10	821.2251	30.92155	903.4598	782.22314	158.16055	71.6685	244.71022	63.714718	158.16055	71.6685	244.71022	63.714718	821.2251	30.92155	903.4598	782.22314	705.0	1000.0	39999	36.96319	5.3327384	63.320995	-24.48257	36.96389	5.343314	63.007744	-21.07686	-3.452562	1.6476129	21.94062	-15.456377	12.3554325	5.450757	1005.6189107894897
11	763.7784	74.206894	854.51404	587.54614	94.79479	110.14039	339.50797	-4.894541	94.79479	110.14039	339.50797	-4.894541	763.7784	74.206894	854.51404	587.54614	396.45456	965.6	43999	39.913254	5.699263	65.97837	-21.913237	39.91403	5.7047963	65.29145	-25.116392	-3.4123256	1.6515429	19.103794	-14.981606	12.734084	5.4497514	1110.6634051799774
12	866.9679	114.533966	940.83295	526.08295	104.91993	81.45107	225.67828	-4.5914073	104.91993	81.45107	225.67828	-4.5914073	866.9679	114.533966	940.83295	526.08295	391.44446	953.6	47999	42.4309	6.1798487	66.64054	-26.047312	42.431423	6.1882157	68.11181	-30.241768	-3.3161314	1.6488719	26.322178	-14.770964	12.606818	5.9073014	1213.9611473083496
13	563.7607	351.51306	984.28546	23.007559	125.840515	81.42299	263.49646	34.091904	125.840515	81.42299	263.49646	34.091904	563.7607	351.51306	984.28546	23.007559	432.7	570.0	51999	44.994743	6.6142406	68.03503	-22.872818	44.995216	6.6204853	68.006165	-26.33575	-3.3192708	1.6445919	23.225254	-14.955976	13.401975	5.919376	1309.579832315445
14	833.8078	76.565735	953.09375	706.177	168.53058	119.51089	335.36435	40.08865	168.53058	119.51089	335.36435	40.08865	833.8078	76.565735	953.09375	706.177	480.625	1000.0	55999	47.31447	7.1275554	69.142654	-21.00272	47.315186	7.134427	68.57331	-33.94369	-3.3110797	1.6521859	30.31892	-14.951151	14.258938	6.0779786	1414.3408286571503
15	802.9512	9.778413	821.5217	787.78906	176.50127	132.93355	382.12323	35.430004	176.50127	132.93355	382.12323	35.430004	802.9512	9.778413	821.5217	787.78906	495.55554	1000.0	59999	49.757225	7.543209	70.1559	-25.445862	49.75802	7.547819	71.81564	-17.38149	-3.3036323	1.6493907	24.520023	-16.766075	14.8052225	5.8436966	1519.4791214466095
16	798.6647	233.43082	932.4065	148.4424	228.29698	127.589455	356.26556	15.840337	228.29698	127.589455	356.26556	15.840337	798.6647	233.43082	932.4065	148.4424	762.75	907.9	63999	52.00067	7.989799	82.28402	-27.223635	52.001484	7.996151	81.59311	-23.643675	-3.274155	1.6739329	30.490753	-15.051327	14.895737	5.88401	1623.9242508411407
17	862.8177	228.0635	1049.0789	210.09094	163.04077	121.44575	359.96735	17.636759	163.04077	121.44575	359.96735	17.636759	862.8177	228.0635	1049.0789	210.09094	529.1111	908.3	67999	53.944954	8.322203	82.15581	-33.787666	53.94564	8.329093	82.40041	-23.817327	-3.305836	1.6463134	34.746136	-16.564198	16.082119	5.817859	1726.4483227729797
18	944.4255	303.26492	1204.9525	96.22129	210.31804	151.29234	379.15488	15.32092	210.31804	151.29234	379.15488	15.32092	944.4255	303.26492	1204.9525	96.22129	593.5714	908.9	71999	56.072407	8.623518	84.026306	-26.49119	56.07302	8.630332	84.32829	-22.482103	-3.2602034	1.6662183	22.99441	-16.365118	16.793657	5.6927276	1831.5590851306915
19	917.0619	355.31018	1314.9712	29.45224	133.37434	99.52415	316.2251	24.01189	133.37434	99.52415	316.2251	24.01189	917.0619	355.31018	1314.9712	29.45224	333.5	844.3	75999	58.145214	8.783651	87.89557	-30.389727	58.145287	8.787785	84.60034	-19.219353	-3.2213917	1.6900662	31.899586	-14.701236	15.874504	6.2425613	1933.8797676563263
20	898.17834	119.01477	1087.3842	700.4865	376.58325	67.48297	477.70322	288.194	376.58325	67.48297	477.70322	288.194	898.17834	119.01477	1087.3842	700.4865	1000.0	1000.0	79999	60.05353	8.75826	87.468636	-29.525898	60.054485	8.760466	87.64607	-28.111187	-3.2631307	1.6924801	33.693405	-16.697945	15.905183	6.0454926	2045.4031918048859
21	781.6122	79.9484	993.1657	697.7504	274.5872	146.37259	450.05276	43.64064	274.5872	146.37259	450.05276	43.64064	781.6122	79.9484	993.1657	697.7504	761.5	1000.0	83999	61.8324	8.784462	87.83216	-37.187588	61.83301	8.789028	87.118126	-34.5201	-3.2803113	1.6844261	31.890776	-14.360266	16.254505	5.676019	2163.4715180397034
22	481.07355	442.92303	1137.7953	24.552258	288.00244	202.47862	607.86884	10.714564	288.00244	202.47862	607.86884	10.714564	481.07355	442.92303	1137.7953	24.552258	691.5	452.2	87999	63.54462	8.779535	91.591194	-31.036705	63.544773	8.785111	90.87487	-29.05926	-3.2899506	1.6954188	49.15086	-14.388362	15.743098	5.7101593	2271.0549569129944
23	790.08435	286.5437	1077.1149	161.79875	172.31483	157.60991	536.7607	11.501215	172.31483	157.60991	536.7607	11.501215	790.08435	286.5437	1077.1149	161.79875	393.54544	720.6	91999	64.91382	8.816541	87.54983	-26.531294	64.9144	8.821112	87.45947	-43.533733	-3.2729325	1.6689957	31.03314	-15.090559	14.563129	5.993285	2384.3701820373535
24	942.95245	452.12076	1370.1674	38.321346	289.13242	111.58216	385.62195	70.69698	289.13242	111.58216	385.62195	70.69698	942.95245	452.12076	1370.1674	38.321346	813.2	790.5	95999	66.09837	8.905019	89.978615	-32.632915	66.09874	8.907451	88.84885	-27.225618	-3.278401	1.6719196	33.980755	-14.299318	13.587543	5.9333134	2499.5558450222015
25	850.1543	330.27448	1245.7406	167.5511	264.42435	154.55676	461.47092	19.39999	264.42435	154.55676	461.47092	19.39999	850.1543	330.27448	1245.7406	167.5511	514.2857	837.1	99999	67.33856	8.826558	91.54749	-43.742966	67.33936	8.833473	91.11359	-40.35655	-3.293308	1.6967924	36.344086	-14.920605	11.747537	6.038592	2614.148730993271
26	608.9994	417.1045	1230.3264	39.959923	246.00105	115.77452	411.4832	61.488132	246.00105	115.77452	411.4832	61.488132	608.9994	417.1045	1230.3264	39.959923	599.75	545.4	103999	68.53258	8.746481	93.4145	-48.58878	68.53306	8.751819	94.59586	-33.37441	-3.3014297	1.6973939	43.040543	-17.00901	10.333325	5.938971	2714.6116569042206
27	783.8434	369.99008	1026.2902	22.681158	188.99164	176.37553	485.31094	2.5992813	188.99164	176.37553	485.31094	2.5992813	783.8434	369.99008	1026.2902	22.681158	389.9	807.2	107999	69.63675	8.750964	95.146774	-76.1702	69.63712	8.759675	94.27945	-38.818428	-3.2667875	1.7222703	49.464596	-15.604051	9.918276	6.220635	2819.865775823593
28	872.5578	221.94029	1221.3654	356.25595	223.4469	145.06409	496.2463	42.65054	223.4469	145.06409	496.2463	42.65054	872.5578	221.94029	1221.3654	356.25595	464.125	940.7	111999	70.60847	8.644053	95.79186	-32.676506	70.60864	8.6539545	96.05832	-38.2756	-3.24104	1.7308863	43.29062	-14.410469	7.587833	6.801932	2929.01615357399
29	756.36285	465.96158	1368.2076	16.394188	201.05399	157.09848	391.11826	-5.8076963	201.05399	157.09848	391.11826	-5.8076963	756.36285	465.96158	1368.2076	16.394188	540.75	668.8	115999	71.66065	8.493589	98.019264	-35.313187	71.66115	8.501994	98.11706	-31.946827	-3.2491288	1.7269603	38.66115	-16.169712	8.070159	6.52429	3031.860032558441
30	884.9671	429.2206	1351.6316	72.941284	326.84854	140.37251	472.7531	67.765175	326.84854	140.37251	472.7531	67.765175	884.9671	429.2206	1351.6316	72.941284	815.2	799.6	119999	72.701614	8.281714	97.51561	-51.07024	72.70194	8.295394	98.90864	-23.937943	-3.2537262	1.7314212	38.69952	-15.787398	6.8492036	6.21411	3137.6876187324524
31	1150.6593	210.9062	1661.9368	913.9227	289.39313	87.74808	368.0768	134.97592	289.39313	87.74808	368.0768	134.97592	1150.6593	210.9062	1661.9368	913.9227	686.8	1000.0	123999	73.67921	8.01863	102.28787	-29.644482	73.6793	8.029888	100.32822	-28.941076	-3.252269	1.7662529	38.10621	-19.800318	6.82371	6.472243	3252.442445755005
32	787.3875	506.48315	1697.7344	16.791021	276.72516	207.72049	711.8906	49.141064	276.72516	207.72049	711.8906	49.141064	787.3875	506.48315	1697.7344	16.791021	561.625	666.3	127999	74.64323	7.7987056	102.0112	-52.244392	74.64346	7.8058248	102.03548	-52.348255	-3.2527027	1.7603267	38.109226	-15.8230715	5.898314	6.300072	3364.3206176757812
33	751.8633	384.6411	1224.5284	83.27953	296.47632	32.483013	336.84018	247.61606	296.47632	32.483013	336.84018	247.61606	751.8633	384.6411	1224.5284	83.27953	810.25	677.1	131999	75.46217	7.688395	104.89268	-37.793236	75.46274	7.6965575	104.156525	-30.27732	-3.2634509	1.7705575	31.968044	-14.344149	5.5835648	6.2512474	3476.7665741443634
34	1050.4817	341.18234	1672.9153	224.01346	344.95288	62.098164	423.29813	264.64154	344.95288	62.098164	423.29813	264.64154	1050.4817	341.18234	1672.9153	224.01346	1000.0	917.5	135999	76.40256	7.5098243	102.91305	-42.990715	76.403	7.515742	107.69144	-39.427525	-3.249905	1.7906313	41.31974	-16.024372	7.6126456	6.295179	3593.2773339748383
35	1005.57196	373.56882	1493.9033	239.8607	352.00986	181.8894	563.7641	19.983168	352.00986	181.8894	563.7641	19.983168	1005.57196	373.56882	1493.9033	239.8607	806.8	848.8	139999	77.04138	7.4529276	105.655846	-48.26442	77.04133	7.46692	106.03569	-29.549217	-3.248233	1.8061773	49.356144	-15.118813	6.4507785	6.3262625	3709.526022195816
36	1360.8494	461.75836	2075.4456	429.8484	200.27768	134.74132	417.547	18.751028	200.27768	134.74132	417.547	18.751028	1360.8494	461.75836	2075.4456	429.8484	470.9	912.5	143999	77.7056	7.206445	105.24354	-43.4712	77.70564	7.218579	105.70041	-43.318024	-3.272462	1.7945452	40.303463	-13.671675	4.3854203	6.1583915	3821.392725467682
37	1070.3185	377.03683	1668.4788	334.60434	277.38116	71.29568	355.06104	144.40094	277.38116	71.29568	355.06104	144.40094	1070.3185	377.03683	1668.4788	334.60434	824.2	918.5	147999	78.3309	7.104867	107.37593	-46.77108	78.33111	7.107196	109.68708	-31.492563	-3.2769535	1.7985163	43.304855	-16.376366	3.621992	6.352992	3921.07737493515
38	1287.8013	228.8688	1683.0437	1031.4453	411.77832	344.698	1055.712	49.017094	411.77832	344.698	1055.712	49.017094	1287.8013	228.8688	1683.0437	1031.4453	552.6667	981.8	151999	78.91103	7.1891747	107.7304	-32.996376	78.911224	7.1917048	109.43698	-35.795795	-3.3110428	1.7881789	59.911877	-14.834647	3.9251974	6.194091	4026.477157831192
39	1099.3871	465.7942	1523.9661	35.59997	447.24945	313.3203	881.21906	6.928341	447.24945	313.3203	881.21906	6.928341	1099.3871	465.7942	1523.9661	35.59997	759.0	828.2	155999	79.543144	7.2469397	109.698006	-28.322577	79.543625	7.254726	111.01629	-30.721296	-3.2992282	1.8433983	47.812534	-13.992265	4.7639284	6.519794	4124.4784281253815
40	1253.4637	331.5176	1810.7217	811.26685	353.38815	244.0055	884.9121	41.539227	353.38815	244.0055	884.9121	41.539227	1253.4637	331.5176	1810.7217	811.26685	565.2857	864.1	159999	80.24982	7.355944	111.44445	-32.8132	80.249916	7.369058	112.872536	-24.988737	-3.287012	1.8291525	45.3648	-14.169483	5.5228276	6.451134	4222.898033380508
41	1232.5322	198.79012	1556.5183	997.6713	185.14572	142.32065	441.4558	37.98776	185.14572	142.32065	441.4558	37.98776	1232.5322	198.79012	1556.5183	997.6713	450.1	1000.0	163999	80.7777	7.4851494	110.624756	-41.345844	80.7783	7.491134	110.41729	-35.813763	-3.2897804	1.8102624	39.738144	-14.874327	9.0381365	6.8114305	4325.505205631256
42	1536.0294	211.57161	1678.2903	931.89465	248.95465	137.5248	491.75668	23.275675	248.95465	137.5248	491.75668	23.275675	1536.0294	211.57161	1678.2903	931.89465	706.0	1000.0	167999	81.07395	7.409324	109.4313	-49.290474	81.07414	7.4201016	116.0288	-59.382782	-3.336576	1.813823	49.76019	-15.812717	9.347617	6.902998	4427.42459321022
43	1045.3114	96.7908	1106.8607	765.3034	452.51767	108.35705	609.528	288.34674	452.51767	108.35705	609.528	288.34674	1045.3114	96.7908	1106.8607	765.3034	671.1667	1000.0	171999	81.2833	7.470398	111.40173	-41.75575	81.28335	7.481492	109.470825	-27.690205	-3.3031652	1.8194185	35.167248	-15.701124	13.132022	7.0839114	4531.960456132889
44	1225.834	287.61392	1599.7792	765.2318	446.38422	178.9561	641.49615	257.08224	446.38422	178.9561	641.49615	257.08224	1225.834	287.61392	1599.7792	765.2318	1000.0	1000.0	175999	81.49746	7.480225	112.22701	-33.22016	81.49756	7.48754	112.15416	-33.84476	-3.3094976	1.8572248	53.13392	-18.731047	9.040253	6.937007	4636.837175369263
45	1239.1804	287.2906	1819.8793	981.07764	273.70013	68.75421	379.25067	191.21797	273.70013	68.75421	379.25067	191.21797	1239.1804	287.2906	1819.8793	981.07764	667.0	954.3	179999	81.748856	7.5438414	113.4957	-47.46454	81.7489	7.550491	113.94284	-30.552538	-3.313664	1.8529654	52.64077	-15.121532	12.184855	6.972359	4740.462864160538
46	1540.7845	326.62628	1889.489	945.7767	330.3794	212.501	565.7065	39.349518	330.3794	212.501	565.7065	39.349518	1540.7845	326.62628	1889.489	945.7767	610.7143	1000.0	183999	82.18945	7.5823374	114.872536	-35.13687	82.18971	7.59456	114.74903	-67.14098	-3.3390622	1.8421731	39.549015	-16.72202	11.075384	6.5965223	4844.001958608627
47	1561.6687	415.98785	1811.3662	418.53326	375.91296	269.21744	884.173	78.075035	375.91296	269.21744	884.173	78.075035	1561.6687	415.98785	1811.3662	418.53326	812.0	921.8	187999	82.567245	7.7552285	112.287415	-32.39581	82.567375	7.7598753	113.29398	-23.569225	-3.292594	1.8763057	55.343006	-15.304913	10.061162	7.165712	4944.354112863541
48	1655.0922	293.32803	1975.4249	989.7949	511.64883	199.07222	809.7589	330.41345	511.64883	199.07222	809.7589	330.41345	1655.0922	293.32803	1975.4249	989.7949	1000.0	1000.0	191999	82.88075	7.852586	115.50562	-54.30292	82.88093	7.8603597	115.6614	-31.608765	-3.2522488	1.904129	36.632668	-15.307279	7.6605043	6.92197	5057.283652067184
49	1265.0834	250.79387	1828.0446	956.6521	492.42194	371.42438	1108.5842	5.097151	492.42194	371.42438	1108.5842	5.097151	1265.0834	250.79387	1828.0446	956.6521	617.2857	1000.0	195999	83.371994	8.002264	115.94415	-36.872055	83.37232	8.00881	116.984924	-33.718933	-3.26128	1.8676037	77.43359	-13.94118	8.244666	7.0095735	5177.839590787888
50	1456.0759	515.98444	2130.6326	716.0779	777.7715	404.5637	1344.0621	117.53812	777.7715	404.5637	1344.0621	117.53812	1456.0759	515.98444	2130.6326	716.0779	815.4	942.3	199999	83.82579	8.25078	118.04786	-38.82489	83.826035	8.25831	117.776405	-36.238247	-3.2591844	1.911852	43.421654	-15.916192	9.874463	7.0360045	5295.677117347717
51	1511.2556	288.16104	2044.8679	1088.4003	669.138	354.8129	1116.313	67.135735	669.138	354.8129	1116.313	67.135735	1511.2556	288.16104	2044.8679	1088.4003	808.4	1000.0	203999	84.29471	8.371324	118.482414	-33.154232	84.29492	8.378307	118.280464	-21.1714	-3.1978014	1.9226329	41.476704	-17.530983	11.644041	7.2771893	5413.397236585617
52	1814.447	179.64255	1974.3253	1317.0862	534.3253	418.08936	1303.6307	113.39232	534.3253	418.08936	1303.6307	113.39232	1814.447	179.64255	1974.3253	1317.0862	793.8	1000.0	207999	84.74443	8.607249	119.38197	-49.29462	84.74435	8.615548	118.20517	-34.7553	-3.1850991	1.9436436	42.958763	-15.552305	11.934661	7.1122713	5532.437915325165
53	807.38135	451.69095	1506.5422	25.915743	672.47815	265.37814	1015.791	270.73425	672.47815	265.37814	1015.791	270.73425	807.38135	451.69095	1506.5422	25.915743	1000.0	608.0	211999	85.13098	8.986701	121.13335	-43.564068	85.13095	8.994022	120.92509	-31.667145	-3.1266007	1.9686077	65.62511	-14.808448	12.761502	7.561352	5638.528506755829
54	1524.1726	434.59158	2175.6267	822.28546	528.0177	404.6459	1123.672	66.5809	528.0177	404.6459	1123.672	66.5809	1524.1726	434.59158	2175.6267	822.28546	761.4	1000.0	215999	85.56484	9.397896	123.39113	-43.413513	85.56516	9.402999	122.573395	-57.02834	-3.1200185	2.002892	103.90546	-15.78602	12.372974	7.6394453	5747.429176092148
55	1446.767	473.25717	2102.0083	747.3455	679.1342	154.77258	830.6736	470.818	679.1342	154.77258	830.6736	470.818	1446.767	473.25717	2102.0083	747.3455	1000.0	943.2	219999	85.90565	9.660274	122.67452	-39.284943	85.90571	9.663875	123.0993	-19.966885	-3.1382065	2.0131037	52.604637	-15.268641	13.523199	7.6213875	5855.81866312027
56	1255.416	580.96295	1989.9155	293.25702	553.48364	388.8224	1245.5496	123.81936	553.48364	388.8224	1245.5496	123.81936	1255.416	580.96295	1989.9155	293.25702	814.2	827.8	223999	86.50171	9.938373	124.7729	-40.185356	86.50221	9.943694	124.04798	-31.426542	-3.1301482	2.0107677	45.83192	-14.885717	13.349384	7.606214	5960.873509168625
57	1082.06	535.12994	1650.1927	52.012794	553.83307	307.91602	1126.805	230.97134	553.83307	307.91602	1126.805	230.97134	1082.06	535.12994	1650.1927	52.012794	832.0	796.8	227999	87.0653	10.349449	126.41223	-43.910748	87.06534	10.35445	125.044	-25.744774	-3.129052	2.0164442	58.238113	-14.99752	12.293531	7.7371144	6065.925219535828
58	1572.4261	402.96948	2176.0916	1061.4177	497.2224	165.08981	779.9689	305.0712	497.2224	165.08981	779.9689	305.0712	1572.4261	402.96948	2176.0916	1061.4177	666.8333	1000.0	231999	87.42533	10.736677	129.58755	-38.815323	87.42523	10.743181	129.5339	-37.723797	-3.0950868	2.0243611	57.08149	-14.828226	14.491752	8.451061	6174.001335144043
59	1891.9597	338.73965	2262.0173	1115.2534	702.9423	445.66147	1332.6549	43.972927	702.9423	445.66147	1332.6549	43.972927	1891.9597	338.73965	2262.0173	1115.2534	559.5714	953.2	235999	87.72888	11.089703	128.59598	-27.292477	87.72896	11.093447	130.36877	-34.800922	-3.0990522	2.0230522	41.666424	-15.410758	11.899472	8.328275	6275.2266635894775
60	1378.6869	531.9418	2270.5364	351.72525	553.8412	369.38318	1188.7162	65.12663	553.8412	369.38318	1188.7162	65.12663	1378.6869	531.9418	2270.5364	351.72525	633.0	917.8	239999	87.99956	11.456494	130.09808	-46.29341	87.99956	11.462826	130.35548	-47.26052	-3.0329504	2.0395684	40.710854	-15.847333	12.835455	8.747234	6375.624863862991
61	1158.8822	478.87912	1926.1633	220.13557	868.78796	419.84064	1379.0667	263.23062	868.78796	419.84064	1379.0667	263.23062	1158.8822	478.87912	1926.1633	220.13557	1000.0	695.1	243999	88.33815	11.959592	139.74965	-34.285748	88.33853	11.965728	134.81229	-27.032495	-3.0255568	2.0711994	70.90005	-16.627634	13.707076	9.138348	6470.764743804932
62	1541.344	480.78314	2277.133	972.1026	592.5045	318.12997	1190.6168	274.3927	592.5045	318.12997	1190.6168	274.3927	1541.344	480.78314	2277.133	972.1026	792.0	1000.0	247999	88.61974	12.204781	135.74982	-27.360886	88.61966	12.208857	134.99994	-28.857975	-3.0570407	2.076606	71.944565	-14.992844	12.61328	8.960447	6570.80192399025
63	1730.3004	435.7027	2299.419	695.7319	576.6488	285.9025	1062.6481	355.91824	576.6488	285.9025	1062.6481	355.91824	1730.3004	435.7027	2299.419	695.7319	1000.0	916.0	251999	88.95317	12.459462	134.6471	-38.778664	88.95295	12.465807	134.89314	-38.018803	-3.0619915	2.0930977	42.40129	-14.09126	14.617165	9.254227	6669.223664045334
64	1535.5873	507.2468	2255.4248	276.72958	410.70578	185.3972	601.7427	52.978798	410.70578	185.3972	601.7427	52.978798	1535.5873	507.2468	2255.4248	276.72958	727.8333	887.9	255999	89.27619	12.802481	137.5264	-42.476036	89.27615	12.80657	137.15916	-29.111158	-3.0573308	2.1068327	68.76146	-14.183163	14.552968	9.194759	6766.314957380295
65	1819.4017	369.6518	2068.383	1047.3756	460.79547	513.0057	1643.1143	30.55749	460.79547	513.0057	1643.1143	30.55749	1819.4017	369.6518	2068.383	1047.3756	492.85715	1000.0	259999	89.68863	13.207355	139.22931	-34.545837	89.68842	13.216445	136.98953	-19.913181	-3.0292168	2.128203	84.91505	-18.357506	13.8382845	9.325465	6882.008886814117
66	1257.3143	418.16394	1775.4708	428.76953	498.38525	393.07272	1153.2743	54.048695	498.38525	393.07272	1153.2743	54.048695	1257.3143	418.16394	1775.4708	428.76953	522.5714	799.4	263999	90.14755	13.701663	139.67616	-35.818905	90.14806	13.707432	138.73257	-27.128286	-3.042839	2.1237013	59.37407	-14.863489	13.465136	9.862843	6996.976284980774
67	1467.7842	429.72885	2264.0625	995.9918	530.1225	242.69513	1006.9105	267.10385	530.1225	242.69513	1006.9105	267.10385	1467.7842	429.72885	2264.0625	995.9918	760.1667	1000.0	267999	90.46889	14.119005	140.5534	-67.80225	90.46861	14.125723	140.37912	-33.847404	-3.0093484	2.1264503	78.12004	-15.333834	15.61917	10.037344	7115.743505716324
68	1391.9075	503.51932	2285.4387	663.17145	509.67136	309.80545	889.9859	17.664957	509.67136	309.80545	889.9859	17.664957	1391.9075	503.51932	2285.4387	663.17145	717.3333	864.9	271999	90.70486	14.399468	145.4726	-45.22348	90.70507	14.401692	143.09718	-30.658745	-3.0189717	2.150254	44.801292	-16.078331	14.110403	9.979449	7233.208739042282
69	1836.5461	397.01675	2288.8816	1056.1692	846.09393	592.10223	1583.3269	185.64468	846.09393	592.10223	1583.3269	185.64468	1836.5461	397.01675	2288.8816	1056.1692	700.2	1000.0	275999	91.08813	14.839527	145.89218	-36.051334	91.08787	14.845225	143.51324	-32.043846	-2.9957952	2.1653168	44.27852	-16.099888	17.327835	10.762439	7354.0632157325745
70	1998.133	364.09174	2254.694	1182.2396	606.1546	282.7808	1042.694	340.5985	606.1546	282.7808	1042.694	340.5985	1998.133	364.09174	2254.694	1182.2396	1000.0	1000.0	279999	91.20604	15.167033	147.0445	-34.730633	91.20586	15.173531	146.7025	-27.68622	-2.9494069	2.1546497	41.737877	-17.762337	18.206676	10.85143	7469.031412601471
71	1505.0623	715.6472	2512.518	270.8147	1043.8708	584.78284	1827.0298	268.69666	1043.8708	584.78284	1827.0298	268.69666	1505.0623	715.6472	2512.518	270.8147	830.2	912.2	283999	91.39332	15.4255705	147.61465	-41.217293	91.39347	15.427923	147.17772	-23.414047	-2.944182	2.1760745	85.63303	-15.960487	21.110956	11.143266	7576.999121189117
72	2159.4836	521.5527	2547.2986	968.6594	1644.1748	290.36652	1856.4382	1148.8954	1644.1748	290.36652	1856.4382	1148.8954	2159.4836	521.5527	2547.2986	968.6594	1000.0	952.7	287999	91.67692	15.674399	146.10905	-46.52891	91.67633	15.679881	144.39317	-25.504341	-2.9470968	2.1798043	44.77181	-14.370527	22.541191	11.247763	7687.153742313385
73	1791.9906	828.801	2734.5188	52.945087	638.07117	396.416	1560.3314	354.77405	638.07117	396.416	1560.3314	354.77405	1791.9906	828.801	2734.5188	52.945087	579.2857	837.9	291999	92.08109	16.045105	147.6971	-41.040195	92.08081	16.05404	146.98369	-31.236778	-2.9584625	2.1671612	49.3656	-13.475618	23.540472	11.067765	7794.548393726349
74	1876.9529	493.47287	2295.906	1074.0406	950.6642	557.4968	1836.6556	311.8399	950.6642	557.4968	1836.6556	311.8399	1876.9529	493.47287	2295.906	1074.0406	898.25	1000.0	295999	92.34732	16.542963	148.6155	-34.81262	92.3478	16.547186	148.21948	-28.510246	-2.871457	2.160983	56.29944	-13.998057	25.237625	11.689939	7905.437297582626
75	2015.4381	602.6481	2843.1145	1069.3423	609.3922	510.76178	1700.072	118.03162	609.3922	510.76178	1700.072	118.03162	2015.4381	602.6481	2843.1145	1069.3423	722.1667	1000.0	299999	92.50884	16.761602	148.38083	-75.5246	92.50822	16.769615	147.19089	-34.200394	-2.8773065	2.1984823	49.158615	-14.931158	23.41895	11.670978	8015.006064414978
76	1389.1091	630.2051	2800.836	642.2346	1222.5901	617.6926	1933.7008	383.96066	1222.5901	617.6926	1933.7008	383.96066	1389.1091	630.2051	2800.836	642.2346	1000.0	778.8	303999	93.06624	17.367765	151.81934	-33.810787	93.06588	17.372751	151.59744	-37.08474	-2.8292413	2.280943	48.208454	-14.612808	24.695333	11.918772	8122.114395618439
77	1550.6744	848.40576	2863.6807	225.91647	660.1285	260.32834	938.6591	268.03842	660.1285	260.32834	938.6591	268.03842	1550.6744	848.40576	2863.6807	225.91647	587.3333	860.1	307999	93.51337	18.064089	152.52359	-40.628098	93.51272	18.070122	154.76985	-34.008163	-2.8352177	2.2831602	60.019627	-14.61274	26.09208	12.541966	8232.572922945023
78	1993.0892	738.08246	2764.7156	429.77582	1218.8425	720.4713	1978.8527	137.8452	1218.8425	720.4713	1978.8527	137.8452	1993.0892	738.08246	2764.7156	429.77582	781.2	901.4	311999	93.84356	18.458797	153.50339	-50.647198	93.84423	18.466625	155.68533	-33.176086	-2.83489	2.2966568	67.11407	-13.730265	23.891268	13.265449	8345.762390613556
79	2399.162	650.70624	2966.143	867.695	896.1439	562.1125	1768.8834	46.48954	896.1439	562.1125	1768.8834	46.48954	2399.162	650.70624	2966.143	867.695	657.5714	892.1	315999	94.48144	19.017889	153.2568	-36.463776	94.48122	19.023401	153.43266	-32.283875	-2.8229325	2.282587	54.48072	-17.33229	24.70216	13.065294	8457.088176250458
80	2244.7703	417.43335	2627.8313	1429.3511	1493.5023	511.17178	1961.5659	636.64734	1493.5023	511.17178	1961.5659	636.64734	2244.7703	417.43335	2627.8313	1429.3511	1000.0	969.2	319999	95.11307	19.689344	157.67847	-38.488693	95.11348	19.690285	156.18932	-38.880768	-2.7258437	2.3244822	48.04628	-17.660767	23.010836	13.813061	8573.529486894608
81	2162.8843	679.1703	2590.8232	256.0088	585.3656	334.7144	963.2724	56.981293	585.3656	334.7144	963.2724	56.981293	2162.8843	679.1703	2590.8232	256.0088	712.4	871.5	323999	95.64123	20.254652	155.25162	-31.826181	95.64118	20.260471	156.48822	-30.365356	-2.7779903	2.3343637	68.43698	-16.850468	24.974504	13.4361	8679.744579076767
82	2162.6143	372.80652	2468.1062	1365.9875	576.14246	248.44545	979.22296	244.27982	576.14246	248.44545	979.22296	244.27982	2162.6143	372.80652	2468.1062	1365.9875	633.8571	1000.0	327999	95.9694	20.70487	156.30074	-49.60811	95.969	20.709965	156.87218	-37.547474	-2.7800152	2.3218055	69.26323	-15.7090435	26.84526	14.344868	8788.632704496384
83	2522.132	232.89801	2655.3184	1835.1807	1089.6504	617.77313	1693.925	232.05327	1089.6504	617.77313	1693.925	232.05327	2522.132	232.89801	2655.3184	1835.1807	774.2	968.6	331999	96.14813	21.091791	157.25711	-46.76773	96.1483	21.096283	159.6769	-48.60336	-2.763167	2.3197756	96.00452	-15.336455	27.458778	13.513928	8896.324394226074
84	2326.0398	709.9244	2873.171	790.1636	1488.7911	407.45248	1877.0594	875.73224	1488.7911	407.45248	1877.0594	875.73224	2326.0398	709.9244	2873.171	790.1636	988.75	931.7	335999	96.56684	21.628965	161.03094	-69.607895	96.5662	21.633888	162.08513	-46.188984	-2.7291605	2.3654842	62.55007	-18.679943	26.774117	14.735577	9004.462633132935
85	2362.8057	799.41815	2899.645	300.8254	1129.1061	676.7438	2058.373	194.65558	1129.1061	676.7438	2058.373	194.65558	2362.8057	799.41815	2899.645	300.8254	753.1667	913.9	339999	97.01713	22.026712	159.7635	-28.548018	97.01806	22.02747	161.18915	-26.299622	-2.692141	2.38469	76.71187	-13.952651	29.236544	14.889671	9112.261412382126
86	1675.944	810.9404	2638.553	401.16107	732.0504	341.87186	1227.0128	327.9657	732.0504	341.87186	1227.0128	327.9657	1675.944	810.9404	2638.553	401.16107	780.5	679.2	343999	97.41816	22.507048	159.8992	-37.178413	97.41745	22.511082	161.87663	-36.763145	-2.640775	2.3846207	71.238655	-14.25019	30.943676	15.062481	9217.041014432907
87	1840.7367	884.18005	2846.9858	184.4872	1298.7169	735.4271	2101.3694	208.466	1298.7169	735.4271	2101.3694	208.466	1840.7367	884.18005	2846.9858	184.4872	735.3333	839.7	347999	97.76495	23.039503	162.15918	-46.12918	97.76497	23.042683	160.52574	-40.193336	-2.6330585	2.3713253	64.250854	-13.625951	30.389723	15.789407	9327.755804300308
88	2662.5415	611.6254	3309.8096	1322.181	1367.5435	500.0917	1853.4187	494.9593	1367.5435	500.0917	1853.4187	494.9593	2662.5415	611.6254	3309.8096	1322.181	883.8	962.7	351999	98.24267	23.504658	163.61739	-50.971497	98.24272	23.508211	162.69954	-29.751993	-2.6219187	2.3682024	84.32802	-15.134934	29.954788	16.027428	9441.735603094101
89	2033.3113	627.6691	2791.649	1037.9342	1386.2893	637.43713	1927.2821	322.8976	1386.2893	637.43713	1927.2821	322.8976	2033.3113	627.6691	2791.649	1037.9342	920.0	824.4	355999	98.70766	23.942469	164.73439	-42.645626	98.70784	23.943398	166.90822	-33.484394	-2.590248	2.417724	40.385323	-13.80997	30.504753	15.6243305	9551.612845182419
90	2229.0288	650.61444	3029.4656	1343.8806	1327.3524	623.5921	2014.6829	192.60985	1327.3524	623.5921	2014.6829	192.60985	2229.0288	650.61444	3029.4656	1343.8806	717.6667	876.6	359999	99.02603	24.394827	165.42516	-27.520645	99.02584	24.398829	167.64	-33.73797	-2.5910163	2.418401	57.350956	-14.238401	30.08143	17.071394	9665.139020442963
91	1671.1888	1033.5978	3024.5256	29.963749	1248.8142	527.80707	1994.5444	382.89883	1248.8142	527.80707	1994.5444	382.89883	1671.1888	1033.5978	3024.5256	29.963749	744.0	675.9	363999	99.66399	24.924437	165.4724	-34.55916	99.66418	24.928944	168.83014	-22.92701	-2.527883	2.4771233	121.74681	-15.87509	29.145905	16.640089	9772.91486620903
92	1011.67676	528.876	1818.8992	244.82573	1076.1302	706.6347	2067.6733	281.85794	1076.1302	706.6347	2067.6733	281.85794	1011.67676	528.876	1818.8992	244.82573	661.8333	428.8	367999	100.5034	25.760094	171.07198	-43.486183	100.50332	25.762632	167.10095	-40.54362	-2.5401645	2.4529328	53.89147	-15.698233	30.312887	16.828539	9879.055287837982
93	2142.7935	631.6157	2892.6057	687.48364	1644.0171	384.68896	2240.8162	1256.9464	1644.0171	384.68896	2240.8162	1256.9464	2142.7935	631.6157	2892.6057	687.48364	912.5	774.3	371999	101.2123	26.403984	168.03027	-50.123894	101.21198	26.408005	169.992	-45.243004	-2.5130558	2.4389906	63.535137	-14.608059	30.840664	17.545069	9991.850729942322
94	2280.594	818.10474	2913.6343	852.0088	1542.197	542.5995	2338.3408	1012.32	1542.197	542.5995	2338.3408	1012.32	2280.594	818.10474	2913.6343	852.0088	811.2	818.9	375999	101.84628	27.109121	169.11223	-51.57523	101.84634	27.111576	174.4735	-32.263264	-2.5084615	2.4432468	45.531834	-15.786461	31.798214	17.346872	10106.20754623413
95	2259.7815	901.47833	3094.889	554.1229	1445.4341	866.5073	2361.227	368.36508	1445.4341	866.5073	2361.227	368.36508	2259.7815	901.47833	3094.889	554.1229	1000.0	738.8	379999	102.37352	27.775677	178.12021	-45.184307	102.3731	27.778828	177.77275	-43.05602	-2.4114919	2.4992642	70.93752	-15.399576	31.553774	18.152967	10219.128894805908
96	2627.291	859.4782	3109.7812	73.82171	1077.6355	764.94775	2346.5593	126.61226	1077.6355	764.94775	2346.5593	126.61226	2627.291	859.4782	3109.7812	73.82171	610.1429	904.3	383999	103.17	28.63717	173.65346	-63.087654	103.16937	28.639069	176.38437	-42.89254	-2.3632853	2.5662315	45.311214	-15.318593	32.642387	19.104406	10335.616767644882
97	2951.7324	888.791	3531.1807	489.66476	983.74634	576.5029	2000.3345	339.5324	983.74634	576.5029	2000.3345	339.5324	2951.7324	888.791	3531.1807	489.66476	582.6667	881.5	387999	103.68782	29.236866	178.05353	-54.30636	103.68739	29.240774	177.4181	-38.339252	-2.391463	2.5819955	98.666885	-14.678853	31.738655	19.216728	10445.82137966156
98	2207.3013	685.957	3139.2954	1126.0557	1117.8878	726.7654	2266.0708	525.6874	1117.8878	726.7654	2266.0708	525.6874	2207.3013	685.957	3139.2954	1126.0557	617.4286	782.0	391999	104.35386	30.050194	181.07977	-74.930305	104.35283	30.052408	179.82452	-79.838425	-2.354342	2.5433388	54.106243	-15.084515	33.31294	20.210955	10549.891240358353
99	2654.6055	70.66425	2826.2578	2525.908	1492.1465	404.3142	2323.2595	1076.1803	1492.1465	404.3142	2323.2595	1076.1803	2654.6055	70.66425	2826.2578	2525.908	732.6667	1000.0	395999	104.71828	30.48631	178.81699	-65.94107	104.71796	30.488255	180.39249	-48.14414	-2.3078346	2.5699658	44.411827	-15.968813	31.938927	21.565277	10658.116077184677
100	3163.3413	92.109535	3260.5454	2985.4695	1499.4573	684.4409	2310.0708	597.73096	1499.4573	684.4409	2310.0708	597.73096	3163.3413	92.109535	3260.5454	2985.4695	733.8	1000.0	399999	105.37413	31.030207	178.33873	-39.872894	105.375	31.031603	180.63206	-39.93386	-2.301871	2.5680177	51.015057	-15.813076	33.27207	20.738127	10766.196093559265
101	2603.2808	707.6546	3194.4783	1359.5409	969.6376	782.5305	2094.2405	9.07418	969.6376	782.5305	2094.2405	9.07418	2603.2808	707.6546	3194.4783	1359.5409	586.2857	896.8	403999	105.92053	31.743979	184.81857	-48.724236	105.9191	31.747656	181.82948	-36.539776	-2.2939293	2.654706	55.664288	-17.452007	33.04508	21.61585	10870.850217819214
102	1125.0432	1143.1611	3241.2754	60.933464	965.7573	688.33527	2331.2446	124.18745	965.7573	688.33527	2331.2446	124.18745	1125.0432	1143.1611	3241.2754	60.933464	546.0	373.2	407999	106.43805	32.37721	184.01976	-52.327297	106.43827	32.378895	184.26712	-46.623943	-2.2183273	2.586097	57.07714	-15.935925	34.34595	22.88528	10964.741592168808
103	2934.6692	552.9687	3485.2825	1769.5544	1858.8357	364.3594	2410.2517	1448.0084	1858.8357	364.3594	2410.2517	1448.0084	2934.6692	552.9687	3485.2825	1769.5544	899.4	958.1	411999	106.82272	32.923576	186.79845	-50.61423	106.82218	32.930187	185.37006	-49.56668	-2.211985	2.6165192	76.80536	-17.359879	35.16082	22.971384	11078.635409116745
104	2337.69	951.74646	3573.9263	909.86316	1553.283	1036.1285	2528.549	268.04608	1553.283	1036.1285	2528.549	268.04608	2337.69	951.74646	3573.9263	909.86316	821.8	687.2	415999	107.41833	33.494347	189.9778	-58.227234	107.41803	33.496616	186.08862	-49.9073	-2.2248852	2.623593	39.901382	-16.227688	36.724297	23.921192	11187.940532445908
105	2136.4587	1049.0917	3271.4646	52.013954	1721.3639	664.31525	2218.3638	580.40186	1721.3639	664.31525	2218.3638	580.40186	2136.4587	1049.0917	3271.4646	52.013954	960.5	697.4	419999	108.03434	34.018734	188.68498	-58.901737	108.03395	34.018616	189.14641	-47.09484	-2.2112129	2.6529522	56.409603	-14.987946	35.326794	23.886215	11297.247702121735
106	901.1012	429.83658	1879.1581	292.2333	2070.4631	440.98776	2464.515	1323.0928	2070.4631	440.98776	2464.515	1323.0928	901.1012	429.83658	1879.1581	292.2333	871.0	348.7	423999	108.94778	34.99735	194.23926	-60.088223	108.94742	34.99825	193.40796	-50.44001	-2.193104	2.682613	54.567696	-14.135946	35.81825	24.090254	11399.469583272934
107	2631.0298	768.00024	3429.9646	1308.7253	1081.4528	857.44543	2515.6045	45.396374	1081.4528	857.44543	2515.6045	45.396374	2631.0298	768.00024	3429.9646	1308.7253	656.4286	808.2	427999	110.00457	35.989193	197.03337	-82.38431	110.00475	35.989723	193.61372	-29.404442	-2.149174	2.6706629	55.168365	-17.909317	36.019127	24.202991	11512.205458164215
108	2635.5278	120.74823	2754.5608	2318.988	1321.6478	838.1551	2374.6228	434.62564	1321.6478	838.1551	2374.6228	434.62564	2635.5278	120.74823	2754.5608	2318.988	678.4	1000.0	431999	110.64503	36.770145	193.2158	-52.423798	110.64491	36.770145	192.0966	-65.78711	-2.1094403	2.7305868	87.917854	-16.068584	36.051857	24.979317	11629.115251779556
109	2068.5452	925.92053	3347.4817	879.0164	1285.7694	866.53204	2465.2312	189.68558	1285.7694	866.53204	2465.2312	189.68558	2068.5452	925.92053	3347.4817	879.0164	537.2857	654.3	435999	111.64414	37.552673	196.30591	-52.570923	111.64329	37.555164	195.70178	-34.825787	-2.0596473	2.762072	122.84835	-16.025635	34.61873	26.473827	11736.874155044556
110	2011.5631	1325.476	3285.6511	134.71121	862.16113	865.52795	2389.4841	55.197124	862.16113	865.52795	2389.4841	55.197124	2011.5631	1325.476	3285.6511	134.71121	365.58334	667.3	439999	112.81465	38.476536	199.2382	-45.488	112.81455	38.48054	198.50948	-41.148453	-2.061829	2.7609346	54.687588	-16.42992	33.201984	26.58502	11844.779598474503
111	2621.7505	897.61066	3408.1836	1041.059	1545.2631	876.90643	2618.3901	206.07124	1545.2631	876.90643	2618.3901	206.07124	2621.7505	897.61066	3408.1836	1041.059	725.5	927.7	443999	113.88826	39.31366	201.4443	-43.473522	113.88818	39.318165	202.00487	-47.05256	-2.0370846	2.7940345	58.86669	-15.504411	31.395182	26.634916	11959.388154745102
112	2715.451	891.6571	4065.3464	918.6088	1819.9385	885.0946	2755.2742	718.0162	1819.9385	885.0946	2755.2742	718.0162	2715.451	891.6571	4065.3464	918.6088	724.2	801.5	447999	115.11815	40.342403	200.08107	-48.205414	115.11721	40.344612	203.49963	-52.36665	-1.9999815	2.8062508	63.422417	-14.763275	28.546024	28.219799	12074.050699472427
113	3172.5059	720.4533	3498.3298	1017.8477	1891.876	929.64233	2923.398	313.4042	1891.876	929.64233	2923.398	313.4042	3172.5059	720.4533	3498.3298	1017.8477	726.1667	997.5	451999	116.57056	41.28429	204.22485	-48.264587	116.57068	41.2869	204.90163	-48.75721	-1.9628402	2.8596008	62.862175	-15.390691	27.24352	27.796429	12191.235916852951
114	2557.7405	1324.8256	3713.9438	142.24635	1635.7864	671.8233	2589.5667	887.2008	1635.7864	671.8233	2589.5667	887.2008	2557.7405	1324.8256	3713.9438	142.24635	1000.0	771.6	455999	117.77035	42.244076	203.4271	-54.828598	117.76933	42.249775	206.51355	-39.795616	-1.9035687	2.8675683	50.15585	-15.136663	28.735851	28.097858	12305.287962675095
115	3155.6047	699.0122	3666.3608	1547.4155	1880.4851	723.01	2958.516	1049.5046	1880.4851	723.01	2958.516	1049.5046	3155.6047	699.0122	3666.3608	1547.4155	775.6	900.1	459999	119.09505	43.331905	208.02333	-45.884254	119.09511	43.329536	210.40884	-33.996845	-1.9415555	2.8684826	97.534454	-13.886478	26.173973	27.470745	12424.985791444778
116	2703.5144	1383.1268	3818.7139	26.123919	2188.8413	823.9582	2872.3892	847.0573	2188.8413	823.9582	2872.3892	847.0573	2703.5144	1383.1268	3818.7139	26.123919	779.6	818.9	463999	120.52405	44.521336	214.06427	-51.8284	120.52545	44.516922	212.72661	-96.37176	-1.8653301	2.951502	85.854256	-15.511712	26.177868	30.028421	12542.842452764511
117	2625.3354	1224.1222	4035.513	348.8609	893.0124	901.6116	2816.3557	68.051834	893.0124	901.6116	2816.3557	68.051834	2625.3354	1224.1222	4035.513	348.8609	552.5714	815.2	467999	121.8086	45.785294	216.34154	-38.7425	121.80823	45.786278	216.13109	-42.320763	-1.8571851	2.95633	85.879135	-14.373997	27.012453	30.593922	12660.752014636993
118	3509.8777	183.56688	3837.3218	3229.2815	2374.309	521.21	2862.193	1488.0485	2374.309	521.21	2862.193	1488.0485	3509.8777	183.56688	3837.3218	3229.2815	864.2	991.7	471999	123.12286	46.797417	217.5132	-74.31747	123.12382	46.796207	217.49127	-43.435192	-1.8118981	2.9515886	61.412773	-17.25278	28.4393	31.437605	12781.984087705612
119	2904.9333	1231.1349	3746.562	40.093937	1816.5133	1008.772	2820.1763	378.20648	1816.5133	1008.772	2820.1763	378.20648	2904.9333	1231.1349	3746.562	40.093937	658.8333	807.8	475999	124.60175	47.91144	219.41783	-66.653145	124.59985	47.916958	220.03094	-72.29203	-1.7916142	2.9903762	66.891624	-14.655169	26.01487	30.780523	12892.48506474495
120	2998.9727	886.38794	3713.3508	651.8315	2024.4696	914.45514	2924.305	551.0541	2024.4696	914.45514	2924.305	551.0541	2998.9727	886.38794	3713.3508	651.8315	707.6667	877.5	479999	126.01668	48.945305	229.31729	-45.617542	126.01619	48.94781	223.19598	-43.4891	-1.7081791	3.0180962	61.002895	-18.311855	25.565847	33.37553	13004.190177202225
121	2887.4985	1337.2302	3960.9631	181.93573	2021.884	1183.103	3257.9333	536.98444	2021.884	1183.103	3257.9333	536.98444	2887.4985	1337.2302	3960.9631	181.93573	667.8	760.5	483999	127.19031	49.90858	227.07204	-46.14226	127.19083	49.90667	228.25034	-55.17193	-1.6571889	3.0490987	61.413525	-14.773476	30.639982	33.136055	13113.103982686996
122	3128.2368	97.02472	3292.2703	2985.6772	2470.6345	754.1262	3347.696	1101.045	2470.6345	754.1262	3347.696	1101.045	3128.2368	97.02472	3292.2703	2985.6772	791.2	1000.0	487999	128.12206	50.688953	228.4203	-49.1366	128.12213	50.687286	233.88254	-55.439976	-1.6670403	3.0531425	49.47808	-14.862352	31.21221	34.40386	13227.61467218399
123	2495.8867	1213.0691	4232.165	904.0133	1491.4355	1053.0557	3156.4412	28.373041	1491.4355	1053.0557	3156.4412	28.373041	2495.8867	1213.0691	4232.165	904.0133	592.125	765.7	491999	129.49403	51.934265	233.2489	-52.4027	129.49304	51.937515	234.07878	-79.634605	-1.6034783	3.1049845	60.92364	-15.906376	28.44486	35.246292	13335.038905382156
124	3756.7964	125.6824	3933.3538	3559.0637	1986.8839	1051.9741	3120.787	169.04169	1986.8839	1051.9741	3120.787	169.04169	3756.7964	125.6824	3933.3538	3559.0637	670.0	1000.0	495999	130.94394	53.17118	234.11853	-63.873276	130.9436	53.168938	236.56168	-63.97777	-1.509749	3.1358578	53.783028	-15.804003	25.968657	37.237453	13448.531780719757
125	3244.6035	1333.296	4152.5527	540.8728	1966.9955	1011.3685	3185.1782	731.9381	1966.9955	1011.3685	3185.1782	731.9381	3244.6035	1333.296	4152.5527	540.8728	651.8333	836.0	499999	132.34889	54.14987	237.87895	-66.245575	132.34895	54.14753	239.05832	-44.34121	-1.5073258	3.1528347	110.729294	-16.427784	23.409668	40.20757	13563.02985239029
126	3449.483	495.10547	3866.9658	2053.8208	1644.7635	1133.1104	3138.208	127.93428	1644.7635	1133.1104	3138.208	127.93428	3449.483	495.10547	3866.9658	2053.8208	532.3333	960.9	503999	134.0106	55.253204	238.24362	-49.537617	134.00972	55.250763	237.26698	-72.08102	-1.4892197	3.1836464	68.39051	-15.094381	23.034512	37.362	13680.707429409027
127	3671.6714	664.3431	4107.3535	1717.6475	2937.8298	89.378975	3058.2234	2815.4673	2937.8298	89.378975	3058.2234	2815.4673	3671.6714	664.3431	4107.3535	1717.6475	1000.0	944.4	507999	135.24878	56.31294	241.4108	-71.52401	135.24936	56.314068	242.09578	-73.714066	-1.4811989	3.1907094	61.324593	-13.75326	24.986433	40.359425	13798.084066390991
128	3629.7332	130.65724	3869.1785	3378.4177	1940.3357	1214.8322	3329.331	376.2852	1940.3357	1214.8322	3329.331	376.2852	3629.7332	130.65724	3869.1785	3378.4177	615.8571	1000.0	511999	136.46819	57.18072	244.69095	-78.068985	136.4683	57.178394	244.98747	-44.083374	-1.4705114	3.1804636	80.91815	-14.45829	28.987284	40.3856	13917.292677640915
129	3686.448	75.10834	3822.1145	3547.9875	1669.253	1264.7208	3339.134	67.79421	1669.253	1264.7208	3339.134	67.79421	3686.448	75.10834	3822.1145	3547.9875	542.0	1000.0	515999	137.6804	57.94532	245.16113	-58.54656	137.6801	57.943417	246.76439	-51.233753	-1.4047375	3.1972034	79.612656	-15.4169445	27.9036	41.21307	14037.625803470612
130	3855.398	455.1112	4101.748	2508.7402	2808.999	425.61267	3249.3518	2259.8757	2808.999	425.61267	3249.3518	2259.8757	3855.398	455.1112	4101.748	2508.7402	970.5	961.7	519999	138.8055	58.699673	246.90886	-67.16118	138.8052	58.698227	247.6098	-106.735	-1.3272742	3.275976	105.7779	-14.770152	25.530207	41.69089	14160.936305761337
131	3586.627	212.30421	3867.2583	3111.685	2561.2266	1162.0803	3447.4563	99.1015	2561.2266	1162.0803	3447.4563	99.1015	3586.627	212.30421	3867.2583	3111.685	790.6667	987.0	523999	139.90443	59.686073	249.42319	-62.575172	139.90521	59.68327	254.9821	-75.23287	-1.3012764	3.2694128	70.95042	-13.800583	24.617584	41.904903	14285.070195674896
132	3297.4722	1010.20746	4097.6523	662.99927	2040.21	1102.729	3340.0989	568.3831	2040.21	1102.729	3340.0989	568.3831	3297.4722	1010.20746	4097.6523	662.99927	672.0	904.5	527999	141.34488	60.792854	253.14653	-65.61885	141.34377	60.792416	254.50957	-72.827866	-1.2896359	3.320929	103.2954	-15.636709	22.63897	44.514225	14407.448725938797
133	3991.0352	163.36674	4232.667	3575.3928	1823.9271	1346.2201	3363.8667	81.11028	1823.9271	1346.2201	3363.8667	81.11028	3991.0352	163.36674	4232.667	3575.3928	584.3333	1000.0	531999	142.71481	61.5192	253.01273	-76.09807	142.71513	61.517323	254.64728	-76.877716	-1.2437354	3.3398168	45.468033	-14.764124	20.94894	45.70226	14531.820813417435
134	3822.8743	373.04077	4109.3096	2738.181	2064.136	1153.7125	3400.914	21.288403	2064.136	1153.7125	3400.914	21.288403	3822.8743	373.04077	4109.3096	2738.181	633.1667	969.0	535999	144.13972	62.60918	261.59525	-74.28527	144.13966	62.602985	264.9272	-60.24335	-1.1951627	3.3529341	69.54308	-14.201826	22.131052	45.03497	14645.452671527863
135	3875.9739	132.81596	4175.021	3667.0059	2442.4038	1292.0205	3381.8286	352.25464	2442.4038	1292.0205	3381.8286	352.25464	3875.9739	132.81596	4175.021	3667.0059	732.1667	1000.0	539999	145.78076	63.59991	261.02966	-55.127365	145.7812	63.601124	260.2457	-44.79638	-1.1409549	3.3778722	111.22318	-14.340535	18.553827	47.01109	14752.717476844788
136	3315.9224	1571.305	4275.0527	39.47225	2982.659	485.9439	3492.4375	2388.943	2982.659	485.9439	3492.4375	2388.943	3315.9224	1571.305	4275.0527	39.47225	884.2	812.0	543999	147.04488	64.46678	264.80902	-72.10058	147.04552	64.46567	268.65244	-50.15551	-1.1500729	3.3870492	62.641705	-13.376867	19.291565	49.27915	14857.39225077629
137	3518.7285	1143.172	4331.644	1207.4098	1961.8516	1054.629	3393.4624	573.96875	1961.8516	1054.629	3393.4624	573.96875	3518.7285	1143.172	4331.644	1207.4098	577.3333	906.9	547999	148.76836	65.440346	263.6262	-67.786156	148.76875	65.436066	264.86053	-74.01464	-1.1719774	3.4485238	90.52378	-13.522697	21.136087	46.109306	14963.449300765991
138	4044.2036	581.8067	4338.174	2311.8198	2356.1343	1178.5317	3491.9087	358.63123	2356.1343	1178.5317	3491.9087	358.63123	4044.2036	581.8067	4338.174	2311.8198	687.6667	954.7	551999	150.23994	66.25136	267.19083	-61.01135	150.23933	66.24926	271.93887	-48.03574	-1.0695442	3.4401784	66.16589	-14.038763	18.820719	47.299522	15070.37704873085
139	2395.2542	1636.9736	4667.5747	466.9126	1656.0675	984.4477	3461.0347	419.51627	1656.0675	984.4477	3461.0347	419.51627	2395.2542	1636.9736	4667.5747	466.9126	633.5	526.6	555999	151.24669	67.23402	268.44275	-57.61142	151.24623	67.23393	268.64355	-70.47112	-1.066658	3.450888	67.86261	-15.910738	16.659744	48.43061	15169.301931142807
140	4253.124	102.909096	4399.2964	4102.446	1842.1324	1337.9504	3638.9512	23.713085	1842.1324	1337.9504	3638.9512	23.713085	4253.124	102.909096	4399.2964	4102.446	648.1667	1000.0	559999	152.55261	68.12362	270.29337	-82.64632	152.55367	68.122795	268.65906	-117.49546	-0.98717964	3.5129557	63.52847	-16.660488	11.868179	53.56181	15285.666682243347
141	3941.1108	1315.4365	4501.325	5.138957	3028.478	731.8711	3534.6523	1627.8435	3028.478	731.8711	3534.6523	1627.8435	3941.1108	1315.4365	4501.325	5.138957	882.6	900.9	563999	153.69621	68.88506	269.54956	-69.845505	153.69604	68.88009	272.33817	-67.1003	-1.0114692	3.4722614	64.52052	-14.269258	14.165906	50.978706	15401.726194143295
142	3013.4233	958.3265	3707.1335	400.17307	1559.9539	1262.3695	3466.336	73.57052	1559.9539	1262.3695	3466.336	73.57052	3013.4233	958.3265	3707.1335	400.17307	558.0	886.1	567999	154.88298	69.714424	281.919	-54.828552	154.88254	69.713196	277.71976	-62.479107	-0.94827557	3.5439804	85.90598	-16.871418	12.59426	50.43078	15516.609952926636
143	3905.0208	811.82404	4336.0	1486.825	2498.2197	1142.5887	3551.357	842.7914	2498.2197	1142.5887	3551.357	842.7914	3905.0208	811.82404	4336.0	1486.825	717.0	933.1	571999	156.57411	70.75295	277.7147	-72.0455	156.5723	70.75323	280.83725	-50.92751	-0.87479705	3.634161	80.33907	-13.77169	10.052169	53.381634	15632.240491628647
144	3698.9966	1001.5261	4521.837	1866.1217	3355.9058	534.8746	3781.633	2442.0847	3355.9058	534.8746	3781.633	2442.0847	3698.9966	1001.5261	4521.837	1866.1217	919.5	887.0	575999	158.51851	72.086044	285.8436	-71.92377	158.5201	72.07969	284.44885	-55.263508	-0.91186506	3.5413375	56.67309	-14.260597	14.762862	50.583157	15749.056397676468
145	3814.9722	295.007	4049.5989	2954.7712	2622.9573	1376.4935	3720.5	132.07417	2622.9573	1376.4935	3720.5	132.07417	3814.9722	295.007	4049.5989	2954.7712	736.8333	967.6	579999	159.39394	72.799416	282.08887	-80.27082	159.39308	72.79787	281.1322	-90.66846	-0.81828916	3.6160154	85.83371	-14.7235775	15.474175	54.866074	15862.377585887909
146	3606.323	1133.5712	4235.0923	220.45033	1897.733	1335.8838	3876.025	351.73245	1897.733	1335.8838	3876.025	351.73245	3606.323	1133.5712	4235.0923	220.45033	525.0	907.0	583999	160.6652	73.51268	288.30536	-102.49015	160.6646	73.51207	282.51285	-73.770256	-0.8350807	3.6084638	95.71808	-16.348438	5.9705777	57.33368	15972.559902906418
147	4253.7617	675.5609	4575.87	2234.282	3581.3103	238.3265	3963.6692	3372.152	3581.3103	238.3265	3963.6692	3372.152	4253.7617	675.5609	4575.87	2234.282	1000.0	951.2	587999	161.92052	74.01926	292.79874	-81.66797	161.92076	74.016014	284.8743	-78.12459	-0.87516016	3.546706	70.20263	-14.238494	5.2633066	56.41768	16084.311064958572
148	4031.8823	631.3964	4414.688	2163.2393	3208.6562	742.80426	3939.9866	1964.7334	3208.6562	742.80426	3939.9866	1964.7334	4031.8823	631.3964	4414.688	2163.2393	854.2	954.5	591999	163.36507	74.71757	290.91443	-61.864994	163.36311	74.720406	286.60928	-41.867233	-0.78776866	3.5951767	91.98428	-15.31234	2.6519613	56.67499	16195.504899024963
149	3135.8303	1432.936	4381.6265	985.5317	3300.0442	622.28656	3658.12	2058.079	3300.0442	622.28656	3658.12	2058.079	3135.8303	1432.936	4381.6265	985.5317	914.4	885.2	595999	164.49976	75.41969	291.6253	-83.763435	164.50102	75.412994	285.6039	-62.309727	-0.82007974	3.6082065	75.393715	-15.352039	11.806801	57.739834	16305.715699195862
150	4233.8545	462.27917	4484.0312	2864.6907	2575.5183	1566.3397	3966.2664	47.140903	2575.5183	1566.3397	3966.2664	47.140903	4233.8545	462.27917	4484.0312	2864.6907	667.6667	969.3	599999	165.55495	75.87075	291.0567	-60.315075	165.55542	75.866486	291.8872	-50.3405	-0.7488552	3.5848925	56.233475	-13.960674	16.390974	57.93877	16417.296409130096
151	3901.2727	695.54065	4610.3633	2472.6816	3760.8083	50.57444	3809.5994	3678.3513	3760.8083	50.57444	3809.5994	3678.3513	3901.2727	695.54065	4610.3633	2472.6816	1000.0	925.2	603999	167.43721	76.878265	292.56717	-63.813076	167.43692	76.87588	290.62946	-94.67299	-0.7349422	3.6288028	65.17925	-14.729106	12.290568	57.832073	16526.429777145386
152	4321.453	138.0548	4515.2695	4024.6304	3228.238	1059.4774	3853.5676	1393.2363	3228.238	1059.4774	3853.5676	1393.2363	4321.453	138.0548	4515.2695	4024.6304	850.25	991.4	607999	168.76772	77.50869	294.233	-63.935726	168.76714	77.502266	294.15128	-69.68147	-0.6532153	3.6961672	92.08405	-15.18667	9.5521345	57.70729	16638.54647397995
153	4152.6963	1283.844	4753.0605	315.17487	3735.2427	153.40408	3964.284	3533.6968	3735.2427	153.40408	3964.284	3533.6968	4152.6963	1283.844	4753.0605	315.17487	1000.0	909.3	611999	169.82591	78.21142	297.3957	-79.04642	169.82619	78.20531	297.76178	-92.080376	-0.68516165	3.641687	80.77806	-18.291422	7.540911	59.86999	16748.310829877853
154	4292.1475	744.41315	4836.6284	2096.8796	2469.9958	1654.2549	3943.0662	183.85892	2469.9958	1654.2549	3943.0662	183.85892	4292.1475	744.41315	4836.6284	2096.8796	644.8571	945.2	615999	171.15268	78.85988	300.03424	-61.720627	171.15279	78.85504	300.67706	-71.837616	-0.61681706	3.7051127	69.156204	-15.603277	11.647793	55.484608	16858.89910531044
155	3364.6602	1931.3187	4883.648	8.710446	2991.766	1401.1896	4072.329	582.7706	2991.766	1401.1896	4072.329	582.7706	3364.6602	1931.3187	4883.648	8.710446	959.75	734.0	619999	173.24832	79.893585	301.90375	-90.58873	173.24873	79.889145	300.52798	-145.29398	-0.55555856	3.7670646	82.77827	-14.273923	9.325524	56.284	16964.60267806053
156	3827.2312	1246.1084	4892.075	941.8996	3796.6353	106.10631	3936.4907	3688.327	3796.6353	106.10631	3936.4907	3688.327	3827.2312	1246.1084	4892.075	941.8996	1000.0	995.6	623999	174.3948	80.9841	303.0408	-80.31612	174.39519	80.981476	300.4478	-63.142017	-0.5833505	3.7284613	67.12228	-15.273863	9.502111	58.49786	17085.341544151306
157	3897.4663	1100.6144	4395.854	604.0613	3175.889	1300.881	4105.585	609.7313	3175.889	1300.881	4105.585	609.7313	3897.4663	1100.6144	4395.854	604.0613	839.4	912.7	627999	175.9758	81.96068	306.15305	-71.605354	175.9747	81.962555	301.32086	-84.93192	-0.6002725	3.7034838	66.79147	-14.849787	11.351945	60.07465	17206.642256498337
158	4546.499	107.3832	4835.711	4435.098	2478.7705	1388.7765	4165.085	466.42538	2478.7705	1388.7765	4165.085	466.42538	4546.499	107.3832	4835.711	4435.098	748.6	1000.0	631999	177.1706	82.427704	308.05988	-108.58336	177.17096	82.42216	306.85928	-93.93253	-0.49699286	3.766217	74.19852	-15.28302	11.955459	60.48927	17328.64723801613
159	2481.3467	1874.6781	4773.3125	36.342976	3319.0884	1125.9874	4002.1301	1074.7797	3319.0884	1125.9874	4002.1301	1074.7797	2481.3467	1874.6781	4773.3125	36.342976	850.2	540.7	635999	178.24936	83.03237	304.82877	-68.37195	178.25032	83.0282	306.17752	-65.14478	-0.50191	3.7050912	71.79875	-14.277842	8.309382	61.2512	17439.898952245712
160	4499.491	79.51987	4668.5894	4405.264	2821.3354	914.4806	3995.2344	1571.1066	2821.3354	914.4806	3995.2344	1571.1066	4499.491	79.51987	4668.5894	4405.264	796.0	1000.0	639999	179.6889	83.632324	307.36118	-73.41205	179.68806	83.63347	304.15	-103.71687	-0.44855765	3.7102954	63.439293	-14.413965	7.4785657	59.973392	17563.49898123741
161	4228.2236	114.50997	4382.5024	4032.0542	2578.8901	1794.878	3950.1257	7.858716	2578.8901	1794.878	3950.1257	7.858716	4228.2236	114.50997	4382.5024	4032.0542	669.3333	1000.0	643999	180.8147	84.107796	311.1918	-62.942337	180.81424	84.11307	309.98697	-63.77829	-0.4849998	3.6947143	135.315	-14.560928	8.255689	61.091335	17681.22549390793
162	3429.743	1508.8887	4761.411	1013.8215	2497.526	1140.901	3858.0032	945.0159	2497.526	1140.901	3858.0032	945.0159	3429.743	1508.8887	4761.411	1013.8215	739.2	732.0	647999	181.61716	84.8539	310.27496	-79.54664	181.61766	84.84999	309.18463	-106.77137	-0.4692345	3.700442	78.70929	-14.44016	5.204332	60.264694	17788.318794488907
163	4305.088	611.6795	4689.211	2495.2634	3790.8333	193.56842	4001.1492	3557.2441	3790.8333	193.56842	4001.1492	3557.2441	4305.088	611.6795	4689.211	2495.2634	1000.0	959.6	651999	183.3505	85.57849	310.73175	-66.288506	183.34995	85.57865	308.7309	-48.33419	-0.420206	3.7363162	101.53367	-13.160992	0.06103638	59.384834	17903.064440011978
164	4550.8257	97.834694	4776.0156	4455.98	3013.8052	1401.7019	4158.294	267.71884	3013.8052	1401.7019	4158.294	267.71884	4550.8257	97.834694	4776.0156	4455.98	785.8	999.0	655999	184.33846	85.99337	310.07108	-64.613	184.33916	85.99093	308.77213	-70.406975	-0.42458794	3.7785213	74.03317	-17.249636	5.8602533	66.3842	18018.759426116943
165	4123.8057	1059.3053	4744.7295	1946.0676	2900.7332	1380.1055	3875.8623	211.43857	2900.7332	1380.1055	3875.8623	211.43857	4123.8057	1059.3053	4744.7295	1946.0676	761.4	885.9	659999	185.31088	86.31625	312.62872	-79.96839	185.3124	86.310455	312.08447	-63.49924	-0.40077195	3.7638695	81.206436	-15.482348	4.293497	63.26749	18128.293592214584
166	3469.523	1624.5583	4735.5435	606.93665	3297.4363	520.3361	3907.7908	2490.4895	3297.4363	520.3361	3907.7908	2490.4895	3469.523	1624.5583	4735.5435	606.93665	925.8	826.8	663999	185.99326	86.96015	314.566	-106.955734	185.99117	86.9624	313.43497	-75.35346	-0.40098774	3.7571766	75.13103	-15.055355	9.145298	64.06119	18228.774831056595
167	4096.402	1360.679	4726.3696	26.429214	4021.312	93.69333	4134.66	3899.1243	4021.312	93.69333	4134.66	3899.1243	4096.402	1360.679	4726.3696	26.429214	1000.0	901.9	667999	186.76022	87.416245	313.34357	-57.21657	186.76056	87.415825	316.55814	-94.22236	-0.3433222	3.7222013	83.78747	-14.876848	7.304137	63.77221	18329.15133166313
168	4825.3354	117.36583	5022.128	4671.3057	3580.372	644.2256	4030.9304	2467.9763	3580.372	644.2256	4030.9304	2467.9763	4825.3354	117.36583	5022.128	4671.3057	911.25	1000.0	671999	187.60706	87.70949	315.5589	-63.559277	187.60724	87.71088	317.7324	-64.724525	-0.31243065	3.8038676	82.243904	-13.942196	15.206298	65.75286	18432.062041282654
169	4422.5684	521.17993	4898.4365	3117.138	4008.2866	204.21007	4292.3555	3726.2463	4008.2866	204.21007	4292.3555	3726.2463	4422.5684	521.17993	4898.4365	3117.138	1000.0	981.1	675999	188.38724	88.23003	317.18353	-81.59404	188.388	88.229904	318.50705	-63.460644	-0.30439547	3.765701	93.58388	-14.577921	11.112669	66.22747	18531.81600522995
170	3312.1453	1679.5237	4750.675	49.10537	3336.0996	1528.0547	4247.121	284.19107	3336.0996	1528.0547	4247.121	284.19107	3312.1453	1679.5237	4750.675	49.10537	821.4	759.0	679999	189.32224	88.91385	319.1158	-95.48149	189.3226	88.91384	323.29114	-167.5464	-0.24465922	3.8549335	81.01954	-16.073517	8.6122675	62.026794	18626.297071933746
171	4665.568	146.67194	5041.378	4500.3115	2654.7705	1297.9286	4183.908	498.126	2654.7705	1297.9286	4183.908	498.126	4665.568	146.67194	5041.378	4500.3115	693.1667	1000.0	683999	190.73016	89.430695	316.67514	-48.631653	190.72972	89.432625	319.6802	-116.37373	-0.26529613	3.8214326	72.42975	-15.170334	15.948149	69.32398	18727.805757522583
172	4542.3516	400.19598	5059.5713	3549.472	3797.2437	642.53424	4416.675	2751.046	3797.2437	642.53424	4416.675	2751.046	4542.3516	400.19598	5059.5713	3549.472	925.75	975.7	687999	191.17107	89.71887	320.08603	-121.91674	191.17178	89.71828	321.23563	-54.00975	-0.20073654	3.8176146	81.21249	-16.676699	16.520199	69.295	18833.839017391205
173	3272.336	1750.3846	4748.415	174.88892	4065.4111	48.203587	4146.7217	4020.5696	4065.4111	48.203587	4146.7217	4020.5696	3272.336	1750.3846	4748.415	174.88892	1000.0	708.4	691999	192.19402	90.218506	325.37534	-80.39191	192.19305	90.21696	323.17258	-77.33354	-0.19961701	3.8405335	116.72388	-14.061326	14.32318	67.208534	18949.96316099167
174	3852.9531	127.56949	4108.489	3660.8418	4107.085	125.90244	4322.5903	4005.5293	4107.085	125.90244	4322.5903	4005.5293	3852.9531	127.56949	4108.489	3660.8418	1000.0	1000.0	695999	192.54427	90.68039	323.06924	-88.83441	192.54472	90.6786	324.80533	-83.037605	-0.20593348	3.8242	72.30383	-14.107882	14.319034	70.57323	19072.393965244293
175	4024.2554	1356.0062	4978.3403	1048.9496	3853.064	179.851	4034.6797	3555.1912	3853.064	179.851	4034.6797	3555.1912	4024.2554	1356.0062	4978.3403	1048.9496	986.75	841.0	699999	193.89075	90.99465	322.04984	-59.16566	193.89168	90.988434	324.3738	-103.41311	-0.2237349	3.792743	83.5699	-14.534148	12.605392	64.94547	19188.088721752167
176	4088.2515	1368.7491	4735.7095	6.22049	3638.5107	723.71893	4107.3306	2387.4434	3638.5107	723.71893	4107.3306	2387.4434	4088.2515	1368.7491	4735.7095	6.22049	906.25	901.0	703999	194.6164	91.339195	321.20944	-74.27562	194.61646	91.33309	321.81406	-82.84061	-0.20238264	3.7988358	90.87942	-16.53675	18.636118	69.252075	19306.41078233719
177	4537.731	98.095055	4669.5654	4369.802	2759.208	1801.3146	4197.916	15.392665	2759.208	1801.3146	4197.916	15.392665	4537.731	98.095055	4669.5654	4369.802	689.3333	1000.0	707999	194.86385	91.42259	323.17938	-66.90367	194.86462	91.41901	325.22	-102.85936	-0.102839366	3.9132764	214.76785	-14.729086	15.440127	71.27725	19426.71679377556
178	4737.329	110.60676	4913.14	4572.1416	3714.864	582.8784	4309.4062	2721.8328	3714.864	582.8784	4309.4062	2721.8328	4737.329	110.60676	4913.14	4572.1416	892.2	1000.0	711999	196.03764	91.84033	322.92108	-73.55017	196.03934	91.83559	322.98404	-122.2339	-0.11244539	3.8474963	147.64369	-16.163544	20.070555	66.43608	19547.36132621765
179	4735.333	126.83882	4954.9946	4509.246	2405.7834	1591.1913	4334.091	7.5169153	2405.7834	1591.1913	4334.091	7.5169153	4735.333	126.83882	4954.9946	4509.246	583.1429	1000.0	715999	196.56953	92.214	323.30264	-106.8268	196.56972	92.21128	327.80283	-95.5096	-0.08635431	3.9268966	74.842445	-14.431694	20.208664	70.903625	19671.744122982025
180	4543.5317	142.69914	4754.922	4314.661	3242.1555	947.72314	4167.5337	2019.3734	3242.1555	947.72314	4167.5337	2019.3734	4543.5317	142.69914	4754.922	4314.661	809.8	1000.0	719999	197.91086	92.45275	326.04764	-61.38623	197.91072	92.44987	327.66635	-99.87915	-0.11007265	3.837301	72.66476	-15.082054	18.181137	69.779655	19794.097762346268
181	4624.125	440.48502	5057.079	3618.1216	2460.7336	1316.994	4191.036	379.546	2460.7336	1316.994	4191.036	379.546	4624.125	440.48502	5057.079	3618.1216	668.2	951.2	723999	198.84262	92.738	325.0508	-58.577435	198.84148	92.735	327.42276	-76.24704	-0.07712736	3.8399274	89.61322	-14.202039	16.6925	70.435356	19915.94782757759
182	4214.947	663.1601	4654.6445	2257.2192	2302.1543	1691.6952	4206.8413	134.64307	2302.1543	1691.6952	4206.8413	134.64307	4214.947	663.1601	4654.6445	2257.2192	812.0	952.8	727999	198.82175	92.98994	327.00775	-51.87733	198.82408	92.98755	328.91046	-52.171974	-0.11689873	3.8902109	91.7322	-14.160652	15.064069	68.918686	20033.73234272003
183	4181.788	1280.6652	4933.2266	1223.3058	3953.3442	168.47737	4204.825	3742.7234	3953.3442	168.47737	4204.825	3742.7234	4181.788	1280.6652	4933.2266	1223.3058	1000.0	926.5	731999	199.92941	93.50537	325.12463	-60.671844	199.93073	93.50228	327.5689	-101.2789	-0.117834255	3.9005754	86.62731	-17.077812	11.83272	69.83002	20148.420097351074
184	3800.8574	1743.9417	5104.082	341.79453	4218.847	66.33216	4324.3213	4160.43	4218.847	66.33216	4324.3213	4160.43	3800.8574	1743.9417	5104.082	341.79453	1000.0	777.8	735999	200.26758	93.850845	331.36603	-75.32518	200.26804	93.8477	334.99823	-89.588234	0.0024168394	3.8870187	65.06294	-14.034214	7.9332256	73.1481	20260.822090387344
185	3760.8267	1481.085	4812.653	222.23538	2036.0118	1348.561	3918.9011	245.39243	2036.0118	1348.561	3918.9011	245.39243	3760.8267	1481.085	4812.653	222.23538	632.6667	814.3	739999	201.7985	94.41637	330.2093	-124.78124	201.79892	94.40782	330.486	-88.170944	0.057981025	3.9362323	163.035	-15.514159	0.4358407	68.245445	20372.35766839981
186	4946.724	131.87712	5080.7866	4638.007	3550.9946	1560.0355	4492.7627	437.9432	3550.9946	1560.0355	4492.7627	437.9432	4946.724	131.87712	5080.7866	4638.007	823.6	1000.0	743999	203.01814	95.01086	337.3584	-96.102325	203.01968	95.005516	336.03735	-96.46487	0.026649619	3.8699124	77.11175	-15.66153	8.755283	72.211525	20486.572690486908
187	4538.919	985.2692	5027.0977	1605.8265	4186.921	182.17682	4344.573	3881.2954	4186.921	182.17682	4344.573	3881.2954	4538.919	985.2692	5027.0977	1605.8265	1000.0	933.9	747999	203.771	95.43701	330.36606	-75.447815	203.77177	95.43107	332.29504	-111.8777	0.07824491	3.8743668	110.394905	-17.33406	13.961102	74.13484	20599.116676092148
188	4089.5718	1181.9878	4885.796	744.2301	4012.939	598.2811	4426.6494	2980.4902	4012.939	598.2811	4426.6494	2980.4902	4089.5718	1181.9878	4885.796	744.2301	1000.0	918.7	751999	204.61131	95.43591	331.07925	-69.128235	204.61269	95.429756	330.4728	-58.245754	0.09093285	3.8898423	153.46394	-14.05534	17.969547	74.051735	20704.83305835724
189	3994.0105	918.6414	4685.901	2194.0823	3214.456	1079.8745	4286.3745	1530.2379	3214.456	1079.8745	4286.3745	1530.2379	3994.0105	918.6414	4685.901	2194.0823	773.6	881.9	755999	205.7563	95.83568	334.16867	-53.438354	205.75877	95.83013	331.03467	-78.63603	0.070243895	3.8844664	82.85831	-13.315866	17.479757	76.798515	20808.673764944077
190	4165.8447	1213.4473	4841.408	552.7016	3613.7417	1317.3812	4532.306	995.65393	3613.7417	1317.3812	4532.306	995.65393	4165.8447	1213.4473	4841.408	552.7016	853.4	912.7	759999	207.08466	96.21936	336.07922	-99.2941	207.0853	96.20671	335.67722	-71.20378	0.10223379	3.9354758	88.69669	-14.029413	16.735765	76.6693	20910.93582010269
191	4353.014	649.0164	4860.0903	2462.5422	2987.5437	1513.3601	4269.2837	120.39565	2987.5437	1513.3601	4269.2837	120.39565	4353.014	649.0164	4860.0903	2462.5422	710.5	954.0	763999	207.83908	96.74804	335.83246	-67.976395	207.83946	96.75028	337.72104	-73.34699	0.118404	3.9302287	83.5592	-15.171494	20.720266	79.02567	21014.196265935898
192	4511.749	879.8694	4985.9663	1913.5808	4138.816	441.4931	4578.2085	3434.8345	4138.816	441.4931	4578.2085	3434.8345	4511.749	879.8694	4985.9663	1913.5808	961.25	1000.0	767999	208.20921	96.69834	335.29218	-80.57368	208.20978	96.6958	336.96384	-51.29082	0.11849005	3.9750907	86.25151	-14.878033	20.952278	76.96925	21118.94751882553
193	4010.1797	150.67459	4193.684	3739.917	3846.8477	838.10156	4372.4253	2175.2986	3846.8477	838.10156	4372.4253	2175.2986	4010.1797	150.67459	4193.684	3739.917	907.2	1000.0	771999	208.5666	96.82233	337.3559	-69.33721	208.56738	96.81923	336.1206	-86.87026	0.11305468	3.8848312	94.96295	-14.978903	24.718016	78.807205	21222.10829281807
194	3754.7551	1584.4637	4750.042	103.83082	2440.4456	1823.7122	4277.832	580.44336	2440.4456	1823.7122	4277.832	580.44336	3754.7551	1584.4637	4750.042	103.83082	790.0	882.2	775999	209.43428	97.01659	339.33218	-58.129345	209.43411	97.00767	336.89844	-69.647934	0.12813348	3.8926954	67.14156	-14.026491	27.89191	73.70428	21324.75061917305
195	4138.871	1461.5586	5353.6587	827.2452	3084.6042	1539.1802	4359.522	90.36339	3084.6042	1539.1802	4359.522	90.36339	4138.871	1461.5586	5353.6587	827.2452	806.1667	912.8	779999	209.65268	97.338455	339.77295	-72.28341	209.65422	97.33872	343.72885	-71.58026	0.13620327	3.9055223	81.58744	-13.792879	32.76433	82.836655	21426.047012090683
196	4654.5557	110.4741	4825.0503	4429.202	3288.7642	921.7237	4238.4585	2170.8499	3288.7642	921.7237	4238.4585	2170.8499	4654.5557	110.4741	4825.0503	4429.202	794.0	1000.0	783999	209.8935	97.11574	335.46896	-70.62104	209.8958	97.104645	338.19702	-55.553112	0.0968798	3.892252	58.574894	-15.250225	36.389824	81.02624	21529.46716403961
197	3389.3196	1437.9009	5105.223	744.95435	4205.859	123.78626	4343.03	4063.7842	4205.859	123.78626	4343.03	4063.7842	3389.3196	1437.9009	5105.223	744.95435	1000.0	757.3	787999	209.64084	97.11963	336.2335	-68.1447	209.6408	97.11373	336.8226	-66.28107	0.17345975	3.88712	75.473564	-16.877901	28.876095	78.458405	21626.813757658005
198	4647.87	176.36041	5046.467	4413.427	2724.0579	1831.5	4350.4385	6.934725	2724.0579	1831.5	4350.4385	6.934725	4647.87	176.36041	5046.467	4413.427	653.5714	1000.0	791999	210.13916	97.23802	335.3008	-87.44032	210.14027	97.22943	336.30435	-78.2037	0.21022794	3.9655244	99.427704	-12.951796	29.821457	78.38381	21731.227190494537
199	4723.966	147.81567	4994.157	4545.9766	2892.1658	1325.5217	4369.2246	1368.3444	2892.1658	1325.5217	4369.2246	1368.3444	4723.966	147.81567	4994.157	4545.9766	697.0	1000.0	795999	211.2157	97.377396	340.5163	-98.78998	211.21608	97.37394	339.22623	-59.251442	0.24015787	3.9963279	134.80759	-17.534388	27.684652	81.970314	21839.39244222641
200	4021.1172	1530.6222	5055.4956	192.84665	4216.8774	150.51103	4402.9854	4055.9202	4216.8774	150.51103	4402.9854	4055.9202	4021.1172	1530.6222	5055.4956	192.84665	1000.0	847.1	799999	212.20518	97.77338	341.0867	-70.07072	212.20557	97.775185	344.05975	-92.11822	0.23836814	3.9569697	135.70749	-13.79465	25.014383	77.78501	21950.085728406906
