Epoch	AverageTestEnv0Ret	StdTestEnv0Ret	MaxTestEnv0Ret	MinTestEnv0Ret	AverageEnv0Ret	StdEnv0Ret	MaxEnv0Ret	MinEnv0Ret	AverageTestEnv1Ret	StdTestEnv1Ret	MaxTestEnv1Ret	MinTestEnv1Ret	AverageEnv1Ret	StdEnv1Ret	MaxEnv1Ret	MinEnv1Ret	AverageEpRet	StdEpRet	MaxEpRet	MinEpRet	AverageTestEpRet	StdTestEpRet	MaxTestEpRet	MinTestEpRet	EpLen	TestEpLen	TotalEnvInteracts	AverageQ1Vals	StdQ1Vals	MaxQ1Vals	MinQ1Vals	AverageQ2Vals	StdQ2Vals	MaxQ2Vals	MinQ2Vals	AverageLogPi	StdLogPi	MaxLogPi	MinLogPi	LossPi	LossQ	Time
1	106.163345	37.072796	158.07419	51.5953	-337.30072	32.314335	-290.04224	-370.2246	-118.15611	10.736668	-106.129135	-132.78532	-185.11957	44.417595	-117.76216	-242.40602	-522.4203	50.785282	-476.86407	-606.32623	-11.992776	40.463642	32.811012	-80.596466	1000.0	1000.0	3999	9.788154	5.507643	32.60712	-0.041230783	9.787892	5.5092263	33.137264	0.08347151	-8.245101	1.985065	12.782803	-17.174852	9.050851	1.1122966	75.81088495254517
2	-654.10626	66.20913	-578.153	-804.1716	-349.27957	41.70281	-298.21606	-414.4594	-128.82549	159.1034	181.07278	-263.25726	-157.41423	26.16665	-130.66362	-194.79512	-506.69382	24.967796	-478.1442	-545.12305	-782.93176	139.006	-507.66415	-932.81537	1000.0	1000.0	7999	35.297894	10.376823	73.43937	10.139088	35.29695	10.38067	73.141014	10.265325	-3.9983978	3.9082997	27.195307	-20.27737	29.23741	4.2189784	169.5113492012024
3	307.69412	88.89981	498.01114	200.32466	-527.5694	224.4226	-259.1233	-793.96027	-66.622025	26.751673	-21.94543	-114.33362	-213.24768	34.996338	-175.98299	-251.78336	-740.81714	222.62428	-503.55145	-974.7565	241.07211	97.91096	432.56168	85.99104	1000.0	1000.0	11999	66.01983	8.691831	99.89599	38.937965	66.01907	8.69715	103.13845	38.874725	-3.5080783	4.451673	28.366411	-18.98279	52.350548	7.1315155	267.7037887573242
4	591.346	31.860344	622.98505	523.51324	-524.6635	59.072983	-453.13354	-616.36414	8.714657	34.45127	65.328995	-62.407616	-165.70364	36.328224	-115.68537	-213.76208	-690.3672	47.448635	-640.9758	-767.7899	600.0607	53.292362	669.75055	484.76892	1000.0	1000.0	15999	74.44184	5.8797336	105.835945	55.397766	74.44215	5.8838863	102.43135	56.896633	-7.4568324	2.510769	14.975414	-19.611534	57.443672	6.1973567	368.34019351005554
5	774.60974	116.79675	906.5111	546.11487	-405.76624	40.051956	-361.42743	-470.01596	-55.681282	14.385092	-36.798195	-83.315445	-159.82765	46.31308	-126.3488	-238.80232	-565.5939	35.006382	-515.3366	-600.22974	718.9284	118.25204	864.8952	482.66077	1000.0	1000.0	19999	72.96302	7.3543606	103.908585	53.181637	72.963	7.358835	103.928116	52.332886	-8.28985	1.834613	8.206556	-17.254915	56.526455	5.108684	478.33334279060364
6	904.0275	22.15358	930.6089	861.338	-322.6344	41.413944	-251.63023	-355.17874	-4.910376	10.950861	8.61639	-26.0203	-166.87918	47.557285	-111.35005	-225.11856	-489.51358	35.277805	-450.03986	-546.3944	899.1172	31.95926	931.893	835.31775	1000.0	1000.0	23999	72.02169	7.53975	104.20609	51.261463	72.02158	7.543351	103.959915	51.02147	-8.545788	1.5649794	5.0856705	-17.43797	55.80314	4.410746	597.2234783172607
7	873.8198	5.0829277	882.3794	866.5615	-241.64552	37.204674	-178.79079	-275.82004	-19.334461	2.4993339	-15.39418	-22.521378	-166.69873	25.280678	-131.57358	-191.8602	-408.34424	57.0366	-310.36435	-449.6976	854.48535	5.9757895	864.03467	845.12787	1000.0	1000.0	27999	71.86359	7.2361693	104.49791	51.589607	71.86365	7.238631	105.5368	52.05524	-8.628151	1.438514	10.329723	-20.062836	55.858906	3.9597108	712.5054466724396
8	865.97577	19.506758	904.29004	833.6672	-155.55429	12.422684	-141.11586	-175.0811	-3.637019	3.2066083	1.1842936	-8.927787	-172.54524	30.849617	-140.35696	-222.39467	-328.09955	27.980087	-296.77487	-372.7046	862.33875	20.534546	901.4631	832.6771	1000.0	1000.0	31999	73.25743	6.4842	105.35874	50.08975	73.2577	6.4867134	106.015076	50.45002	-8.600103	1.4181035	5.67581	-17.576553	56.79656	3.9001565	827.902215719223
9	830.41534	5.025018	841.74646	822.62024	-104.36333	35.984318	-57.886223	-156.2206	-13.588701	2.4094203	-10.137818	-17.912104	-101.97394	49.598152	-34.75145	-172.60672	-206.33725	46.67898	-148.9888	-269.2612	816.8266	6.556589	831.60864	807.6096	1000.0	1000.0	35999	75.58243	5.859832	107.73842	48.746056	75.58241	5.8647766	107.48199	48.656326	-8.554945	1.4078599	9.79043	-17.994476	57.610874	3.917398	943.8681499958038
10	886.61633	20.223495	929.5337	870.67426	-68.96337	22.75747	-34.72571	-97.15384	-19.139353	4.240061	-15.243653	-27.525406	-101.054115	22.118248	-62.76152	-114.482216	-170.01749	43.524727	-97.48723	-211.63606	867.4769	16.273851	902.367	854.28094	1000.0	1000.0	39999	78.69137	5.4631505	107.82854	49.391693	78.691154	5.4678087	109.4194	49.520515	-8.437898	1.4529207	4.4610357	-19.09723	59.094746	3.8523471	1059.24928855896
11	829.2757	32.06368	876.1634	777.63434	-42.768433	22.555687	-11.303748	-68.8059	-5.687354	4.079541	1.4239032	-12.621664	-78.668564	42.290962	-31.013865	-146.98012	-121.437004	23.602451	-99.81977	-158.28387	823.58826	33.577366	871.7225	769.8632	1000.0	1000.0	43999	82.08132	5.188241	109.42211	50.831936	82.081314	5.190587	108.52234	51.25018	-8.370821	1.4655651	5.283988	-18.046188	59.62598	3.8183398	1171.0283443927765
12	853.1908	25.269377	889.851	811.1975	-20.639425	38.44868	25.445158	-80.69097	-10.55709	8.135543	2.0096989	-21.196676	-121.26858	18.785	-89.72055	-138.9802	-141.908	42.27174	-96.83092	-207.03352	842.63367	33.03332	889.289	790.1991	1000.0	1000.0	47999	85.52282	5.068647	109.64413	48.89822	85.52258	5.0728593	109.062065	50.58721	-8.288148	1.5025901	6.041506	-17.68654	61.32354	4.138793	1284.871891260147
13	875.99524	18.137259	888.9723	825.8644	18.271181	38.1539	83.66649	-8.548913	-21.814426	7.3187475	-3.210522	-30.528751	-120.00025	22.495056	-83.87638	-145.58221	-101.72907	39.801414	-43.74639	-153.04042	854.18085	13.692242	868.69354	822.6539	1000.0	1000.0	51999	88.99227	4.9886827	111.66763	48.700134	88.99213	4.9924273	111.333755	51.508606	-8.231301	1.5291325	10.632822	-17.811047	63.554375	4.1127777	1405.9830980300903
14	824.41327	29.687452	865.73584	776.2306	64.369286	16.805405	90.74658	45.494923	-12.704717	5.379871	-3.9878964	-20.102497	-134.06189	38.009647	-70.184105	-170.29343	-69.69261	32.846497	-14.543028	-101.03377	811.7086	25.03092	846.8527	767.8342	1000.0	1000.0	55999	92.3879	4.991425	114.157616	52.315468	92.38781	4.9966483	115.334274	52.73134	-8.176382	1.5602989	7.577549	-21.17694	65.52932	4.1465144	1525.064052581787
15	767.5233	49.824657	842.4008	704.6876	51.035503	54.942993	117.21049	-35.05882	-51.693073	38.840748	16.687284	-80.095436	-115.57589	21.729645	-85.363335	-140.91595	-64.540375	62.298775	31.847158	-140.38393	715.8302	86.70776	853.33875	627.4827	1000.0	1000.0	59999	95.79332	5.0154743	118.434784	52.815384	95.79324	5.0185122	120.39568	56.223217	-8.170918	1.5648865	7.980508	-18.308907	69.305046	4.131702	1641.1256701946259
16	842.0451	27.073109	866.606	790.8261	49.449795	50.61015	113.925606	-27.05873	-52.737457	24.514513	-6.29263	-78.719765	-147.92508	19.767838	-129.3911	-180.13438	-98.47527	49.35438	-20.505432	-156.44983	789.3077	17.226265	804.59644	740.8612	1000.0	1000.0	63999	99.04129	5.0815077	121.38228	59.281227	99.04115	5.0857043	121.34082	58.161907	-8.139957	1.5966462	13.448079	-18.59245	70.623764	4.138208	1757.8149230480194
17	825.16943	88.377815	902.956	683.2543	61.88306	14.747217	82.0938	40.474163	-84.496506	19.581062	-52.683647	-114.4391	-117.14523	22.714205	-82.196236	-143.31868	-55.26218	23.343502	-20.807016	-79.74362	740.673	106.9793	850.27234	568.8152	1000.0	1000.0	67999	102.09563	5.216113	129.40585	61.5985	102.0956	5.2211165	129.78424	60.255997	-8.123455	1.5992806	9.221092	-19.671993	71.18279	4.1164064	1874.506963968277
18	882.6616	12.623068	909.7181	868.836	56.32482	67.2438	129.22952	-41.526558	-95.11615	37.53976	-0.99272054	-117.28296	-126.23982	20.351505	-96.29412	-146.41573	-69.915	73.33742	10.4579	-187.94228	787.5455	44.69632	882.7247	751.55304	1000.0	1000.0	71999	104.83799	5.5959654	130.86324	62.978516	104.83806	5.5987606	129.73148	63.57466	-8.1319475	1.5824698	10.476276	-17.69342	72.35933	4.1668143	1992.6213240623474
19	872.7287	17.889196	904.4505	842.1188	52.074932	82.10383	134.76242	-70.778145	-28.059454	26.621546	-0.49998495	-87.18825	-119.108406	7.040714	-112.732735	-131.0251	-67.03347	80.22764	22.029678	-186.74301	844.6693	13.009331	863.15063	817.26227	1000.0	1000.0	75999	107.36839	6.010655	133.06725	64.528305	107.36844	6.013479	134.374	64.09233	-8.111053	1.6080949	11.633298	-17.30185	76.775826	4.322525	2112.5026931762695
20	916.43835	16.762598	964.1478	899.84503	33.634323	48.575054	89.97634	-28.4321	-62.6409	26.672407	15.207289	-82.01155	-108.41146	11.493342	-90.04721	-119.318184	-74.77713	58.841908	-0.0708716	-145.28284	853.7975	42.410854	979.35516	829.14685	1000.0	1000.0	79999	109.58285	6.4300876	136.5191	67.92881	109.58299	6.432666	134.27048	67.47975	-8.09144	1.6200323	24.921124	-20.23643	76.248184	4.428868	2230.7004585266113
21	937.3944	62.480873	1034.7764	788.337	68.507675	29.47864	92.09854	18.8248	-4.9375362	18.126959	14.37039	-46.670166	-111.11899	7.645595	-100.91012	-122.313065	-42.611313	32.522083	-8.811573	-93.18122	932.45685	71.885605	1017.13257	765.3693	1000.0	1000.0	83999	111.71418	6.943636	137.08624	68.116745	111.71425	6.945898	138.04643	67.586044	-8.034288	1.6729896	14.843302	-19.38802	75.97492	4.5650887	2350.5148124694824
22	921.933	31.566246	1011.5702	894.5642	62.602432	64.64731	113.34521	-47.845833	-87.00053	32.449173	5.0724893	-109.76937	-103.95246	28.85674	-54.143223	-123.562874	-41.35003	75.73877	29.337658	-169.05788	834.93243	61.676483	1016.6427	799.88635	1000.0	1000.0	87999	113.58634	7.471084	137.7339	68.30816	113.58648	7.473007	137.05817	67.75254	-8.042569	1.6600729	19.081326	-19.203623	77.970055	4.5476913	2473.4503502845764
23	854.96893	33.47917	888.28815	767.86	103.41217	58.884197	176.89206	16.337593	-104.02287	21.492233	-40.155247	-114.93013	-106.14924	24.987349	-65.74952	-133.33522	-2.73707	67.64245	59.722694	-116.99763	750.94617	18.186348	780.61884	723.9564	1000.0	1000.0	91999	115.3487	7.9835043	139.33165	68.95162	115.34876	7.985451	138.83345	68.43361	-8.022109	1.6716098	12.581717	-17.47863	81.71375	4.5580597	2606.7629721164703
24	835.5475	79.98983	1001.8841	754.1071	133.4451	49.161552	183.09561	51.67871	-77.8041	39.77822	-6.492343	-119.001915	-99.07946	13.42458	-85.58754	-114.60993	34.365627	59.796467	97.50807	-62.931225	757.7433	108.31618	995.3918	664.84326	1000.0	1000.0	95999	117.07482	8.4897175	140.11044	68.159096	117.07498	8.491186	144.92923	69.54784	-7.98308	1.6939971	13.202725	-19.43042	83.76911	4.5551476	2742.619597673416
25	901.7197	33.452503	953.57153	833.6776	136.24123	20.580072	167.8224	114.08982	-3.2931252	11.460925	20.931532	-17.980091	-102.75571	25.929865	-71.03367	-142.9914	33.485527	33.87716	73.06466	-20.455093	898.4266	27.551064	938.9888	854.60913	1000.0	1000.0	99999	118.42476	9.104314	139.8623	66.891235	118.42481	9.106201	140.29033	67.9771	-7.9808974	1.6916584	19.426174	-20.241283	84.713	4.7545447	2878.2143597602844
26	736.45447	125.36889	915.2649	559.9289	113.79579	15.266892	139.8709	101.21784	-32.69567	16.896227	-1.4114386	-50.358093	-105.08615	13.693313	-92.24875	-126.96191	8.709637	26.49877	47.622143	-25.744062	703.7588	126.828835	911.66705	523.8107	1000.0	1000.0	103999	119.77165	9.676971	141.37221	68.39233	119.77163	9.678174	142.64096	68.5222	-7.934811	1.7004817	18.06208	-19.729914	84.55345	4.757842	3013.6506054401398
27	726.036	15.122659	756.86145	695.87115	122.59799	30.043968	156.8533	74.82603	-68.72475	15.016626	-37.70415	-87.24563	-102.54906	26.908203	-57.886322	-128.19592	20.048939	54.51264	98.96698	-53.3699	657.3112	14.939944	688.4287	635.0072	1000.0	1000.0	107999	121.06887	10.257208	142.14388	67.23098	121.06891	10.257232	143.03696	69.0578	-7.948438	1.6778325	11.588131	-20.896717	84.59433	4.9069567	3138.9326689243317
28	659.53357	90.59974	811.32855	548.0922	152.69217	30.582977	202.25224	123.09411	5.545802	8.745776	15.644245	-9.450008	-83.92603	12.495709	-66.16175	-101.377075	68.76612	19.557076	100.875175	49.872227	665.07935	96.93327	822.8661	545.2446	1000.0	1000.0	111999	122.3168	10.649974	147.77301	69.429726	122.31709	10.65078	143.81291	67.64802	-7.952371	1.6795862	10.916111	-20.045988	87.77289	4.824891	3261.327924013138
29	738.49207	67.19351	814.7863	603.5283	167.54427	26.884424	213.7996	147.07121	-10.03268	8.601713	4.1191816	-25.211689	-94.0933	14.2180395	-76.264854	-113.82868	73.450966	16.566912	99.97093	54.353283	728.45935	67.829	800.8221	600.63635	1000.0	1000.0	115999	123.48095	11.079191	145.89435	66.31487	123.48112	11.08059	147.07474	66.76745	-7.937598	1.6899815	19.134905	-19.431736	88.99492	4.7790365	3384.139484643936
30	786.67194	78.267296	939.25903	669.30206	182.95496	29.946112	218.27202	145.48293	-5.7154136	8.818705	8.533858	-22.224566	-106.46686	10.665511	-90.77784	-119.841705	76.4881	25.68089	114.34286	51.11153	780.9565	81.24247	941.55396	647.0775	1000.0	1000.0	119999	124.71253	11.235607	147.46703	67.897606	124.71263	11.236209	146.74829	68.59399	-7.9328775	1.6977595	23.680986	-18.571945	88.36532	4.700408	3507.8752176761627
31	847.65216	30.410067	887.779	771.76764	153.36426	39.46826	205.57164	97.96038	-4.560567	4.8053813	2.6350868	-14.313417	-84.00045	13.540154	-61.807026	-96.8767	69.3638	42.76865	108.69494	5.326906	843.0915	31.797022	881.6981	763.2924	1000.0	1000.0	123999	125.82029	11.468988	151.0992	67.42367	125.8205	11.471504	148.38554	67.0075	-7.960469	1.6721852	16.336632	-19.240479	91.40817	4.5981727	3631.5372042655945
32	801.51746	153.5182	1035.1129	624.24225	179.1178	6.7694683	188.09763	172.22043	2.0809233	9.222676	13.494709	-22.131739	-96.35652	9.688621	-84.1789	-109.70697	82.76127	15.670742	99.041756	63.2255	803.5983	157.26567	1043.0963	602.11053	1000.0	1000.0	127999	126.86434	11.736655	149.87132	65.5607	126.86439	11.738065	150.89418	66.572495	-7.9492846	1.6964592	26.202972	-19.17899	91.75359	4.67884	3766.6453490257263
33	878.96564	48.0372	1008.4028	833.2964	154.104	28.217587	194.24194	118.07408	-27.153988	16.3252	14.818668	-45.174126	-93.07684	9.8764925	-77.84607	-105.48371	61.02716	34.347637	116.39587	23.206867	851.8117	61.472828	1023.22144	788.12225	1000.0	1000.0	131999	128.00085	11.849694	151.20273	68.451256	128.00117	11.850017	152.79193	70.16685	-7.9216194	1.7139388	15.703379	-20.359589	92.556015	4.6205497	3902.3161764144897
34	835.03973	198.337	1016.55255	526.42834	185.88933	24.100582	220.99388	154.62053	4.292737	15.657356	24.22896	-17.661573	-100.32704	10.581581	-85.53084	-111.13157	85.56227	24.355951	109.86232	45.077984	839.3324	212.82278	1035.0431	517.0841	1000.0	1000.0	135999	129.12321	11.856856	151.23647	74.39576	129.123	11.859062	152.9	75.6641	-7.904548	1.716223	13.521811	-20.020164	89.00031	4.5099287	4034.8839025497437
35	909.5005	76.139694	1033.3091	793.7144	234.22852	50.4284	314.82715	175.76233	-10.189815	15.894241	16.955038	-29.893038	-95.22322	12.221603	-79.21476	-111.19756	139.0053	46.8578	213.0287	87.08022	899.31067	87.5348	1039.0498	784.714	1000.0	1000.0	139999	130.2186	11.875507	154.37515	71.98794	130.21884	11.877621	156.9007	68.922806	-7.915056	1.7116505	24.038448	-20.328238	88.30645	4.4967804	4168.888649225235
36	926.53156	87.571396	1026.678	774.08124	170.89825	26.296904	202.64658	132.74821	1.4093691	9.286861	12.340106	-12.740771	-99.30995	12.05877	-90.40006	-120.05134	71.588295	20.685297	93.60214	38.336075	927.94104	95.916275	1034.8325	766.5283	1000.0	1000.0	143999	131.24	12.013346	157.05717	74.95432	131.23993	12.015493	161.8704	72.19782	-7.8960032	1.733412	20.950233	-18.832792	89.26349	4.501442	4291.686714887619
37	825.9302	161.6934	1039.5586	577.0729	172.5902	30.433262	209.58533	132.4648	-12.372959	12.943624	8.513959	-33.420647	-109.53865	16.720867	-82.81925	-124.67599	63.051537	34.212948	101.61132	7.7888064	813.5573	163.93767	1035.3927	564.70325	1000.0	1000.0	147999	132.10127	12.112767	156.27844	77.19856	132.10127	12.113822	158.32979	74.81256	-7.9724474	1.6623249	16.17498	-18.49619	90.01786	4.4396963	4407.1645176410675
38	844.13086	115.03266	1073.0748	720.34406	174.99078	23.955555	200.39828	140.4021	-14.654431	26.02383	7.991368	-89.479324	-86.12869	5.8526382	-77.49361	-92.99342	88.86211	26.230413	122.90467	56.01095	829.47644	124.56606	1081.0662	703.5691	1000.0	1000.0	151999	132.59813	12.551796	158.77129	74.57866	132.5983	12.553569	158.77054	76.43089	-7.9629765	1.6417475	24.905373	-19.474762	87.6203	4.538004	4524.13018321991
39	913.36414	86.76923	1025.6548	741.8865	200.11156	29.144445	246.81139	166.47551	-1.2070322	17.354647	22.880377	-20.845861	-92.77298	12.739403	-77.93724	-112.7904	107.33858	28.392935	153.89536	80.842125	912.1571	99.96867	1048.5352	741.25006	1000.0	1000.0	155999	133.29817	12.663669	159.5541	75.51598	133.29814	12.665344	161.02052	73.17099	-7.927599	1.6641538	19.89862	-21.252752	87.57012	4.5248995	4638.773060798645
40	876.0339	60.773926	1050.5393	833.8473	183.88406	31.544971	219.5641	133.50377	0.80750525	9.149242	15.755703	-15.914155	-101.7931	11.601044	-82.68672	-113.68337	82.09096	41.868725	136.87738	19.820393	876.8413	62.692097	1056.2278	821.72754	1000.0	1000.0	159999	133.87514	12.789417	157.38496	73.82221	133.87502	12.791402	159.88968	73.51212	-7.9178615	1.6565752	18.431564	-19.531921	88.30718	4.5423827	4752.382715702057
41	889.34436	68.31824	1033.7281	757.8672	180.93791	78.32637	273.68448	56.699757	-3.4284625	8.833717	10.066846	-21.277401	-101.79911	15.886427	-85.104	-127.91368	79.13882	82.30649	188.58049	-41.88181	885.9159	73.82432	1043.7949	740.98566	1000.0	1000.0	163999	134.28935	13.134795	159.7151	67.972946	134.28943	13.136646	163.9732	69.589134	-7.9176483	1.6505848	19.651201	-19.926468	87.45489	4.586764	4866.57536482811
42	834.90643	50.159763	923.2445	760.2085	205.58372	35.903378	246.68893	147.89621	-17.204464	22.263693	6.6798563	-48.950397	-111.501495	12.66914	-101.149574	-132.52818	94.08223	27.683868	114.16076	46.746643	817.702	33.638794	887.47095	765.41455	1000.0	1000.0	167999	134.60516	13.558113	159.15155	73.99289	134.60538	13.55863	160.99768	73.217354	-7.9503613	1.6293145	27.342749	-20.042913	87.0068	4.590947	4983.242554426193
43	768.5602	156.85484	958.9823	561.5889	220.71971	27.047358	260.37296	192.0621	-6.6628013	13.005342	12.950973	-29.577019	-96.92991	9.117244	-88.1829	-111.874695	123.7898	21.164665	148.49828	95.63942	761.89734	168.95515	970.41364	532.0119	1000.0	1000.0	171999	135.08636	13.659008	159.34824	73.14612	135.08649	13.6602	161.70792	73.50889	-7.92476	1.6507521	20.13797	-21.560173	87.28508	4.4850235	5100.078939437866
44	886.99255	131.07236	1014.41595	641.573	201.647	44.380222	267.15564	146.33401	-3.7971509	21.85599	11.760258	-65.60662	-93.42024	11.802091	-74.333176	-106.41615	108.22677	52.47763	192.82246	51.51084	883.1955	149.50381	1021.7723	575.9664	1000.0	1000.0	175999	135.60326	13.77586	162.3734	74.69113	135.60342	13.777598	162.98143	73.742905	-7.9295206	1.6361955	20.27924	-20.89038	87.84848	4.42816	5218.436605930328
45	857.2288	90.877396	1028.1971	763.20703	217.62056	41.421947	270.78967	157.9732	-12.322059	17.93708	11.950917	-50.804165	-96.19308	9.786374	-84.47587	-107.59371	121.42748	48.450882	186.31381	50.379498	844.90686	106.509575	1040.1481	712.40283	1000.0	1000.0	179999	136.17506	13.70733	161.58176	74.43905	136.17491	13.708954	165.16228	74.59738	-7.9296126	1.6589272	24.065338	-17.769913	89.02044	4.434258	5333.995831251144
46	899.58386	84.97908	1035.5527	767.7905	209.3743	20.17968	239.03236	182.25099	-0.17421846	12.966059	20.83713	-18.070213	-114.526596	8.113789	-104.80802	-126.62084	94.8477	12.378674	112.411514	77.44296	899.40955	97.438835	1056.3898	751.6202	1000.0	1000.0	183999	136.78017	13.597909	166.3869	74.12453	136.78014	13.600437	163.27707	73.80783	-7.9022026	1.6661482	20.119835	-17.76992	87.16166	4.4674006	5453.250911235809
47	728.3802	116.80315	1013.86066	631.2659	220.26073	18.305618	249.5714	203.97577	-28.068829	19.142097	8.458713	-55.553448	-97.62194	15.182887	-72.70782	-111.59387	122.638794	23.522326	149.14047	92.3819	700.31134	131.96884	1022.31934	594.5584	1000.0	1000.0	187999	137.3218	13.509807	163.82626	74.83956	137.32198	13.511917	163.21661	72.92347	-7.9008894	1.688536	34.568336	-19.258121	90.190414	4.414876	5588.154243946075
48	793.4667	167.92934	1014.0304	420.5126	228.69443	20.572823	260.17	205.4296	-13.037323	13.330248	4.721018	-39.38475	-108.75884	9.876571	-95.78828	-123.50247	119.93558	14.779286	136.66754	96.33161	780.4293	176.81296	1016.9438	396.38892	1000.0	1000.0	191999	137.85973	13.481274	162.84042	71.26914	137.85936	13.48345	163.83757	74.68446	-7.9129567	1.6636735	19.881538	-19.079681	89.662636	4.3923903	5722.376223087311
49	850.08966	92.2168	999.35614	746.796	226.94795	12.557507	247.56964	213.8164	-2.2288365	10.013732	18.630095	-16.730133	-102.74719	11.052757	-88.218575	-118.87226	124.20076	8.910555	136.56879	114.72059	847.86084	99.80352	1017.9862	742.3513	1000.0	1000.0	195999	138.38765	13.445814	162.1928	71.65593	138.38779	13.4473095	163.92944	73.26814	-7.9181957	1.6534747	25.392754	-18.869282	88.61034	4.287598	5855.049941778183
50	1006.863	46.96283	1126.4025	940.43896	257.69073	38.183357	302.31335	200.92856	2.8850315	9.3937845	13.538769	-12.522114	-88.79295	23.698317	-51.587643	-117.26324	168.89777	25.280806	211.7508	149.34091	1009.74817	45.558872	1113.8804	932.80023	1000.0	1000.0	199999	138.79617	13.426547	164.04845	72.86146	138.79614	13.428462	167.1108	73.72578	-7.925685	1.6301728	22.967064	-18.542225	94.13086	4.23605	5988.377967596054
51	919.6932	76.98473	1035.6454	812.044	210.41687	17.060518	232.73343	191.68896	-3.6747723	14.3211	18.189442	-28.20158	-97.484955	0.3507933	-96.99589	-97.83051	112.93192	16.979664	134.92839	93.85846	916.01843	85.18044	1040.3252	805.0728	1000.0	1000.0	203999	139.17746	13.445753	166.84937	71.2531	139.17735	13.447522	165.82831	73.40717	-7.893433	1.6519592	30.831324	-18.268	94.497734	4.318626	6114.841873407364
52	878.78925	130.15913	1059.7415	656.67114	245.97672	25.49268	280.80673	211.36865	8.020233	8.437856	19.759235	-10.490154	-106.24264	10.758559	-89.77483	-117.974884	139.73409	33.2583	191.0319	98.124695	886.8094	137.00342	1070.7867	646.18097	1000.0	1000.0	207999	139.45131	13.526866	165.21848	71.51611	139.4516	13.528232	167.5404	70.238525	-7.8901825	1.6361978	33.95894	-23.058867	92.314224	4.366275	6237.833608150482
53	879.04364	77.83074	1005.53644	703.7696	241.01459	16.752602	264.79623	217.76416	3.460762	3.4902215	10.360569	-2.907471	-94.07081	9.556209	-78.009346	-102.00442	146.94379	21.449228	169.04277	117.24816	882.5044	81.113846	1015.89703	700.8621	1000.0	1000.0	211999	139.84407	13.541679	165.26935	70.30497	139.84395	13.543022	167.41983	70.5352	-7.92326	1.6074349	19.99958	-18.841244	92.565704	4.310709	6360.551893234253
54	878.9801	84.50862	1050.1252	746.3274	275.6841	41.04865	345.1181	238.70206	3.8135784	8.037801	18.205948	-10.180918	-100.5892	12.743715	-87.72296	-118.69594	175.0949	47.561527	257.39514	144.2729	882.7936	90.4077	1059.2198	736.1465	1000.0	1000.0	215999	140.21635	13.537907	166.97322	71.912476	140.2163	13.539604	169.2539	72.32723	-7.906837	1.6058129	18.448084	-19.080322	89.80311	4.2008934	6483.721808671951
55	843.8839	141.4511	1036.5073	618.19324	252.22214	38.284927	292.99997	190.57605	2.717584	7.078024	11.763357	-13.907931	-102.90132	17.063473	-73.54048	-115.53408	149.32083	44.808693	198.65854	80.55335	846.60156	147.1944	1044.9011	604.2853	1000.0	1000.0	219999	140.53903	13.479394	168.06648	70.1253	140.53926	13.480107	166.12233	70.38117	-7.908509	1.6135688	19.302624	-19.44846	90.560875	4.1366568	6605.075661182404
56	987.70575	2.1065238	990.3374	983.75	256.867	49.488888	310.23346	183.94221	-0.643666	0.56336373	0.2877774	-1.65326	-110.32834	10.574001	-98.61397	-126.23549	146.53867	41.590588	183.99796	80.618645	987.06213	2.0182712	989.3629	982.9611	1000.0	1000.0	223999	140.94615	13.389851	168.95262	71.27919	140.94606	13.390875	166.42192	71.25995	-7.964223	1.5857847	23.74509	-18.947723	90.58058	4.2741876	6719.8042278289795
57	1000.0326	2.203732	1003.5987	996.0031	244.70535	64.28649	355.19	196.5209	-1.2194083	0.48851666	-0.62482107	-2.056172	-174.99759	22.056114	-149.69429	-210.38266	69.70775	68.35451	184.06964	8.729463	998.8132	2.4180486	1002.5789	994.24005	1000.0	1000.0	227999	139.36559	15.26342	165.34465	55.67412	139.36601	15.264074	166.85347	56.864555	-8.296474	1.1573113	2.6678867	-19.69673	90.594955	4.7044063	6831.9184012413025
58	994.40137	2.6871667	997.1996	989.73413	237.32635	55.48899	297.69473	149.57518	-1.3848549	0.5053097	-0.6867689	-2.2197921	-220.53055	51.039303	-170.41443	-304.75653	16.795807	74.68852	97.87461	-71.01004	993.0164	2.6677234	995.52856	988.2182	1000.0	1000.0	231999	137.04855	17.679384	162.61859	52.428513	137.04865	17.680016	165.39975	53.469406	-8.23126	1.1832027	-5.5806923	-19.01514	83.72392	5.277907	6945.828057050705
59	994.0993	2.7133667	998.8989	991.1126	241.98973	17.129593	268.9224	222.18147	-1.0387864	0.36102557	-0.19439283	-1.6317563	-213.24153	24.544361	-172.42581	-235.42744	28.748186	27.744741	69.911835	-6.6211605	993.06055	2.6271741	997.7151	989.9384	1000.0	1000.0	235999	135.10938	19.4284	162.76216	45.424488	135.10973	19.427156	164.7904	47.040432	-8.213066	1.1923944	-5.6244035	-18.46318	86.84474	5.5734825	7057.845527887344
60	994.7875	2.6305358	999.104	991.71954	232.35031	32.4403	278.97778	196.41763	-2.3005335	0.32185006	-1.766399	-2.7205842	-157.03079	46.658638	-99.90866	-213.88075	75.319534	66.517006	179.0691	-5.411905	992.48694	2.7888134	997.0585	988.99896	1000.0	1000.0	239999	133.14171	21.040115	166.50987	37.059845	133.14172	21.040977	167.12772	40.881596	-8.194735	1.1940993	12.774315	-19.197702	84.55412	5.9449577	7170.142085790634
61	995.318	1.3380421	997.03217	993.1464	233.27393	36.42698	282.69943	181.04642	-1.9016575	0.32484654	-1.1711046	-2.2208524	-197.16078	29.56791	-154.68567	-238.1454	36.11313	59.39353	88.14954	-57.09899	993.4164	1.4680203	995.36316	991.0984	1000.0	1000.0	243999	131.40852	22.135246	165.42494	34.871708	131.40855	22.135504	165.2231	38.73522	-8.198331	1.1914918	-5.6501303	-19.368841	81.68233	6.1391487	7291.983286380768
62	992.6286	3.1845303	999.0782	987.01715	269.62296	11.832774	286.81992	253.95119	-1.8279823	0.54887587	-0.9570964	-2.775696	-198.61635	30.402586	-178.64037	-251.2056	71.00661	39.908066	103.88295	2.7455902	990.8006	3.6359868	998.0868	984.63043	1000.0	1000.0	247999	129.92711	22.89424	163.48433	36.02368	129.92712	22.895052	165.3881	36.90649	-8.180585	1.2014236	0.34332848	-18.479774	79.60009	6.158666	7426.128378152847
63	996.83093	2.4600973	999.9148	991.71893	293.05396	40.23623	354.6621	247.22815	-3.6071537	0.5133163	-2.7769637	-4.4683642	-170.28284	35.732212	-128.36267	-212.85468	122.77113	53.439766	171.89494	34.37348	993.2238	2.3288112	995.8295	988.94196	1000.0	1000.0	251999	128.88696	23.333006	159.92624	29.951002	128.88696	23.334589	161.70528	35.414375	-8.196008	1.1976537	-5.45719	-23.72776	77.210686	6.2693872	7558.502546072006
64	988.8937	2.629645	993.2765	985.97986	268.62085	20.54068	297.366	243.1188	-0.72891974	0.3206803	-0.21012239	-1.1686301	-166.74208	34.34533	-120.10906	-205.85774	101.87877	44.501484	149.06294	37.26107	988.16473	2.7651718	992.91235	984.8381	1000.0	1000.0	255999	127.99634	23.627258	163.35878	26.847124	127.99654	23.627703	164.75412	28.872334	-8.218372	1.1868651	-5.512583	-18.028847	78.28039	6.241765	7693.066549777985
65	993.13855	3.3695846	997.8951	987.1658	268.60254	43.51597	336.48868	227.53568	-2.053238	0.5867849	-1.2676349	-3.1139553	-173.09679	24.04229	-143.0094	-201.17174	95.50576	60.87952	193.4793	26.363924	991.0853	3.2856185	996.3303	985.89813	1000.0	1000.0	259999	127.20862	23.892279	164.88397	22.990128	127.20859	23.893896	165.89107	28.234133	-8.220095	1.1873196	-5.561381	-19.653545	78.539536	6.349083	7828.527706861496
66	998.0208	1.4916062	1000.5593	995.3623	268.26917	64.198814	358.39255	187.64099	-5.1539683	0.30406818	-4.652961	-5.6434913	-197.98456	35.754623	-143.2906	-242.3598	70.28461	54.431957	116.032745	-22.564922	992.8668	1.6695404	995.9064	990.24	1000.0	1000.0	263999	126.55376	24.143599	164.69463	30.236435	126.55357	24.146065	164.94727	28.519669	-8.19438	1.1924547	-5.490713	-18.42564	80.002914	6.3742003	7952.916970252991
67	991.56775	1.2604321	993.6789	989.1759	238.71344	25.70506	263.94684	195.82535	-1.9015211	0.43740112	-1.0165688	-2.602038	-177.92563	22.168737	-141.598	-200.12366	60.78781	39.011784	108.29252	5.660926	989.6663	1.5068066	991.94574	986.9876	1000.0	1000.0	267999	125.89639	24.442709	173.09026	30.28524	125.89653	24.444519	172.8198	32.837006	-8.218194	1.1856749	-5.401475	-19.513874	78.173065	6.4015903	8076.529224872589
68	988.53625	3.2638683	992.4492	982.87195	232.0799	29.944445	279.7493	200.63167	-2.7347622	0.52531785	-1.4795498	-3.502445	-130.76025	31.34852	-95.50629	-167.9599	101.319626	13.392668	111.7894	78.5061	985.80145	3.2035885	989.00476	979.5404	1000.0	1000.0	271999	125.51242	24.464172	163.6477	25.432787	125.51224	24.46609	166.26347	28.7507	-8.210416	1.1901009	-5.5065517	-20.268852	77.70983	6.3804135	8200.948849916458
69	993.1471	1.4394537	995.14746	991.0277	282.93658	56.418972	378.23895	240.78528	-3.2886703	0.31538677	-2.762236	-3.7942586	-220.44254	40.08884	-159.40387	-269.63547	62.494057	61.091267	141.56248	-28.450222	989.8583	1.5673054	991.8514	987.23346	1000.0	1000.0	275999	125.38978	24.219662	161.63475	31.28683	125.38976	24.221914	163.08987	30.262331	-8.211985	1.1907928	-5.58208	-18.772076	75.81426	6.3300824	8325.434414625168
70	988.3758	2.3330135	993.2832	984.75665	270.06982	56.93373	366.433	221.57475	-1.9504296	0.5308097	-1.185365	-2.8514757	-183.22813	42.908115	-141.37561	-253.36188	86.841705	91.35298	225.05742	-31.787125	986.4253	2.2279696	991.5179	983.5713	1000.0	1000.0	279999	125.49775	23.921282	162.04265	29.49518	125.49773	23.922634	165.09302	29.71197	-8.221936	1.1906936	-5.511945	-18.131004	76.08769	6.2397566	8451.661261796951
71	986.3732	2.5523465	989.9679	982.3027	263.80994	50.261463	327.23514	201.3947	-2.0902529	0.47127166	-1.2564406	-2.8849823	-200.46532	14.746875	-178.97923	-218.75938	63.344593	39.356686	108.47577	5.1840806	984.2829	2.465691	988.0332	981.0462	1000.0	1000.0	283999	125.2716	23.932953	161.71043	28.442204	125.27163	23.934214	161.13533	28.135664	-8.225848	1.1886809	-5.507141	-18.870066	74.287125	6.329785	8580.244048118591
72	990.4518	2.04041	993.0729	987.2317	261.1798	28.53833	302.0466	223.31946	-2.3099282	0.2786713	-1.7002156	-2.7859015	-121.017136	35.210938	-73.641304	-161.58165	140.16267	45.98095	177.38297	61.737812	988.1418	1.9549692	990.87286	984.9277	1000.0	1000.0	287999	125.02097	23.958355	168.39204	31.015585	125.02078	23.9606	167.08401	30.742302	-8.208973	1.1924231	-5.4672127	-19.210846	75.72797	6.4902334	8708.409079313278
73	990.4993	1.5513209	992.32605	987.14026	201.70682	23.11485	236.8585	171.95483	-2.1619608	0.42710748	-1.4219612	-3.0534725	-155.67873	30.811544	-123.61409	-206.00069	46.02809	41.066067	96.237175	-6.0490146	988.3373	1.4006765	989.8625	985.7183	1000.0	1000.0	291999	124.86812	23.959148	159.89693	28.282217	124.86798	23.961185	159.42673	25.301022	-8.218242	1.1875352	-5.380148	-19.86967	78.06553	6.490913	8835.88734126091
74	981.59485	2.1426692	984.2629	977.7139	232.7235	25.064764	253.34097	190.49417	-2.3018723	0.40609616	-1.7027277	-2.8476088	-163.77744	41.06492	-108.22724	-220.57498	68.94606	38.782494	129.34242	28.914198	979.29297	2.1888325	981.5207	975.5221	1000.0	1000.0	295999	124.86053	23.825043	161.33746	26.522308	124.86073	23.825665	158.46481	28.37304	-8.272755	1.1756893	-5.6225443	-17.82781	79.21455	6.5862947	8964.343743562698
75	984.62335	1.7458092	987.662	982.5055	213.56767	14.253636	230.09026	190.99524	-1.902118	0.29147336	-1.4806466	-2.4340777	-166.83722	46.078884	-92.78339	-214.26146	46.73046	53.258476	126.24373	-23.266228	982.7212	1.9030651	986.0968	980.2409	1000.0	1000.0	299999	125.04152	23.511356	164.1435	32.39875	125.04158	23.513052	159.32567	27.600733	-8.253934	1.1785594	-5.4967165	-20.235199	78.02517	6.316119	9086.972584486008
76	989.2245	2.1688426	992.67737	986.2024	210.72285	25.572845	245.92131	179.9483	-1.0961673	0.50927603	-0.65572333	-2.0272963	-171.15834	32.724014	-133.23703	-223.11333	39.5645	17.994202	60.7809	20.686678	988.1283	2.1929991	991.63184	985.0952	1000.0	1000.0	303999	125.22965	23.267803	157.40344	23.024984	125.22969	23.269184	157.82462	26.754622	-8.256511	1.1804168	-5.50336	-19.490398	77.548065	6.3875155	9209.299106836319
77	984.2542	2.5755684	989.7619	980.7372	274.5185	49.804844	354.51303	223.54385	-2.093125	0.37610686	-1.3741224	-2.6365738	-160.00192	67.9907	-77.48335	-253.20354	114.51658	91.51029	238.18031	22.671213	982.161	2.723657	987.6167	978.1006	1000.0	1000.0	307999	125.27038	23.182177	158.86057	24.097126	125.27048	23.183651	157.70587	22.751072	-8.232177	1.1883703	-5.3734183	-19.016441	74.97589	6.427421	9329.858756542206
78	983.2212	2.3314145	987.46075	979.1634	283.76865	44.201748	332.4619	213.5092	-4.0534277	0.4210123	-3.3902485	-4.7981153	-201.09477	40.535896	-135.3875	-246.29149	82.67389	71.33457	197.07442	1.1330156	979.16766	2.4440632	982.79315	974.36523	1000.0	1000.0	311999	125.19203	23.173079	167.0495	20.395298	125.19208	23.173998	167.24753	21.971508	-8.212625	1.1951095	-5.3192024	-18.125103	77.281685	6.380674	9452.08986544609
79	983.8584	2.354757	987.5747	979.63025	267.33215	7.029273	278.38367	259.03067	-2.1994946	0.34217158	-1.7822244	-2.6536798	-202.33284	19.483099	-168.73125	-216.45595	64.99933	16.004732	90.29941	48.315697	981.6589	2.4187155	985.64746	977.6922	1000.0	1000.0	315999	125.26999	23.186117	165.88788	15.535589	125.26964	23.188793	168.735	21.687958	-8.23056	1.1914691	-5.333853	-19.469566	76.31717	6.415847	9574.828800916672
80	996.9823	1.9746131	999.53125	993.2729	262.7695	47.758728	339.92862	222.20557	-5.047662	0.44871104	-4.4607778	-5.9721637	-150.26306	42.257065	-102.699524	-217.35948	112.50644	85.34612	237.22911	4.846087	991.93475	2.0101414	994.1482	988.14154	1000.0	1000.0	319999	125.58264	22.882078	167.21227	22.102907	125.58266	22.883547	168.69742	23.698845	-8.23214	1.1904622	-5.2435555	-19.702679	78.05992	6.291748	9702.761885881424
81	977.9249	2.4839303	982.9103	975.38153	224.63274	50.903477	307.1153	176.71925	-1.7533909	0.33189267	-1.0195591	-2.222457	-173.14539	58.64019	-116.3459	-267.13025	51.487354	82.19137	174.9677	-41.505417	976.1715	2.6219332	981.2309	973.29333	1000.0	1000.0	323999	125.72154	22.736464	165.8334	19.2297	125.72141	22.738554	168.75427	19.336721	-8.200393	1.1998025	-5.1524	-18.860327	77.593285	6.376176	9830.281371355057
82	980.81573	2.752002	984.88385	976.33636	253.97925	20.282333	288.1334	235.5717	-2.9902582	0.22416888	-2.6840303	-3.353566	-175.44386	9.541869	-164.72311	-186.29254	78.535385	16.112627	104.643234	62.656895	977.82556	2.742987	981.6842	973.4504	1000.0	1000.0	327999	125.99719	22.466263	167.11238	23.302185	125.99727	22.467424	164.27982	23.830687	-8.222649	1.1960574	-5.4780636	-20.581581	83.26705	6.297408	9959.161056756973
83	984.6942	2.923865	988.825	980.403	236.5462	38.36113	280.7968	191.33731	-3.0358136	0.48256373	-2.4624903	-4.1147194	-181.40967	53.83201	-124.53298	-265.92398	55.136543	52.076233	143.18346	14.872829	981.6583	2.8885722	985.9067	976.8845	1000.0	1000.0	331999	126.12315	22.2055	158.64476	25.335268	126.12323	22.207525	163.66304	20.816988	-8.244035	1.1840874	-5.4476814	-19.37331	81.16141	6.4616866	10088.187780618668
84	994.1206	3.4912033	1002.0935	990.0906	300.19855	33.079723	357.19687	277.39334	-2.7363946	0.5961748	-1.915156	-3.716846	-205.61539	26.353258	-176.91252	-232.54663	94.583176	53.31477	175.46722	46.120583	991.38416	3.4978268	999.2286	986.6511	1000.0	1000.0	335999	126.21111	22.062122	163.88963	18.59022	126.21097	22.064917	164.73062	22.279781	-8.211994	1.1966326	-5.464886	-18.574081	83.8142	6.3058395	10216.716002464294
85	996.1327	2.6091146	1000.58057	992.6172	199.92122	51.744827	252.65256	120.50935	-3.7823677	0.45713183	-2.7390225	-4.58071	-125.36129	24.920382	-91.86062	-154.65927	74.559944	27.785248	97.99328	28.648733	992.3503	2.5829327	996.87305	988.5963	1000.0	1000.0	339999	126.38926	21.924696	168.80756	20.041428	126.38924	21.925953	168.94896	22.988834	-8.252593	1.1811678	-5.458528	-19.713446	83.030655	6.324099	10348.75037074089
86	988.28876	3.0916097	993.95825	982.9937	230.07147	36.658577	290.50238	192.09084	-2.6479242	0.42417166	-1.8806899	-3.3075242	-222.06647	12.437567	-203.39758	-233.98909	8.004987	48.370533	87.10479	-40.606194	985.6408	3.0251973	991.0958	980.81274	1000.0	1000.0	343999	126.45177	21.869263	162.51768	24.77865	126.45195	21.870691	162.43709	23.651125	-8.238576	1.1877651	-5.453351	-19.033531	83.3476	6.4248137	10481.41637301445
87	994.6105	2.198832	999.182	990.6773	217.03197	24.489931	247.11693	182.77997	-2.7588692	0.529902	-1.6086773	-3.4607472	-223.1283	22.032116	-198.70328	-257.86346	-6.0963445	30.200222	22.609428	-51.238815	991.85156	2.3022234	996.76355	987.9396	1000.0	1000.0	347999	126.47236	21.782957	162.67978	20.257956	126.47235	21.784567	160.70157	21.232529	-8.280012	1.1759593	-5.5793304	-18.45429	87.52184	6.4691114	10614.406076192856
88	980.4769	2.5250432	984.86285	976.13116	235.95741	59.812828	325.46356	157.41476	-1.823704	0.5125252	-0.7830464	-2.393147	-120.99871	30.86579	-73.54779	-160.0184	114.958694	64.54155	199.50133	32.948338	978.6532	2.5749853	982.4943	974.57086	1000.0	1000.0	351999	126.49499	21.85875	161.08965	14.010311	126.49527	21.859735	163.04652	18.118492	-8.248265	1.1869091	-5.5245857	-19.826452	88.15813	6.461354	10748.539914131165
89	978.38916	2.1281676	981.94	974.4178	208.30328	46.039303	273.47885	143.44804	-1.7659323	0.47293127	-0.8114935	-2.3778965	-173.17462	56.09715	-106.195305	-240.40553	35.128677	77.7045	167.28354	-28.772268	976.6232	2.366375	980.4161	972.25433	1000.0	1000.0	355999	126.35597	21.897474	157.38837	20.509022	126.35587	21.899015	165.73688	19.443005	-8.2507515	1.183807	-5.5102077	-20.40569	89.20397	6.506742	10876.422583580017
90	986.86835	1.5636413	989.5364	984.35297	241.14047	39.912548	280.83627	178.58504	-3.1398315	0.410872	-2.3792014	-3.822179	-198.01398	34.07857	-164.35062	-241.02147	43.1265	42.94408	105.311714	-6.0839	983.7285	1.4658779	986.07904	981.4801	1000.0	1000.0	359999	126.37616	21.960533	161.30981	14.759552	126.37631	21.961065	163.6426	20.783167	-8.290616	1.168241	-5.493288	-17.947931	90.478065	6.592614	10997.702809095383
91	980.965	1.8941851	983.4601	978.4242	200.54597	33.32677	234.00261	152.0683	-2.362494	0.52367216	-1.4816186	-3.14727	-173.5036	25.275768	-143.33006	-209.46931	27.042376	20.559095	45.254276	-5.6026587	978.60254	1.919907	980.9659	975.65674	1000.0	1000.0	363999	126.44651	21.917864	170.23958	13.833548	126.44644	21.918898	165.29633	10.398573	-8.244022	1.1863245	-5.409796	-19.153599	88.84409	6.645046	11119.073296308517
92	987.4469	2.2087646	991.13446	982.7497	248.75375	16.0642	267.92685	226.72748	-2.3377519	0.5272537	-1.611881	-3.2858717	-196.07635	43.13657	-124.018845	-238.50311	52.67739	56.859673	143.908	-11.775633	985.1092	2.6046436	989.5225	980.00964	1000.0	1000.0	367999	126.60503	21.756166	166.73065	19.067389	126.6052	21.757015	165.97655	18.904137	-8.229857	1.1927391	-5.3495307	-19.460577	90.495995	6.5888324	11239.976972103119
93	981.5223	2.365556	983.86676	977.27203	227.60786	22.205063	249.05078	192.59834	-3.365953	0.49937105	-2.5384803	-4.3392434	-178.56294	50.295437	-126.49642	-250.02654	49.044918	66.46785	117.76307	-25.503693	978.1564	2.7227404	980.9786	972.9328	1000.0	1000.0	371999	126.63301	21.73425	163.57416	15.985035	126.63318	21.735235	160.29686	15.340445	-8.275518	1.1714804	-5.516042	-20.043222	88.61155	6.546204	11360.463587999344
94	994.3507	2.140702	997.10065	990.01337	239.7331	47.72865	305.99847	179.65887	-2.1577082	0.53849185	-1.237986	-3.0648637	-155.61926	51.014206	-79.576996	-214.80579	84.113846	93.19754	226.4215	-35.146908	992.1929	2.0871112	994.6726	988.16815	1000.0	1000.0	375999	126.85325	21.547983	161.09319	21.6753	126.85326	21.548916	166.32942	19.797806	-8.272736	1.1762145	-5.39587	-17.944746	90.17016	6.5210056	11486.124918699265
95	991.8207	2.282527	996.03973	987.9568	268.19702	27.849804	299.74747	223.30112	-3.062337	0.31917292	-2.4828238	-3.587738	-183.39476	30.385311	-138.108	-223.65144	84.802246	57.427414	161.63945	-0.35033214	988.7583	2.3027456	993.1334	984.99646	1000.0	1000.0	379999	126.86645	21.53336	160.87018	16.934406	126.86641	21.534273	162.41238	17.285442	-8.243561	1.1854305	-5.5711207	-19.148857	88.48787	6.6287413	11617.01979637146
96	993.83026	2.5632038	997.2376	990.3552	278.25604	44.335983	350.43512	238.90298	-0.8240646	0.40847027	-0.17184994	-1.4343772	-162.23692	49.610916	-109.23827	-219.4833	116.01915	90.32863	241.19685	19.419674	993.00616	2.7217867	996.845	989.176	1000.0	1000.0	383999	126.89342	21.341099	169.44054	18.625002	126.8935	21.343054	172.64966	16.085314	-8.237074	1.1882886	-5.2651167	-18.091713	89.92445	6.4899883	11746.139134645462
97	994.8631	1.2185738	996.74585	993.207	259.47806	21.103256	279.43237	227.70074	-3.6816769	0.42643732	-3.0138934	-4.487232	-170.59972	36.95864	-115.124275	-218.99034	88.87834	49.656334	164.30809	34.08001	991.18146	1.3715603	993.2518	989.2363	1000.0	1000.0	387999	126.95747	21.34679	161.1919	20.503195	126.9575	21.34707	159.14131	20.947313	-8.228541	1.1895036	-5.383687	-19.913467	90.193184	6.459909	11878.24545955658
98	989.4662	2.520257	994.7628	985.9265	229.78282	27.67755	268.81445	202.00319	-1.6516428	0.5053285	-0.9308878	-2.526581	-169.9028	37.956238	-125.14666	-212.57333	59.880016	65.15791	143.6678	-7.200901	987.81464	2.2354937	992.2362	984.5661	1000.0	1000.0	391999	127.19384	21.157833	163.99486	19.58392	127.19388	21.159164	168.0016	21.1029	-8.229742	1.1870682	-5.422476	-19.387594	89.43172	6.417839	12009.857291460037
99	995.80927	2.5686085	998.55646	991.4163	267.83234	70.13631	366.9619	171.82741	-3.2652504	0.46844977	-2.6910653	-4.2966895	-177.58273	55.09818	-123.745224	-258.32196	90.24962	85.386734	237.21089	25.666761	992.5441	2.4213455	995.58887	988.1058	1000.0	1000.0	395999	127.34921	20.968184	162.39342	20.715605	127.34931	20.969204	160.90598	11.819826	-8.187518	1.2065829	-5.459127	-21.402723	88.558815	6.503455	12139.981399536133
100	977.9593	3.483686	982.93854	971.8056	271.62354	68.32401	343.06955	158.97186	-4.59793	0.3385059	-4.12814	-5.1975207	-196.98683	42.48265	-149.49498	-242.37994	74.63669	92.31659	146.52599	-83.40808	973.3613	3.550991	978.41077	966.82666	1000.0	1000.0	399999	127.25555	20.983139	163.07635	21.372112	127.25564	20.98369	160.79887	17.008026	-8.198648	1.1958945	-5.4383154	-19.889713	87.96484	6.5329013	12270.242881298065
101	993.6542	2.018796	997.395	991.18414	266.91113	76.38939	359.2188	146.82433	-2.878614	0.34987956	-2.1155946	-3.5031085	-191.72461	36.221485	-136.77007	-236.39272	75.18651	110.99254	222.44873	-89.56839	990.7756	2.0740361	994.67426	988.05255	1000.0	1000.0	403999	127.26174	20.940308	163.6001	20.577448	127.26162	20.941105	158.77783	22.742464	-8.255695	1.180835	-5.4894047	-17.566841	87.39963	6.4732795	12400.366760969162
102	993.71906	2.918142	997.4208	987.6216	217.87363	49.74745	298.48492	163.47714	-3.201175	0.40016752	-2.6978426	-4.0861664	-145.69891	48.68992	-99.55282	-227.62862	72.1747	23.48919	98.196686	35.094864	990.51794	2.8348749	994.0814	984.73706	1000.0	1000.0	407999	127.31193	20.90674	162.08551	22.122505	127.31235	20.9069	162.36464	20.151463	-8.239139	1.1889871	-5.4950976	-18.076653	85.97358	6.49109	12532.72031545639
103	977.0228	2.570001	981.669	972.63995	235.61919	30.537718	270.56607	187.53967	-4.432437	0.5409309	-3.4116638	-5.436886	-234.64888	52.87605	-147.91527	-284.82938	0.9703016	37.13947	39.6244	-50.09548	972.59045	2.5280404	976.6258	967.9477	1000.0	1000.0	411999	127.49855	20.73686	162.13814	22.62836	127.49847	20.738699	160.48528	24.269411	-8.236712	1.1839033	-5.382879	-17.665962	87.22861	6.5028625	12664.295048475266
104	997.8683	2.7267892	1002.73236	994.4793	237.01773	30.553968	272.90097	200.31163	-1.3329028	0.33312166	-0.8926257	-1.9838814	-143.05194	5.460164	-134.02713	-148.36855	93.96577	33.307026	138.87384	56.5598	996.53534	2.529594	1001.09186	993.25525	1000.0	1000.0	415999	127.54303	20.668549	160.60544	24.318228	127.54305	20.668762	159.17282	22.14299	-8.180117	1.2014822	-5.2345347	-19.137844	85.26087	6.5841985	12800.518362522125
105	988.5875	1.8302039	990.97656	985.22784	242.02362	48.45006	292.3168	178.11261	-2.5936146	0.3139518	-2.086124	-3.071809	-154.74884	22.09648	-117.14679	-174.00449	87.27478	38.611443	128.2766	38.20232	985.99396	1.8368831	988.89044	983.01917	1000.0	1000.0	419999	127.57843	20.700289	165.64922	21.979164	127.57854	20.70162	164.01172	18.971909	-8.200661	1.1996244	-5.375488	-19.147383	83.401306	6.564759	12938.677172899246
106	973.8423	2.5766878	979.1324	971.13007	232.12473	38.620853	292.4182	187.07849	-1.6473659	0.33945486	-1.02851	-2.2342625	-138.48291	39.461033	-84.612526	-195.90387	93.641815	11.119168	102.465965	74.75468	972.19495	2.7528958	978.1039	969.6102	1000.0	1000.0	423999	127.642	20.71901	169.05905	21.360838	127.64197	20.720345	169.79352	20.498943	-8.210967	1.1951851	-5.443815	-21.607079	83.886154	6.6447124	13076.482299804688
107	990.6742	1.9684159	993.44446	987.1388	236.21823	30.299269	281.4943	196.12802	-2.9793677	0.38313323	-2.3939402	-3.8155866	-159.62547	63.352116	-61.270184	-221.4161	76.59278	83.9393	220.2241	13.100781	987.69495	1.9775614	991.05054	984.1972	1000.0	1000.0	427999	127.62004	20.766525	160.01656	20.835917	127.62013	20.767756	166.26755	18.672611	-8.182521	1.2058899	-5.319795	-19.57032	82.23823	6.609118	13212.960401058197
108	989.4608	1.9145656	991.68243	986.11053	232.48482	30.04781	263.1745	182.88197	-5.9073086	0.3388616	-5.5160627	-6.666314	-187.88504	58.59077	-137.83432	-282.73212	44.59978	45.14432	108.00136	-19.557632	983.5535	1.876226	986.0644	980.23224	1000.0	1000.0	431999	127.71822	20.665026	160.10698	23.1866	127.71828	20.665178	163.13142	21.517645	-8.18575	1.2070765	-5.28315	-19.71558	85.35437	6.6131806	13341.331481933594
109	990.9193	2.1102536	994.6055	987.78937	225.91779	41.564465	266.68503	158.369	-2.9931107	0.45877913	-2.476082	-4.0266023	-168.65768	29.518942	-131.4644	-211.45477	57.26011	19.068783	74.95123	26.9046	987.92615	1.9638474	991.3603	984.8213	1000.0	1000.0	435999	127.87698	20.567839	164.62083	23.864935	127.87709	20.568623	164.52388	26.22668	-8.211142	1.1952424	-5.462842	-20.866585	85.45288	6.653529	13468.822339296341
110	981.54895	1.6615838	983.61664	978.8919	291.55792	44.325172	367.46832	260.43832	-0.8536909	0.38845617	-0.0018350667	-1.5664773	-194.64694	55.187855	-100.891914	-243.46162	96.910995	99.109924	266.57642	17.796555	980.6953	1.6026919	982.7531	978.1296	1000.0	1000.0	439999	127.91504	20.441563	162.57361	26.61086	127.91511	20.442228	159.12903	22.428543	-8.231148	1.1867759	-5.31742	-19.878456	84.895454	6.454407	13597.44203710556
111	982.8	1.8256029	986.5717	979.8636	284.95157	40.149883	324.1851	233.48816	-2.7213128	0.5789494	-1.7129629	-3.6928513	-155.27356	44.944397	-106.7251	-227.88786	129.67802	32.76411	171.92113	96.29723	980.07874	1.7824471	984.1526	977.2777	1000.0	1000.0	443999	127.91316	20.327148	159.84106	25.38798	127.91317	20.328316	161.70941	26.100641	-8.200733	1.2035863	-5.3659153	-19.623344	83.99758	6.508957	13727.621321201324
112	983.80676	1.6807911	986.7673	982.1757	287.87906	48.716072	319.88196	203.82936	-9.062188	0.47108173	-8.230918	-9.711382	-196.49126	47.1926	-122.35945	-241.03064	91.38779	79.78465	186.54031	-29.722757	974.7445	1.5667666	977.34454	972.614	1000.0	1000.0	447999	128.01558	20.111984	162.59976	24.70388	128.01564	20.112997	170.1773	25.421719	-8.186111	1.2059989	-5.2253695	-19.498623	85.50904	6.6367006	13859.020568609238
113	996.15625	2.2798479	1001.1972	993.48584	258.23456	30.55756	310.58817	236.4749	-2.6806579	0.5824068	-1.7796526	-3.6053035	-153.37569	41.06618	-104.33531	-198.0214	104.85886	59.829082	189.20485	46.71217	993.4756	2.6472414	998.9654	990.3072	1000.0	1000.0	451999	128.10046	19.924862	164.29216	27.69594	128.10033	19.92615	166.61154	27.375387	-8.194516	1.1975768	-5.306292	-19.56197	85.509796	6.523144	13991.483844518661
114	990.8058	2.162591	994.0439	987.13104	189.8869	42.832672	246.47833	129.5546	-4.5106974	0.3221384	-4.1424823	-5.2595835	-114.92044	27.704248	-75.97893	-153.8848	74.96646	42.170124	135.77876	22.23641	986.2951	2.1101527	989.15436	982.5669	1000.0	1000.0	455999	128.24461	19.807106	162.14093	27.08132	128.24469	19.807264	163.72702	29.426384	-8.230206	1.18491	-5.387944	-19.82	86.74478	6.532207	14121.722292900085
115	984.021	1.8916804	986.9192	980.7205	234.34088	38.024254	287.99567	183.9732	-1.6733258	0.43054637	-1.0971828	-2.5691903	-172.53436	42.37325	-124.74786	-239.04163	61.80651	63.560944	163.2478	7.1136556	982.34766	2.0638292	985.822	979.06104	1000.0	1000.0	459999	128.34372	19.783136	159.49373	26.557709	128.3437	19.784304	165.64465	28.742474	-8.218472	1.2010759	-5.2388077	-20.200645	88.49694	6.549732	14254.31558418274
116	994.0129	2.4360158	997.9514	989.547	243.35593	9.712087	259.43964	234.25311	-0.6344622	0.32325953	-0.07786737	-1.1851057	-168.28906	34.96505	-117.60828	-208.75534	75.066864	42.406605	141.83136	28.72424	993.3784	2.5387363	997.8736	988.7081	1000.0	1000.0	463999	128.5155	19.616282	162.92761	32.323586	128.51562	19.616495	165.9749	26.228294	-8.20332	1.2033192	-5.1199083	-19.61529	90.44347	6.513028	14387.11880350113
117	980.41797	2.2715337	983.2493	975.9844	213.0239	51.273308	286.00748	142.22089	-2.6066191	0.67338187	-1.9603115	-3.9783256	-194.70773	34.56717	-138.84258	-231.5799	18.316164	68.85282	82.41202	-89.35901	977.8114	2.531175	980.8478	972.2486	1000.0	1000.0	467999	128.46777	19.581207	160.34824	27.703981	128.46773	19.581772	162.41301	26.349213	-8.222305	1.1914978	-5.398801	-18.171394	90.431046	6.547171	14525.357405424118
118	984.3048	1.852386	986.71674	980.7153	254.1253	33.1609	306.93417	216.13449	-4.5264554	0.5813823	-3.4205112	-5.528927	-197.76016	60.116734	-112.4979	-273.0376	56.365135	91.03582	194.4363	-56.903114	979.7783	1.8671136	981.8312	975.8495	1000.0	1000.0	471999	128.50404	19.59785	161.76065	27.650383	128.50409	19.597994	162.42015	25.209332	-8.23135	1.1988202	-5.0888906	-18.39368	89.0836	6.5171633	14664.967401742935
119	989.29266	1.8082807	991.1064	985.4782	328.5285	61.36673	422.93335	255.47856	-2.4344516	0.2938594	-2.0019946	-2.8782377	-164.63023	37.714085	-124.620186	-223.48105	163.89827	76.12699	282.6851	85.30711	986.8582	1.669086	988.58984	983.47626	1000.0	1000.0	475999	128.4903	19.450254	161.24196	21.287764	128.49033	19.451202	160.8643	21.479332	-8.183262	1.2099215	-5.1868773	-20.017159	88.41867	6.6385436	14804.748062133789
120	984.56433	2.786397	987.83655	979.80396	249.33386	75.54317	336.19992	168.4429	-2.19915	0.43238118	-1.6562084	-3.2108161	-154.13965	52.138508	-99.78212	-236.97214	95.19421	107.3537	212.59514	-56.656776	982.36523	2.933762	986.13855	977.8956	1000.0	1000.0	479999	128.42734	19.541246	159.6856	29.437933	128.42741	19.541214	161.25912	32.219994	-8.209506	1.1986583	-5.2738366	-18.4474	89.394646	6.6996813	14944.98430299759
121	983.14777	2.6101222	986.8535	980.338	255.61534	47.064617	302.87152	186.22362	-1.5606589	0.40586996	-1.009574	-2.2258744	-114.71929	42.564175	-78.778885	-187.30315	140.89604	41.581646	209.24307	107.370705	981.5871	2.6240542	984.9481	978.54584	1000.0	1000.0	483999	128.41142	19.498133	162.48448	30.194553	128.41158	19.4986	167.24625	26.385021	-8.187715	1.2093642	-5.0883064	-19.042694	88.19833	6.660541	15076.169748544693
122	986.4953	2.8152983	991.52277	981.8306	241.70044	47.67043	314.5373	184.35947	-3.9880748	0.3442709	-3.429865	-4.4946227	-178.27103	56.799305	-99.04483	-237.24265	63.42942	39.315773	121.18497	20.90322	982.5073	2.8153875	987.2794	977.9737	1000.0	1000.0	487999	128.56953	19.310482	159.19644	33.693108	128.5696	19.31092	160.03	34.210045	-8.235242	1.193539	-5.311116	-18.111752	85.586876	6.5725574	15195.760716199875
123	977.0532	1.7190174	980.0378	974.2205	234.18332	7.2448444	246.1186	226.55386	-1.8827641	0.4714587	-1.0976617	-2.6283162	-176.87457	51.124977	-112.5023	-237.66243	57.308743	54.822052	119.42518	-5.5291266	975.17053	1.7969218	977.98895	972.0396	1000.0	1000.0	491999	128.6452	19.210854	160.00145	30.464434	128.64519	19.211882	159.79306	32.04082	-8.226424	1.1995718	-5.1811557	-20.177086	87.64779	6.5392303	15316.746574878693
124	992.61865	1.8504378	997.4493	990.91986	239.60927	34.472393	274.65402	194.34386	-9.40715	0.35107464	-8.775942	-9.83517	-172.96594	40.711067	-117.63384	-212.5587	66.64333	73.72632	153.76965	-18.21485	983.2114	1.6700833	987.6741	981.6399	1000.0	1000.0	495999	128.6073	19.243923	161.19905	30.068457	128.60751	19.244135	161.33981	30.299479	-8.1862335	1.2141984	-4.5632343	-18.240826	85.93747	6.6579924	15438.84050989151
125	987.61115	1.5770849	990.483	985.2845	254.31218	51.13725	333.15262	195.74059	-3.7482338	0.5510281	-2.8402581	-4.608108	-192.59622	34.56551	-146.95001	-229.88298	61.71596	72.542534	186.2026	4.761194	983.8629	1.7718441	987.0292	981.7046	1000.0	1000.0	499999	128.6065	19.199131	163.48409	27.705082	128.6064	19.200083	168.54228	27.323122	-8.182887	1.2138859	-4.9968	-18.877453	87.78134	6.660853	15560.260727643967
126	991.1304	2.7512689	995.69867	987.45654	261.99588	34.511196	297.1643	212.6647	-4.468152	0.48768273	-3.6638	-5.15005	-138.32845	33.94816	-84.33	-171.6306	123.667435	59.258446	207.03418	41.03411	986.6623	2.781894	991.3611	982.3065	1000.0	1000.0	503999	128.59215	19.199165	161.31615	28.462503	128.59192	19.20057	168.09511	24.98753	-8.163265	1.2220603	-4.6406317	-18.153046	90.20569	6.6691217	15687.782812595367
127	992.9049	2.1296003	997.7529	990.68695	224.40741	16.39462	241.22624	198.24957	-1.8008423	0.42746338	-1.0630846	-2.406698	-178.16466	48.064297	-132.9855	-259.00095	46.24276	48.443577	108.24075	-24.248642	991.104	2.1798403	995.845	988.3989	1000.0	1000.0	507999	128.72012	19.088835	163.05086	31.675152	128.7203	19.089493	160.88193	32.201122	-8.225172	1.1934041	-5.192091	-19.184645	91.58632	6.512833	15821.204753398895
128	989.3382	2.3971176	994.24756	985.8236	260.44177	30.29742	305.68378	220.64197	-4.316431	0.16742034	-4.1035943	-4.700982	-146.19785	17.802895	-115.87892	-159.16148	114.24394	34.927536	146.5223	61.90149	985.0218	2.4005747	990.144	981.60406	1000.0	1000.0	511999	128.839	19.033092	158.13736	30.224041	128.839	19.033907	162.24193	29.516434	-8.219111	1.202024	-5.3263206	-20.164442	91.01469	6.5707793	15952.337845087051
129	988.18176	1.8373878	991.3833	984.68195	269.919	26.359447	292.6585	225.52606	-5.7860613	0.4052461	-5.2408433	-6.464416	-175.26135	31.835005	-128.7365	-217.69588	94.657646	41.56543	146.66934	41.884964	982.3957	1.9185891	985.1348	978.2175	1000.0	1000.0	515999	128.9172	18.988695	162.37723	29.3468	128.91719	18.9892	163.92372	27.685444	-8.179694	1.2208664	-4.9901237	-19.23363	89.334564	6.6913137	16085.550527334213
130	984.4748	2.1193848	988.15076	981.33	229.1391	17.447422	252.54367	207.59251	-1.9643011	0.4052739	-1.3775046	-2.759985	-118.18802	60.11645	-47.927402	-203.81148	110.951065	47.56755	159.66512	34.495506	982.51044	1.9915683	985.9542	979.80774	1000.0	1000.0	519999	128.98094	19.018656	161.36485	32.97414	128.9809	19.019484	164.40425	29.788424	-8.249372	1.1952436	-5.1395674	-19.565147	89.11447	6.576811	16218.820678949356
131	992.8543	2.2269983	996.05945	989.75287	247.00415	14.069816	261.6617	223.83243	-1.4265916	0.5050376	-0.23251174	-2.0238178	-221.76672	38.371655	-164.97014	-257.35785	25.237408	31.01014	58.862297	-6.699124	991.42773	2.4361787	995.8269	988.0018	1000.0	1000.0	523999	129.11584	18.921598	163.27484	26.894945	129.11589	18.921196	169.76665	24.472446	-8.210757	1.2060214	-5.2095604	-19.494747	86.671295	6.543458	16345.148273468018
132	989.632	1.7258481	991.3432	985.8397	273.31818	33.27266	316.10013	240.63693	-8.843697	0.418604	-8.161856	-9.53699	-138.10516	29.57331	-96.2579	-177.09395	135.21301	44.597706	187.12312	63.98097	980.7884	1.7292542	983.18134	977.29254	1000.0	1000.0	527999	129.21428	18.850462	163.60963	30.032106	129.21428	18.850588	165.38231	32.021446	-8.155454	1.2328341	-4.8184495	-18.924232	84.0285	6.6652627	16472.330881118774
133	990.0809	1.5714728	992.2991	987.4328	258.66705	30.675303	311.27335	234.11525	-8.214847	0.31918865	-7.5371203	-8.793156	-156.83502	17.360197	-127.673836	-170.26146	101.83205	25.688797	141.51768	74.09714	981.8659	1.676827	983.91876	979.03265	1000.0	1000.0	531999	129.20811	18.770447	163.48282	27.22856	129.20828	18.771517	165.28795	25.48011	-8.164578	1.2315177	-4.8468943	-19.243053	83.307846	6.775345	16598.568400859833
134	979.60205	1.7500274	983.8104	977.5871	292.8209	27.935194	340.47696	272.0426	-6.8534417	0.5115397	-6.2093787	-7.9774218	-142.79988	33.803226	-97.16186	-191.69717	150.021	44.59461	192.54108	82.325035	972.74866	2.0024397	977.4503	969.88135	1000.0	1000.0	535999	129.25256	18.72962	163.01224	22.803062	129.25258	18.730495	169.28177	19.450989	-8.135732	1.240472	-4.9735985	-18.734993	82.84939	6.7891645	16725.024544239044
135	992.0246	2.1216576	996.2755	989.1887	283.3098	75.877686	371.26254	161.92314	-9.673151	0.45206356	-9.034953	-10.328956	-98.24408	40.600594	-30.193556	-136.36084	185.0657	85.71485	270.26468	54.273487	982.35156	2.2476263	987.13184	979.89154	1000.0	1000.0	539999	129.30267	18.694565	161.1192	22.531857	129.30292	18.694733	159.185	22.643978	-8.176482	1.2331067	-4.7563925	-19.072739	82.17224	6.62932	16849.73921394348
136	979.46094	1.9009063	982.8269	977.22766	214.76778	54.141296	272.39233	131.80887	-3.6243484	0.20718585	-3.294686	-4.0110197	-137.14328	42.93702	-96.65739	-199.99745	77.62449	66.28512	175.73495	2.9279597	975.83655	2.0203216	979.3602	973.722	1000.0	1000.0	543999	129.42778	18.592548	165.71904	21.865065	129.4276	18.594006	164.58029	18.710896	-8.193881	1.2158488	-4.959542	-18.740831	80.9571	6.677041	16973.7538523674
137	972.30945	1.045616	974.46735	970.5381	245.39307	46.932533	284.2333	165.7262	-5.666101	0.56107014	-4.650024	-6.709405	-153.91003	24.020084	-112.49382	-171.42145	91.48303	58.98758	161.11859	0.16861747	966.6434	0.8774146	968.1145	965.33624	1000.0	1000.0	547999	129.65909	18.53087	159.99535	21.005335	129.6592	18.530462	161.2644	17.236076	-8.193417	1.2098405	-4.5295	-20.44393	80.62224	6.5979652	17098.971586227417
138	993.2591	1.8135269	995.9987	990.3566	241.90152	27.055746	258.7344	195.08722	-1.7325064	0.43211114	-0.75245845	-2.4040663	-149.24695	5.59656	-142.97336	-157.4144	92.65455	25.123716	112.56114	49.739086	991.52655	1.7821137	994.0378	988.78906	1000.0	1000.0	551999	129.72054	18.445671	160.63884	25.42581	129.72076	18.446081	163.63417	26.845915	-8.198565	1.2132984	-4.7487397	-19.532522	79.08575	6.6649656	17224.56508088112
139	988.97314	2.316314	993.25336	986.06964	197.53212	40.579277	239.59149	130.43365	-7.2591143	0.3343498	-6.837597	-7.885442	-110.12968	63.11673	-21.799397	-194.2986	87.402435	78.359314	217.79208	14.743564	981.714	2.2447608	985.64777	978.50385	1000.0	1000.0	555999	129.75871	18.43652	160.26009	27.014101	129.75827	18.437223	162.18423	24.667482	-8.206821	1.2221211	-4.908901	-18.989346	77.627205	6.58138	17349.49314069748
140	989.93445	2.5057485	993.7001	986.8892	277.57306	107.010124	441.2672	167.64607	-6.440426	0.47024345	-5.7269225	-7.328928	-155.47578	44.43044	-112.15405	-228.48076	122.097275	63.918648	212.78644	55.49202	983.494	2.6067111	987.49805	980.51605	1000.0	1000.0	559999	129.88019	18.319517	158.76129	28.366451	129.88055	18.319815	160.71448	32.17439	-8.16678	1.2269207	-4.5725784	-18.893806	80.50889	6.5577807	17479.798825502396
141	987.7077	2.650759	992.8614	984.49585	244.32654	6.0761347	252.82118	235.81993	-5.2661095	0.2708216	-4.6506653	-5.671123	-160.58156	64.868065	-86.51854	-262.91705	83.74497	64.174576	149.30139	-19.8408	982.4415	2.5723877	987.5273	979.4701	1000.0	1000.0	563999	129.89143	18.316725	158.61679	28.027878	129.89125	18.316505	162.23566	25.018991	-8.161269	1.2236218	-5.0251837	-19.107174	76.98967	6.657876	17618.705515384674
142	984.36145	2.4472601	989.50745	981.4044	273.1408	64.40218	352.3627	172.74629	-6.421138	0.8398467	-5.2973814	-8.168679	-152.01299	17.003994	-123.816246	-166.40149	121.12781	69.61943	188.00848	6.3448005	977.94025	2.864912	983.34686	973.2357	1000.0	1000.0	567999	129.84337	18.344732	161.61961	31.071503	129.84366	18.344152	170.00023	26.373753	-8.184704	1.2154155	-5.141281	-20.371323	77.689156	6.727487	17755.432670116425
143	989.2988	2.1626215	992.3548	986.0106	217.27359	15.299765	242.8532	203.0518	-8.230235	0.25934458	-7.8823	-8.684518	-116.71473	67.3105	-8.031362	-186.6501	100.55887	57.07915	195.02043	54.453644	981.06854	2.1271877	983.90375	977.5945	1000.0	1000.0	571999	129.90147	18.322691	166.50122	25.539486	129.90166	18.322683	163.37	23.294226	-8.160807	1.2323016	-4.9377813	-18.540012	79.31978	6.7434087	17892.991793632507
144	991.12714	4.0963984	998.4655	984.2215	270.3083	28.729156	318.06168	243.28325	-4.9213166	0.5697225	-3.9993887	-5.98838	-134.7717	41.374577	-73.505165	-186.09616	135.5366	46.903088	192.64046	80.00785	986.20575	3.9882057	992.4771	979.2758	1000.0	1000.0	575999	129.93745	18.285072	162.6922	26.834356	129.93736	18.285328	163.08302	25.765965	-8.161312	1.232709	-4.6117053	-18.486624	81.5299	6.812281	18032.105600833893
145	994.2594	1.6307397	996.0744	991.3407	247.58966	53.948307	308.5652	167.99979	-5.2777686	0.35907337	-4.8056064	-5.7418785	-79.07254	39.515022	-42.32309	-145.36292	168.51712	78.55592	266.2421	84.926865	988.9816	1.6451144	991.2688	986.39026	1000.0	1000.0	579999	129.91902	18.27213	163.0565	25.274712	129.919	18.271564	166.23885	25.074814	-8.124929	1.2459366	-4.9060574	-18.527569	79.75145	6.838703	18161.01066851616
146	990.02893	2.474851	993.3947	986.038	238.17662	23.118137	267.1816	204.27536	-5.8778067	0.24167669	-5.312251	-6.295107	-116.36166	39.405216	-58.51014	-155.56033	121.81496	42.14767	190.33719	76.84181	984.15106	2.4938471	988.0825	980.22034	1000.0	1000.0	583999	129.91264	18.275194	162.7014	27.387548	129.91266	18.276031	164.137	27.351585	-8.151559	1.2356007	-4.57664	-18.672918	82.90385	6.7648673	18290.39662384987
147	989.72375	3.034376	994.4038	985.5271	273.4404	19.498552	290.43326	241.93378	-13.398722	0.5649297	-12.479467	-14.638547	-155.65059	22.025158	-124.98203	-185.08109	117.7898	19.80208	142.31683	87.43008	976.325	3.2315924	980.6678	971.82513	1000.0	1000.0	587999	129.95023	18.146797	160.3382	24.584606	129.95029	18.146894	161.64507	24.720863	-8.110403	1.2490373	-4.6908364	-18.671398	85.23632	6.7733154	18417.806626796722
148	986.5801	2.0328126	990.39685	983.91907	284.3981	37.301666	342.34988	238.36258	-9.091947	0.43639845	-7.988681	-9.638979	-95.84296	43.8161	-32.570293	-149.25623	188.55515	37.907173	248.78343	155.07626	977.4881	2.1886394	981.4944	974.5067	1000.0	1000.0	591999	130.0671	18.063692	162.11925	25.65196	130.06714	18.06399	162.24957	21.900396	-8.116542	1.2539452	-4.8222704	-19.145657	83.582565	6.7847342	18545.25005698204
149	991.33545	1.9022102	994.6401	987.96936	243.55823	36.38868	291.6981	195.08392	-11.936842	0.2961751	-11.576055	-12.632453	-163.69318	18.450119	-139.16891	-189.3636	79.86506	43.549164	152.52916	39.05468	979.3986	2.0603204	982.8603	975.33685	1000.0	1000.0	595999	130.29353	17.931726	163.60818	22.540915	130.29356	17.931728	173.22688	22.905025	-8.153394	1.2355613	-4.8004823	-18.171144	79.29499	6.728772	18663.751734256744
150	987.4487	2.2795348	993.5562	985.0751	214.74207	30.43722	260.8264	187.1451	-15.000765	0.45111388	-14.066955	-15.556316	-131.475	32.732113	-75.15283	-156.17642	83.26705	60.1756	185.67354	38.57881	972.44806	2.5853755	979.48926	969.51874	1000.0	1000.0	599999	130.3621	17.987095	158.50174	24.224758	130.36198	17.988146	159.99736	21.34154	-8.102889	1.2678603	-4.548067	-18.552902	74.91077	6.757118	18777.677837848663
151	988.66956	1.2649363	990.5856	986.452	243.28935	35.454906	300.48483	212.68925	-9.053594	0.5433106	-8.264275	-9.874424	-119.7511	25.73116	-79.21004	-147.95164	123.53826	36.65585	166.06	78.60157	979.616	1.0912346	981.66876	977.86365	1000.0	1000.0	603999	130.56224	17.820673	165.21375	26.1819	130.56235	17.820976	166.76987	23.99604	-8.094861	1.2626603	-4.4838953	-19.611914	77.13172	6.70207	18892.11129641533
152	991.59344	0.7779273	993.0534	990.4245	294.3213	35.036777	343.0928	244.19815	-10.465794	0.34680468	-10.073399	-11.270221	-85.53787	35.93878	-51.699028	-146.01183	208.78343	55.207794	291.39377	145.95221	981.1276	0.83913976	982.4002	979.1543	1000.0	1000.0	607999	130.80122	17.70908	161.7328	26.979702	130.80112	17.709412	165.49954	28.825981	-8.073834	1.2772019	-4.7039404	-20.878016	72.76588	6.7771587	19004.448577404022
153	991.2946	2.2140732	993.639	986.90784	254.12926	18.291866	281.42792	233.63123	-10.210442	0.2607233	-9.845259	-10.7960615	-136.99455	17.607428	-111.62609	-160.37991	117.134705	21.345451	138.5589	81.69286	981.08417	2.2017596	983.4963	976.5239	1000.0	1000.0	611999	130.84555	17.719791	161.92538	28.160065	130.8455	17.720161	163.0549	28.488785	-8.082288	1.2722636	-4.4429817	-21.352167	71.38678	6.715292	19117.030940771103
154	995.4006	1.4337553	998.486	994.19165	255.21997	28.363255	291.1308	220.63707	-20.081741	0.3693293	-19.550703	-20.856071	-119.43667	47.262127	-66.63137	-177.52982	135.78328	24.002115	155.77174	96.15011	975.319	1.413045	978.38477	973.9094	1000.0	1000.0	615999	130.99278	17.659325	163.37164	28.303701	130.99277	17.660326	165.96552	28.891743	-8.013475	1.3193698	-4.376686	-19.79942	69.481575	6.7744603	19232.390335321426
155	993.5698	4.209747	1001.49786	989.12646	252.23969	39.95545	305.3527	199.37378	-15.647957	0.31646615	-15.062215	-16.181726	-84.84032	34.19312	-40.65888	-136.70592	167.39937	47.142216	222.75534	95.789734	977.9219	4.153705	985.88776	972.94476	1000.0	1000.0	619999	131.1506	17.531757	162.14403	36.215576	131.15067	17.531084	160.61801	32.364017	-8.064376	1.2878327	-4.5128336	-19.066422	69.113464	6.744625	19369.37877345085
156	988.39874	1.9880377	992.3419	985.4302	251.80017	65.67576	350.96375	168.64865	-5.6735396	0.5299676	-4.901166	-6.7045755	-122.57578	43.33159	-59.03059	-179.69153	129.22438	29.607397	171.2722	94.52859	982.7252	2.1093378	986.8158	978.7256	1000.0	1000.0	623999	131.17732	17.571608	158.49068	31.292746	131.17738	17.572218	160.82263	33.99845	-8.109433	1.2539707	-4.925088	-19.739214	69.372734	6.780817	19507.059525966644
157	987.8922	2.3006802	992.8743	985.6679	271.7036	34.679264	318.17047	226.52693	-17.8558	0.33573928	-17.233953	-18.294077	-119.6293	25.72966	-76.55476	-143.19334	152.07434	58.029503	241.61569	92.292046	970.03644	2.4265594	975.2094	967.66895	1000.0	1000.0	627999	131.2018	17.571712	163.15244	29.821232	131.20177	17.572687	164.58377	34.48929	-8.075077	1.2882922	-4.343113	-20.202333	67.13485	6.830805	19641.03409218788
158	988.8876	2.3251452	991.81323	985.6027	248.61523	24.594276	277.5042	212.52385	-9.288836	0.1683263	-9.04054	-9.517254	-108.19731	13.825651	-90.848724	-123.1795	140.41792	28.399614	186.65549	114.01428	979.59875	2.3899288	982.7727	976.2321	1000.0	1000.0	631999	131.38338	17.49939	161.19682	28.950798	131.38345	17.499685	166.45847	25.278748	-8.057851	1.289426	-3.7669368	-18.603367	63.06833	6.722798	19776.062072515488
159	986.2998	1.5265837	988.8783	984.20874	207.02928	90.04284	313.34616	85.49576	-5.5360065	0.48268792	-4.797885	-6.24205	-108.093	52.338593	-32.366604	-167.62976	98.93627	138.26352	280.97955	-58.505276	980.76385	1.6404896	983.5946	978.29266	1000.0	1000.0	635999	131.34836	17.47246	163.95618	29.942068	131.34828	17.473166	162.91656	27.208038	-8.13823	1.2459382	-4.4912605	-17.912918	66.06265	6.700802	19911.67228269577
160	983.5086	1.2076354	985.5856	981.503	213.27454	29.043211	249.99484	174.81628	-16.058783	0.24917835	-15.634462	-16.475086	-94.4196	34.938396	-47.645832	-145.36928	118.85493	30.473946	149.98851	75.76184	967.4497	1.3047231	969.9511	965.2121	1000.0	1000.0	639999	131.22256	17.55271	160.57457	30.01302	131.22244	17.552675	161.60951	29.279423	-8.106681	1.268842	-4.576725	-21.358932	63.331818	6.836503	20048.19920539856
161	988.0928	3.2150068	994.56146	984.119	241.67465	18.337254	254.67122	210.21008	-20.180387	0.5448916	-19.39436	-20.857904	-94.928856	20.43848	-65.653725	-119.71212	146.74582	31.330027	188.0438	103.29893	967.9124	3.2448375	973.7295	964.45	1000.0	1000.0	643999	131.2673	17.47967	161.28802	30.909946	131.26749	17.479296	161.30716	29.68903	-7.968512	1.3338947	-4.147539	-20.273973	64.77194	6.805934	20187.63528776169
162	977.8802	1.1521381	980.49164	976.57336	234.3491	28.06432	263.00076	189.73236	-9.419788	0.41140702	-8.824145	-10.056315	-93.23688	22.291859	-68.4767	-121.1969	141.11221	29.847626	188.50673	110.853386	968.4603	1.3253307	970.9662	966.8673	1000.0	1000.0	647999	131.40887	17.45846	162.80074	31.765585	131.40892	17.458956	163.48598	31.293388	-8.054952	1.3011694	-3.7911496	-19.522919	64.75844	6.85826	20325.11626625061
163	983.4684	0.8866067	984.5898	981.75116	242.44196	52.149147	314.56754	169.49184	-20.192356	2.3645484	-17.844513	-24.353937	-106.03244	58.619335	-14.631614	-171.94398	136.4095	107.69448	299.9359	-2.4521441	963.2759	2.4281058	965.67316	958.9536	1000.0	1000.0	651999	131.39047	17.508436	161.63045	33.21217	131.39069	17.508219	162.33954	27.564075	-8.002306	1.3120053	-4.0913258	-17.835491	69.55992	6.9052277	20460.564399003983
164	992.0254	2.7970452	995.74207	986.77826	287.82864	43.83547	361.58853	254.22816	-15.555722	0.41888273	-14.610928	-16.0492	-78.69591	20.206512	-45.26084	-98.22328	209.13274	63.909348	316.32767	156.00488	976.4697	2.8442092	979.81305	970.9707	1000.0	1000.0	655999	131.597	17.436657	165.12706	25.401869	131.59679	17.437653	165.18686	25.912897	-8.018904	1.3056806	-4.2603164	-19.83235	65.75825	6.825009	20589.906687498093
165	985.13025	1.9434421	988.22943	982.57086	260.5039	23.777105	289.00577	232.47618	-16.132147	0.32252482	-15.413712	-16.440279	-110.01645	23.556604	-85.92641	-149.03319	150.48743	45.156315	203.07935	83.442986	968.99817	1.9652683	972.0143	966.13055	1000.0	1000.0	659999	131.82481	17.295654	163.62085	25.26253	131.82497	17.2967	163.62227	25.58014	-7.9723263	1.334887	-4.003108	-19.339588	58.92686	6.9108295	20721.517073392868
166	985.14	2.3367333	989.15625	982.0456	259.59732	37.982048	306.0787	207.36925	-22.163319	2.7066395	-17.862215	-24.626238	-141.25696	11.677316	-132.10355	-161.17856	118.34036	37.398247	173.97517	69.65148	962.9767	3.9633355	970.0514	957.5365	1000.0	1000.0	663999	131.86864	17.30579	167.9875	21.9478	131.86874	17.306486	166.54744	19.210785	-8.038608	1.30207	-4.422224	-18.268661	61.70011	6.8857927	20851.228893518448
167	984.0197	3.5507276	991.63153	979.89514	284.48877	50.56965	371.3655	245.03194	-24.196577	0.7019309	-22.524939	-25.173534	-58.255512	26.00903	-28.382982	-93.20842	226.23328	71.89274	342.98254	151.82352	959.82324	3.7493021	967.2584	955.48724	1000.0	1000.0	667999	132.06241	17.161425	165.54654	28.717201	132.06223	17.161945	168.87086	30.48788	-7.981772	1.3293159	-4.3814125	-18.576988	59.41357	6.872421	20981.489412546158
168	984.49335	2.4476216	989.18677	980.1535	301.12473	27.567411	324.03616	254.50156	-8.25584	0.24876584	-7.9354615	-8.71037	-127.94696	36.67316	-75.081894	-176.73874	173.1778	58.28746	232.41827	77.76282	976.2376	2.476989	980.5114	971.8169	1000.0	1000.0	671999	132.19623	17.043716	162.59026	35.46632	132.1962	17.045052	159.25784	29.592655	-7.984619	1.3252428	-4.3847113	-19.494867	61.384186	6.906304	21104.763963222504
169	990.42303	2.1031125	993.8957	986.2095	276.70416	12.849917	297.61078	262.5411	-21.000458	0.641569	-19.877714	-21.842085	-95.369774	75.64998	4.3643227	-183.3503	181.33437	83.020966	277.51703	79.19081	969.42255	2.6129348	974.01794	964.61914	1000.0	1000.0	675999	132.42957	16.910732	165.23645	31.42521	132.42957	16.910915	165.75076	28.10102	-8.024899	1.304559	-4.455316	-17.868187	60.370102	6.7305098	21225.896998167038
170	988.4534	1.4373127	990.62225	984.908	266.17984	37.94899	325.45187	226.02718	-7.9227257	0.43720168	-7.113002	-8.689947	-71.75145	34.3927	-23.843401	-104.85187	194.42838	19.439287	220.6	167.69443	980.53064	1.2006916	982.24805	977.795	1000.0	1000.0	679999	132.67767	16.950937	163.22096	29.075214	132.67767	16.952068	162.56747	24.975801	-7.915179	1.3655788	-4.0583305	-18.451126	59.61624	6.9347844	21342.58588719368
171	990.0627	2.1344647	994.09625	986.70715	305.83575	12.945099	319.0847	286.2364	-19.392025	0.46716884	-18.58919	-20.089775	-84.9194	23.58492	-48.73426	-110.42472	220.91635	32.269634	267.00238	175.81168	970.6706	2.3733752	974.6972	967.532	1000.0	1000.0	683999	132.7351	16.931883	166.73988	32.056282	132.73518	16.932646	163.96225	29.20542	-7.980326	1.3284769	-4.0960035	-19.945587	65.956116	6.822872	21459.020788431168
172	979.238	1.5006237	981.26166	976.56854	268.785	23.325329	294.0997	243.24399	-21.641552	0.77779776	-20.600853	-22.788866	-100.51918	33.5537	-54.259274	-148.4379	168.26582	50.132973	235.65176	99.44742	957.5964	1.919953	960.6608	954.38934	1000.0	1000.0	687999	132.94078	16.78244	162.3117	35.848373	132.9405	16.783436	164.87436	35.432873	-7.938467	1.3514808	-4.2666144	-21.600452	66.766304	6.744886	21575.883697986603
173	986.3613	2.8307974	991.89575	982.017	313.3627	50.13029	382.39487	255.57204	-16.467524	0.5464332	-15.475678	-17.180882	-96.793045	35.088642	-61.147316	-153.5623	216.56967	40.47007	285.95618	184.87003	969.89386	2.7469716	974.7343	965.7042	1000.0	1000.0	691999	133.1329	16.714277	164.75392	32.509785	133.13283	16.714945	163.76535	32.242916	-7.963391	1.335964	-4.236684	-19.327312	66.29996	6.8182096	21692.63657975197
174	992.4203	2.1787915	995.93896	989.3615	254.6723	8.798268	267.43442	243.45598	-10.61312	0.45142943	-10.189651	-11.7533245	-81.13333	22.731081	-63.341396	-119.63166	173.53897	28.873201	193.70169	123.82432	981.8071	2.4362936	985.54474	978.4397	1000.0	1000.0	695999	133.2931	16.667265	162.1662	33.376423	133.29312	16.668043	163.72775	33.16154	-8.008563	1.3240923	-3.8837423	-22.431807	68.90018	6.7321963	21808.747903347015
175	977.3651	2.3903115	983.08	974.5259	254.75397	23.019894	288.73422	223.96909	-18.061209	0.60272837	-17.190403	-18.977577	-114.50188	41.784763	-74.457344	-183.49397	140.25209	31.669954	181.16777	105.24026	959.304	2.3405952	964.1024	955.99243	1000.0	1000.0	699999	133.32016	16.707455	162.75406	28.67487	133.32002	16.70903	162.995	31.073202	-8.027894	1.3030753	-4.2919245	-21.04066	70.032745	6.75037	21924.02255129814
176	985.1849	1.365163	987.4156	982.1654	218.28453	48.384193	300.92374	177.6515	-20.80364	0.38191167	-20.023226	-21.35802	-79.55886	64.09416	-35.78006	-190.23395	138.72568	92.155876	265.14368	6.15822	964.38135	1.4955087	966.4024	960.8074	1000.0	1000.0	703999	133.36482	16.779562	164.90637	28.87254	133.36482	16.78044	166.16016	26.621454	-7.919099	1.3569499	-4.2011127	-21.683979	66.9142	6.833825	22040.609589099884
177	993.1613	1.488835	995.39417	990.1462	249.09218	49.35386	309.08374	194.6242	-15.926908	0.53179616	-15.202776	-16.633446	-79.52652	23.667355	-55.166172	-109.89765	169.56567	55.957714	253.91756	99.30578	977.23456	1.4531049	979.04456	974.8954	1000.0	1000.0	707999	133.40482	16.724945	164.57745	25.47329	133.40459	16.725979	164.97154	29.508608	-7.991166	1.3308492	-4.187201	-18.776537	69.64409	6.922337	22156.391873836517
178	979.7839	1.6721182	982.35297	976.32684	295.13513	31.58632	340.86734	265.0842	-10.073203	0.36275518	-9.399436	-10.538972	-93.6343	21.667566	-72.39399	-127.28108	201.50084	41.744328	243.00275	139.11679	969.71063	1.7208238	972.4012	966.18604	1000.0	1000.0	711999	133.48622	16.719244	165.57162	28.627674	133.4864	16.720692	162.20375	24.362766	-7.95987	1.3388805	-4.054513	-18.93349	72.59145	6.8733416	22282.09618639946
179	984.8421	2.2407281	988.7298	982.6368	279.7394	29.075804	304.40622	230.57822	-20.224865	0.45570347	-19.47515	-20.867617	-77.07898	38.1866	-47.345047	-142.15091	202.66043	43.29884	249.94945	144.52779	964.6172	2.338015	968.63525	961.76917	1000.0	1000.0	715999	133.46751	16.664045	166.61108	30.338814	133.46735	16.665102	170.37144	25.27388	-7.92328	1.3478096	-4.057267	-18.926868	69.056435	6.7823567	22406.460700273514
180	994.7179	3.0324802	999.0904	989.22644	292.8019	57.383625	369.3248	230.97618	-24.659336	2.0217884	-18.86393	-26.126904	-89.97775	19.557032	-63.18363	-110.47945	202.82416	76.76997	306.14117	124.21644	970.0586	3.8070126	977.36646	964.2514	1000.0	1000.0	719999	133.56224	16.660074	169.74239	22.141548	133.56224	16.661133	166.94678	18.325653	-7.9689245	1.3337551	-4.382019	-22.913935	66.90239	6.8936076	22508.808258533478
181	975.60156	1.6862423	977.6481	972.0036	264.6114	48.78524	342.1838	218.50557	-24.049387	0.7003363	-22.715004	-25.217207	-82.14766	22.699333	-65.25098	-121.05455	182.46375	59.690628	267.91312	106.82715	951.5521	1.7194582	953.688	947.68066	1000.0	1000.0	723999	133.73714	16.612267	165.9993	19.834105	133.73718	16.612452	168.41411	19.450401	-7.8898187	1.3780627	-3.7266665	-19.438019	70.599655	6.8568354	22611.02212691307
182	997.451	3.8283386	1003.0676	991.90784	301.4632	30.558477	342.50922	256.62686	-20.352758	0.35313052	-19.71179	-20.831312	-76.207344	10.3503475	-61.570576	-88.7864	225.25581	34.52239	260.08005	167.84045	977.09827	3.9561722	983.27136	971.6071	1000.0	1000.0	727999	133.9297	16.502893	165.20247	23.689896	133.92973	16.503347	165.34511	22.281157	-7.946743	1.3497185	-4.183259	-22.476732	69.607704	6.8467	22713.977828502655
183	988.67834	2.7282057	992.8304	983.23395	284.1015	41.93861	344.6049	226.04652	-20.603962	2.4858963	-15.5004835	-22.726183	-106.89634	23.69627	-81.591896	-145.74356	177.20515	54.52457	263.013	124.35179	968.0744	4.0194774	976.2359	960.63654	1000.0	1000.0	731999	134.02083	16.493502	167.02234	30.174137	134.02092	16.494118	164.30797	28.898438	-7.917335	1.3567808	-3.852099	-19.647068	68.63396	6.87517	22815.859828948975
184	996.38525	2.2651954	999.5567	992.1521	329.55746	30.95438	368.47345	290.5229	-21.899765	0.76295483	-20.576183	-22.934803	-71.490814	18.629826	-43.236633	-90.53687	258.06665	36.764057	301.992	199.98602	974.48553	2.8421109	978.98047	969.35767	1000.0	1000.0	735999	134.05417	16.485172	165.36203	31.580278	134.05386	16.486214	166.2082	28.830511	-7.9022093	1.3673279	-4.3039885	-18.49083	65.9181	6.9012	22926.68377017975
185	992.98596	3.6539133	998.5295	987.89325	300.33386	25.271206	339.71927	269.66272	-23.112875	2.9971201	-19.849669	-27.355091	-48.272797	21.49268	-19.168894	-78.01369	252.06104	29.185291	299.3801	221.47275	969.87305	4.123847	978.6798	963.3832	1000.0	1000.0	739999	134.022	16.496937	165.91142	23.722368	134.02222	16.49755	163.52728	18.809494	-7.8705845	1.3838967	-3.9014926	-20.235607	66.21536	7.030613	23042.014972686768
186	986.9797	2.9606316	990.73315	980.4994	240.71735	55.175053	317.15857	178.972	-20.116459	0.37426037	-19.693249	-20.86018	-80.08452	30.043804	-31.21042	-112.55713	160.63284	45.74616	232.9272	106.29258	966.86316	3.0730798	970.70715	959.8627	1000.0	1000.0	743999	134.05835	16.620033	166.48036	25.785336	134.05823	16.620878	165.48659	25.867783	-7.9020224	1.3694822	-3.9856691	-19.023355	66.057144	7.032495	23158.452255010605
187	992.2816	1.8675574	995.19135	988.48126	263.26288	30.646994	293.71536	227.54716	-18.2141	0.5461023	-17.261684	-19.115202	-81.70419	18.490465	-51.081272	-100.62326	181.55869	40.557636	242.63408	138.68631	974.06757	1.6445204	976.2449	970.7165	1000.0	1000.0	747999	134.14946	16.472506	162.0114	24.994232	134.14926	16.474337	162.80641	20.632164	-7.923882	1.3601685	-4.1643906	-18.929152	58.39828	6.861168	23271.689280748367
188	986.9585	2.2978358	990.10516	981.6601	259.38983	23.444244	283.51868	231.7324	-17.87316	0.56508553	-16.98824	-18.96301	-65.221924	35.737682	-21.162758	-119.057945	194.16791	32.79928	233.70677	160.87732	969.0853	2.4296892	972.5617	963.02295	1000.0	1000.0	751999	134.10078	16.50785	170.41348	19.697523	134.10078	16.509043	166.42177	14.786726	-7.84039	1.39777	-3.9251313	-19.402279	57.971203	6.9306183	23386.854672431946
189	989.23694	2.3370821	992.76794	984.57776	288.1512	30.32421	340.01556	263.0451	-20.013294	2.7271128	-14.542547	-21.947361	-84.91343	23.005379	-57.913216	-117.41509	203.23778	42.312862	270.43237	157.37558	969.22363	2.6692827	974.6985	965.0237	1000.0	1000.0	755999	134.22153	16.498674	162.53915	18.408218	134.2218	16.500313	164.55307	14.984223	-7.9360237	1.3532517	-4.304784	-18.887249	59.21817	7.0267606	23492.53544330597
190	990.3384	1.6556854	993.91016	987.4824	251.08667	50.164757	318.99872	193.9697	-17.167082	0.4488024	-16.574045	-18.056591	-76.33472	5.3130426	-68.01013	-81.91478	174.75195	55.155415	250.9886	114.175644	973.17126	1.7969733	977.1109	969.8866	1000.0	1000.0	759999	134.32545	16.428938	176.17186	24.420795	134.32532	16.429146	166.72006	24.232761	-7.9536667	1.3512087	-4.0344553	-19.078094	60.078712	6.8920636	23595.562466859818
191	995.8826	1.863316	998.8964	993.3254	231.65974	15.588044	243.32991	204.92455	-28.366995	0.89083195	-26.964134	-29.482912	-62.298367	17.607117	-40.017937	-89.11567	169.36137	11.81868	180.63864	152.01402	967.51575	2.3575077	971.4709	964.52795	1000.0	1000.0	763999	134.35126	16.303854	164.23897	24.20104	134.35101	16.305304	164.3296	14.591568	-7.8564687	1.3933045	-3.9452095	-19.839083	57.374783	6.7956934	23698.868569374084
192	998.07587	2.7079246	1001.68274	992.05536	260.00677	31.226305	291.80585	222.35316	-19.479565	0.33011156	-19.008902	-20.11659	-71.84045	23.933525	-51.013412	-112.390144	188.16632	31.458305	240.79242	157.31465	978.5963	2.6444628	981.98724	972.57355	1000.0	1000.0	767999	134.56886	16.310522	163.6747	30.832253	134.56888	16.31155	165.29402	27.600992	-7.8651633	1.3881639	-3.9632263	-21.069868	59.87442	6.7029777	23802.322594165802
193	987.8776	1.9173472	992.01666	985.2448	251.93268	52.227505	319.68463	194.29463	-21.533762	0.54910296	-20.499273	-22.240252	-68.13691	26.29163	-25.66217	-97.012566	183.79578	37.560604	222.67207	129.39078	966.3439	1.7018181	970.15814	963.73566	1000.0	1000.0	771999	134.70113	16.289112	166.39948	26.005001	134.70132	16.289898	165.23602	23.051254	-7.8870845	1.3727659	-4.025504	-18.70409	59.652603	6.823957	23902.5380859375
194	991.7142	1.9745893	995.3846	988.99316	302.2358	37.31941	346.27307	258.56424	-21.227207	3.1022177	-16.944748	-24.401396	-118.1496	11.677444	-107.17101	-137.02228	184.08621	42.174625	227.73547	135.66747	970.487	3.9296267	978.4399	965.0974	1000.0	1000.0	775999	134.89627	16.196901	171.13083	25.741978	134.89626	16.197184	166.4986	23.252304	-7.911283	1.3620721	-3.790081	-20.617031	60.38325	6.714829	23998.57274222374
195	990.3148	2.3324656	994.6218	986.0563	231.51382	38.033543	254.74864	165.67096	-20.660694	2.7065482	-14.938794	-22.653532	-82.25627	41.95671	-36.839687	-136.19833	149.25757	66.18926	214.6862	55.79711	969.6542	2.7236354	973.3097	963.7825	1000.0	1000.0	779999	135.09612	16.143223	168.8485	26.333677	135.09622	16.143951	163.40494	23.384995	-7.8666763	1.3917648	-3.7787256	-19.83789	58.13675	6.6821427	24093.574974536896
196	984.2225	4.275917	989.2457	978.53143	277.48355	32.443813	325.18536	246.1751	-22.09193	0.5550704	-21.070534	-23.124006	-90.96834	51.34115	-32.75474	-173.7003	186.51521	67.5355	248.67592	72.474785	962.13055	4.4612966	967.36	956.4478	1000.0	1000.0	783999	135.34834	15.892531	165.16328	26.562904	135.34795	15.892687	165.00502	21.058014	-7.93201	1.3648527	-4.130277	-19.663826	59.060875	6.614119	24191.673943042755
197	987.5164	1.788396	991.0478	985.6038	226.07031	39.457436	277.64832	184.65765	-15.985006	0.38856694	-15.217404	-16.641346	-70.39638	31.745495	-33.154804	-116.99205	155.67392	43.431534	226.5793	110.61302	971.53143	1.8124449	975.02014	969.5566	1000.0	1000.0	787999	135.4253	15.899046	166.70016	28.71171	135.42548	15.900831	166.20541	26.491848	-7.950182	1.3501892	-4.366862	-21.389772	60.179264	6.6483045	24289.751441001892
198	984.87305	2.42055	988.0347	979.9838	300.34155	73.41877	391.9123	216.40799	-25.436716	2.9262297	-21.734022	-29.83283	-87.50471	13.5616045	-72.466034	-103.0596	212.83685	86.537315	316.229	113.34839	959.43634	2.372889	964.58136	955.4879	1000.0	1000.0	791999	135.50974	16.034678	168.6016	20.01313	135.5098	16.036058	168.26259	18.158895	-7.908919	1.3669616	-3.855321	-18.865383	60.02636	6.668091	24387.563172101974
199	989.50507	2.4058092	993.2423	985.9399	285.40683	17.36568	311.80267	267.1373	-17.484177	2.2037647	-11.055881	-19.399626	-97.172226	42.92812	-40.230988	-139.63641	188.23462	41.206074	232.66483	127.500885	972.0209	3.6484926	980.20355	968.04395	1000.0	1000.0	795999	135.52258	16.080177	167.1302	23.474808	135.52266	16.081347	167.6829	17.64599	-7.900904	1.3692133	-4.036628	-17.926952	55.36464	6.742269	24485.88555264473
200	992.6403	2.1218207	995.5662	989.44354	244.3595	39.49155	277.95575	178.21465	-21.429749	0.6530678	-20.356688	-22.629854	-72.231224	19.504686	-39.650883	-88.07063	172.12827	20.016817	189.88512	138.56377	971.2106	2.233013	975.20953	968.24347	1000.0	1000.0	799999	135.6188	16.0121	170.37407	28.345362	135.61879	16.013018	170.6834	18.277637	-7.8971395	1.3746752	-4.2450643	-18.980368	52.037292	6.7026663	24583.16469359398
