Epoch	AverageTestEnv0Ret	StdTestEnv0Ret	MaxTestEnv0Ret	MinTestEnv0Ret	AverageEnv0Ret	StdEnv0Ret	MaxEnv0Ret	MinEnv0Ret	AverageEpRet	StdEpRet	MaxEpRet	MinEpRet	AverageTestEpRet	StdTestEpRet	MaxTestEpRet	MinTestEpRet	EpLen	TestEpLen	TotalEnvInteracts	AverageQ1Vals	StdQ1Vals	MaxQ1Vals	MinQ1Vals	AverageQ2Vals	StdQ2Vals	MaxQ2Vals	MinQ2Vals	AverageLogPi	StdLogPi	MaxLogPi	MinLogPi	LossPi	LossQ	Time
1	492.39618	18.757883	530.10425	467.39966	-76.312325	115.32025	4.0346828	-346.36548	-76.312325	115.32025	4.0346828	-346.36548	492.39618	18.757883	530.10425	467.39966	215.44444	1000.0	3999	3.8959117	3.0514503	24.199013	-8.518154	3.8951466	3.0552154	23.896324	-8.253068	-4.82511	1.111052	5.4749727	-15.044332	1.8440212	1.229625	77.56063795089722
2	664.6754	16.35241	701.826	645.24005	-94.36407	121.3047	20.559809	-347.5562	-94.36407	121.3047	20.559809	-347.5562	664.6754	16.35241	701.826	645.24005	272.53333	1000.0	7999	9.700849	3.5243351	28.649597	-8.881705	9.700654	3.5316386	29.079535	-8.367464	-4.4826226	1.3707883	8.19685	-15.018818	3.9221635	2.4821181	182.60899209976196
3	543.2936	7.093656	554.7634	533.09906	-82.77117	112.015396	20.598356	-368.2594	-82.77117	112.015396	20.598356	-368.2594	543.2936	7.093656	554.7634	533.09906	222.88235	1000.0	11999	13.512977	4.131478	34.196873	-12.414253	13.513295	4.1443744	33.771523	-13.28941	-4.376301	1.4655257	11.528569	-14.090055	5.0021195	3.7149508	291.28622174263
4	806.8962	25.064734	856.404	766.9012	-71.957085	101.87736	7.415343	-322.32236	-71.957085	101.87736	7.415343	-322.32236	806.8962	25.064734	856.404	766.9012	221.36842	1000.0	15999	15.145532	4.6725936	38.504707	-14.11803	15.145638	4.6846275	38.35555	-14.879525	-4.4105477	1.4734179	19.31812	-15.960005	5.000785	4.0910754	397.8808104991913
5	717.56885	33.06686	791.58136	657.4468	-52.83777	84.4987	6.4626107	-246.2795	-52.83777	84.4987	6.4626107	-246.2795	717.56885	33.06686	791.58136	657.4468	258.26666	1000.0	19999	15.196591	5.643788	37.66911	-18.075277	15.197059	5.6555843	39.599808	-19.576591	-4.279196	1.5435498	14.478954	-15.171708	4.3897676	4.5690937	500.3488435745239
6	742.8793	69.244286	843.03827	653.58014	-49.75944	86.36339	16.045042	-275.75443	-49.75944	86.36339	16.045042	-275.75443	742.8793	69.244286	843.03827	653.58014	327.75	1000.0	23999	16.012772	6.637916	37.78005	-19.3854	16.01344	6.6447773	36.863506	-20.403421	-4.24455	1.5162351	9.601536	-14.997521	3.894789	4.21822	607.7917716503143
7	736.8242	88.70288	795.6389	482.37198	-28.182383	52.690224	45.37732	-176.25157	-28.182383	52.690224	45.37732	-176.25157	736.8242	88.70288	795.6389	482.37198	175.875	1000.0	27999	16.78242	7.7864413	39.21025	-17.279182	16.78333	7.7906413	40.7202	-17.82537	-4.2299047	1.5076482	8.975542	-15.620301	3.3613145	4.4450965	715.3234460353851
8	681.258	48.678745	780.45215	633.16	-26.10693	52.48808	11.253527	-183.54459	-26.10693	52.48808	11.253527	-183.54459	681.258	48.678745	780.45215	633.16	188.4375	1000.0	31999	17.626184	9.007254	38.311615	-18.625156	17.625858	9.013728	40.296703	-17.9531	-4.173439	1.55008	10.005064	-14.1851425	3.0522983	4.6752744	824.0661361217499
9	615.5745	33.086147	657.5557	562.381	-19.90958	57.157116	43.763657	-161.8159	-19.90958	57.157116	43.763657	-161.8159	615.5745	33.086147	657.5557	562.381	224.35	1000.0	35999	18.56206	10.189287	41.88473	-18.840614	18.56242	10.194305	42.901154	-17.72156	-4.1013803	1.583042	12.011998	-14.586842	2.8554623	4.6824875	934.3630471229553
10	618.75037	45.28325	670.2465	509.84372	-51.45034	77.22877	49.2935	-192.72217	-51.45034	77.22877	49.2935	-192.72217	618.75037	45.28325	670.2465	509.84372	448.7	1000.0	39999	19.510609	11.192169	41.205666	-18.119658	19.510698	11.195877	41.34433	-19.424189	-4.097644	1.5924789	10.533108	-14.403503	1.9218261	4.740845	1046.8273520469666
11	606.5653	64.920944	688.0875	504.4421	-3.4421115	46.098667	95.06806	-131.0191	-3.4421115	46.098667	95.06806	-131.0191	606.5653	64.920944	688.0875	504.4421	242.78572	1000.0	43999	20.549515	12.047106	44.615704	-16.469913	20.550026	12.0505905	44.19836	-16.330608	-4.094023	1.5871347	16.209883	-14.099823	1.4972595	4.7122264	1160.1794397830963
12	578.74603	42.510235	690.4074	537.3663	-69.0784	82.60288	17.260254	-182.41196	-69.0784	82.60288	17.260254	-182.41196	578.74603	42.510235	690.4074	537.3663	510.44446	1000.0	47999	22.28494	12.8178	46.139313	-16.074665	22.28522	12.820988	47.544373	-16.903625	-4.1088543	1.5906254	15.753263	-14.769289	1.3914725	4.4494534	1270.959727048874
13	611.6452	15.002583	649.3892	591.42535	-38.397617	78.415855	48.6393	-157.41826	-38.397617	78.415855	48.6393	-157.41826	611.6452	15.002583	649.3892	591.42535	410.22223	1000.0	51999	24.091328	13.51206	48.063488	-16.24906	24.091423	13.514782	47.71082	-17.523949	-4.110677	1.6030183	14.424847	-14.129822	1.1203014	4.343739	1382.6673345565796
14	652.01575	21.93076	690.48944	613.18915	-5.5144067	52.46551	93.80038	-161.64142	-5.5144067	52.46551	93.80038	-161.64142	652.01575	21.93076	690.48944	613.18915	254.29411	1000.0	55999	24.956263	14.325363	47.329697	-15.352784	24.955965	14.327327	49.017864	-16.51418	-4.0954285	1.6238726	13.734908	-13.787107	0.3815546	4.714863	1496.2367238998413
15	602.99414	6.642049	617.1944	594.74347	-62.257935	56.56423	16.715677	-148.19423	-62.257935	56.56423	16.715677	-148.19423	602.99414	6.642049	617.1944	594.74347	547.1429	1000.0	59999	25.6271	15.086275	50.036343	-15.099628	25.626915	15.089255	50.04287	-16.331884	-4.0955095	1.6237115	11.7752075	-16.850327	0.12143389	4.8455477	1608.2639944553375
16	619.58826	12.092383	631.6042	597.5118	-31.951752	58.927727	28.401602	-123.57555	-31.951752	58.927727	28.401602	-123.57555	619.58826	12.092383	631.6042	597.5118	572.8333	1000.0	63999	26.858355	15.582795	50.649452	-14.368348	26.858303	15.584726	50.550167	-15.405634	-4.096374	1.6244646	14.301854	-15.070706	-0.8432985	4.6343155	1724.1555881500244
17	723.8446	56.218384	874.1049	671.1582	18.567028	71.34404	267.92566	-102.50146	18.567028	71.34404	267.92566	-102.50146	723.8446	56.218384	874.1049	671.1582	229.05263	1000.0	67999	27.337698	16.027948	51.904797	-16.825018	27.337996	16.030376	52.236774	-15.101995	-4.0758867	1.641469	11.3433075	-14.465964	-1.8515137	4.983885	1843.648626089096
18	737.8001	216.46251	895.89185	101.761734	-20.331026	67.39822	63.724377	-160.66171	-20.331026	67.39822	63.724377	-160.66171	737.8001	216.46251	895.89185	101.761734	359.36365	908.0	71999	28.12275	16.335495	51.849598	-14.401741	28.122957	16.337656	53.045734	-14.419777	-4.056068	1.6748143	14.707331	-12.915581	-2.6050825	5.1099806	1963.1596677303314
19	787.944	103.10143	991.997	600.5989	-28.421322	63.08047	49.50944	-159.43388	-28.421322	63.08047	49.50944	-159.43388	787.944	103.10143	991.997	600.5989	484.22223	1000.0	75999	29.133888	16.585436	54.774727	-15.208967	29.133602	16.58851	59.001015	-14.537447	-4.0497804	1.6864579	15.714685	-16.633656	-2.2317119	5.0161877	2083.220041036606
20	660.8485	142.33463	878.04596	475.67575	-9.278545	93.964	124.31623	-201.49348	-9.278545	93.964	124.31623	-201.49348	660.8485	142.33463	878.04596	475.67575	333.5	1000.0	79999	29.908115	16.758741	53.86659	-14.264762	29.90754	16.761621	57.378685	-15.341128	-4.042094	1.6980556	20.871601	-15.466864	-2.52349	5.1186976	2205.103544473648
21	538.49915	24.236597	563.50397	479.21902	-15.83311	75.17431	80.47226	-163.45387	-15.83311	75.17431	80.47226	-163.45387	538.49915	24.236597	563.50397	479.21902	339.5	1000.0	83999	30.733065	17.027107	56.954933	-14.264867	30.733282	17.0295	57.654	-14.989447	-4.0247846	1.7338741	15.355722	-13.650567	-2.9165308	5.2078795	2325.431946516037
22	677.10693	27.740824	730.3478	615.3678	-11.310013	66.8793	84.388756	-176.01303	-11.310013	66.8793	84.388756	-176.01303	677.10693	27.740824	730.3478	615.3678	270.41666	1000.0	87999	31.026173	17.402306	57.156128	-15.222145	31.025728	17.404388	57.159245	-16.158308	-4.018796	1.7310679	19.2125	-14.98649	-3.957518	5.403136	2449.631240606308
23	944.26154	63.597374	1086.3009	867.16644	-12.055184	96.5694	177.31662	-182.17192	-12.055184	96.5694	177.31662	-182.17192	944.26154	63.597374	1086.3009	867.16644	323.7143	1000.0	91999	31.52624	17.619612	57.59199	-14.37872	31.526146	17.622034	60.97842	-15.396077	-4.0304337	1.7252328	15.471281	-15.236531	-4.245167	5.4543886	2575.690971136093
24	961.037	42.7165	1063.1777	920.635	-27.346125	113.35912	134.7145	-164.1723	-27.346125	113.35912	134.7145	-164.1723	961.037	42.7165	1063.1777	920.635	594.0	997.2	95999	32.110775	17.813238	56.91194	-15.240007	32.11072	17.81519	59.76332	-14.800006	-4.017526	1.7600675	11.693778	-15.40103	-3.7668378	5.4249263	2700.328022003174
25	763.72925	375.9755	1250.2748	35.648952	32.221947	100.1925	154.85893	-147.07394	32.221947	100.1925	154.85893	-147.07394	763.72925	375.9755	1250.2748	35.648952	498.2857	813.5	99999	32.500336	17.985575	58.849106	-15.077557	32.500206	17.987097	58.92327	-16.90941	-4.050864	1.739483	14.554776	-14.179182	-3.6777465	5.586644	2821.627185344696
26	649.75824	355.5932	1055.2489	93.90944	19.863512	132.02708	233.6865	-118.212715	19.863512	132.02708	233.6865	-118.212715	649.75824	355.5932	1055.2489	93.90944	734.3333	618.1	103999	33.054577	18.175547	58.07693	-15.601566	33.054443	18.177238	56.883095	-17.485252	-4.0228806	1.776425	13.808323	-14.491764	-3.4229622	5.628838	2938.443997144699
27	1017.81445	302.43414	1388.9523	238.2433	47.585827	95.72832	249.26384	-138.11754	47.585827	95.72832	249.26384	-138.11754	1017.81445	302.43414	1388.9523	238.2433	351.7	916.0	107999	33.63248	18.277384	58.37628	-16.173754	33.632072	18.279755	59.170673	-15.89764	-3.998065	1.8030578	19.43061	-14.280666	-2.9719064	5.8196583	3060.9567761421204
28	804.10956	327.18814	1139.8926	79.13417	18.667099	142.76253	378.48407	-139.73967	18.667099	142.76253	378.48407	-139.73967	804.10956	327.18814	1139.8926	79.13417	502.55554	794.9	111999	34.16104	18.283773	60.791756	-15.673374	34.16047	18.28641	60.472424	-16.687277	-3.9918537	1.8084968	15.716376	-14.46119	-2.9736767	5.976494	3180.5592098236084
29	730.56805	374.78162	1154.7411	35.51472	43.76366	102.40398	176.7903	-184.75243	43.76366	102.40398	176.7903	-184.75243	730.56805	374.78162	1154.7411	35.51472	244.93333	745.3	115999	34.77261	18.199106	58.823044	-18.544794	34.77189	18.201843	59.80586	-16.552456	-3.9710488	1.8369372	16.388756	-16.436398	-4.318459	6.151043	3297.453768968582
30	760.3283	286.29453	1014.5315	110.0978	-16.48899	86.49331	72.9655	-147.41443	-16.48899	86.49331	72.9655	-147.41443	760.3283	286.29453	1014.5315	110.0978	548.75	832.2	119999	35.198334	18.12523	63.421604	-17.554022	35.19785	18.127834	61.99295	-19.68953	-3.9439008	1.8588529	20.50245	-14.265486	-5.650155	6.3729324	3416.390344619751
31	724.38983	309.10352	1065.4785	78.76512	-29.566097	88.77925	67.62673	-237.60632	-29.566097	88.77925	67.62673	-237.60632	724.38983	309.10352	1065.4785	78.76512	431.0	821.7	123999	35.817596	18.026909	62.54712	-15.204605	35.81751	18.029802	63.978638	-17.292143	-3.9677289	1.848772	15.093307	-15.695832	-6.2878017	6.1168733	3535.8837950229645
32	841.79944	197.80966	1088.9097	453.69928	-120.11682	39.00129	-83.05049	-184.7749	-120.11682	39.00129	-83.05049	-184.7749	841.79944	197.80966	1088.9097	453.69928	1000.0	870.2	127999	36.530323	17.93198	62.74395	-17.041763	36.530075	17.934805	64.56935	-15.848106	-3.959597	1.8811979	13.713392	-14.130368	-6.5018454	5.9926133	3654.4283821582794
33	879.5622	307.40268	1314.7726	348.11697	21.492496	79.24388	130.09666	-177.64995	21.492496	79.24388	130.09666	-177.64995	879.5622	307.40268	1314.7726	348.11697	461.7	912.1	131999	37.034897	17.892416	60.449276	-16.813429	37.03465	17.895285	63.541775	-16.940289	-3.9641438	1.8820066	18.684673	-14.031881	-6.9129133	6.071973	3774.949732542038
34	1015.3997	311.01282	1692.4974	585.8014	-0.47888184	95.05194	117.6043	-203.72798	-0.47888184	95.05194	117.6043	-203.72798	1015.3997	311.01282	1692.4974	585.8014	361.72726	857.2	135999	37.503143	17.875675	60.923637	-17.922176	37.502953	17.878098	65.81355	-17.538906	-3.9456785	1.9143906	15.092278	-13.148718	-7.2953897	6.1848683	3895.291405439377
35	652.0547	341.87222	1145.0016	140.53787	68.946144	140.82053	434.8192	-189.36134	68.946144	140.82053	434.8192	-189.36134	652.0547	341.87222	1145.0016	140.53787	337.81818	763.9	139999	37.81656	17.825851	59.922028	-17.621223	37.81664	17.827374	60.49462	-16.741224	-3.9162235	1.935454	15.462101	-14.764504	-7.7559147	6.433219	4013.7123939990997
36	866.82697	211.27754	1165.8008	306.3354	37.897236	139.48494	282.466	-170.51483	37.897236	139.48494	282.466	-170.51483	866.82697	211.27754	1165.8008	306.3354	501.625	924.3	143999	38.274956	17.665476	62.416668	-19.352556	38.274715	17.667576	65.36223	-19.640532	-3.9154446	1.9345262	18.437366	-15.084382	-7.6654735	6.421735	4134.795179367065
37	836.49384	348.49854	1320.8484	184.1721	-37.014473	86.444336	72.15656	-186.83871	-37.014473	86.444336	72.15656	-186.83871	836.49384	348.49854	1320.8484	184.1721	538.8571	704.3	147999	38.651886	17.565601	62.734108	-19.158081	38.65114	17.569038	62.311176	-20.054811	-3.9369612	1.9212307	21.977125	-14.098658	-7.182318	6.436165	4255.850461006165
38	696.5497	92.247154	883.13116	584.59625	89.58105	158.48973	431.44186	-59.360916	89.58105	158.48973	431.44186	-59.360916	696.5497	92.247154	883.13116	584.59625	605.0	1000.0	151999	38.92101	17.499237	62.58628	-19.17774	38.921303	17.501308	62.77467	-18.40687	-3.935348	1.9384015	18.371363	-13.848179	-7.9513144	6.3751574	4381.478443145752
39	522.3343	207.26808	906.0646	17.815794	-28.716238	63.10346	31.524708	-140.25374	-28.716238	63.10346	31.524708	-140.25374	522.3343	207.26808	906.0646	17.815794	593.7143	901.9	155999	39.37889	17.455704	64.19343	-20.331259	39.37911	17.45714	66.073906	-18.068632	-3.9197507	1.9668754	18.324352	-14.294542	-9.416966	6.450213	4502.934882879257
40	376.2813	335.03842	1004.94794	77.31176	11.155698	119.42171	189.54126	-131.12689	11.155698	119.42171	189.54126	-131.12689	376.2813	335.03842	1004.94794	77.31176	716.1667	318.7	159999	39.85673	17.344288	65.00854	-18.216469	39.85671	17.347252	64.86898	-17.999754	-3.9005203	1.9967703	18.559414	-14.756664	-10.207549	6.608947	4615.637854576111
41	704.85297	195.5206	1147.7809	515.39386	41.740364	143.98311	298.9268	-137.3211	41.740364	143.98311	298.9268	-137.3211	704.85297	195.5206	1147.7809	515.39386	506.0	1000.0	163999	40.3241	17.182537	63.084496	-20.623213	40.323803	17.185509	63.693604	-17.569698	-3.8808653	2.0069327	17.1529	-14.75925	-10.719437	6.4948945	4739.905061721802
42	478.18384	202.892	743.2907	72.718315	-15.349546	101.40139	117.61869	-205.05801	-15.349546	101.40139	117.61869	-205.05801	478.18384	202.892	743.2907	72.718315	490.77777	814.7	167999	40.640812	17.146341	64.027115	-20.152796	40.640606	17.149847	68.26296	-19.873058	-3.8915856	2.0180776	22.903889	-14.372345	-10.110537	6.576119	4859.40339589119
43	531.6638	378.51227	941.2536	20.358778	63.82445	82.41153	228.20433	-132.34064	63.82445	82.41153	228.20433	-132.34064	531.6638	378.51227	941.2536	20.358778	250.06667	556.3	171999	41.01253	17.003422	66.08842	-21.00362	41.012703	17.005236	65.60333	-23.146656	-3.864159	2.034161	16.755985	-18.157488	-11.019186	6.8258286	4974.02588891983
44	730.2053	439.04678	1274.7773	26.190098	46.55874	151.54428	198.84438	-138.23587	46.55874	151.54428	198.84438	-138.23587	730.2053	439.04678	1274.7773	26.190098	844.4	715.0	175999	41.26623	16.824432	65.18213	-22.267641	41.26599	16.827553	67.847466	-24.654152	-3.852566	2.057909	22.065691	-13.805204	-12.036863	7.0761294	5089.880771636963
45	714.41223	263.43793	915.28534	106.20706	42.338364	172.02724	449.78577	-145.99138	42.338364	172.02724	449.78577	-145.99138	714.41223	263.43793	915.28534	106.20706	450.44446	777.4	179999	41.63485	16.597593	67.34398	-22.382801	41.63471	16.600298	68.48132	-21.464457	-3.8372903	2.0696936	20.171776	-14.800057	-12.435787	7.0448146	5206.062796115875
46	515.2964	381.7657	1022.65564	12.303485	91.32536	133.34955	331.42908	-101.84889	91.32536	133.34955	331.42908	-101.84889	515.2964	381.7657	1022.65564	12.303485	487.44446	551.1	183999	42.014214	16.399414	66.32639	-20.23115	42.01388	16.403414	68.8708	-20.207996	-3.8525705	2.064675	17.315609	-14.007237	-11.681859	6.9724517	5318.7579073905945
47	1061.8284	302.8893	1330.8865	255.4611	37.865334	88.30579	133.60854	-125.90455	37.865334	88.30579	133.60854	-125.90455	1061.8284	302.8893	1330.8865	255.4611	656.6	924.3	187999	42.35656	16.225353	67.69559	-19.866264	42.35665	16.226345	75.192924	-19.657085	-3.8532512	2.065123	22.6316	-14.105896	-11.506584	7.136041	5442.0806584358215
48	532.93585	407.18063	1067.6132	29.216112	142.91582	389.5223	813.9879	-143.01262	142.91582	389.5223	813.9879	-143.01262	532.93585	407.18063	1067.6132	29.216112	1000.0	550.4	191999	42.708584	16.047998	68.83943	-20.203175	42.708336	16.05078	68.810684	-18.880451	-3.837237	2.070076	19.537548	-14.598839	-12.258055	7.124128	5558.788644313812
49	849.20154	227.26779	1100.3862	315.1128	109.00766	68.19614	228.16098	17.129896	109.00766	68.19614	228.16098	17.129896	849.20154	227.26779	1100.3862	315.1128	350.53845	811.0	195999	42.986607	15.910929	67.90102	-20.637272	42.98615	15.914078	70.70425	-21.093327	-3.795606	2.1232696	18.188164	-14.051402	-13.668385	7.326868	5680.114674091339
50	1063.1516	495.5597	1669.1584	61.657307	72.14196	137.91972	360.1006	-132.93666	72.14196	137.91972	360.1006	-132.93666	1063.1516	495.5597	1669.1584	61.657307	404.2	760.3	199999	43.29442	15.715559	70.21892	-19.594477	43.2942	15.719309	68.932495	-19.138609	-3.7963722	2.1231968	22.49255	-14.400002	-14.210531	7.550526	5802.758033275604
51	1178.0527	273.1025	1476.8511	532.9618	83.917046	90.9905	212.90126	-58.37536	83.917046	90.9905	212.90126	-58.37536	1178.0527	273.1025	1476.8511	532.9618	481.625	943.8	203999	43.490677	15.707771	68.31756	-19.392633	43.490376	15.711409	68.112564	-21.510138	-3.8143184	2.1079104	21.009823	-14.910915	-13.528482	7.6246424	5928.388366699219
52	500.96347	124.927635	837.53485	408.85788	4.660032	86.26822	111.94479	-139.52414	4.660032	86.26822	111.94479	-139.52414	500.96347	124.927635	837.53485	408.85788	619.6667	1000.0	207999	43.70183	15.670328	68.326225	-19.328476	43.70148	15.6730795	68.943665	-22.72715	-3.7873204	2.1306496	26.706028	-14.289496	-13.922177	7.721801	6052.715286254883
53	1158.4363	407.48596	1714.3729	442.61786	39.552814	169.4202	339.72626	-177.10089	39.552814	169.4202	339.72626	-177.10089	1158.4363	407.48596	1714.3729	442.61786	761.8333	949.9	211999	44.03791	15.566706	67.45367	-21.590813	44.0378	15.570943	70.36007	-22.54674	-3.7577238	2.1916385	20.044651	-13.891609	-14.483706	7.8680983	6170.901431322098
54	1502.1458	324.5603	1930.9696	972.1836	128.25697	150.63629	482.17203	-1.1441318	128.25697	150.63629	482.17203	-1.1441318	1502.1458	324.5603	1930.9696	972.1836	331.3	966.2	215999	44.178986	15.480489	68.27099	-22.858025	44.178665	15.482988	70.38867	-22.468801	-3.769145	2.1427836	26.125738	-15.366671	-15.291877	7.999757	6293.062276124954
55	484.1087	186.58391	898.5536	266.92627	108.994774	129.60014	324.62836	-132.71481	108.994774	129.60014	324.62836	-132.71481	484.1087	186.58391	898.5536	266.92627	430.0909	1000.0	219999	44.35694	15.447842	70.46778	-23.70856	44.356964	15.450371	75.64017	-24.536263	-3.8000884	2.119722	27.714348	-13.808139	-15.465224	7.958196	6427.992025852203
56	623.82434	244.25098	1181.6139	339.26285	53.341934	112.977646	243.97493	-36.902695	53.341934	112.977646	243.97493	-36.902695	623.82434	244.25098	1181.6139	339.26285	769.0	812.4	223999	44.6203	15.381012	71.53319	-25.512838	44.62025	15.384511	75.418755	-25.06783	-3.7376072	2.1706645	37.149216	-14.718288	-15.931619	8.211187	6607.5511684417725
57	1233.4982	440.23	1650.0664	132.59767	190.66669	279.77353	824.02625	-137.89026	190.66669	279.77353	824.02625	-137.89026	1233.4982	440.23	1650.0664	132.59767	510.77777	872.2	227999	44.727943	15.395764	73.75163	-26.907095	44.72811	15.397917	75.33553	-29.365837	-3.7293296	2.1977713	21.28563	-13.777287	-16.192024	8.528083	6788.657697200775
58	1306.5118	168.47	1474.3672	854.89166	91.9394	109.97185	214.19711	-128.45189	91.9394	109.97185	214.19711	-128.45189	1306.5118	168.47	1474.3672	854.89166	522.8571	960.6	231999	45.01887	15.307545	75.861885	-30.666441	45.019196	15.309589	77.52787	-33.12597	-3.7497547	2.202627	19.139763	-14.917071	-16.100594	8.394621	6969.376800537109
59	1587.7614	340.83264	2115.0942	1006.51685	72.78335	198.34181	470.40216	-104.36206	72.78335	198.34181	470.40216	-104.36206	1587.7614	340.83264	2115.0942	1006.51685	650.4286	911.7	235999	45.284145	15.3039665	72.44578	-29.882608	45.28421	15.308078	73.11623	-31.226793	-3.701196	2.211359	34.014004	-15.616865	-16.647078	8.513001	7124.308807373047
60	1114.4913	690.02325	2032.2034	107.8583	314.42087	260.92532	621.3137	-36.57101	314.42087	260.92532	621.3137	-36.57101	1114.4913	690.02325	2032.2034	107.8583	808.2	738.9	239999	45.55879	15.079427	69.643265	-30.936504	45.55843	15.083685	71.061676	-31.013594	-3.7262108	2.1916063	29.431246	-15.612932	-15.443907	8.527741	7274.802110910416
61	1480.2773	203.5962	1728.5717	964.5114	134.6109	188.68831	407.33868	-113.887794	134.6109	188.68831	407.33868	-113.887794	1480.2773	203.5962	1728.5717	964.5114	610.3333	1000.0	243999	45.81286	14.959314	71.95981	-30.834585	45.81249	14.963786	75.17892	-31.185638	-3.669251	2.2506523	21.531075	-14.436941	-15.846197	8.597232	7421.796326160431
62	1171.005	316.3433	1614.912	399.50772	89.59316	139.51068	269.88422	-157.60901	89.59316	139.51068	269.88422	-157.60901	1171.005	316.3433	1614.912	399.50772	826.6	882.8	247999	46.156506	14.7381315	72.29778	-30.512833	46.155865	14.742211	74.00735	-32.54925	-3.7047677	2.2244904	19.646599	-15.171249	-16.740868	8.724953	7564.211149692535
63	952.03107	604.32806	1907.8003	269.44998	209.59366	222.90033	698.74585	7.586006	209.59366	222.90033	698.74585	7.586006	952.03107	604.32806	1907.8003	269.44998	520.7143	503.6	251999	46.42647	14.590737	71.17744	-28.909487	46.42681	14.594125	73.03855	-28.198395	-3.661133	2.275155	25.09079	-13.752598	-16.48148	8.574815	7734.680917978287
64	1384.0864	518.4365	1951.8763	705.33905	80.747246	230.32826	430.37964	-191.36263	80.747246	230.32826	430.37964	-191.36263	1384.0864	518.4365	1951.8763	705.33905	612.7143	882.9	255999	46.70846	14.480822	73.27154	-32.81593	46.707756	14.486713	75.44159	-29.903032	-3.6491766	2.2890935	23.212263	-15.9138565	-16.59625	8.784615	7917.639912605286
65	1080.622	706.14105	1939.6316	97.243866	171.12602	259.08783	611.3783	-170.02928	171.12602	259.08783	611.3783	-170.02928	1080.622	706.14105	1939.6316	97.243866	596.0	746.3	259999	47.14773	14.053654	75.20189	-29.42727	47.14746	14.058788	76.35509	-29.104662	-3.671906	2.268029	19.383461	-16.052982	-18.042194	8.766201	8099.5124588012695
66	1097.8121	229.47072	1442.0221	510.48422	143.24936	260.93002	462.40445	-153.86362	143.24936	260.93002	462.40445	-153.86362	1097.8121	229.47072	1442.0221	510.48422	727.8	986.6	263999	47.404903	13.924984	79.8402	-28.528677	47.40471	13.930784	78.332664	-29.332096	-3.6479793	2.2955892	34.815086	-15.026387	-18.448898	9.0470705	8256.52065730095
67	1191.8706	470.23575	1810.5869	370.94577	196.27086	198.90266	461.289	-106.9145	196.27086	198.90266	461.289	-106.9145	1191.8706	470.23575	1810.5869	370.94577	697.8333	703.8	267999	47.588516	13.832193	75.832794	-30.803263	47.588387	13.835524	78.23104	-29.72438	-3.6485107	2.292792	36.728256	-18.91969	-18.190039	9.141482	8377.802993774414
68	1078.5603	422.28354	1846.6027	266.7907	212.47993	186.78737	406.31778	-57.655544	212.47993	186.78737	406.31778	-57.655544	1078.5603	422.28354	1846.6027	266.7907	707.4	917.6	271999	47.910206	13.702841	75.41202	-29.687246	47.910145	13.707633	77.721115	-30.743662	-3.6321366	2.3164206	26.137016	-15.37508	-17.583437	9.211411	8502.537919521332
69	1391.9601	374.59705	1906.4376	925.8365	279.9743	139.57626	529.2152	88.72547	279.9743	139.57626	529.2152	88.72547	1391.9601	374.59705	1906.4376	925.8365	516.2222	956.7	275999	48.155113	13.553565	75.64456	-33.825184	48.15498	13.558133	79.63349	-32.483833	-3.6088212	2.3356793	24.02757	-14.594112	-19.209732	9.274549	8624.416193962097
70	932.766	537.09283	1885.1113	151.89816	225.59467	256.35922	897.217	1.9785848	225.59467	256.35922	897.217	1.9785848	932.766	537.09283	1885.1113	151.89816	340.33334	690.5	279999	48.44235	13.489222	78.46073	-33.440117	48.441807	13.495421	81.23626	-35.238743	-3.5518858	2.4033747	39.60374	-15.200798	-20.381256	9.457743	8741.72543311119
71	1562.8864	409.1249	1904.4226	390.1544	215.61685	269.94327	729.8682	-116.92862	215.61685	269.94327	729.8682	-116.92862	1562.8864	409.1249	1904.4226	390.1544	403.8	905.3	283999	48.949306	13.226721	80.65919	-36.22556	48.94948	13.232918	81.05893	-34.171516	-3.5547144	2.4058006	29.236301	-14.554411	-22.235575	9.850905	8863.598751306534
72	1368.8292	707.3834	2202.7449	62.403404	303.4408	220.91478	555.75037	-132.71358	303.4408	220.91478	555.75037	-132.71358	1368.8292	707.3834	2202.7449	62.403404	588.6667	816.1	287999	49.251	13.149967	82.54551	-35.380787	49.250847	13.157235	83.75008	-36.483208	-3.529662	2.4199526	27.11804	-14.397029	-23.93016	10.147968	8982.33687710762
73	1593.6667	307.27942	1796.6823	686.2512	218.71884	188.46475	550.5987	-81.94747	218.71884	188.46475	550.5987	-81.94747	1593.6667	307.27942	1796.6823	686.2512	442.0	939.6	291999	49.69139	12.974823	81.87238	-32.635765	49.6909	12.982106	82.397026	-32.36864	-3.4821696	2.4605808	24.124626	-16.903505	-24.869524	10.296469	9101.344445466995
74	1103.8644	544.52454	1969.8215	132.5445	347.70483	334.21835	978.6841	-65.92963	347.70483	334.21835	978.6841	-65.92963	1103.8644	544.52454	1969.8215	132.5445	582.4286	722.7	295999	49.898724	12.908836	85.65956	-35.270683	49.89869	12.914248	84.70805	-34.035545	-3.4416573	2.5152247	26.467184	-13.553408	-24.684834	10.796763	9221.018247365952
75	1312.9617	468.16748	1728.2484	51.133045	464.4916	435.4551	1099.3018	-79.60812	464.4916	435.4551	1099.3018	-79.60812	1312.9617	468.16748	1728.2484	51.133045	639.5	905.6	299999	50.12881	12.76714	82.67498	-33.554214	50.128616	12.774216	84.44413	-32.410313	-3.4579484	2.494742	30.806526	-15.269293	-25.229494	10.806322	9344.186250925064
76	1211.7737	591.9382	2013.3695	101.72305	366.57394	360.8861	736.22894	-161.2984	366.57394	360.8861	736.22894	-161.2984	1211.7737	591.9382	2013.3695	101.72305	806.5	796.9	303999	50.43282	12.716024	86.03541	-33.276505	50.432476	12.722983	88.29549	-33.105976	-3.4342544	2.5029535	33.40541	-14.057734	-26.36309	10.897551	9461.896042585373
77	1389.4082	572.5671	1803.0161	150.71278	351.18726	391.27872	1258.8206	-9.6377535	351.18726	391.27872	1258.8206	-9.6377535	1389.4082	572.5671	1803.0161	150.71278	543.75	834.1	307999	50.73551	12.769305	86.17861	-33.760788	50.735645	12.77535	86.38318	-34.10148	-3.4239357	2.5545912	39.41507	-14.151671	-27.090082	11.280924	9584.064546585083
78	1604.9572	167.73404	1763.33	1153.928	304.3545	322.87463	898.3892	12.537919	304.3545	322.87463	898.3892	12.537919	1604.9572	167.73404	1763.33	1153.928	656.8333	1000.0	311999	50.994934	12.688917	86.1301	-34.39137	50.994514	12.696512	86.68172	-33.415615	-3.432529	2.5236492	40.10424	-13.7128105	-28.399155	11.324107	9710.924778699875
79	1535.2913	423.51193	2006.4282	974.3846	228.64058	269.50684	567.381	-196.02055	228.64058	269.50684	567.381	-196.02055	1535.2913	423.51193	2006.4282	974.3846	787.8	935.6	315999	51.28724	12.621771	88.706406	-31.88047	51.28678	12.628104	86.61685	-31.75637	-3.3910391	2.5717273	35.555225	-13.889067	-28.887783	11.481521	9833.999514102936
80	1572.3828	660.3383	2313.7915	133.41577	523.90985	443.3878	1114.5132	-157.50488	523.90985	443.3878	1114.5132	-157.50488	1572.3828	660.3383	2313.7915	133.41577	852.4	861.5	319999	51.46598	12.709503	88.20119	-32.195026	51.46586	12.717065	88.62347	-36.53502	-3.3842056	2.5527878	26.311876	-13.781517	-29.29393	11.325549	9956.072902441025
81	1412.6741	404.6098	1732.0092	480.31918	382.45755	365.84467	1093.1245	44.893093	382.45755	365.84467	1093.1245	44.893093	1412.6741	404.6098	1732.0092	480.31918	608.0	932.9	323999	51.765236	12.605075	89.44942	-28.896183	51.7652	12.609445	89.40827	-32.17808	-3.3824866	2.5680866	28.66291	-14.5483	-29.34523	11.816579	10076.595307826996
82	1142.2944	458.64615	1806.2563	122.51403	300.20038	331.29678	1092.8062	-130.22687	300.20038	331.29678	1092.8062	-130.22687	1142.2944	458.64615	1806.2563	122.51403	599.625	706.5	327999	51.90671	12.607329	90.71112	-30.904354	51.90616	12.615378	90.70269	-33.576347	-3.3786075	2.567031	28.659134	-15.629532	-29.423077	11.624284	10192.318567991257
83	1911.7357	178.79836	2162.0166	1524.785	656.7033	579.3164	1230.5554	-115.42504	656.7033	579.3164	1230.5554	-115.42504	1911.7357	178.79836	2162.0166	1524.785	1000.0	1000.0	331999	52.15802	12.694952	91.723595	-33.856274	52.15813	12.698419	90.16777	-34.11794	-3.3589528	2.589014	44.835415	-14.988319	-29.966421	11.878533	10314.74783039093
84	1535.7761	537.58636	2126.638	494.5933	376.87848	429.4851	1039.6979	-192.24231	376.87848	429.4851	1039.6979	-192.24231	1535.7761	537.58636	2126.638	494.5933	678.0	925.9	335999	52.561653	12.835396	90.222206	-37.920235	52.56143	12.842389	91.57376	-36.611538	-3.338857	2.601397	46.12348	-15.619648	-30.1414	11.872362	10439.56507229805
85	1737.0756	391.22726	1990.1616	870.42487	584.6943	402.43726	1210.0305	155.30191	584.6943	402.43726	1210.0305	155.30191	1737.0756	391.22726	1990.1616	870.42487	835.2	906.1	339999	52.94104	12.886802	92.07341	-35.250183	52.94041	12.895011	91.01335	-37.049644	-3.3008306	2.6424384	33.737934	-13.823096	-30.257397	12.316427	10563.999142408371
86	1525.4241	445.06042	1994.5844	831.32135	540.34955	510.8257	1364.5828	-154.53749	540.34955	510.8257	1364.5828	-154.53749	1525.4241	445.06042	1994.5844	831.32135	717.0	944.0	343999	53.21031	12.98932	92.64652	-36.0811	53.21068	12.992378	93.28722	-36.059837	-3.284933	2.649343	39.453804	-13.907114	-30.59343	12.420071	10688.850977420807
87	1610.8376	679.90173	2296.6096	422.86877	248.14633	348.55594	861.3535	-209.62169	248.14633	348.55594	861.3535	-209.62169	1610.8376	679.90173	2296.6096	422.86877	636.2	759.0	347999	53.58251	12.929427	93.760124	-37.308655	53.58267	12.934165	92.255585	-38.51933	-3.2581306	2.6639512	37.303604	-14.530541	-30.915169	12.676238	10806.32450914383
88	1404.7327	392.6925	2029.8218	859.80115	410.10367	513.6218	1421.4392	-1.7324953	410.10367	513.6218	1421.4392	-1.7324953	1404.7327	392.6925	2029.8218	859.80115	832.4	1000.0	351999	53.81501	13.157038	94.09403	-39.369843	53.81431	13.1644335	93.74569	-35.8124	-3.2232034	2.711626	31.58891	-15.264929	-31.659864	12.94269	10946.64841556549
89	1418.5457	553.78186	2268.1648	734.8387	568.9567	374.54678	1161.7437	13.340797	568.9567	374.54678	1161.7437	13.340797	1418.5457	553.78186	2268.1648	734.8387	798.0	820.2	355999	54.061306	13.178614	98.023315	-33.296616	54.061275	13.18386	96.34266	-39.83665	-3.2032387	2.725688	32.226505	-15.279144	-32.648056	13.131681	11086.825103282928
90	1088.1898	719.6111	2115.266	44.174587	688.86694	514.2113	1340.5919	3.5605724	688.86694	514.2113	1340.5919	3.5605724	1088.1898	719.6111	2115.266	44.174587	740.3333	720.5	359999	54.411163	13.1856785	97.51698	-35.071026	54.41119	13.193809	97.23015	-35.009518	-3.1823616	2.7409923	36.13517	-15.478207	-32.509995	13.104799	11206.695937633514
91	1859.5482	518.24023	2455.2258	1006.1866	517.2354	327.86572	1142.9668	233.09251	517.2354	327.86572	1142.9668	233.09251	1859.5482	518.24023	2455.2258	1006.1866	690.8	973.1	363999	54.822605	13.400169	96.77659	-32.92417	54.82208	13.404024	96.526436	-34.956985	-3.1459627	2.7842994	32.36738	-14.628538	-33.058815	13.140586	11330.752454996109
92	1904.8815	518.013	2559.5967	1106.4427	426.58667	424.9757	1110.0984	-7.769565	426.58667	424.9757	1110.0984	-7.769565	1904.8815	518.013	2559.5967	1106.4427	631.2857	890.2	367999	55.15818	13.631561	98.175606	-37.279797	55.15736	13.639945	98.08431	-37.449364	-3.140497	2.7934058	26.946398	-14.29142	-33.151875	13.561984	11451.978941679
93	1958.3105	650.64624	2476.165	420.36353	1013.7792	386.4155	1352.4897	491.85394	1013.7792	386.4155	1352.4897	491.85394	1958.3105	650.64624	2476.165	420.36353	778.8	900.2	371999	55.510803	13.633537	99.128456	-38.216045	55.510525	13.640024	98.55534	-38.039608	-3.1503656	2.7630901	30.006914	-16.211266	-33.75386	13.72308	11571.283887386322
94	1368.9712	607.20905	1937.0504	106.46746	360.21136	417.711	1292.3221	-140.33553	360.21136	417.711	1292.3221	-140.33553	1368.9712	607.20905	1937.0504	106.46746	494.5	787.8	375999	55.852516	13.5972185	98.22433	-39.402855	55.851864	13.603569	98.82855	-40.88957	-3.1498895	2.7708018	33.40663	-15.129566	-33.215275	13.849071	11691.192820072174
95	1841.0703	399.1708	2172.1975	883.1416	473.4352	449.65308	1125.3944	-120.454994	473.4352	449.65308	1125.3944	-120.454994	1841.0703	399.1708	2172.1975	883.1416	767.4	1000.0	379999	56.139477	13.814473	101.68376	-38.651096	56.140533	13.817836	101.12662	-38.001053	-3.118225	2.7794445	43.554867	-16.439335	-33.521255	14.157504	11832.097123146057
96	1934.6738	749.0332	2597.0117	427.30942	464.1271	454.60632	1277.1721	-165.01526	464.1271	454.60632	1277.1721	-165.01526	1934.6738	749.0332	2597.0117	427.30942	744.0	797.3	383999	56.4552	14.015632	101.43359	-39.848625	56.454655	14.020835	101.19492	-37.7538	-3.0923846	2.8068843	29.404987	-16.259329	-33.392162	14.269024	11968.044690132141
97	1877.5297	22.706932	1930.1156	1843.0936	697.9737	558.599	1456.3358	140.55295	697.9737	558.599	1456.3358	140.55295	1877.5297	22.706932	1930.1156	1843.0936	822.2	1000.0	387999	56.79021	14.319023	100.135376	-35.46006	56.79022	14.327197	101.078094	-37.42027	-3.075984	2.8547337	29.325254	-15.645503	-33.797382	14.410052	12113.894474744797
98	1823.7689	418.90262	2272.2834	952.04504	697.92633	429.1074	1377.255	189.8036	697.92633	429.1074	1377.255	189.8036	1823.7689	418.90262	2272.2834	952.04504	1000.0	1000.0	391999	57.167374	14.375768	102.26218	-40.059994	57.166695	14.384886	101.55353	-39.03253	-3.0440326	2.8880506	40.425285	-14.466961	-33.79621	14.719929	12254.311835765839
99	960.72784	655.289	2054.4294	149.18932	466.8791	606.19183	1461.5448	-122.07558	466.8791	606.19183	1461.5448	-122.07558	960.72784	655.289	2054.4294	149.18932	1000.0	442.9	395999	57.55643	14.385486	104.61715	-37.435978	57.556675	14.391848	103.960556	-35.556137	-3.0379574	2.8705568	40.57555	-16.561699	-33.069725	14.377629	12410.297034740448
100	1162.7118	613.80194	2362.4292	294.92844	933.9547	478.048	1436.1141	33.30442	933.9547	478.048	1436.1141	33.30442	1162.7118	613.80194	2362.4292	294.92844	696.8	583.3	399999	58.07444	14.748608	106.41392	-35.972622	58.074467	14.752357	106.93973	-35.64245	-3.0000613	2.9222465	42.023376	-14.448124	-33.27281	14.6838045	12578.095903396606
101	919.8703	730.6452	2456.923	13.918049	915.16406	402.04187	1424.2291	169.00574	915.16406	402.04187	1424.2291	169.00574	919.8703	730.6452	2456.923	13.918049	744.6667	479.8	403999	58.536613	15.06658	105.929085	-37.732605	58.53666	15.070616	107.37379	-37.74216	-3.0043628	2.8854284	31.426662	-14.664081	-33.464478	15.40735	12753.90721321106
102	1488.2838	730.9369	2536.0483	245.50317	736.40063	438.20654	1408.5604	340.57965	736.40063	438.20654	1408.5604	340.57965	1488.2838	730.9369	2536.0483	245.50317	833.25	681.7	407999	58.787884	15.26875	106.37992	-39.50385	58.78818	15.271119	106.31463	-37.652065	-2.976787	2.909399	32.79016	-13.613896	-34.11674	15.62256	12922.93274307251
103	1569.6881	739.1096	2565.487	87.39526	992.84863	375.3948	1472.7208	459.7712	992.84863	375.3948	1472.7208	459.7712	1569.6881	739.1096	2565.487	87.39526	680.0	730.9	411999	59.18651	15.396309	105.128204	-42.085907	59.187244	15.398243	105.750206	-38.868332	-2.9677935	2.908848	52.863197	-14.593382	-34.930157	15.086835	13067.439642190933
104	1058.835	663.52246	2385.8235	184.65	411.69287	533.9337	1326.9415	-103.620316	411.69287	533.9337	1326.9415	-103.620316	1058.835	663.52246	2385.8235	184.65	806.4	569.1	415999	59.64208	15.7304535	110.30898	-38.19996	59.641014	15.740381	109.82494	-37.277206	-2.9536135	2.938859	31.70752	-15.426637	-36.157562	15.489839	13212.647011756897
105	1999.2152	660.3938	2504.4595	222.04044	1077.6586	541.72504	1445.8433	142.30528	1077.6586	541.72504	1445.8433	142.30528	1999.2152	660.3938	2504.4595	222.04044	993.75	847.6	419999	59.881176	15.915559	107.97557	-40.07518	59.88066	15.92195	109.25005	-38.790443	-2.9223716	2.9804199	34.95936	-14.790893	-37.037525	16.344688	13359.796202898026
106	2098.0981	76.56768	2240.5154	1997.6436	603.9476	621.328	1434.3597	-157.84302	603.9476	621.328	1434.3597	-157.84302	2098.0981	76.56768	2240.5154	1997.6436	755.6667	1000.0	423999	60.214584	15.943826	109.83625	-37.64559	60.214207	15.951259	109.52659	-38.348454	-2.9357905	2.9209654	28.172134	-15.370502	-37.428844	15.520262	13512.26346373558
107	1643.7233	669.6999	2398.9407	278.88986	1082.3164	433.83	1463.1857	378.17285	1082.3164	433.83	1463.1857	378.17285	1643.7233	669.6999	2398.9407	278.88986	930.0	768.4	427999	60.602715	16.17435	110.75402	-37.539547	60.6019	16.180527	109.84939	-36.081184	-2.8968277	2.986069	31.694765	-13.32781	-38.56257	16.4373	13687.395340681076
108	1390.5176	894.2362	2246.0515	24.037712	912.1945	495.1826	1420.2444	-12.084811	912.1945	495.1826	1420.2444	-12.084811	1390.5176	894.2362	2246.0515	24.037712	865.6	630.9	431999	60.955505	16.412045	112.50499	-36.756012	60.95626	16.416258	112.34533	-39.57122	-2.915219	2.9404802	33.372383	-15.688118	-39.987244	16.112696	13861.577587604523
109	2054.8884	622.80444	2558.3025	929.7945	645.6003	576.37103	1465.0214	-162.77101	645.6003	576.37103	1465.0214	-162.77101	2054.8884	622.80444	2558.3025	929.7945	856.25	843.5	435999	61.445953	16.67839	114.95666	-39.896057	61.445953	16.685762	112.33886	-40.844643	-2.8443296	3.0062401	24.430279	-14.324597	-41.42535	15.991893	14044.232298374176
110	2176.9045	628.8548	2600.5022	465.21878	660.7366	601.7479	1721.253	-8.332409	660.7366	601.7479	1721.253	-8.332409	2176.9045	628.8548	2600.5022	465.21878	526.0	889.1	439999	61.93631	17.05365	111.98548	-35.883987	61.93616	17.063917	112.88448	-36.555622	-2.771899	3.0711846	38.22779	-14.0979	-42.6231	16.53383	14190.222232341766
111	1806.6721	883.2129	2748.7424	198.28377	670.17365	655.9243	1668.9229	-115.717354	670.17365	655.9243	1668.9229	-115.717354	1806.6721	883.2129	2748.7424	198.28377	580.4286	792.1	443999	62.46313	17.359161	114.741455	-40.78944	62.461926	17.367476	114.906555	-41.809532	-2.7654996	3.093668	32.886013	-13.612914	-43.690983	16.832012	14312.263758659363
112	1893.2336	833.2051	2568.4656	265.3231	664.3424	597.6883	1407.3296	-15.431094	664.3424	597.6883	1407.3296	-15.431094	1893.2336	833.2051	2568.4656	265.3231	650.8	769.4	447999	62.714176	17.44257	114.25749	-38.56084	62.71464	17.449846	113.67658	-34.97254	-2.7618463	3.0894492	31.703028	-15.690452	-43.98667	17.428473	14431.446544408798
113	1304.4548	959.94366	2639.9377	26.958574	1207.0514	456.7225	1729.8585	528.94385	1207.0514	456.7225	1729.8585	528.94385	1304.4548	959.94366	2639.9377	26.958574	959.0	561.6	451999	63.00683	17.666931	115.52698	-35.47785	63.006634	17.671621	116.78381	-36.921257	-2.7240915	3.1188416	47.130684	-13.472242	-44.730087	17.362234	14547.614998102188
114	2121.6292	785.70374	2994.484	818.26904	551.9131	488.0055	1579.2393	4.7300506	551.9131	488.0055	1579.2393	4.7300506	2121.6292	785.70374	2994.484	818.26904	442.875	749.4	455999	63.362995	17.837708	115.60912	-35.887108	63.36253	17.845179	117.34327	-36.020866	-2.6756053	3.1420183	31.828215	-13.77562	-45.98684	16.859383	14664.369020938873
115	1879.4854	602.45807	2562.5542	742.05164	624.2435	526.73834	1624.1294	97.700035	624.2435	526.73834	1624.1294	97.700035	1879.4854	602.45807	2562.5542	742.05164	696.6	796.9	459999	63.62188	18.131615	118.31969	-37.90401	63.622185	18.1359	121.00417	-33.927555	-2.738801	3.1027615	27.708256	-15.588566	-46.43288	18.136543	14782.099411010742
116	2240.4548	514.33795	2521.9631	706.71356	1397.2891	557.1122	1798.9148	177.8981	1397.2891	557.1122	1798.9148	177.8981	2240.4548	514.33795	2521.9631	706.71356	816.3333	929.3	463999	64.0474	18.305866	119.555244	-34.73132	64.04724	18.315006	119.71409	-32.75589	-2.679814	3.1640127	47.253685	-15.190014	-47.08552	18.025055	14908.449800252914
117	2287.1511	309.0335	2587.107	1715.5258	1330.355	443.0143	1644.9827	567.9978	1330.355	443.0143	1644.9827	567.9978	2287.1511	309.0335	2587.107	1715.5258	1000.0	980.1	467999	64.50715	18.708427	119.17226	-33.215233	64.50643	18.718124	121.75938	-35.535263	-2.6499588	3.1724763	40.59861	-15.621281	-47.8322	18.58905	15047.501827478409
118	1894.8435	548.67255	2480.3396	886.01636	844.7539	496.70062	1670.5311	122.93125	844.7539	496.70062	1670.5311	122.93125	1894.8435	548.67255	2480.3396	886.01636	654.3333	783.1	471999	64.9949	18.990719	119.38764	-32.432945	64.99441	18.997728	120.61261	-37.880695	-2.6107621	3.1836119	31.532658	-16.497503	-48.482983	17.674526	15179.737445116043
119	1958.4578	635.23645	2629.963	978.82806	508.1466	318.86084	1053.3002	138.59763	508.1466	318.86084	1053.3002	138.59763	1958.4578	635.23645	2629.963	978.82806	487.75	779.2	475999	65.3408	19.43261	122.079155	-33.759148	65.34051	19.444834	122.623795	-33.024822	-2.6096156	3.182144	38.63431	-14.7002945	-49.036327	19.36227	15316.221379518509
120	2659.8533	49.025345	2719.1624	2544.649	481.9178	465.2176	1552.9127	143.53348	481.9178	465.2176	1552.9127	143.53348	2659.8533	49.025345	2719.1624	2544.649	521.5	1000.0	479999	65.58977	19.515722	123.186035	-35.078148	65.590324	19.523993	123.68137	-34.138794	-2.5724533	3.239492	39.288086	-16.811956	-49.44327	19.295238	15454.553635120392
121	1913.0017	879.68	2795.1646	330.1368	1038.721	655.8193	1739.6512	213.19258	1038.721	655.8193	1739.6512	213.19258	1913.0017	879.68	2795.1646	330.1368	790.8	762.4	483999	65.88942	19.812424	122.03316	-38.926815	65.88966	19.82017	126.01085	-36.97499	-2.6129582	3.1861715	52.180733	-14.400244	-50.953762	19.408699	15580.663879871368
122	2205.2134	845.67645	2794.863	153.67737	1243.261	547.50464	1774.9325	246.20831	1243.261	547.50464	1774.9325	246.20831	2205.2134	845.67645	2794.863	153.67737	700.2	907.2	487999	66.33901	20.021694	125.0624	-37.65483	66.33917	20.029552	124.147095	-34.341118	-2.5686982	3.242786	73.82257	-14.441783	-52.104374	19.539988	15700.578124284744
123	1595.6292	872.7373	3032.6445	511.3599	651.6273	710.33344	1808.3248	-142.33047	651.6273	710.33344	1808.3248	-142.33047	1595.6292	872.7373	3032.6445	511.3599	724.1667	587.1	491999	66.76057	20.341082	126.91937	-36.163666	66.76044	20.350058	125.90884	-40.099243	-2.565877	3.2349298	39.710854	-14.859489	-51.841507	19.841227	15815.912426233292
124	1814.8834	989.63635	2869.3113	400.7652	601.1526	582.4142	1802.0133	9.574641	601.1526	582.4142	1802.0133	9.574641	1814.8834	989.63635	2869.3113	400.7652	640.1667	669.8	495999	67.244194	20.592726	131.06392	-34.72603	67.243744	20.60064	127.849464	-32.940895	-2.5480862	3.215789	63.565277	-14.597491	-51.78062	19.591171	15932.708761453629
125	1547.0023	1139.7366	2960.1226	114.67858	802.92017	659.002	1790.2705	11.385071	802.92017	659.002	1790.2705	11.385071	1547.0023	1139.7366	2960.1226	114.67858	469.75	592.8	499999	67.5986	20.939737	131.32147	-31.156376	67.59744	20.952858	129.76117	-34.680527	-2.5196009	3.2400825	44.118732	-16.317467	-52.609272	19.929047	16047.137475252151
126	2850.772	674.0729	3221.945	838.95856	1225.3544	833.0522	1941.8038	-180.57234	1225.3544	833.0522	1941.8038	-180.57234	2850.772	674.0729	3221.945	838.95856	1000.0	1000.0	503999	67.86569	21.242695	129.83263	-38.127583	67.86587	21.25311	131.7479	-34.285995	-2.4609432	3.300871	36.91158	-13.893866	-53.32928	20.559824	16165.081178188324
127	2743.484	221.51384	2908.0396	2202.7998	919.1998	511.3298	1539.4799	27.73261	919.1998	511.3298	1539.4799	27.73261	2743.484	221.51384	2908.0396	2202.7998	773.8	966.4	507999	67.99487	21.270962	132.12025	-38.925243	67.994385	21.280617	131.83699	-35.620754	-2.472186	3.2715683	30.042244	-14.628856	-53.92982	21.13511	16289.034082889557
128	1862.7468	1113.8483	2941.1782	87.06883	417.41858	445.22464	1714.5585	5.5887585	417.41858	445.22464	1714.5585	5.5887585	1862.7468	1113.8483	2941.1782	87.06883	310.07693	682.1	511999	68.24118	21.546453	133.39288	-38.09857	68.241066	21.55388	129.48465	-37.691193	-2.4460192	3.2975347	39.556366	-14.2196	-53.916588	20.642117	16412.027218341827
129	2238.7935	718.051	3156.2078	859.9845	905.5139	749.4922	1876.5802	81.2155	905.5139	749.4922	1876.5802	81.2155	2238.7935	718.051	3156.2078	859.9845	657.1667	801.4	515999	68.852104	21.913076	132.52191	-34.164494	68.85076	21.922634	133.17903	-34.669044	-2.4354088	3.3070302	26.152704	-14.700991	-55.127697	20.847204	16535.035126686096
130	2123.4111	879.23956	2746.3267	158.06404	892.4971	545.5982	1884.3473	198.34093	892.4971	545.5982	1884.3473	198.34093	2123.4111	879.23956	2746.3267	158.06404	668.5	796.5	519999	69.28504	22.312225	135.5709	-39.561935	69.28425	22.325315	133.42407	-33.178978	-2.4092548	3.3340485	49.32139	-14.581772	-56.015717	20.401226	16656.661704540253
131	2501.2268	920.5334	3267.7202	219.04971	1111.2814	647.826	1800.2233	21.092205	1111.2814	647.826	1800.2233	21.092205	2501.2268	920.5334	3267.7202	219.04971	631.1429	859.6	523999	69.78168	22.659174	133.28635	-35.3731	69.78184	22.663671	132.07997	-34.068176	-2.404506	3.343129	34.420883	-15.137326	-56.33165	21.766409	16783.46233677864
132	2827.716	859.5394	3276.498	277.80496	1005.44073	591.08856	1719.6481	153.58232	1005.44073	591.08856	1719.6481	153.58232	2827.716	859.5394	3276.498	277.80496	870.2	909.7	527999	70.11871	22.832561	135.50305	-34.22449	70.117874	22.842798	135.11836	-36.050377	-2.4260952	3.308809	28.489407	-14.908119	-56.86728	22.190948	16916.085616111755
133	2873.0918	107.234436	3001.9016	2655.6394	1247.1031	350.10684	1807.2333	886.37103	1247.1031	350.10684	1807.2333	886.37103	2873.0918	107.234436	3001.9016	2655.6394	936.0	1000.0	531999	70.47154	22.983019	135.15308	-33.649296	70.47146	22.989832	134.7923	-35.078358	-2.3734446	3.3434007	33.83071	-16.099401	-57.551567	21.613384	17041.07269525528
134	3058.182	730.2261	3449.939	892.4908	1015.9599	792.6914	1970.6932	155.49509	1015.9599	792.6914	1970.6932	155.49509	3058.182	730.2261	3449.939	892.4908	536.4286	996.1	535999	70.9771	23.279562	137.69626	-31.658493	70.97634	23.28874	136.59734	-39.854553	-2.3708677	3.3359284	59.1743	-15.679006	-58.35932	21.32808	17164.236145973206
135	1301.5652	1072.5742	3438.2017	69.65572	1371.4049	646.17896	2076.6384	122.151146	1371.4049	646.17896	2076.6384	122.151146	1301.5652	1072.5742	3438.2017	69.65572	734.6667	421.8	539999	71.64082	23.917374	139.6185	-31.061453	71.64045	23.92443	137.30449	-32.202385	-2.2706327	3.4112208	55.627327	-17.632235	-59.15739	22.221054	17278.90162229538
136	1926.0775	1018.45233	3174.232	557.9908	1134.1888	709.2947	1945.6967	315.7677	1134.1888	709.2947	1945.6967	315.7677	1926.0775	1018.45233	3174.232	557.9908	595.3333	708.8	543999	72.24239	24.40687	140.34808	-35.83529	72.24221	24.410944	141.34036	-33.390553	-2.230955	3.4353402	31.268744	-14.458624	-59.580673	22.451508	17395.014231920242
137	2706.5532	893.56757	3626.6274	745.52673	746.9268	663.0461	1723.0497	-171.34071	746.9268	663.0461	1723.0497	-171.34071	2706.5532	893.56757	3626.6274	745.52673	653.0	838.5	547999	72.701904	24.747847	142.52658	-36.68746	72.7027	24.754883	140.30394	-35.774677	-2.2521958	3.4687283	37.52589	-16.16224	-59.788948	22.987831	17513.33291530609
138	2953.9233	1084.7385	3756.7437	38.38017	1022.0108	547.5938	2034.231	478.44547	1022.0108	547.5938	2034.231	478.44547	2953.9233	1084.7385	3756.7437	38.38017	645.3333	903.3	551999	73.06471	25.0976	145.88902	-39.267918	73.06476	25.102947	141.52084	-40.28617	-2.1851091	3.480668	38.730843	-14.721413	-60.48083	23.16564	17637.033629894257
139	2693.5798	658.5787	3126.2654	967.7379	1068.3087	931.5995	2134.934	-144.33012	1068.3087	931.5995	2134.934	-144.33012	2693.5798	658.5787	3126.2654	967.7379	765.4	929.1	555999	73.47114	25.394138	145.81728	-39.992622	73.47079	25.402319	144.04276	-54.83583	-2.1412373	3.5399337	45.011368	-14.004361	-61.342163	23.31114	17757.441162586212
140	2786.162	752.0252	3345.365	722.4132	1127.6351	519.1131	1851.5559	638.9262	1127.6351	519.1131	1851.5559	638.9262	2786.162	752.0252	3345.365	722.4132	735.6	894.6	559999	73.88819	25.566494	140.46672	-35.33365	73.887726	25.57758	139.68182	-38.583126	-2.2105486	3.4956002	50.523888	-14.825155	-61.713203	22.989946	17875.982068777084
141	2815.1545	844.16547	3452.5637	841.2485	1709.5371	476.44946	2166.7573	826.0786	1709.5371	476.44946	2166.7573	826.0786	2815.1545	844.16547	3452.5637	841.2485	883.2	918.5	563999	74.3875	25.96195	148.52782	-37.04616	74.38753	25.967777	145.9534	-44.710804	-2.16668	3.4834626	40.89393	-15.051465	-62.605366	24.4327	17993.921393871307
142	1760.9521	1077.2825	3602.224	328.52258	1162.9493	801.1906	2077.6213	85.73321	1162.9493	801.1906	2077.6213	85.73321	1760.9521	1077.2825	3602.224	328.52258	589.0	595.2	567999	74.81893	26.271555	147.79533	-37.365707	74.81885	26.279516	148.5552	-39.97002	-2.1311493	3.5291607	46.018936	-18.824871	-63.811172	24.278704	18107.856567382812
143	1862.616	1330.5309	3476.1685	220.05927	1787.4644	331.47647	2276.5503	1418.798	1787.4644	331.47647	2276.5503	1418.798	1862.616	1330.5309	3476.1685	220.05927	946.75	589.4	571999	75.47619	26.688921	149.90625	-37.804005	75.475784	26.698679	149.30396	-61.049004	-2.0752456	3.5699215	33.307358	-15.7663	-64.431885	24.2314	18220.164944410324
144	2822.765	853.2839	3365.533	422.0948	1540.6843	521.1739	2173.7424	738.8419	1540.6843	521.1739	2173.7424	738.8419	2822.765	853.2839	3365.533	422.0948	1000.0	886.5	575999	75.89491	27.052872	148.39688	-43.488922	75.89372	27.062576	147.47002	-38.493362	-2.0785089	3.5671353	54.275906	-15.861603	-65.26666	25.40918	18337.458960533142
145	2733.528	823.3206	3279.6995	934.7488	1626.8875	786.94617	2229.8032	110.80026	1626.8875	786.94617	2229.8032	110.80026	2733.528	823.3206	3279.6995	934.7488	781.8	930.5	579999	76.293434	27.42167	150.25182	-46.13959	76.293205	27.43096	150.71071	-52.40596	-2.0457816	3.5759742	37.586174	-16.125593	-66.00762	24.423826	18456.658841609955
146	1930.7705	1095.931	3369.4697	225.00922	1048.3081	784.58594	1940.4656	-86.69211	1048.3081	784.58594	1940.4656	-86.69211	1930.7705	1095.931	3369.4697	225.00922	712.6667	629.5	583999	76.91007	27.785267	150.28993	-38.389057	76.9093	27.796434	151.62122	-36.818882	-1.9639269	3.6555598	31.077019	-17.416107	-66.27646	25.2296	18569.771768569946
147	2574.4885	1118.9257	3696.0715	222.72423	1402.3396	724.41345	2051.1438	438.93015	1402.3396	724.41345	2051.1438	438.93015	2574.4885	1118.9257	3696.0715	222.72423	691.4	750.8	587999	77.26916	27.926931	147.44374	-36.23934	77.269516	27.934643	151.96397	-37.589977	-1.9844928	3.6337876	40.530384	-15.71726	-66.592445	25.409056	18689.890912771225
148	2575.7278	1028.1261	3797.8708	617.43604	1078.5038	679.0381	2130.8843	130.29613	1078.5038	679.0381	2130.8843	130.29613	2575.7278	1028.1261	3797.8708	617.43604	622.2857	855.9	591999	77.703316	28.220354	151.48012	-33.090164	77.70331	28.22673	149.2752	-33.825718	-1.9697222	3.6382904	34.11783	-12.968113	-67.306206	25.832731	18828.227826356888
149	2741.998	1149.683	3562.4443	416.34006	868.8605	748.7521	2121.295	62.284576	868.8605	748.7521	2121.295	62.284576	2741.998	1149.683	3562.4443	416.34006	420.3	824.5	595999	78.18853	28.545883	151.42339	-35.235767	78.1892	28.549213	149.40477	-35.68364	-1.9831687	3.6089187	48.336575	-14.500611	-67.86386	26.251242	18966.21430492401
150	3390.593	117.44602	3586.1511	3232.5615	1041.997	773.3696	2159.2292	155.07906	1041.997	773.3696	2159.2292	155.07906	3390.593	117.44602	3586.1511	3232.5615	470.85715	991.5	599999	78.47117	28.881493	154.28477	-32.631386	78.47115	28.889872	154.52426	-36.97816	-1.8999344	3.6895275	50.447487	-15.077402	-67.79771	26.497118	19108.504396915436
151	2870.6873	625.1327	3189.7075	1012.21844	1068.9443	855.89966	2184.814	65.687775	1068.9443	855.89966	2184.814	65.687775	2870.6873	625.1327	3189.7075	1012.21844	526.0	998.9	603999	78.89838	29.066074	153.25291	-30.200657	78.89693	29.078537	155.21034	-32.851097	-1.8991054	3.6502302	41.071453	-15.339361	-67.97639	27.33092	19230.96598958969
152	3138.0378	998.9023	3868.0225	784.49426	1218.349	813.35986	2364.856	329.71085	1218.349	813.35986	2364.856	329.71085	3138.0378	998.9023	3868.0225	784.49426	833.8	870.4	607999	79.12383	29.184786	153.98743	-30.083797	79.12427	29.191889	153.20651	-36.00862	-1.933817	3.641032	40.619884	-14.566208	-67.797386	28.103086	19354.413139104843
153	3072.3901	925.35065	3720.8066	1187.8741	1534.7549	932.2774	2350.8333	183.30005	1534.7549	932.2774	2350.8333	183.30005	3072.3901	925.35065	3720.8066	1187.8741	697.6667	875.8	611999	79.214035	29.324175	154.37595	-34.959866	79.213394	29.333038	159.46564	-34.513283	-1.8948063	3.6692457	39.93988	-14.2771435	-67.90338	28.488773	19476.472188949585
154	3324.6707	110.19628	3503.6895	3092.6392	1152.6315	685.4783	2276.46	227.30527	1152.6315	685.4783	2276.46	227.30527	3324.6707	110.19628	3503.6895	3092.6392	524.0	1000.0	615999	79.66586	29.550652	155.02829	-29.764029	79.66568	29.55759	157.448	-32.33176	-1.8246351	3.7230752	38.85604	-16.041304	-68.46728	27.781124	19596.778423070908
155	3127.1445	93.113686	3276.2036	2949.3547	1522.4462	769.931	2289.2085	413.11584	1522.4462	769.931	2289.2085	413.11584	3127.1445	93.113686	3276.2036	2949.3547	701.3333	1000.0	619999	80.35278	29.841003	155.94786	-30.050415	80.3518	29.8474	157.36996	-34.962246	-1.8275715	3.716781	56.94356	-14.499538	-69.38502	27.70509	19719.378200769424
156	2845.798	1106.6577	3798.924	101.052055	851.2077	806.8122	2106.1965	19.542759	851.2077	806.8122	2106.1965	19.542759	2845.798	1106.6577	3798.924	101.052055	459.8889	853.7	623999	80.78299	30.220366	155.59976	-34.367535	80.78317	30.22816	156.35568	-31.76813	-1.8032049	3.7148888	35.338593	-17.021807	-70.24134	28.338842	19856.99782538414
157	3421.216	804.9567	3940.3813	1052.2716	1873.8274	447.79956	2358.2432	1234.7562	1873.8274	447.79956	2358.2432	1234.7562	3421.216	804.9567	3940.3813	1052.2716	861.75	1000.0	627999	81.37557	30.519753	158.90227	-32.98138	81.376335	30.523067	159.56412	-35.791973	-1.7034628	3.8102787	43.15596	-14.743715	-71.31339	28.490343	20000.823876857758
158	3530.1418	795.6393	4076.5645	1192.3755	816.0117	731.8571	2233.9392	193.4127	816.0117	731.8571	2233.9392	193.4127	3530.1418	795.6393	4076.5645	1192.3755	869.6	930.7	631999	81.62232	30.759941	155.60744	-31.523182	81.622505	30.763052	157.36784	-31.591253	-1.8004675	3.7258313	37.584557	-14.986784	-71.66123	28.997438	20144.949241161346
159	2775.544	1070.1804	3537.4944	444.6792	1133.8525	620.7827	2246.9727	513.4247	1133.8525	620.7827	2246.9727	513.4247	2775.544	1070.1804	3537.4944	444.6792	735.0	867.0	635999	81.85574	30.950487	157.8618	-31.889769	81.855774	30.954332	158.86684	-60.53383	-1.7018996	3.781922	55.029594	-14.886985	-71.87603	30.582859	20289.362387418747
160	986.72266	663.47296	2197.0708	129.03296	1278.1401	728.0238	2278.7805	347.96674	1278.1401	728.0238	2278.7805	347.96674	986.72266	663.47296	2197.0708	129.03296	813.8	424.3	639999	82.4032	31.269438	158.5652	-32.007397	82.40313	31.279076	161.92383	-34.15987	-1.7240475	3.8112214	59.995117	-16.449024	-72.38326	29.74266	20413.190732717514
161	2737.3735	1039.354	3633.846	557.11365	1871.9066	715.54785	2651.2063	542.03735	1871.9066	715.54785	2651.2063	542.03735	2737.3735	1039.354	3633.846	557.11365	814.0	790.9	643999	82.903244	31.356905	157.80972	-35.74536	82.90259	31.36471	160.35414	-48.929462	-1.6938188	3.8089828	58.925262	-14.48907	-73.21643	28.950588	20539.678580522537
162	3185.115	561.04974	3674.8804	1724.519	1118.1427	771.5976	2204.9558	-7.8799577	1118.1427	771.5976	2204.9558	-7.8799577	3185.115	561.04974	3674.8804	1724.519	642.0	950.3	647999	83.19387	31.672127	159.28545	-41.81801	83.19563	31.677822	162.07635	-48.34639	-1.6566733	3.8267512	49.21951	-13.492779	-73.677986	29.496855	20669.370619773865
163	1787.7957	1497.8975	3801.0356	102.36142	875.3979	545.9936	1668.8047	129.66823	875.3979	545.9936	1668.8047	129.66823	1787.7957	1497.8975	3801.0356	102.36142	466.14285	629.5	651999	83.86495	31.907856	163.84566	-34.893864	83.86423	31.914595	163.83904	-33.257988	-1.6624116	3.8492064	53.88378	-15.045342	-74.374626	29.428827	20787.004583358765
164	1531.2947	1392.205	3638.429	125.26053	1051.2083	821.7615	2185.451	-131.45087	1051.2083	821.7615	2185.451	-131.45087	1531.2947	1392.205	3638.429	125.26053	1000.0	581.8	655999	84.09575	32.194466	160.62195	-31.021757	84.09678	32.200794	163.23433	-44.263653	-1.6949751	3.8199701	72.437935	-16.283466	-74.65758	29.670557	20904.53713941574
165	3263.9634	1132.2426	3944.7761	175.75865	986.58563	869.51465	2421.2485	-91.35617	986.58563	869.51465	2421.2485	-91.35617	3263.9634	1132.2426	3944.7761	175.75865	552.75	856.7	659999	84.52269	32.53064	162.55179	-32.301636	84.52351	32.536236	164.74072	-36.863262	-1.6561719	3.8126493	52.960136	-15.222117	-74.95936	29.972462	21044.51967406273
166	1922.3682	1198.408	3763.0054	327.98892	1174.2926	829.9774	2383.4307	65.72012	1174.2926	829.9774	2383.4307	65.72012	1922.3682	1198.408	3763.0054	327.98892	555.625	650.8	663999	85.05811	32.89001	161.20464	-38.1199	85.05755	32.900276	164.20093	-37.92565	-1.6457894	3.834896	51.120518	-14.418077	-75.62149	30.769844	21197.999116420746
167	2429.9517	1474.9694	3733.485	325.74387	881.9263	905.8379	2488.7148	38.63277	881.9263	905.8379	2488.7148	38.63277	2429.9517	1474.9694	3733.485	325.74387	664.0	669.6	667999	85.34399	33.13731	168.2502	-38.88496	85.34444	33.145725	167.5628	-36.761616	-1.6444092	3.8532927	39.929775	-14.999445	-75.97817	31.019934	21353.37618994713
168	613.59247	555.4854	1641.7507	14.950218	1754.8586	803.1217	2660.61	325.69116	1754.8586	803.1217	2660.61	325.69116	613.59247	555.4854	1641.7507	14.950218	798.6	292.9	671999	85.48204	33.279816	165.29779	-36.058365	85.48202	33.28869	164.52211	-36.55686	-1.5897306	3.8715777	46.61757	-13.112237	-75.81505	31.124699	21500.419793605804
169	1160.8184	848.3511	2310.5088	32.257446	901.8151	874.9372	2501.7957	77.72182	901.8151	874.9372	2501.7957	77.72182	1160.8184	848.3511	2310.5088	32.257446	500.875	553.1	675999	85.85011	33.509777	163.32487	-36.376076	85.8502	33.52117	165.45853	-60.880577	-1.6115186	3.8911147	46.171318	-13.892162	-76.57631	31.669693	21666.429870843887
170	2200.1594	1284.3854	3942.4258	404.74268	1068.5977	990.05066	2446.4182	-217.14656	1068.5977	990.05066	2446.4182	-217.14656	2200.1594	1284.3854	3942.4258	404.74268	647.0	583.0	679999	86.22648	33.701748	168.6229	-40.7992	86.22636	33.706924	166.10616	-44.66558	-1.5406109	3.9053535	43.204224	-14.526636	-77.22989	32.03766	21837.180342435837
171	3661.6086	581.55774	4170.901	2140.0027	1547.3988	851.68933	2432.1223	290.55066	1547.3988	851.68933	2432.1223	290.55066	3661.6086	581.55774	4170.901	2140.0027	770.6667	922.1	683999	86.65918	33.961456	165.66325	-45.37526	86.65915	33.970764	166.20984	-44.05295	-1.4977978	3.9310436	49.01138	-15.208443	-77.569046	31.886324	22006.567650079727
172	3369.7898	815.8963	3958.2312	1307.0718	1147.0542	685.9398	2231.6018	216.28174	1147.0542	685.9398	2231.6018	216.28174	3369.7898	815.8963	3958.2312	1307.0718	782.6	903.9	687999	86.94419	34.216743	170.23279	-46.2878	86.945	34.222008	172.87239	-46.701904	-1.4730111	3.969291	38.731003	-13.258063	-77.60999	32.52805	22178.123241901398
173	2340.8728	1346.9724	3633.0813	29.4923	1357.2083	889.00336	2852.8064	445.72525	1357.2083	889.00336	2852.8064	445.72525	2340.8728	1346.9724	3633.0813	29.4923	589.8571	686.8	691999	87.22734	34.378723	165.58676	-66.172714	87.22662	34.386665	165.87703	-67.91578	-1.4569321	3.967978	37.51989	-14.6432295	-77.44599	33.24508	22319.318256378174
174	2500.1968	1172.8483	3424.8005	59.01572	1558.1432	728.88916	2518.0054	564.7416	1558.1432	728.88916	2518.0054	564.7416	2500.1968	1172.8483	3424.8005	59.01572	655.0	762.6	695999	87.52004	34.469414	172.70549	-45.61931	87.52047	34.476086	172.03253	-67.66053	-1.4380008	3.98704	43.594074	-15.477003	-77.21843	32.85325	22457.461343050003
175	3225.3062	1262.9144	4183.835	577.2217	833.5559	742.8297	2364.9841	-218.94785	833.5559	742.8297	2364.9841	-218.94785	3225.3062	1262.9144	4183.835	577.2217	470.75	807.8	699999	88.27618	34.76376	167.35114	-49.903267	88.27631	34.77299	167.2024	-46.208004	-1.3717034	4.0349884	36.962997	-12.995552	-78.09025	32.115936	22590.017092466354
176	2368.9712	1162.0094	3839.9587	425.0898	1766.1781	827.3051	2462.1667	682.2161	1766.1781	827.3051	2462.1667	682.2161	2368.9712	1162.0094	3839.9587	425.0898	724.8	780.6	703999	88.84855	35.063717	170.02583	-50.634575	88.84812	35.070026	170.05841	-48.258083	-1.4436326	3.9629083	51.160297	-14.707821	-79.10411	33.553116	22723.407676696777
177	1994.4495	902.5056	3230.025	197.62393	1314.8295	756.7149	2492.8296	443.2839	1314.8295	756.7149	2492.8296	443.2839	1994.4495	902.5056	3230.025	197.62393	550.8571	662.4	707999	89.18292	35.32188	173.79059	-46.965538	89.18278	35.33139	174.69908	-67.84564	-1.3956528	3.9938326	44.195675	-13.926004	-79.80731	33.46057	22837.890023708344
178	3300.892	893.4139	4061.3936	1736.112	1140.2402	668.0248	2190.096	160.24966	1140.2402	668.0248	2190.096	160.24966	3300.892	893.4139	4061.3936	1736.112	593.375	905.1	711999	89.57919	35.668114	172.9787	-45.79049	89.57965	35.67501	168.77756	-78.80276	-1.3114843	4.0572343	37.973457	-15.508181	-80.5435	34.04118	22956.498984336853
179	3634.909	130.31903	3873.2537	3474.769	1598.6132	847.5304	2524.2734	447.81647	1598.6132	847.5304	2524.2734	447.81647	3634.909	130.31903	3873.2537	3474.769	674.6667	1000.0	715999	90.08366	36.031227	174.9218	-43.951023	90.08408	36.04203	174.0521	-43.005833	-1.2976341	4.0660205	43.014015	-14.801762	-81.18513	34.0986	23077.173771381378
180	3078.049	153.52063	3308.4983	2716.1313	1605.5432	688.3086	2447.6472	478.88678	1605.5432	688.3086	2447.6472	478.88678	3078.049	153.52063	3308.4983	2716.1313	644.2	990.3	719999	90.55857	36.286777	175.57205	-49.12082	90.55887	36.29302	177.03355	-40.427128	-1.3034812	4.069338	42.138504	-14.933888	-81.775406	34.716583	23197.42892432213
181	2120.4023	1565.8215	4097.5376	161.04787	1675.29	1000.4459	2723.787	288.4835	1675.29	1000.4459	2723.787	288.4835	2120.4023	1565.8215	4097.5376	161.04787	791.6667	545.1	723999	90.90555	36.435005	170.45485	-47.863495	90.90374	36.450714	171.28806	-89.93545	-1.2297821	4.110461	53.42911	-14.645184	-82.3627	35.22776	23314.16698360443
182	2376.765	1444.3691	4023.9019	29.499157	1320.1282	834.5478	2633.2522	217.79263	1320.1282	834.5478	2633.2522	217.79263	2376.765	1444.3691	4023.9019	29.499157	530.8571	625.6	727999	91.32062	36.717567	173.61923	-42.024307	91.32081	36.724747	173.20609	-49.372772	-1.2891313	4.0567994	48.466	-15.038969	-82.7312	36.68592	23441.6081264019
183	3406.9175	285.9358	3681.986	2586.6394	1809.8236	883.25995	2599.0234	372.6011	1809.8236	883.25995	2599.0234	372.6011	3406.9175	285.9358	3681.986	2586.6394	716.6667	1000.0	731999	91.85744	36.797466	174.42566	-44.005024	91.85771	36.808674	172.06013	-53.125603	-1.2742122	4.0921817	49.088886	-16.444124	-82.780106	37.047077	23563.851021528244
184	3135.79	1410.5255	4093.93	29.692387	1604.6556	1134.9724	2724.7793	23.883247	1604.6556	1134.9724	2724.7793	23.883247	3135.79	1410.5255	4093.93	29.692387	636.8333	843.3	735999	92.40661	37.098743	175.37437	-45.084423	92.4054	37.109623	174.62677	-49.825924	-1.2377318	4.1070447	53.933434	-14.026041	-83.543625	35.463722	23688.19068956375
185	3368.2554	848.28906	3981.4993	1174.8617	2344.9841	516.3019	2675.1604	1451.3851	2344.9841	516.3019	2675.1604	1451.3851	3368.2554	848.28906	3981.4993	1174.8617	879.0	931.8	739999	92.86141	37.50588	173.64342	-47.5565	92.86177	37.512325	173.97707	-46.462746	-1.211843	4.1235394	45.508965	-14.409062	-83.92536	37.129173	23812.50971508026
186	3160.636	1330.2665	4090.857	13.232569	1277.791	873.3448	2662.3572	124.88762	1277.791	873.3448	2662.3572	124.88762	3160.636	1330.2665	4090.857	13.232569	602.5	805.5	743999	93.35113	37.735245	175.87064	-47.499832	93.3513	37.742146	176.29053	-54.485035	-1.2303039	4.102024	60.210457	-14.696781	-84.54161	36.595013	23932.498718976974
187	3655.463	1246.1661	4515.21	110.1048	2303.043	519.5617	2808.8618	1433.373	2303.043	519.5617	2808.8618	1433.373	3655.463	1246.1661	4515.21	110.1048	881.75	885.6	747999	93.71949	37.89321	178.86765	-40.856968	93.71897	37.90162	177.9453	-52.676594	-1.1835582	4.1020103	46.641003	-17.004307	-85.08358	35.579086	24056.583280324936
188	2674.8872	1643.1782	4120.07	58.05564	1862.8871	996.49615	2778.3115	550.8324	1862.8871	996.49615	2778.3115	550.8324	2674.8872	1643.1782	4120.07	58.05564	856.6	686.6	751999	94.48195	38.300556	181.27405	-43.401703	94.48317	38.31124	178.54027	-63.587196	-1.12741	4.1263742	41.043587	-16.06968	-85.404366	37.6461	24228.723394870758
189	3526.9634	595.24945	3929.6484	1779.5958	2175.423	837.4391	2852.531	671.47516	2175.423	837.4391	2852.531	671.47516	3526.9634	595.24945	3929.6484	1779.5958	783.8	1000.0	755999	95.04527	38.550648	176.64616	-44.40355	95.04567	38.552025	181.27975	-54.16246	-1.0918224	4.154382	38.528885	-15.051277	-85.66314	36.807945	24409.380906820297
190	3612.287	485.91525	4031.1355	2206.4917	805.49945	936.88715	2601.3447	-141.91579	805.49945	936.88715	2601.3447	-141.91579	3612.287	485.91525	4031.1355	2206.4917	454.0	1000.0	759999	95.4559	38.892723	183.7553	-44.53608	95.45623	38.896336	181.65742	-41.07547	-1.1233916	4.1442866	51.171818	-13.866643	-85.430466	36.865818	24588.51492714882
191	3652.073	167.25256	3918.3381	3346.277	1749.9187	941.7241	2914.027	504.04086	1749.9187	941.7241	2914.027	504.04086	3652.073	167.25256	3918.3381	3346.277	653.2857	1000.0	763999	95.9507	39.160904	182.55293	-45.727192	95.95074	39.17118	178.63173	-45.38823	-0.994695	4.2274113	54.62831	-21.839415	-85.9855	39.07849	24746.574857711792
192	1675.5123	1185.5	3587.0723	546.66516	1849.9861	890.4004	2859.9316	713.05524	1849.9861	890.4004	2859.9316	713.05524	1675.5123	1185.5	3587.0723	546.66516	774.4	490.7	767999	96.05785	39.199673	178.04047	-53.41953	96.05846	39.20547	177.5447	-59.013977	-1.0421883	4.218599	41.965816	-17.24219	-86.34443	38.567127	24884.43263220787
193	3091.1353	1362.4607	4297.9897	21.43235	1352.537	1017.0275	2745.0676	124.371544	1352.537	1017.0275	2745.0676	124.371544	3091.1353	1362.4607	4297.9897	21.43235	646.5	750.4	771999	96.5935	39.48393	182.41898	-42.914707	96.5934	39.490757	180.19319	-55.45073	-0.98781383	4.246802	48.05053	-14.809345	-86.64091	39.55401	25017.092156887054
194	3879.821	468.06583	4257.023	2838.3367	1942.2505	731.325	2804.572	1128.409	1942.2505	731.325	2804.572	1128.409	3879.821	468.06583	4257.023	2838.3367	867.75	941.3	775999	96.76945	39.850903	183.0159	-55.79229	96.77016	39.857937	183.57852	-54.969673	-0.98706037	4.2365584	47.13085	-15.626132	-86.995514	41.424675	25138.529222488403
195	2884.3188	1159.1554	3945.3882	48.28444	1708.3331	1044.9327	2851.8333	49.832363	1708.3331	1044.9327	2851.8333	49.832363	2884.3188	1159.1554	3945.3882	48.28444	690.1429	777.8	779999	97.37276	40.069893	182.8867	-56.38333	97.37234	40.07666	183.14078	-61.841866	-0.93278086	4.298943	43.496765	-15.314384	-87.727455	38.179115	25259.051997423172
196	3161.5642	838.09894	4182.938	1635.814	1556.9457	1097.8682	2845.1206	308.9084	1556.9457	1097.8682	2845.1206	308.9084	3161.5642	838.09894	4182.938	1635.814	581.8333	845.9	783999	98.11141	40.68287	182.4091	-52.965256	98.11193	40.693985	183.649	-54.099842	-0.89086807	4.3240514	55.400467	-14.550943	-88.49564	40.63606	25382.3739964962
197	3743.6138	942.4413	4395.5425	1398.5481	1548.4182	842.7898	2851.8455	364.51328	1548.4182	842.7898	2851.8455	364.51328	3743.6138	942.4413	4395.5425	1398.5481	599.1429	938.3	787999	98.49739	40.77589	183.50087	-53.163483	98.49854	40.7856	186.15915	-50.69353	-0.96198374	4.2290354	53.02861	-22.818054	-88.929924	41.0465	25504.1162378788
198	3004.6064	1353.4104	4223.4897	545.1032	1922.3802	1207.7611	2974.2861	200.43394	1922.3802	1207.7611	2974.2861	200.43394	3004.6064	1353.4104	4223.4897	545.1032	706.0	840.5	791999	99.05355	41.0843	182.6334	-54.939793	99.05312	41.09291	181.91522	-59.660385	-0.9367085	4.2683864	57.741413	-15.363576	-89.15533	40.429173	25628.413007974625
199	3192.9707	1185.0458	4009.2983	897.19324	1992.1448	960.9949	2964.9841	699.4694	1992.1448	960.9949	2964.9841	699.4694	3192.9707	1185.0458	4009.2983	897.19324	877.75	894.8	795999	99.68679	41.492874	189.85243	-54.26599	99.68668	41.498722	190.52988	-56.693073	-0.8510295	4.326043	54.997856	-15.533975	-90.16375	40.849586	25748.347200632095
200	3283.802	1255.4069	4197.0405	160.50227	2101.883	1009.33887	3211.5288	213.27655	2101.883	1009.33887	3211.5288	213.27655	3283.802	1255.4069	4197.0405	160.50227	734.6667	826.6	799999	100.34765	41.714603	187.54716	-60.113266	100.34761	41.725452	189.35062	-55.979496	-0.8523819	4.3556876	52.273495	-16.576633	-90.66006	40.435295	25866.978771924973
