Epoch	AverageTestEnv0Ret	StdTestEnv0Ret	MaxTestEnv0Ret	MinTestEnv0Ret	AverageEnv0Ret	StdEnv0Ret	MaxEnv0Ret	MinEnv0Ret	AverageTestEnv1Ret	StdTestEnv1Ret	MaxTestEnv1Ret	MinTestEnv1Ret	AverageEnv1Ret	StdEnv1Ret	MaxEnv1Ret	MinEnv1Ret	AverageEpRet	StdEpRet	MaxEpRet	MinEpRet	AverageTestEpRet	StdTestEpRet	MaxTestEpRet	MinTestEpRet	EpLen	TestEpLen	TotalEnvInteracts	AverageQ1Vals	StdQ1Vals	MaxQ1Vals	MinQ1Vals	AverageQ2Vals	StdQ2Vals	MaxQ2Vals	MinQ2Vals	AverageLogPi	StdLogPi	MaxLogPi	MinLogPi	LossPi	LossQ	Time
1	507.1477	40.42017	570.43445	456.40057	-293.55295	44.228806	-249.69768	-366.10654	12.913953	38.036003	88.7674	-57.78862	-171.99307	70.348114	-98.30063	-283.00873	-465.54602	66.500114	-395.99182	-572.8343	520.06165	49.796703	576.204	441.1164	1000.0	1000.0	3999	10.2072935	5.6618733	38.054127	-0.06429258	10.207757	5.6622653	38.456573	0.22803842	-8.320857	1.8900146	10.426725	-18.202343	9.368256	1.091656	76.00339007377625
2	-514.3745	30.625586	-437.32944	-550.89154	-320.30838	27.438	-295.01224	-365.34583	-157.66068	18.173706	-132.75793	-196.97145	-175.2649	38.48719	-135.56064	-231.93869	-495.57327	22.696701	-463.54822	-526.9509	-672.0352	34.81486	-606.6427	-730.5189	1000.0	1000.0	7999	32.59945	9.052552	99.16298	5.1010413	32.59979	9.054792	98.1468	5.660431	-5.568025	3.5710988	27.488705	-19.1905	26.867792	4.024804	171.55036115646362
3	-88.2468	97.742935	66.14192	-197.25595	-575.8276	221.73143	-341.9264	-848.86475	-138.85889	65.46664	-39.17756	-220.57399	-152.05405	32.048836	-100.32369	-184.98169	-727.8816	246.23816	-474.05325	-1019.5798	-227.10568	154.77908	26.964363	-401.09958	1000.0	1000.0	11999	60.632084	10.033842	122.872696	28.745188	60.63195	10.03669	123.31618	29.22433	-3.5877035	4.5033474	29.012213	-20.005219	48.270275	7.675268	270.8537554740906
4	384.92877	54.387794	500.63583	302.6452	-647.4003	115.37951	-480.38403	-776.21747	-76.61619	33.788944	-12.141746	-136.70851	-173.01785	33.783318	-120.24089	-214.43396	-820.4182	106.13396	-658.99963	-954.9984	308.31256	86.39237	488.49408	165.93669	1000.0	1000.0	15999	69.23145	7.350544	118.69828	29.200064	69.23178	7.3507614	118.35199	32.247444	-7.522643	2.483079	15.29636	-17.632746	53.4778	7.1918592	373.1647357940674
5	594.04407	19.25285	628.19543	554.40045	-441.57077	21.443514	-412.10242	-470.9539	-8.712126	17.745882	20.670332	-41.100246	-178.23825	14.271385	-153.84804	-190.13904	-619.809	33.78332	-565.95044	-655.741	585.3319	30.512842	628.29785	513.3002	1000.0	1000.0	19999	68.01025	6.7370257	115.0894	7.3766327	68.01099	6.7384267	114.04987	10.659667	-8.223868	1.9468075	16.112116	-17.563133	52.75278	5.9990115	473.56014609336853
6	840.82635	2.3898106	846.33484	837.9619	-295.6726	41.887455	-243.15434	-359.46365	-33.1726	2.8092315	-28.776764	-37.955517	-145.46043	28.240486	-117.8476	-187.4264	-441.13306	27.270796	-403.55896	-477.31125	807.6538	3.5435798	815.3764	801.0191	1000.0	1000.0	23999	67.28699	6.061161	110.01101	0.99044836	67.287	6.064539	114.57312	1.1868386	-8.478355	1.700853	25.018452	-17.478456	52.203297	5.1447296	576.1167809963226
7	845.59784	16.71572	871.8266	818.2596	-254.1517	41.82027	-182.01083	-283.6329	30.398407	36.320377	108.6591	-8.190024	-148.3735	26.963205	-106.77831	-179.79929	-402.5252	28.583557	-361.81012	-434.77747	875.9962	29.4818	926.9187	824.5518	1000.0	1000.0	27999	67.84794	5.8108373	111.27923	0.99995595	67.84812	5.815028	112.83414	1.1968398	-8.539272	1.6107819	27.241879	-17.719822	52.794785	4.9504747	678.7414238452911
8	909.7416	26.071495	943.78516	848.7464	-167.82016	11.03657	-153.99704	-183.20229	-15.294989	22.118145	7.812713	-71.60359	-139.68187	10.780551	-128.94255	-156.34523	-307.502	19.832043	-282.9396	-328.7859	894.44666	47.430244	951.59784	777.1428	1000.0	1000.0	31999	69.5369	5.720294	112.39242	1.0773678	69.53701	5.7231946	114.2917	1.2734756	-8.490763	1.6683246	21.012815	-17.239365	53.950302	4.5586505	779.3919713497162
9	926.40594	23.897072	946.14087	868.5557	-162.2229	47.133114	-86.96254	-217.0007	-30.390152	38.566525	4.008975	-109.02355	-118.35811	20.390827	-84.01969	-137.58513	-280.58102	67.32592	-170.98224	-354.58582	896.0158	61.055794	948.092	759.53217	1000.0	1000.0	35999	72.45112	5.6100283	121.75282	1.2632259	72.45125	5.611087	125.08585	1.3602334	-8.454554	1.6831791	17.121902	-17.671276	55.26263	4.246299	879.5758066177368
10	923.9027	9.708792	943.7923	909.05194	-125.65279	20.569166	-104.52018	-157.95586	-12.728391	10.355428	-3.0501852	-40.053627	-137.99052	6.438464	-131.82463	-148.55061	-263.6433	20.608313	-238.49329	-289.7805	911.1743	18.14361	939.2063	868.9983	1000.0	1000.0	39999	75.89846	5.6252437	120.484955	8.183617	75.89874	5.6259007	125.698364	10.20108	-8.456405	1.674942	21.565659	-17.81266	56.954803	4.3612247	980.0293579101562
11	893.953	27.151455	968.25507	867.2469	-134.05444	25.257246	-107.15583	-166.57843	-21.567253	17.92638	11.704737	-51.563416	-140.91745	15.709795	-115.58403	-154.8172	-274.9719	38.811954	-227.40227	-321.39563	872.38586	40.786827	966.04285	815.6835	1000.0	1000.0	43999	79.40373	5.76812	127.959114	12.736258	79.40372	5.7687125	127.509224	13.616699	-8.478081	1.6513189	35.380257	-17.878643	57.647343	4.2166486	1081.056552886963
12	824.5731	44.73846	896.4996	788.8478	-129.73183	49.765594	-52.19527	-176.64662	-22.418934	17.081785	9.069859	-54.334415	-138.59082	5.2995567	-129.53062	-142.86432	-268.32266	47.513874	-192.66226	-311.28973	802.1541	59.656174	900.4186	736.59717	1000.0	1000.0	47999	82.77327	6.0102553	127.03741	17.60055	82.77357	6.0101485	128.76341	18.461233	-8.457354	1.6423501	15.008118	-17.035627	59.43165	4.2177176	1181.8247456550598
13	776.97473	44.46332	839.2112	687.47906	-97.77056	14.376453	-83.349915	-121.71549	58.157196	39.382713	166.95058	28.420364	-133.64629	4.5255766	-128.476	-139.52492	-231.41684	12.712305	-219.83438	-251.81525	835.13196	35.007275	876.82574	757.62427	1000.0	1000.0	51999	86.09051	6.3787646	131.17743	22.377745	86.09046	6.3801274	134.37895	19.992712	-8.472831	1.620553	23.144928	-18.248806	61.641525	4.198729	1282.2979743480682
14	791.94196	11.52662	816.845	768.9352	-53.402126	43.44294	-1.0051087	-120.261055	-20.488228	17.118853	-1.6662871	-56.065357	-127.60942	16.432827	-99.898285	-142.90228	-181.01155	30.32701	-135.61908	-220.15933	771.45374	24.653631	802.9614	712.8698	1000.0	1000.0	55999	89.31523	6.818099	128.0534	19.52356	89.31546	6.8188396	129.89699	20.693886	-8.434087	1.6663615	18.068962	-18.531572	63.40555	4.1565814	1385.0887191295624
15	790.53406	8.757932	803.18164	772.8795	-51.082024	30.69026	-19.119736	-97.288246	-14.233389	19.844107	7.134585	-52.557552	-113.8198	22.499168	-84.14712	-145.14102	-164.90181	47.695866	-112.14596	-219.2839	776.3007	16.973322	797.9718	741.17633	1000.0	1000.0	59999	92.44982	7.23468	133.73962	23.175966	92.44994	7.234589	132.41216	22.487776	-8.447923	1.6307472	27.051426	-19.419537	66.90733	4.125534	1493.3886506557465
16	842.0602	41.239296	940.9876	769.7436	-37.172348	90.8098	76.43681	-171.26709	-44.394722	30.162432	3.5867183	-109.85305	-104.36197	9.258813	-89.671234	-114.800674	-141.53432	84.71841	-27.920647	-260.93832	797.6654	59.278973	944.57434	704.0121	1000.0	1000.0	63999	95.49552	7.618248	136.55939	30.906029	95.49573	7.617927	132.06595	24.147999	-8.438603	1.6438189	18.57481	-19.806522	67.94174	4.1999826	1601.7652351856232
17	741.7189	37.386425	788.4766	692.17786	-23.47561	66.99306	44.38715	-134.65045	-19.268381	8.826352	-6.2437167	-33.820343	-117.508156	25.727507	-81.60206	-148.6861	-140.98376	73.72495	-88.377045	-268.2181	722.4505	38.732136	768.5437	666.2761	1000.0	1000.0	67999	98.55852	8.098572	136.60088	31.168726	98.55864	8.098911	138.51266	31.834953	-8.396578	1.6610715	20.296097	-19.049076	68.20202	4.212086	1707.1319677829742
18	829.52246	78.63683	989.6624	760.16925	26.324665	20.075724	51.282913	0.23862167	-41.123363	11.198222	-16.371809	-53.228306	-113.431755	31.232628	-90.679405	-167.27536	-87.107086	23.791822	-51.379017	-115.992455	788.3991	88.92018	973.2906	709.7421	1000.0	1000.0	71999	101.44926	8.562244	143.27406	30.719786	101.44953	8.562535	142.33665	27.771616	-8.33839	1.6962245	24.397844	-18.169704	69.3917	4.220201	1807.05966091156
19	762.8685	84.091576	954.48346	650.2478	42.30484	23.769398	73.58614	18.443562	-22.738186	11.413726	-8.229322	-43.158134	-138.78065	11.29297	-126.163506	-150.08095	-96.47582	24.133396	-71.799484	-131.53992	740.1303	91.7687	941.07117	619.75085	1000.0	1000.0	75999	104.27944	9.19223	141.42021	26.041523	104.27958	9.192936	142.01727	22.306559	-8.314482	1.7185376	19.930122	-18.954645	73.96195	4.425964	1906.855476617813
20	685.4147	14.892331	704.2417	654.01227	19.53606	17.415045	33.73943	-10.208217	-52.499092	20.039637	-26.825092	-92.900894	-95.68953	10.785275	-78.77527	-108.41839	-76.15347	9.737626	-61.99174	-88.98348	632.9155	17.50178	673.44165	607.8165	1000.0	1000.0	79999	106.66368	9.712156	143.55128	31.185102	106.66375	9.71203	140.84325	29.287764	-8.317467	1.6834879	25.633577	-19.535091	73.17178	4.4219317	2006.1839406490326
21	758.3458	33.571392	822.79675	696.27496	65.09152	23.583218	89.8308	34.81406	-44.7138	10.045822	-35.167755	-72.30346	-93.4702	14.425934	-75.81333	-113.71198	-28.378689	23.63195	1.4644673	-64.69836	713.6321	37.031178	776.8205	652.3452	1000.0	1000.0	83999	108.91856	10.155568	145.10516	28.408897	108.91867	10.155542	149.89671	16.570383	-8.298	1.6696469	40.850418	-20.088707	73.05281	4.3785734	2105.2615897655487
22	752.47546	14.534471	776.48267	727.52856	36.700832	53.05982	109.37978	-26.981464	-37.49235	21.743364	-11.208264	-80.68303	-104.20376	10.097723	-91.0687	-119.29801	-67.50292	60.64888	7.824557	-146.27948	714.9831	33.516563	765.27435	654.65875	1000.0	1000.0	87999	110.98075	10.709216	142.31798	29.626162	110.98089	10.708085	143.2799	25.974525	-8.249196	1.6731637	37.86213	-18.363174	75.74506	4.4931173	2205.4439675807953
23	787.23395	82.25076	965.4926	709.0267	-6.420211	73.44482	57.410664	-130.74344	-56.877266	26.9508	-5.7896476	-106.53316	-98.16582	31.81464	-63.34769	-143.65091	-104.58603	55.912605	-54.271046	-194.09113	730.3566	96.56201	959.703	628.38165	1000.0	1000.0	91999	112.95395	11.289044	149.75133	28.135105	112.95413	11.287982	148.91666	27.874578	-8.212128	1.6938045	21.529848	-18.024466	79.25948	4.6911564	2307.108545780182
24	673.65344	42.168987	784.8484	632.5042	27.404053	64.240326	92.61272	-71.0818	-67.70323	20.715729	-25.61604	-96.76221	-85.48577	18.60524	-64.124016	-111.59271	-58.08171	76.3206	20.349989	-182.67451	605.95026	41.102665	688.0862	551.0294	1000.0	1000.0	95999	114.59221	11.93733	159.0707	28.939781	114.59246	11.93727	158.85309	27.899946	-8.204823	1.6622726	20.718464	-19.154438	81.295845	4.7077975	2408.439479112625
25	811.2021	24.586939	844.64166	770.20404	88.07863	43.04435	151.45734	32.27358	-20.447922	32.394043	10.32514	-85.28507	-108.299194	19.65878	-78.0894	-127.09868	-20.220549	30.6335	24.358664	-51.28827	790.7541	25.033434	828.37134	757.2409	1000.0	1000.0	99999	116.17448	12.5082	156.62968	31.960884	116.17469	12.505169	157.51129	31.401375	-8.190885	1.6360937	24.411366	-19.15162	82.08133	4.7165256	2509.524186372757
26	789.3358	49.814304	869.0316	682.70526	57.296677	53.133144	117.45656	-0.48162067	206.23625	128.8868	356.5629	-28.247715	-93.939545	19.196638	-66.78088	-119.94933	-36.64286	70.809906	50.67567	-120.430954	995.5721	122.36001	1145.2969	766.2848	1000.0	1000.0	103999	117.56004	13.045522	159.94565	28.331188	117.56039	13.043414	154.60593	26.72791	-8.14576	1.6320307	34.056812	-19.409332	81.81983	4.698724	2609.5066623687744
27	812.89435	62.243404	911.3986	675.5923	139.20615	25.643188	177.02722	108.19117	-19.925465	21.85	10.5717125	-53.18439	-104.62691	14.390374	-85.185005	-125.37487	34.57923	20.476547	69.97008	20.790855	792.9689	69.05476	915.29834	659.0373	1000.0	1000.0	107999	118.95075	13.619858	156.46552	19.668514	118.9509	13.617554	152.85382	15.681482	-8.103436	1.6411705	18.107141	-20.549644	81.61736	4.8065267	2708.986846923828
28	826.24445	72.272064	973.06824	739.3243	131.16911	38.331608	194.08067	91.82582	-35.767162	31.641207	-6.704248	-101.44146	-101.20659	20.527414	-80.68884	-135.38678	29.962528	42.45961	98.50018	-9.154948	790.47723	54.528057	933.69305	729.5881	1000.0	1000.0	111999	120.3764	14.0459175	164.90059	26.416777	120.37659	14.043293	163.69632	22.090948	-8.093624	1.6506627	26.312134	-18.781015	85.32408	4.731609	2808.9572744369507
29	832.7087	77.92578	944.7467	756.30804	101.05227	55.1189	152.57446	8.154628	-42.683342	21.125324	2.3651924	-71.302864	-91.67578	25.595095	-52.377888	-124.11795	9.3764925	73.670204	66.92284	-115.96332	790.0253	66.13549	889.42914	715.2305	1000.0	1000.0	115999	121.58431	14.552897	159.57869	26.764574	121.58456	14.550395	157.75032	23.920525	-8.0947695	1.6334668	27.755573	-18.370106	86.37257	4.7207265	2910.673231124878
30	688.4446	89.5234	828.06116	592.7541	151.68613	81.52617	257.37512	28.944769	-50.37858	31.898108	-25.667364	-136.09538	-101.51657	11.338247	-90.73104	-118.15695	50.169563	91.01248	165.992	-89.21219	638.06604	76.27409	796.826	540.2887	1000.0	1000.0	119999	122.61598	15.123053	161.0132	19.751923	122.61617	15.119341	157.01357	14.088967	-8.04381	1.6495715	24.548569	-19.188911	85.50117	4.8168025	3012.5366399288177
31	823.901	70.906906	959.7041	739.20416	143.14166	47.282944	209.81335	78.08894	-20.769009	14.5386505	12.243601	-37.797066	-93.62279	10.863235	-82.27979	-110.60608	49.51888	38.302807	99.207275	-4.190851	803.13196	82.2117	971.9477	727.3299	1000.0	1000.0	123999	123.69423	15.493213	161.57489	18.6314	123.69448	15.490732	166.9281	16.429907	-8.0594425	1.6424185	27.14561	-19.937408	87.66769	4.9020076	3113.4766762256622
32	905.68604	50.641342	1028.6357	839.1033	117.42706	23.499983	146.07341	80.853806	-18.579918	15.17261	5.3370757	-56.176746	-86.594246	8.033584	-73.577225	-94.139626	30.83282	27.769697	72.496185	-5.577225	887.1061	57.75359	1033.9728	810.08246	1000.0	1000.0	127999	124.80758	15.749984	165.6056	23.858997	124.80793	15.745688	163.63626	17.6055	-8.04458	1.6578137	35.615635	-19.084576	88.68167	4.8774695	3214.307620048523
33	831.131	67.37331	1013.6088	776.11633	167.07765	26.13884	195.26633	140.3401	-19.491215	15.068682	16.297226	-40.007126	-90.048	19.604727	-68.414474	-120.70613	77.02967	13.3537445	98.87829	62.754578	811.6398	80.07696	1029.906	745.26807	1000.0	1000.0	131999	125.74307	16.009954	164.59395	22.117079	125.74321	16.008245	164.90263	23.072376	-8.026924	1.6464047	21.597792	-19.350533	89.309654	4.79276	3314.646110534668
34	879.3441	61.4036	986.7529	818.5128	140.47398	35.435986	197.32492	100.027794	-15.348178	15.326056	5.3035097	-54.454865	-100.74346	15.176436	-85.37546	-118.23034	39.730515	27.982294	83.909805	14.07486	863.9959	64.87322	976.8624	792.27484	1000.0	1000.0	135999	126.63628	16.15217	172.15402	18.671148	126.6364	16.149597	167.88947	20.32325	-8.014844	1.6642615	16.481731	-19.698029	85.67379	4.87483	3415.105456352234
35	811.3419	42.55724	916.86285	755.88025	145.99579	29.71583	176.09677	97.01268	-14.330564	16.142632	-2.5681953	-59.815113	-104.97977	24.75534	-89.61048	-147.81151	41.016026	36.757824	86.4863	2.703968	797.0114	50.769127	910.7393	712.34357	1000.0	1000.0	139999	127.43578	16.330757	170.27678	29.736794	127.43579	16.328337	168.39401	30.221626	-7.997208	1.6641698	35.27762	-19.998438	84.220825	4.8550053	3515.467540740967
36	818.5384	57.76679	917.7701	712.55835	178.91982	85.70139	292.0956	63.88715	-13.117315	5.3338337	-7.067504	-27.027422	-85.56622	5.167365	-81.38563	-94.28593	93.35359	81.79014	197.80968	-17.498472	805.421	56.594116	901.3891	704.17706	1000.0	1000.0	143999	128.279	16.348362	169.37764	27.615135	128.2792	16.346346	167.68169	22.970524	-7.976549	1.6731869	25.142284	-18.874268	85.915245	4.7838526	3614.6827008724213
37	584.02234	155.81796	922.40796	422.5092	146.79663	19.43181	176.81833	127.56733	-9.5138	14.58964	1.7335078	-38.803772	-90.804886	19.111202	-60.60985	-107.74623	55.99173	14.735083	71.27547	39.47295	574.50854	148.30302	913.985	421.6128	1000.0	1000.0	147999	129.08218	16.336227	175.80507	23.86734	129.08228	16.335344	179.70547	22.250326	-8.004932	1.6809373	34.9029	-20.078972	86.87011	4.843375	3714.2650361061096
38	889.0285	51.572334	979.1462	824.7931	131.3483	49.5992	210.4974	84.47622	-7.641229	19.04279	7.8203464	-53.885098	-85.7175	14.514232	-69.47502	-102.220604	45.6308	61.595497	137.28856	-13.489335	881.3874	54.01052	985.51904	824.0164	1000.0	1000.0	151999	129.74542	16.391033	171.06094	18.727257	129.74509	16.390402	168.57268	10.590059	-8.002827	1.6740204	23.20007	-17.847992	84.62312	4.852808	3814.286870241165
39	877.89453	61.93683	1001.4669	774.4515	196.80342	42.40714	239.72517	130.96712	-6.6425858	9.856327	7.5982227	-23.601948	-88.81433	14.009496	-76.47238	-111.00762	107.98909	53.075787	150.56174	19.959486	871.25195	69.48063	1008.27795	750.8495	1000.0	1000.0	155999	130.15659	16.658558	171.38274	20.157225	130.1565	16.657974	171.16656	20.596445	-8.049646	1.5943768	26.876148	-21.337585	84.52198	4.9047127	3914.548015832901
40	842.80585	51.06717	917.6411	710.71765	164.52745	18.650017	187.68362	137.29027	-18.55822	13.530376	-3.4694417	-37.251957	-98.24235	12.067775	-86.09774	-115.90008	66.285095	19.154285	85.67398	34.454636	824.24774	58.32795	899.01746	677.281	1000.0	1000.0	159999	130.52686	16.986803	171.96489	14.530507	130.52664	16.985815	168.62645	10.127411	-8.040169	1.5954423	20.843567	-19.477348	85.080574	4.913866	4016.7187926769257
41	834.1387	100.15205	1025.6371	680.0827	148.28685	37.750904	196.84889	91.55704	-4.584521	11.720701	20.618284	-21.324701	-97.85458	2.6937861	-95.03571	-101.98053	50.432266	39.16663	101.81318	-6.909367	829.5541	95.58202	1015.8029	677.32745	1000.0	1000.0	163999	130.90083	17.326689	171.51756	19.65447	130.90088	17.325958	170.16278	16.417498	-8.016336	1.5833527	23.978405	-20.15409	83.018654	4.9589114	4118.6244575977325
42	747.59753	79.13126	961.32574	683.52545	221.6694	98.65593	392.22925	157.71228	-26.475931	14.438118	12.265154	-46.979683	-87.75341	11.1728	-71.290726	-101.92228	133.916	91.31307	290.30698	65.28223	721.1217	89.462616	973.5909	657.61334	1000.0	1000.0	167999	131.15411	17.641323	168.28491	17.38278	131.15393	17.640589	165.6098	19.276619	-8.00675	1.5795166	25.329483	-19.682032	82.34503	5.044709	4220.480604171753
43	806.70306	41.60413	907.99164	773.792	120.91017	51.852528	175.06296	38.23211	-7.07819	11.119365	7.526883	-30.435507	-86.55821	23.444221	-60.355347	-114.38828	34.35196	47.8184	108.50296	-22.123238	799.6249	49.728497	915.43964	743.3565	1000.0	1000.0	171999	131.5227	17.773584	173.32513	22.247961	131.52264	17.772003	166.64948	24.826214	-8.005432	1.5902227	25.368652	-20.337736	82.619095	5.1203227	4322.593563318253
44	926.5441	30.537937	1007.2173	900.1086	170.17516	25.005556	201.57745	137.44981	-6.969428	9.637028	18.627594	-19.261915	-99.825195	20.718893	-76.72084	-133.34761	70.34995	44.103733	124.85661	4.1021957	919.5746	39.345005	1025.8448	885.12775	1000.0	1000.0	175999	131.80997	18.033745	168.09296	17.945408	131.80994	18.032309	167.24028	15.793325	-8.003006	1.5981451	26.881144	-19.750387	83.28531	5.071792	4425.40775346756
45	790.11084	80.28049	962.84973	654.9357	208.29181	39.701923	241.40721	142.95409	7.3495207	3.2311287	13.262581	2.1857548	-90.22549	8.377494	-79.76274	-101.31478	118.066315	35.07979	144.08162	57.945522	797.4603	81.72623	976.1123	657.9803	1000.0	1000.0	179999	132.31699	17.972279	168.37088	19.015587	132.31715	17.9711	170.08789	17.191265	-7.984924	1.6008686	24.966928	-17.680395	83.569084	5.0402293	4532.7084057331085
46	864.1371	111.76901	1050.182	718.1624	157.24472	88.41775	263.8254	21.962158	1.2617376	9.956087	15.815409	-11.847253	-99.2646	9.726116	-84.50924	-111.56524	57.980133	80.69857	161.55157	-62.54708	865.3988	118.24056	1065.9974	724.58185	1000.0	1000.0	183999	132.59845	17.975266	176.77673	16.894077	132.59848	17.974339	167.08365	16.20832	-7.9769373	1.612653	15.167168	-18.590368	81.77873	5.130702	4634.373048067093
47	988.93036	30.313053	1056.4264	946.0202	212.02747	23.193249	241.80544	187.48955	-8.436426	7.0220423	6.602171	-19.069271	-86.51753	3.7393672	-80.36576	-90.05566	125.50994	22.245602	152.94347	97.43388	980.49384	31.617884	1045.1843	936.66846	1000.0	1000.0	187999	133.03603	17.843676	166.07782	18.58766	133.03601	17.843039	162.9959	14.927591	-8.002826	1.6021903	32.34675	-17.574486	85.322845	5.0116253	4735.821068525314
48	860.79865	65.19784	983.929	777.14124	180.5601	18.06588	203.29417	156.12413	-4.875094	7.972631	8.371813	-15.712499	-96.733475	9.521485	-83.4869	-110.31936	83.82663	25.427965	119.80727	58.435783	855.9235	70.19907	989.30804	769.32904	1000.0	1000.0	191999	133.61378	17.553532	164.78708	24.395502	133.6137	17.553144	161.67749	18.886591	-7.960395	1.6522024	24.133678	-18.36817	84.7686	4.8801913	4837.500021457672
49	948.9176	79.62681	1038.0431	788.4152	190.13101	45.014065	251.5594	131.82526	-4.006936	7.4773407	9.51517	-14.833993	-93.33778	13.032218	-77.27767	-109.38749	96.79324	41.53783	149.1656	54.54758	944.91064	81.45173	1040.6862	783.0967	1000.0	1000.0	195999	134.15804	17.321535	163.38286	29.177694	134.15811	17.321222	159.48248	25.534054	-7.962835	1.6201432	21.235308	-18.628435	82.62195	4.88874	4938.901262044907
50	758.93115	121.68992	1003.45416	661.0277	225.79817	38.371773	281.89597	175.39166	-3.6813107	10.302464	13.263404	-25.329012	-83.24555	12.236547	-69.82719	-100.62067	142.55263	31.856024	193.24106	105.56448	755.2499	129.10034	1011.53845	644.49097	1000.0	1000.0	199999	134.60716	17.2741	161.02817	21.496008	134.60712	17.27324	163.60695	17.76358	-7.97339	1.6185601	20.794106	-18.950558	88.79509	4.9706445	5038.101301193237
51	888.6463	124.744194	1014.3647	675.52563	188.42241	37.05148	231.31438	145.95079	0.31776634	13.318879	15.736586	-24.516317	-96.004875	11.220938	-82.12119	-108.936775	92.41752	38.71062	136.4851	41.008507	888.9642	136.19623	1030.1012	651.00934	1000.0	1000.0	203999	135.03967	17.236473	157.2756	18.858288	135.03966	17.236052	164.95782	11.098131	-7.9831314	1.6088324	17.920284	-20.139507	89.69409	4.8490252	5137.622130870819
52	837.08026	88.28207	995.121	699.12366	221.49269	7.699067	232.69763	212.37923	-5.372228	5.89557	5.587634	-18.822079	-95.82731	6.210918	-90.891136	-106.392136	125.66539	13.053528	140.79814	105.98709	831.708	88.96942	1000.70856	694.07104	1000.0	1000.0	207999	135.35005	17.366165	161.25336	20.419891	135.3501	17.366272	155.31592	19.280191	-7.960567	1.6249341	40.619476	-20.489502	87.93231	4.9048862	5237.542728662491
53	971.5819	53.26393	1032.7152	892.67957	197.85915	29.245386	226.76958	149.18939	-3.4514492	7.240867	10.918976	-15.547205	-94.17976	8.99877	-79.05506	-101.86577	103.67937	30.759537	131.95465	53.341263	968.1305	58.867863	1043.6342	883.394	1000.0	1000.0	211999	135.8001	17.287203	161.33524	25.905073	135.80023	17.28647	158.39455	22.476965	-7.9619923	1.6237348	20.068684	-18.896885	88.359665	4.9237733	5337.812157154083
54	850.8827	65.831604	978.18384	756.2105	217.11128	32.15992	257.403	178.127	-18.45043	6.775436	-3.8037498	-28.750046	-104.90583	11.021781	-89.19695	-119.84322	112.205444	27.62238	137.5598	70.03128	832.4323	68.12473	974.3801	744.6556	1000.0	1000.0	215999	136.10333	17.303022	160.77013	22.122206	136.10341	17.301725	161.21497	17.299677	-7.9593773	1.6373655	18.405865	-18.640917	85.13098	4.9010496	5438.224788188934
55	890.8468	37.464317	938.24316	801.7121	211.9228	35.8507	257.76175	158.9675	-18.44026	2.6530392	-15.228373	-24.460272	-96.6695	17.667145	-66.34234	-110.05211	115.253296	36.0077	147.70964	55.575176	872.40656	39.65355	922.32446	777.25183	1000.0	1000.0	219999	136.26991	17.361809	166.57463	19.10095	136.26974	17.36158	163.72028	23.475622	-7.9312277	1.6579261	19.617096	-19.566872	86.80208	5.040206	5538.325820684433
56	886.0573	101.70331	995.81354	716.6617	216.8019	18.158463	243.97797	192.92097	0.36017093	12.893489	13.567134	-24.459135	-93.36934	12.779029	-80.60798	-114.65834	123.432556	30.210238	163.37	78.26263	886.4175	105.25603	990.09186	728.823	1000.0	1000.0	223999	136.42624	17.474886	162.50021	26.373915	136.42633	17.4751	169.81236	21.122189	-7.9402595	1.6380981	24.451077	-18.916798	85.4819	5.1214824	5638.1753141880035
57	887.0371	70.99787	979.92957	769.2332	216.9166	17.325508	241.21144	195.2815	-6.7844887	10.979029	19.300877	-19.327986	-94.53147	12.284055	-82.42313	-112.39565	122.38513	16.310158	140.05237	95.84056	880.25256	78.465836	999.2304	759.6947	1000.0	1000.0	227999	136.68027	17.461601	165.19775	24.055147	136.6803	17.461521	167.77228	15.330486	-7.927003	1.6395427	41.366577	-19.823143	88.062935	5.1497383	5737.9867470264435
58	973.2671	34.03726	1012.503	904.40826	222.65051	28.05938	267.7676	191.91821	5.446105	4.964411	15.830658	-2.0312986	-75.549126	12.526617	-60.976173	-95.05146	147.10138	21.678255	172.71616	115.45715	978.71326	37.743652	1016.07324	902.377	1000.0	1000.0	231999	137.00064	17.461329	169.8916	24.650757	137.00063	17.461273	171.1297	18.083103	-7.945749	1.6631396	22.77508	-19.075777	81.857925	5.068252	5838.676033735275
59	903.4855	85.08181	1046.0006	765.37054	189.42412	56.941708	235.41707	92.43314	-4.1755867	13.8225	13.247963	-41.067833	-77.78694	13.010318	-61.570362	-95.7615	111.63717	52.367542	151.82083	22.21346	899.3097	93.83525	1049.3389	724.30273	1000.0	1000.0	235999	137.35512	17.382326	164.63045	18.804924	137.35516	17.381948	170.27159	11.106541	-7.9485674	1.6398697	24.526028	-18.189302	87.14575	5.057107	5940.349519729614
60	742.4888	126.02713	991.73975	613.79895	235.21887	30.868263	272.43362	187.37596	-10.191157	11.207508	8.827443	-27.8555	-88.525635	14.614279	-63.91236	-101.85453	146.69324	37.784405	182.98605	91.3151	732.29767	131.64192	978.1579	600.81616	1000.0	1000.0	239999	137.6879	17.400562	169.08594	14.307083	137.68787	17.401108	171.26794	3.3980353	-7.919592	1.6424098	18.165682	-19.75082	86.18978	5.0262337	6039.9382128715515
61	933.9803	90.64063	1034.7737	733.41296	226.54492	23.75253	265.35428	202.78577	4.4943743	11.0251465	18.756662	-18.346931	-90.3839	8.91209	-81.988716	-105.32308	136.16103	27.612528	183.36557	114.526825	938.4746	100.01208	1050.6362	723.29004	1000.0	1000.0	243999	137.84349	17.533108	193.01384	12.677981	137.84387	17.530926	181.99637	6.4320245	-7.9409413	1.6576163	19.85181	-19.15718	84.18461	5.0720596	6139.507383108139
62	863.06866	92.256966	1004.7089	741.89374	210.51021	23.766745	240.79362	175.15527	-1.2828139	11.74579	21.310583	-12.849852	-85.90489	5.107708	-80.42442	-92.08388	124.605316	24.234869	160.3692	93.83611	861.78595	101.50093	1021.4874	732.5239	1000.0	1000.0	247999	137.92195	17.657722	177.71599	24.546837	137.92184	17.65745	174.02296	19.899847	-7.9406533	1.6742527	52.505463	-19.464104	83.215096	5.1378784	6239.548881530762
63	907.2253	89.36897	994.5121	731.4335	259.84204	56.342644	337.50235	196.8452	-7.0804954	11.01326	8.150177	-23.362267	-72.69613	9.459528	-61.626106	-86.73124	187.14592	52.519012	250.77109	129.75504	900.14484	99.57824	994.2533	709.32697	1000.0	1000.0	251999	138.25443	17.452263	191.92336	28.66443	138.25465	17.451529	178.2302	21.401701	-7.91618	1.6548704	27.180044	-23.373642	81.28778	4.953108	6339.6034207344055
64	915.0825	125.18384	1038.5608	636.0165	184.20082	40.270245	221.38217	122.42273	4.140739	9.710185	14.41238	-20.921177	-84.50374	4.5828443	-77.80524	-89.268234	99.69708	40.426353	140.88951	39.650997	919.22327	126.492355	1044.5005	639.52985	1000.0	1000.0	255999	138.5096	17.371672	167.7215	32.2305	138.5097	17.371689	169.98337	23.946648	-7.896618	1.7017686	47.018906	-17.901371	83.65776	5.1455054	6442.108108043671
65	934.514	120.23559	1021.70776	693.1358	215.28226	31.00607	242.24933	165.02202	5.9452996	8.87815	13.517094	-13.945275	-85.05456	11.786372	-69.14019	-97.35835	130.2277	40.611423	170.45564	69.66201	940.4593	128.27234	1029.008	679.1905	1000.0	1000.0	259999	138.79222	17.169367	177.58437	32.869957	138.79225	17.169016	178.7881	27.048828	-7.919694	1.6767241	29.321314	-20.225864	84.820465	5.065575	6544.646085500717
66	958.9841	55.629105	1017.6635	851.33154	222.53969	42.743473	292.23303	176.95314	4.005522	7.0873594	13.587751	-9.99762	-85.33409	10.216728	-69.83508	-98.41536	137.2056	43.819965	204.41248	91.687805	962.9896	59.68308	1027.1515	858.4349	1000.0	1000.0	263999	139.06976	17.09858	172.6694	30.826649	139.06969	17.098606	170.55963	25.706604	-7.915326	1.6686153	22.287363	-18.193588	86.75227	4.987262	6647.011147975922
67	882.75226	130.89873	1021.7873	637.0459	189.88121	43.057774	232.64233	124.06948	0.15593033	7.270495	11.266994	-11.88353	-88.75642	6.5651603	-80.67816	-98.88291	101.1248	49.393467	151.96419	25.186573	882.9082	136.8685	1024.8842	631.9392	1000.0	1000.0	267999	139.32909	17.020958	169.71951	28.225914	139.32896	17.02188	173.32318	19.954084	-7.926015	1.6479801	28.231045	-18.633224	85.74633	5.021656	6749.461019277573
68	860.037	83.17441	982.0363	776.63715	258.74216	26.031965	278.0892	214.09842	4.532895	6.3761215	14.7787	-4.8707104	-93.383026	7.018327	-82.764755	-101.48212	165.35915	29.358334	195.32445	116.670876	864.56995	88.76665	996.78754	780.804	1000.0	1000.0	271999	139.30193	17.229677	175.12727	20.166014	139.30206	17.229284	173.3077	18.823015	-7.9191127	1.6400694	35.317642	-18.616467	85.358154	5.0158105	6852.105393886566
69	898.59216	108.219154	1002.30634	713.6472	201.99942	34.830563	259.92578	169.62286	-2.282269	10.434492	8.036685	-29.243414	-99.59938	14.881999	-84.43513	-121.96236	102.40006	47.465595	175.49066	47.660507	896.30994	114.21026	1009.81537	707.4498	1000.0	1000.0	275999	139.42773	17.39102	170.35738	27.684729	139.42786	17.390017	171.93303	26.982986	-7.9241276	1.6696703	38.422863	-17.668222	83.548775	5.1062207	6955.725449085236
70	991.7547	2.2482822	995.47675	988.1396	224.8013	37.82606	270.2639	168.52133	-3.0641236	0.45317575	-2.6276135	-4.2487884	-128.3366	22.684816	-94.93151	-153.37842	96.46471	28.879734	125.904236	62.16092	988.69055	2.2562475	992.8491	985.1438	1000.0	1000.0	279999	138.83466	18.388063	169.83	3.5632598	138.83473	18.387367	167.9167	3.70986	-8.215095	1.3252256	18.93352	-18.05317	83.463936	5.214624	7060.156431674957
71	999.5046	1.736983	1002.5321	996.7689	247.74734	39.96993	302.40836	189.58543	-1.002984	0.34808406	-0.55929065	-1.5991256	-159.62643	13.910705	-139.61707	-178.23912	88.12091	53.73522	162.79128	11.346325	998.50165	1.784121	1001.5544	995.3095	1000.0	1000.0	283999	136.4439	21.299732	158.91153	3.5652306	136.44383	21.298496	160.4566	3.71153	-8.248762	1.175802	-5.4886446	-19.115696	79.985596	5.9671135	7164.720465421677
72	993.4911	4.893086	1000.81793	982.9396	268.01318	15.564922	282.45514	243.307	-1.0039464	0.33893287	-0.32095817	-1.4551331	-153.45975	23.368929	-123.009544	-181.70912	114.55344	32.00808	159.4456	73.634544	992.4871	4.840849	999.8839	982.35175	1000.0	1000.0	287999	134.15054	23.720432	157.94229	3.5692348	134.15097	23.7187	162.13841	3.7133856	-8.202589	1.1852629	-5.5348153	-19.177883	80.27369	6.4567666	7268.987864971161
73	993.63965	2.6423864	996.6693	987.3062	249.5811	41.279297	285.30753	181.09422	-1.0156457	0.42900214	-0.49244407	-1.7140745	-181.26402	14.382099	-160.83032	-199.00386	68.31708	54.27519	124.4772	-17.909632	992.624	2.6753547	996.0311	986.1473	1000.0	1000.0	291999	132.05669	25.744995	158.10814	3.567062	132.05653	25.744713	157.74866	3.710177	-8.211295	1.1857816	-5.307959	-19.75896	81.63169	6.842145	7373.09108543396
74	990.90466	2.0357194	994.36597	986.72266	231.10246	20.411448	252.92789	203.07535	-2.5361145	0.5563219	-1.5270085	-3.377597	-142.12468	21.045412	-108.21075	-160.81996	88.97778	17.925175	112.11075	62.177784	988.36847	2.1001878	992.1292	984.32623	1000.0	1000.0	295999	130.00015	27.487825	155.82056	3.5613964	129.9999	27.487846	156.2545	3.7070632	-8.174714	1.2003176	-5.5276294	-18.381863	82.0309	7.1537423	7475.503957033157
75	986.0001	3.0911603	991.105	982.53186	220.61145	81.88729	277.17148	79.30985	-4.465425	0.48890707	-3.496784	-5.265935	-158.53703	52.52098	-104.30215	-241.02376	62.07441	132.15643	164.44066	-161.71391	981.53467	2.9062316	985.87775	978.0807	1000.0	1000.0	299999	128.43242	28.750628	156.9065	3.5578089	128.43239	28.750238	162.88074	3.7048514	-8.194336	1.1924303	-5.568486	-20.26173	79.18133	7.5008926	7581.981993198395
76	988.98456	3.8003712	994.3658	981.5406	264.13116	36.623558	301.57684	218.73375	-1.8178213	0.43141353	-1.0438455	-2.4880857	-193.28581	24.274437	-159.7253	-220.72433	70.845345	37.438984	117.491905	16.801466	987.1667	3.696541	992.1928	980.1811	1000.0	1000.0	303999	126.95819	29.609667	160.01305	3.5577936	126.95808	29.609524	159.38902	0.5085368	-8.187087	1.1974896	-5.311717	-19.626637	78.12959	7.720985	7689.352301597595
77	1000.36346	3.2550988	1004.8492	993.80804	242.53104	75.98847	320.29947	146.47487	-0.91804963	0.29232702	-0.43798658	-1.3590473	-157.07443	40.52294	-106.74038	-208.82306	85.45659	91.094124	206.80153	-19.015184	999.4455	3.152442	1003.4902	992.6493	1000.0	1000.0	307999	125.55277	30.558279	160.1556	3.5484967	125.5514	30.563408	161.44829	-18.282284	-8.186795	1.1942589	-5.5269604	-19.071684	74.692314	7.923823	7796.891498565674
78	996.66	3.0354445	1001.48254	992.18	295.32544	35.89876	352.7235	264.7335	-0.90125406	0.3279038	-0.45077848	-1.516478	-190.60324	49.647545	-118.76345	-252.5273	104.72221	80.55844	233.96007	12.206177	995.7588	3.1784027	1000.6917	990.6635	1000.0	1000.0	311999	124.66011	31.02126	156.61417	3.514601	124.65641	31.035896	156.75282	-33.335358	-8.202093	1.1906576	13.022468	-18.795376	76.59175	7.8000913	7904.74173951149
79	994.6627	1.7071862	997.92523	991.98126	264.41776	58.993515	332.6225	190.96417	-1.7957487	0.48961726	-0.7630089	-2.7297614	-157.97385	23.320648	-124.32572	-183.04968	106.44389	37.343098	156.62068	66.63846	992.867	1.774195	996.59155	990.21857	1000.0	1000.0	315999	123.47321	31.844292	153.74966	-32.269356	123.47156	31.850292	155.05898	-41.838245	-8.138301	1.2122099	-5.389947	-19.601927	75.29164	8.152449	8012.4361028671265
80	998.74347	3.2798777	1002.1812	991.5592	275.97125	27.18718	320.92255	252.5102	-3.2714248	0.49320644	-2.4397838	-4.0584707	-202.4925	28.392912	-173.83717	-237.57246	73.47875	52.700855	147.08537	14.937725	995.472	3.0573578	999.0161	988.57043	1000.0	1000.0	319999	122.81077	32.14415	154.84888	-70.60696	122.81043	32.143967	155.30247	-69.27175	-8.17613	1.2025845	-5.4129143	-19.352064	76.27399	8.366014	8120.582978248596
81	993.1082	2.2165601	996.389	989.33856	239.00064	17.007904	257.17865	217.43767	-3.6232533	0.35652882	-2.6726136	-3.9775562	-158.7557	34.76803	-130.26274	-217.59845	80.244934	46.583843	123.771	9.75406	989.48486	2.3319237	992.7861	985.4493	1000.0	1000.0	323999	122.25784	32.265873	153.88783	-110.08102	122.25775	32.26516	153.46004	-113.09115	-8.164165	1.204013	-5.4759855	-18.805138	75.279305	8.108328	8226.368279457092
82	996.76575	2.3160572	999.03033	990.4423	285.94876	23.278934	311.99924	254.2165	-1.8891001	0.40309766	-0.78979945	-2.349188	-154.92474	28.725237	-123.21835	-201.44891	131.02405	34.11822	188.78088	102.60395	994.8766	2.2115972	997.08923	988.6189	1000.0	1000.0	327999	121.84346	32.545624	153.31435	-140.15572	121.84326	32.546043	155.3548	-146.97716	-8.236438	1.1837639	-5.580954	-19.34761	80.17895	8.322491	8333.162628412247
83	991.3436	1.153519	993.35016	989.40515	244.02643	36.55574	290.60376	191.16704	-1.5058055	0.38710132	-0.9863805	-2.2828145	-158.9063	49.524403	-108.75415	-229.81554	85.12013	80.20445	181.84961	-38.648495	989.8379	1.2651966	992.0833	988.0294	1000.0	1000.0	331999	121.58462	32.527958	155.76276	-148.36656	121.58446	32.527847	155.61748	-156.65233	-8.1915245	1.1931194	-5.4372797	-19.035648	77.89218	8.338187	8440.567785024643
84	993.0384	1.1977535	995.53534	991.3495	238.90497	24.039396	275.5411	215.15295	-2.3464594	0.33784285	-1.7241436	-2.9256582	-159.88673	51.98645	-77.93907	-222.30717	79.018234	37.53024	141.8312	47.49975	990.6919	1.1603508	992.8281	988.4238	1000.0	1000.0	335999	121.40902	32.314533	152.719	-137.4765	121.40909	32.313618	153.9166	-155.72752	-8.230228	1.183317	-5.5543876	-18.7972	80.469955	8.121179	8547.818050861359
85	978.58185	1.199581	980.22766	977.1733	269.81656	53.115486	349.61404	206.17725	-1.9140174	0.45465133	-1.1695539	-2.51153	-139.03627	19.481813	-111.08371	-165.15128	130.78029	69.92128	238.53033	61.06775	976.66766	0.93037546	978.17035	975.24506	1000.0	1000.0	339999	121.3602	31.951826	155.52858	-155.2738	121.36014	31.951641	157.19855	-161.82889	-8.232053	1.1832731	-5.5160065	-19.327421	79.66883	7.872744	8655.725524187088
86	984.90643	1.5934542	988.32434	982.909	234.80637	34.860413	293.5082	201.97256	-1.6236775	0.36235043	-1.0392698	-2.1596837	-185.52887	14.488775	-161.40237	-199.34691	49.277485	49.292015	132.10585	2.6256466	983.2826	1.4721575	986.1646	980.9155	1000.0	1000.0	343999	121.41374	31.562883	152.25415	-138.40982	121.41357	31.563017	156.53676	-162.67528	-8.256102	1.1751676	-5.7118697	-18.613579	79.95108	7.875666	8762.548425912857
87	988.9878	1.7904098	992.45575	986.0587	244.6193	45.04616	292.66333	184.20164	-0.6227327	0.17302203	-0.21295759	-0.83407426	-193.5805	41.88107	-137.99818	-241.47375	51.038757	66.89497	123.55236	-57.27212	988.36505	1.7957393	991.7463	985.4417	1000.0	1000.0	347999	121.53779	31.310083	152.88747	-148.25786	121.53752	31.309546	154.90279	-152.02795	-8.244368	1.1841408	-5.4547873	-18.386356	83.967514	7.8321085	8869.308334112167
88	978.896	2.3625183	982.0872	975.15564	240.88846	25.040945	260.81412	197.9969	-4.2458487	0.41049027	-3.4571073	-4.9006057	-142.39201	38.44378	-81.038475	-187.03844	98.49646	15.930729	116.95842	73.7757	974.6502	2.3684545	978.128	970.6384	1000.0	1000.0	351999	121.56552	31.109869	154.3472	-165.1134	121.56557	31.108208	160.1842	-149.84576	-8.218201	1.190794	-5.5536003	-19.428211	84.01392	7.976996	8975.63574552536
89	986.3124	1.4057155	988.62976	984.3529	239.57445	9.8538475	254.83344	229.32431	-0.20888682	0.48874933	0.7608351	-0.87720656	-165.7296	43.578995	-98.230995	-218.75014	73.84485	36.64482	134.48317	36.083286	986.1035	1.6303532	989.1746	984.1263	1000.0	1000.0	355999	121.71639	30.74951	156.62329	-183.3413	121.71607	30.751522	156.75807	-162.27307	-8.274217	1.1714685	-5.625543	-20.06641	85.15234	7.6397247	9083.821596622467
90	993.0703	1.4054399	995.1295	989.9073	250.46886	31.07918	303.55823	224.46439	-0.7907806	0.29755932	-0.34053662	-1.3222141	-198.41782	55.119156	-133.0654	-284.3328	52.05104	34.27596	104.89841	19.225428	992.2794	1.2602631	994.0632	989.5667	1000.0	1000.0	359999	121.94178	30.37457	155.29701	-204.98882	121.94194	30.373507	171.71552	-186.22716	-8.286965	1.1625531	-5.5944705	-17.85455	85.80645	7.631367	9192.012997627258
91	990.9173	1.7565061	993.9385	987.7658	267.34998	57.111637	365.62576	227.2336	-2.7106535	0.33530104	-1.9750654	-3.233137	-151.48921	36.04069	-104.214966	-200.08768	115.860756	74.49418	232.09293	31.540218	988.20667	1.7542421	990.7825	985.0895	1000.0	1000.0	363999	122.20005	30.00079	157.17503	-263.86957	122.1997	30.003122	160.98268	-252.99748	-8.261357	1.1751525	-5.513528	-19.522	84.896545	7.755909	9299.76373720169
92	985.6774	2.4948852	989.6254	981.24646	210.83562	15.789092	235.52342	191.79715	-0.7112282	0.39078102	0.04057909	-1.2705326	-190.93498	19.843695	-158.69374	-212.48	19.90064	27.296686	51.470505	-20.682842	984.9663	2.4813292	989.666	980.9684	1000.0	1000.0	367999	122.49665	29.661674	158.01056	-221.46104	122.4965	29.661406	159.64757	-242.81067	-8.250353	1.180328	-5.6018105	-18.759954	86.46839	7.6562176	9401.924938201904
93	996.7047	3.2568755	1002.35455	992.64905	240.01274	35.84996	294.46423	200.95929	-2.9287047	0.25966132	-2.412512	-3.3655016	-184.37863	53.0313	-128.44528	-240.97293	55.63411	50.584095	114.16431	-24.971672	993.776	3.2355244	999.5343	989.8966	1000.0	1000.0	371999	122.57517	29.358618	158.59818	-146.5857	122.57484	29.359716	162.74121	-159.09296	-8.260078	1.1742884	-5.6386433	-19.973112	84.72755	7.717535	9503.761561632156
94	978.70593	2.7618663	982.58154	974.5344	254.87796	23.083456	281.93356	227.79852	-2.214494	0.53691834	-1.5089782	-3.0114071	-186.66183	83.39992	-50.478058	-277.27963	68.216125	98.26939	222.66124	-40.639168	976.4914	2.9344685	980.27673	971.74255	1000.0	1000.0	375999	122.89559	29.113499	153.881	-202.8325	122.89566	29.112799	153.07976	-184.56229	-8.232758	1.1826986	-5.4288893	-18.174915	85.780594	7.448629	9605.248875379562
95	985.2137	2.4355106	989.32367	982.2264	244.68027	69.61096	357.40988	168.04219	-0.90422326	0.45733047	-0.11229059	-1.5818683	-137.49286	28.963223	-93.49543	-174.80386	107.187386	98.32867	263.91443	-6.761676	984.3094	2.519402	988.2213	980.6643	1000.0	1000.0	379999	123.09798	28.742258	154.21132	-141.22176	123.0979	28.74359	154.9676	-164.48523	-8.273253	1.1706325	-5.6375027	-19.734444	84.51647	7.1425858	9706.830271482468
96	985.27966	1.2180351	987.068	982.85394	247.37866	34.932594	307.8819	226.78868	-1.7226146	0.46406338	-1.0610526	-2.6364503	-159.47067	34.376785	-120.12215	-204.84114	87.907974	59.034508	174.897	21.947536	983.5571	1.1765443	984.8998	981.0409	1000.0	1000.0	383999	123.40064	28.366581	155.10043	-146.80124	123.40031	28.368567	159.55438	-137.13266	-8.2998705	1.1561512	-5.7176023	-17.735836	86.10478	7.197412	9807.748172521591
97	987.7391	1.9602468	991.5966	984.22156	236.60359	26.16113	279.4472	214.34476	-1.5306345	0.3795446	-0.9861478	-2.165958	-151.78961	34.537468	-126.78358	-210.56757	84.81398	16.21168	109.39476	68.87963	986.2086	1.9251982	990.37805	983.02783	1000.0	1000.0	387999	123.88679	27.976427	154.4553	-114.85078	123.88696	27.975447	167.72183	-116.09829	-8.30821	1.1536034	-5.6544437	-18.910378	86.60538	7.058631	9909.415404558182
98	995.5755	4.4205737	1001.7298	989.7293	252.37347	36.914135	300.65598	211.37184	-0.9533287	0.30920756	-0.5528054	-1.4601121	-184.44986	34.92457	-145.53304	-236.70677	67.923615	24.456612	106.37434	38.594822	994.6222	4.4930277	1000.9783	988.2692	1000.0	1000.0	391999	124.16078	27.740904	158.96155	-141.30031	124.16046	27.74013	160.3702	-150.14471	-8.30242	1.1573486	-5.5842257	-19.26811	86.14098	7.1503015	10010.920274734497
99	988.182	2.5281718	992.3988	984.055	343.55737	22.398787	380.34006	319.7033	-2.1604784	0.39897728	-1.5842505	-2.7933538	-131.07881	36.240917	-85.0753	-178.86267	212.47858	19.957066	234.628	185.46414	986.0216	2.5718203	990.3118	981.26166	1000.0	1000.0	395999	124.3983	27.536978	153.11923	-143.34897	124.39819	27.538568	154.85567	-130.60231	-8.248732	1.1790671	-5.5895023	-21.252197	85.22417	7.181589	10112.405582666397
100	990.63965	1.9791734	995.46545	988.0731	216.88004	58.257267	265.0833	122.23027	-1.6462828	0.35887998	-1.0784787	-2.1730645	-160.78903	29.442791	-122.93764	-197.68704	56.090996	49.7583	122.15969	-0.70736814	988.99335	1.867605	993.7183	986.9125	1000.0	1000.0	399999	124.51175	27.419096	157.49228	-181.71716	124.51183	27.418741	158.09853	-174.2754	-8.305552	1.1553605	-5.7704067	-19.975836	84.7806	7.199135	10214.235435724258
101	981.18634	2.3107755	984.61597	977.9674	225.81995	23.61192	260.1724	193.95229	-0.9781202	0.57150286	-0.102479756	-2.0501387	-186.12755	16.913095	-164.09029	-202.6156	39.692387	12.598512	57.556786	26.009872	980.2082	2.4194899	983.7303	975.9173	1000.0	1000.0	403999	124.78186	27.086063	156.31914	-183.00891	124.78199	27.086252	157.96648	-185.19655	-8.304835	1.1535631	-5.6272078	-17.193165	84.229774	7.264837	10315.67888379097
102	993.244	2.2009976	997.5992	989.57495	229.81763	25.406525	271.4179	202.51353	-3.368422	0.49696642	-2.3034933	-4.3394766	-167.79575	47.898083	-103.277084	-238.44984	62.02187	60.958015	118.03626	-35.936306	989.8756	2.2268338	994.02765	986.264	1000.0	1000.0	407999	125.10795	26.638895	160.61777	-148.05746	125.10792	26.639442	154.91072	-143.64357	-8.312693	1.1616511	-5.5447006	-18.087702	83.20372	7.047676	10415.155111312866
103	979.88947	1.7572902	982.63293	977.224	236.12091	36.701263	289.21262	200.44003	-1.1573919	0.35944244	-0.6600473	-1.8727585	-215.84103	23.320938	-176.32541	-236.84726	20.279884	44.14365	75.0119	-23.812952	978.7321	1.8178074	981.11194	975.5128	1000.0	1000.0	411999	125.37152	26.336367	158.78441	-122.19217	125.37122	26.337362	160.56087	-115.20452	-8.313827	1.1529862	-5.6812563	-18.122618	84.615814	6.9855356	10514.138485193253
104	1000.4824	2.2309065	1004.0992	998.0037	266.43893	29.994778	303.35843	221.27661	-2.2772174	0.40124413	-1.7152697	-3.0793808	-129.96938	16.434635	-101.74321	-142.4593	136.46956	42.822006	201.61522	82.05002	998.2052	2.2555978	1001.8873	994.9244	1000.0	1000.0	415999	125.75488	25.99424	159.41292	-92.51318	125.75509	25.993963	158.82916	-115.95491	-8.294551	1.1550226	-5.8208146	-18.80231	82.418625	6.8730226	10615.23149061203
105	992.64764	2.5062633	997.283	987.57623	253.49123	49.692028	318.59863	187.0622	-1.0306265	0.32996804	-0.42709115	-1.5376831	-164.0904	33.30148	-117.537224	-203.01321	89.400826	66.098305	201.06142	38.191563	991.617	2.4443033	996.0629	987.1492	1000.0	1000.0	419999	126.00517	25.805462	163.78	-88.02416	126.00474	25.80844	163.96423	-89.927986	-8.304596	1.1560855	-5.6174245	-19.010015	80.468925	6.9030175	10716.081981182098
106	991.2293	2.4765337	994.2537	986.50165	226.64261	63.40651	283.88107	119.299225	-2.062434	0.34709376	-1.5498108	-2.8418586	-184.11726	77.38046	-73.578384	-283.28363	42.525333	43.38982	88.464554	-27.883999	989.1669	2.627077	992.2423	983.6598	1000.0	1000.0	423999	126.27971	25.54452	165.58049	-97.27605	126.28016	25.543413	158.9825	-105.3874	-8.32433	1.1502566	-5.6022124	-20.869097	82.22183	7.0508165	10816.442077636719
107	995.08154	1.1633098	997.2832	993.1931	289.93082	44.355583	365.68713	253.3739	-1.4625708	0.4058951	-0.76473856	-2.1123178	-208.66307	15.937409	-182.2153	-224.69539	81.26778	42.92629	153.43562	42.03381	993.61896	0.9697708	995.3569	992.4284	1000.0	1000.0	427999	126.4697	25.368948	160.52188	-115.500496	126.46999	25.368856	160.80624	-116.90256	-8.283916	1.1631285	-5.571191	-19.130848	80.68849	6.9184017	10916.996410608292
108	988.77893	1.4165016	991.55347	986.6983	202.35768	62.35994	262.08118	99.012825	-2.7490149	0.35632887	-2.2560966	-3.4211156	-225.02477	25.967463	-194.51283	-265.74368	-22.667093	86.67958	47.457874	-166.73087	986.0299	1.5199434	989.05347	983.2772	1000.0	1000.0	431999	126.65148	25.091076	164.10422	-98.50817	126.6512	25.091919	161.50543	-110.8865	-8.318481	1.1540035	-5.7521057	-19.395248	83.95347	6.77326	11017.32478928566
109	984.12714	3.0676029	988.03424	980.4886	222.62727	39.924225	285.6758	184.01859	-2.56408	0.28628433	-1.9011528	-2.8501265	-168.2911	39.420753	-128.4848	-232.65839	54.33616	61.407818	157.19101	-4.767166	981.5631	3.0391865	985.1841	977.6671	1000.0	1000.0	435999	126.85226	24.796453	158.81064	-104.36311	126.8526	24.795483	161.81691	-101.17008	-8.328073	1.1496071	-5.753728	-20.712328	83.88094	6.823168	11117.790887117386
110	984.1623	1.7282664	986.90546	981.6347	247.1579	13.172864	265.34995	228.26434	-2.691609	0.42068318	-2.139753	-3.3745596	-169.45558	34.14824	-131.06812	-206.27196	77.70231	36.30158	118.16308	27.74011	981.4706	1.4907982	984.28766	979.3139	1000.0	1000.0	439999	127.14778	24.53658	163.85474	-170.26381	127.14793	24.537312	162.97928	-181.68887	-8.301347	1.1594636	-5.6075196	-18.560005	82.517624	6.9865174	11217.85633134842
111	986.7303	2.3698394	990.4882	983.0996	216.6904	26.394053	251.74625	184.47144	-1.4776511	0.3529205	-0.9060726	-2.1303394	-136.10521	21.79825	-107.89739	-168.97258	80.58519	41.919685	123.43052	30.24346	985.25275	2.2578652	988.98773	981.62427	1000.0	1000.0	443999	127.28153	24.518902	156.98273	-169.59956	127.2811	24.521914	161.89883	-187.71213	-8.287321	1.1678352	-5.6741	-19.967674	81.29742	6.956299	11318.349482774734
112	992.59357	1.118725	994.29236	989.951	264.94946	36.796604	320.11154	216.87396	-1.1036044	0.23179932	-0.7018429	-1.3352002	-157.81915	35.038754	-122.95485	-201.04808	107.1303	52.991074	197.1567	64.64419	991.4899	1.140533	992.96735	988.6478	1000.0	1000.0	447999	127.4204	24.306797	158.98923	-174.59879	127.42041	24.308514	161.44598	-171.86485	-8.279272	1.1665361	-5.4720173	-18.950905	82.73615	6.8260217	11418.652788639069
113	989.7067	2.4739466	994.41003	985.1714	233.88625	25.339594	263.9222	193.80777	-1.2854025	0.32572883	-0.7973037	-1.8357314	-159.4015	25.417074	-141.84538	-203.12677	74.48473	33.2923	114.32027	33.59997	988.42126	2.6177125	993.61273	983.8196	1000.0	1000.0	451999	127.65365	24.119835	157.2496	-156.12408	127.6535	24.121786	155.07523	-168.22527	-8.295323	1.1572819	-5.601863	-18.777803	82.7952	6.7762985	11518.872918605804
114	982.2588	2.684432	985.7527	978.10394	277.00327	38.806374	313.41064	218.1516	-2.2634008	0.3134677	-1.6838725	-2.5933814	-84.292694	36.145885	-43.120014	-128.44926	192.71057	55.310593	255.66992	107.273674	979.9953	2.7069926	983.28815	975.68365	1000.0	1000.0	455999	127.9432	23.928606	156.9441	-116.46542	127.94342	23.928885	160.04279	-129.17674	-8.301505	1.1544719	-5.6251163	-19.61085	84.62534	6.730471	11619.149163246155
115	993.9961	1.3138793	996.17285	991.79083	226.02902	20.534502	255.99773	198.30104	-0.91463697	0.31699592	-0.35006526	-1.2537773	-170.73897	13.696814	-158.70828	-194.01799	55.290043	32.004265	91.38199	4.283045	993.08154	1.4120018	994.96844	990.7355	1000.0	1000.0	459999	127.93633	23.881931	163.28525	-127.5832	127.93606	23.884018	160.5003	-120.22503	-8.315155	1.1575223	-5.7027016	-20.522675	86.08647	6.6480255	11719.379050016403
116	995.8973	2.309756	999.40045	991.77765	224.25266	17.244095	253.98587	212.39421	-0.986907	0.59997535	0.07090492	-1.6731356	-146.97087	48.054893	-101.17149	-223.48885	77.28179	48.63456	112.56344	-6.5932164	994.91034	2.2481823	998.00616	991.8485	1000.0	1000.0	463999	128.23624	23.642723	162.81284	-177.98529	128.23631	23.643208	161.99461	-156.49396	-8.259628	1.1722592	-5.618516	-19.830284	88.212524	6.749587	11818.974794149399
117	989.3828	2.8714857	994.5584	986.1613	307.75183	49.691597	349.32907	224.82939	-1.6432276	0.28770813	-0.8743036	-1.8959043	-194.80081	69.880455	-127.533	-294.7225	112.951	89.1209	215.33977	-1.0294793	987.7396	2.8558536	992.90546	984.26544	1000.0	1000.0	467999	128.44139	23.461353	162.0458	-155.9099	128.44128	23.464277	159.56857	-178.8131	-8.280368	1.1657356	-5.535103	-17.919039	88.58048	6.6039805	11918.572831392288
118	982.2917	2.4278302	986.71826	978.8506	237.60884	55.74641	314.75534	159.93533	-2.065539	0.326098	-1.5767074	-2.8151453	-163.89183	57.394802	-103.81741	-248.41444	73.717026	102.32519	210.93793	-25.471134	980.2262	2.3177412	984.86145	976.95123	1000.0	1000.0	471999	128.70029	23.270855	159.93011	-128.53976	128.70036	23.27167	159.75586	-142.95761	-8.287961	1.1699094	-5.5019317	-18.352104	88.29484	6.7625103	12018.045889616013
119	988.5421	1.8715018	991.6766	984.8118	274.50632	52.487648	363.80844	229.5765	-4.513734	0.45483527	-3.996294	-5.545005	-136.69525	39.300068	-93.61652	-191.25627	137.81107	73.88813	258.14642	65.63577	984.02844	1.9867418	987.4592	979.9803	1000.0	1000.0	475999	128.94186	22.896578	163.86855	-90.42706	128.94176	22.89739	161.79948	-88.01799	-8.263128	1.1740088	-5.4628754	-19.959404	87.46281	6.5391984	12117.81856226921
120	992.86847	3.5673738	998.6356	986.7798	220.8304	32.75597	276.80576	194.05327	-3.683073	0.218376	-3.424579	-4.0301085	-214.00775	35.06202	-157.66492	-249.71346	6.8226376	44.43076	63.77151	-40.717144	989.1854	3.5512166	995.09314	982.7751	1000.0	1000.0	479999	129.10031	22.581459	165.8124	-86.58498	129.1003	22.583632	169.13942	-83.90674	-8.299004	1.1581161	-5.509568	-18.64516	87.60684	6.570988	12217.22859287262
121	977.76746	2.2264621	980.86005	973.51013	239.06265	30.985683	284.63254	197.88535	-3.427915	0.34387043	-2.735246	-3.8421323	-153.04265	41.899147	-100.53523	-208.03821	86.020004	57.398575	141.74489	-10.152856	974.33954	2.217397	977.0259	969.7893	1000.0	1000.0	483999	129.2008	22.43673	164.50066	-98.66552	129.20071	22.438053	161.93243	-80.995926	-8.270331	1.1722324	-5.422229	-19.234116	86.00265	6.620891	12316.412252187729
122	987.4963	2.1630287	991.346	984.58997	261.82666	52.388252	339.77695	192.2673	-2.9333832	0.59110016	-1.9611746	-3.6581738	-135.15	38.031406	-71.091965	-170.6364	126.67665	68.72467	193.04918	21.630892	984.56287	2.0290468	988.55237	982.06506	1000.0	1000.0	487999	129.40604	22.407814	167.16545	-156.77013	129.40611	22.40929	161.89714	-161.6568	-8.271049	1.16851	-5.430871	-18.089718	84.18258	6.688875	12415.664535999298
123	988.92566	2.7743523	992.5984	983.77655	230.1069	37.154274	270.70407	175.53815	-3.6224868	0.29419905	-3.0622926	-4.1469173	-210.01645	23.603186	-185.97476	-248.46233	20.090433	30.56174	62.032505	-21.41903	985.3031	2.8091822	988.7229	979.62964	1000.0	1000.0	491999	129.58305	22.345587	164.58539	-137.8196	129.58308	22.346848	162.60054	-139.04622	-8.2866955	1.1699718	-5.4899874	-19.56831	86.191315	6.5246563	12515.969069719315
124	992.6351	1.289875	994.3447	990.68365	265.06158	43.27709	336.5778	220.36188	-4.4678564	0.30632094	-3.7789078	-4.887434	-134.05507	68.357376	-25.045185	-213.26657	131.0065	61.749546	195.3167	41.503784	988.1672	1.4889245	990.2491	985.9647	1000.0	1000.0	495999	129.75487	22.176071	164.03374	-186.94305	129.75494	22.177431	160.79277	-162.46243	-8.284039	1.1657735	-5.4721985	-17.9525	84.23124	6.4710526	12616.899995803833
125	987.9689	1.9239382	990.7304	984.85693	301.14755	76.959946	432.62842	238.27489	-1.1054714	0.43615642	-0.46483582	-1.6880088	-156.43509	22.548952	-134.06984	-192.88852	144.71245	88.464035	290.50122	66.96932	986.86346	1.9370972	989.86725	983.6985	1000.0	1000.0	499999	129.93135	22.01628	160.25621	-216.71051	129.93123	22.016905	162.0815	-206.13136	-8.258472	1.1774739	-5.4827223	-19.159637	86.51431	6.735171	12718.755246162415
126	990.66425	1.9087298	993.1043	986.40424	210.20905	43.855762	242.52052	134.87881	-3.3791854	0.24872664	-2.9314153	-3.72705	-179.38	44.252327	-112.16218	-227.61237	30.829042	77.67817	114.589874	-92.73354	987.28503	1.9595202	989.5132	982.6772	1000.0	1000.0	503999	130.13779	21.777916	159.80823	-243.69176	130.13808	21.777792	166.68643	-229.82507	-8.280696	1.1693279	-5.5180354	-18.178747	89.36537	6.693542	12818.119525432587
127	983.85675	1.804171	988.1985	981.96655	218.23512	26.114248	247.51122	185.2373	-2.53601	0.37412784	-2.0600982	-3.5040364	-137.96945	13.785485	-118.93959	-157.90958	80.26567	27.336739	109.99937	42.502087	981.3207	1.9793775	985.80383	979.30023	1000.0	1000.0	507999	130.30167	21.684967	161.29301	-239.35617	130.30154	21.688068	164.52185	-232.66576	-8.272479	1.1729861	-5.2421784	-18.956114	90.257095	6.861156	12917.558184862137
128	984.9208	3.0632164	989.6541	979.9105	212.24771	52.23578	295.0613	152.55334	-2.628487	0.46920595	-1.9989494	-3.2153716	-157.8085	22.80379	-126.535835	-190.95395	54.43921	64.83222	137.26797	-38.40061	982.2923	3.2009428	987.3816	977.3161	1000.0	1000.0	511999	130.37862	21.558014	158.60403	-235.27502	130.37859	21.561644	160.61142	-249.72311	-8.239773	1.1920301	-5.2964315	-19.93668	90.16971	6.541569	13023.042166233063
129	997.9577	2.3552144	1001.3975	994.3758	186.00943	61.901573	277.2058	104.52549	-0.8151358	0.41856948	-0.308323	-1.4632093	-146.18991	47.685463	-75.53264	-208.53735	39.81952	78.03188	118.341446	-40.105015	997.1426	2.2132914	1000.6371	993.8085	1000.0	1000.0	515999	130.53503	21.349361	157.4172	-199.90637	130.53497	21.351389	163.46492	-190.92247	-8.2691965	1.1814581	-5.267986	-19.294785	88.20848	6.6339855	13128.306023597717
130	994.3864	1.9745568	998.8491	991.0586	208.7138	22.479898	234.19014	174.81932	-1.1091753	0.37277418	-0.545276	-1.7845712	-156.58276	54.901897	-87.16756	-225.99521	52.131035	72.28672	135.4525	-22.769506	993.27734	2.05722	997.3423	989.4792	1000.0	1000.0	519999	130.6412	21.32518	161.1349	-183.8446	130.6415	21.325762	159.33539	-194.47548	-8.3081	1.163254	-5.633607	-18.678165	87.79693	6.6052737	13234.494068145752
131	990.32043	2.1743746	993.2775	987.6802	240.43338	42.673527	287.51202	182.65552	-2.2744555	0.24978395	-1.8257277	-2.7139928	-182.83725	30.514048	-135.35745	-217.16893	57.596127	67.350365	139.34094	-16.879925	988.046	2.1777706	991.297	985.4411	1000.0	1000.0	523999	130.66974	21.293436	157.3646	-204.89932	130.6699	21.29232	161.54416	-197.6443	-8.24898	1.1811184	-5.336213	-19.044777	86.05642	6.804162	13340.412967205048
132	990.78613	1.9922764	993.42395	987.5944	242.87134	54.83992	328.9457	195.21098	-3.6918387	0.40948865	-2.9917655	-4.479514	-113.14438	66.300125	-20.661695	-205.85522	129.72696	61.591454	201.17673	46.195244	987.09424	2.1446419	990.1591	983.83075	1000.0	1000.0	527999	130.65086	21.357351	162.34163	-140.9414	130.65085	21.36094	162.30486	-206.5027	-8.288138	1.169704	-5.3181524	-18.647606	82.713646	6.689343	13446.433953046799
133	993.6429	2.0425563	996.3095	990.77	254.31795	39.758644	291.3111	189.32297	-1.7708521	0.48178384	-1.070256	-2.4271939	-131.73686	33.4183	-75.858604	-162.71243	122.5811	62.637917	205.46233	39.00314	991.87195	2.2052774	995.1777	988.69025	1000.0	1000.0	531999	130.56572	21.350492	163.58412	-108.42495	130.56561	21.353231	165.1006	-108.13793	-8.255903	1.1795903	-5.419998	-18.825506	82.46378	6.7251053	13549.339883089066
134	991.7291	2.28183	995.7482	987.91016	272.20547	27.005272	317.13382	245.69504	-3.3530145	0.28554204	-2.7794693	-3.7632113	-139.06386	53.370895	-93.27867	-230.01857	133.14162	71.14615	202.17534	15.676457	988.37616	2.2146952	992.2986	985.09076	1000.0	1000.0	535999	130.79172	21.174496	159.96382	-61.29552	130.79216	21.175596	159.18214	-70.123985	-8.247464	1.1773573	-5.4064164	-19.272654	81.37206	6.676715	13647.913510084152
135	994.4539	2.3753817	998.72406	990.76447	228.7034	30.493156	275.0271	195.98889	-1.5559372	0.629062	-0.5004518	-2.526819	-157.84131	31.483444	-118.35973	-203.47519	70.86211	45.756844	107.91981	-7.486294	992.8981	2.5646594	997.07324	989.1023	1000.0	1000.0	539999	130.75655	21.152384	161.05243	-66.33173	130.75664	21.15416	160.10301	-63.90419	-8.254897	1.1784472	-5.541774	-19.464144	80.30258	6.567248	13746.60277056694
136	995.8918	1.805108	998.4276	992.4704	229.28752	14.663704	240.88771	204.93939	-2.0015569	0.2161842	-1.8056251	-2.5728354	-128.0607	24.045723	-86.61863	-144.7816	101.22683	11.64299	118.32077	85.808136	993.89026	1.8307917	996.4304	990.61597	1000.0	1000.0	543999	131.09094	20.894218	162.12424	-48.135212	131.09077	20.896235	163.21443	-56.84176	-8.262645	1.1790361	-5.5315495	-18.857244	79.486176	6.5633926	13845.323865652084
137	991.134	2.371748	994.6695	987.4301	237.01411	16.436172	262.55505	216.82733	-1.6437492	0.38407293	-1.0482514	-2.440162	-136.57355	5.866693	-126.73824	-142.17639	100.44055	16.33991	123.32198	78.68083	989.4901	2.5396812	993.08417	984.99	1000.0	1000.0	547999	131.24329	20.664688	162.10757	-97.79177	131.24336	20.665709	163.5062	-85.21957	-8.248041	1.1823304	-5.456465	-20.186588	79.48879	6.4835567	13944.046131134033
138	991.75134	1.9208727	994.78876	988.19403	260.23462	71.51701	324.2135	146.81874	-1.0369308	0.31796256	-0.6958952	-1.7171915	-166.86136	62.356525	-98.5519	-253.76283	93.37328	121.37516	220.16708	-106.944084	990.7145	1.9866314	994.06976	986.9773	1000.0	1000.0	551999	131.42757	20.419607	159.11258	-65.36568	131.4274	20.421127	161.13945	-76.8876	-8.257405	1.1790721	-5.424724	-19.379898	78.17192	6.3923593	14043.4985871315
139	985.20184	1.0518029	986.75415	984.0493	228.54524	37.119946	273.33475	170.66689	-3.4537659	0.36236113	-2.90786	-4.1592937	-125.87493	31.536652	-71.3889	-145.86816	102.67032	63.57398	201.94585	24.815226	981.74805	1.2513139	983.8289	980.4345	1000.0	1000.0	555999	131.57184	20.308321	166.37979	-94.85039	131.572	20.31125	167.28029	-120.77871	-8.241719	1.1870699	-4.9651823	-19.370924	76.243126	6.4942365	14149.391498804092
140	993.48584	3.2315714	1000.6807	988.8175	244.08826	20.24496	264.00745	212.59644	-9.850785	0.2592091	-9.499048	-10.351367	-190.28354	41.803932	-135.7602	-237.16605	53.804714	60.323704	123.705055	-24.569601	983.6351	3.1982434	990.32935	978.8612	1000.0	1000.0	559999	131.66618	20.286448	161.00786	-107.993286	131.66612	20.28874	159.22926	-110.91228	-8.26825	1.1733074	-5.435803	-19.2807	79.12589	6.6414533	14265.899852275848
141	1001.3358	1.7631382	1004.32434	999.2084	236.07654	44.611217	302.09708	182.93088	-4.0085807	0.36983138	-3.2766213	-4.5385222	-164.06905	33.35666	-115.980316	-203.8669	72.00748	66.206764	186.11676	26.665752	997.32733	1.6094859	1000.0536	995.2033	1000.0	1000.0	563999	131.7504	20.224356	167.97574	-96.61791	131.75038	20.227198	161.5742	-102.57579	-8.2490225	1.1846635	-5.2556515	-19.658287	74.3708	6.4952626	14382.814626932144
142	985.0754	2.1753228	988.88995	981.7391	260.83954	31.438717	294.0962	213.19481	-0.61856794	0.3567817	0.04236512	-1.0724666	-147.48473	53.14179	-89.33601	-233.78423	113.3548	47.506184	163.3021	49.644768	984.45685	2.417072	988.66455	980.9056	1000.0	1000.0	567999	131.76079	20.211672	164.27844	-61.95653	131.76082	20.212475	166.12097	-64.92145	-8.247409	1.1849103	-5.279358	-20.347788	75.61475	6.539183	14498.023716688156
143	994.04456	1.7996428	996.22174	989.7533	218.39592	58.94389	305.1173	141.57935	-7.797641	0.40913448	-7.3190722	-8.6054	-116.674965	29.268047	-67.694984	-143.44447	101.720955	85.64176	237.42233	8.134483	986.2469	1.756177	988.9027	982.2952	1000.0	1000.0	571999	131.85916	20.132418	165.47495	-73.701195	131.85931	20.134977	172.35585	-65.92428	-8.254372	1.1842718	-5.2879086	-18.761108	76.35089	6.6191664	14611.502697944641
144	986.81134	2.2768424	990.8543	984.03217	244.51805	39.21731	294.6399	185.64145	-2.4498124	0.3846603	-2.137749	-3.4806383	-157.48602	79.36008	-69.45325	-277.44565	87.032036	74.601685	171.22594	8.46538	984.36163	2.4915175	988.505	980.5515	1000.0	1000.0	575999	131.84422	20.118444	160.76306	-83.7504	131.84425	20.120691	163.5206	-87.39217	-8.24513	1.1862769	-5.453494	-17.968061	78.88221	6.6600466	14725.320628404617
145	990.7684	1.6201421	993.2446	987.7247	217.59756	42.14004	246.09036	145.03261	-1.9402357	0.5507362	-1.112361	-3.0439744	-139.874	29.90257	-100.95385	-170.45796	77.72358	29.495447	124.172966	44.078754	988.8281	1.5342355	991.07184	986.24475	1000.0	1000.0	579999	131.75604	20.16497	158.71584	-76.90326	131.75587	20.16842	163.36505	-79.20556	-8.23478	1.1952358	-5.140998	-18.334808	76.43735	6.678624	14837.678414821625
146	990.729	2.3857212	995.28687	987.01166	257.11078	20.997965	283.7681	227.29834	-1.9437582	0.4739221	-1.357226	-2.795429	-147.20222	37.46613	-121.36651	-211.84178	109.90854	45.611855	158.81541	37.9222	988.7853	2.409116	993.4993	985.39276	1000.0	1000.0	583999	131.87926	19.981737	167.86111	-81.891106	131.87929	19.98455	166.80826	-92.536446	-8.232542	1.186816	-5.426732	-18.567091	80.32128	6.5777926	14950.834291219711
147	992.4263	3.5267615	997.5024	985.61383	279.06335	27.399992	321.70142	246.21661	-2.1573787	0.3701256	-1.7539575	-3.048003	-163.15787	45.867035	-114.105484	-227.35677	115.90547	36.98027	142.9615	52.204906	990.2689	3.4928844	995.3871	983.69006	1000.0	1000.0	587999	132.03821	19.741396	164.4329	-57.987576	132.03859	19.743088	165.33353	-61.141052	-8.238405	1.1838489	-5.053259	-18.861702	82.64192	6.37058	15065.174353599548
148	987.9411	1.2836478	990.8831	985.53577	231.0126	34.02679	268.267	180.22208	-2.850541	0.29337502	-2.1676645	-3.2213223	-180.16492	57.29605	-120.07873	-266.97183	50.847694	82.208466	134.6151	-46.104305	985.09064	1.3610009	988.17554	982.31445	1000.0	1000.0	591999	132.2029	19.674696	162.0226	-111.25094	132.2028	19.677366	164.7658	-109.67426	-8.251347	1.1825058	-5.4063687	-18.068897	79.41749	6.4401584	15180.253623962402
149	994.4933	2.618971	997.01996	987.6074	246.05801	25.049269	285.1554	215.48195	-2.731871	0.5338353	-2.1875494	-4.0776443	-187.27982	23.031584	-173.04688	-227.15834	58.778206	34.626232	110.48184	16.881325	991.7614	2.558203	994.4327	985.17633	1000.0	1000.0	595999	132.29922	19.550177	166.75995	-103.37382	132.29916	19.553192	166.72224	-101.91998	-8.2205515	1.1903417	-5.131294	-18.347446	74.21292	6.5194845	15292.041636228561
150	995.6227	3.3442674	998.8096	989.85547	228.4539	30.91267	265.38132	185.2148	-2.9752011	0.35097495	-2.4517324	-3.640778	-133.92055	51.653206	-52.038776	-193.9449	94.53336	53.042732	162.7009	32.434788	992.6476	3.3572507	996.14044	986.87854	1000.0	1000.0	599999	132.2741	19.468832	164.3364	-98.02116	132.27406	19.47218	162.11009	-100.90248	-8.222609	1.1937978	-5.0868006	-18.514524	69.39265	6.691256	15391.635370492935
151	974.7194	1.9969698	977.1318	971.4674	247.09659	38.958805	298.5365	189.40213	-4.23415	0.31151667	-3.6369321	-4.8044834	-99.065186	46.24895	-55.900654	-177.01868	148.0314	21.804197	177.07721	121.51783	970.48535	1.9848913	972.8534	967.02405	1000.0	1000.0	603999	132.2887	19.424135	163.21524	-98.033516	132.28845	19.428772	160.34366	-117.4448	-8.18487	1.2085162	-5.0438986	-19.48647	70.083885	6.5949497	15493.434234380722
152	995.7555	1.66873	999.6006	993.10986	246.23373	35.355675	300.28555	201.3992	-4.601346	0.248745	-4.110921	-5.13387	-96.584984	29.914787	-65.93585	-140.6647	149.64874	32.849514	179.28651	94.10832	991.1542	1.4868706	994.46674	988.4957	1000.0	1000.0	607999	132.45905	19.26999	162.21661	-121.791	132.45918	19.27299	166.60573	-117.02407	-8.216199	1.1992539	-5.229574	-21.064857	66.26084	6.504331	15596.454648971558
153	994.7964	1.8158063	997.93066	991.8811	254.10745	25.495092	291.8429	223.76091	-5.326791	0.39490068	-4.8318796	-6.2154336	-162.90683	31.343498	-123.51168	-202.8179	91.200615	19.555252	109.38676	58.268055	989.4696	1.8544271	992.952	986.3093	1000.0	1000.0	611999	132.60944	19.139492	166.33131	-163.61948	132.60953	19.14061	164.60902	-183.12605	-8.24449	1.1906859	-5.385315	-21.429558	64.10409	6.458961	15697.74663734436
154	987.4186	3.4139333	994.4003	984.28723	266.8272	44.235184	331.5453	217.43164	-5.9193773	0.35146025	-5.456835	-6.489612	-135.63614	61.894627	-71.44744	-234.7932	131.19107	86.416046	193.89876	-17.361565	981.49915	3.325349	988.222	978.47363	1000.0	1000.0	615999	132.67702	19.09307	161.94154	-240.54878	132.67699	19.097364	162.91386	-242.22151	-8.1884365	1.2113873	-5.241743	-20.0182	62.13238	6.6938996	15797.05448102951
155	990.796	2.0949557	993.34015	987.6085	242.32452	19.696894	273.2497	218.70674	-0.61060727	0.46802342	0.564481	-1.2679287	-126.35881	9.107317	-116.870605	-140.96313	115.96572	11.410629	132.28656	101.836136	990.18536	2.2850575	992.8778	986.6434	1000.0	1000.0	619999	132.82147	18.92716	161.57893	-172.1363	132.82162	18.932318	161.12027	-180.70955	-8.193865	1.2090843	-4.8542824	-18.782919	60.598244	6.492974	15898.964849948883
156	979.89746	1.6776011	982.6956	977.32666	246.55005	32.399925	299.009	211.4348	-3.2578998	0.41515356	-2.4327204	-3.838897	-133.79454	39.155426	-76.927505	-187.562	112.75549	66.85193	222.0815	44.677246	976.6395	1.5520738	979.1799	974.18036	1000.0	1000.0	623999	133.02403	18.712786	163.36896	-114.80362	133.02403	18.714245	161.6469	-105.83192	-8.209943	1.1942025	-5.3374844	-19.87402	59.97368	6.5759883	16009.043573141098
157	983.30194	1.89593	986.21844	979.7686	236.87064	40.805126	288.2437	174.88676	-7.408666	0.41583163	-6.93997	-8.004408	-125.8519	67.93023	-39.93367	-230.17783	111.018745	61.375954	210.07645	58.065887	975.8934	1.7970401	979.2785	972.8148	1000.0	1000.0	627999	133.14555	18.573214	161.18549	-60.88973	133.14561	18.574043	163.01941	-63.79578	-8.222416	1.1998681	-4.876903	-20.317188	56.673306	6.295546	16125.81315946579
158	987.93585	1.8318244	989.8936	984.61707	276.1173	57.896866	344.74002	184.31354	-9.517167	0.31088936	-8.785751	-9.913709	-122.94098	47.70117	-47.73823	-173.98315	153.17632	86.537704	241.08734	10.33037	978.41864	1.7557704	980.333	975.2304	1000.0	1000.0	631999	133.26662	18.4563	171.25757	-107.4044	133.26662	18.458931	163.34868	-80.28134	-8.160745	1.2259146	-4.76025	-18.025354	50.33587	6.4699326	16242.827398777008
159	986.5651	2.5563724	990.7457	982.219	263.26703	28.293882	296.05325	231.20218	-2.623022	0.21584907	-2.1243358	-2.9158418	-78.882385	34.850117	-38.451878	-133.57274	184.38463	46.6648	222.68013	105.89404	983.9422	2.5688515	987.964	979.4326	1000.0	1000.0	635999	133.28413	18.459837	162.21872	-96.07404	133.28423	18.461813	159.55861	-102.452255	-8.177775	1.2295344	-4.8220124	-18.294153	53.546608	6.4228673	16359.743540287018
160	990.26984	1.8651522	993.95544	987.688	249.92151	56.73176	331.0834	171.59407	-5.2891994	0.28534445	-4.9613867	-5.651883	-126.85492	60.806973	-67.860695	-227.43408	123.06658	35.374577	172.0555	78.35369	984.98065	1.7607377	988.35376	982.7065	1000.0	1000.0	639999	133.35114	18.361269	159.61342	-121.455444	133.35098	18.36506	161.227	-124.09482	-8.204394	1.2127312	-4.9804707	-21.2482	51.14307	6.323694	16475.966341257095
161	990.8083	1.5903997	993.0051	987.2987	257.1198	39.9824	298.2959	191.92615	-1.8579361	0.32599142	-1.2987523	-2.3373933	-120.39593	22.155176	-95.96082	-152.03519	136.72389	49.44417	194.52779	62.106533	988.9504	1.7835472	991.5935	985.22534	1000.0	1000.0	643999	133.36829	18.43727	162.5745	-131.45671	133.3679	18.442663	162.84883	-116.30677	-8.20171	1.2063377	-5.2068725	-19.905788	51.836636	6.474295	16592.654936552048
162	976.6465	1.2530026	978.88245	974.98596	292.6013	39.763184	336.3591	240.613	-7.602668	0.3875035	-7.113011	-8.2550745	-189.7665	30.407436	-147.74287	-224.8008	102.834785	34.147026	150.82578	56.084934	969.04395	0.99896014	970.77783	967.69946	1000.0	1000.0	647999	133.56744	18.305984	163.40047	-138.09084	133.56796	18.307661	162.48213	-151.29721	-8.172732	1.2200037	-5.0642576	-20.090836	53.07037	6.6395884	16708.13317990303
163	991.45624	3.4406438	996.2376	987.85675	258.41312	14.42723	275.1078	235.65694	-8.074485	0.37392107	-7.431562	-8.462236	-93.13653	45.578117	-32.152752	-155.17622	165.27658	57.783405	232.26208	80.480705	983.3817	3.4719129	988.56305	979.4392	1000.0	1000.0	651999	133.45555	18.256975	160.43098	-149.72792	133.45534	18.260809	164.42159	-162.7731	-8.163477	1.2315128	-4.8359385	-18.189734	57.38935	6.6614437	16823.36033129692
164	987.0199	1.3467628	989.1472	984.9735	258.87286	23.42637	288.4098	230.37749	-4.7511177	0.24921773	-4.386787	-5.296221	-107.74513	54.120655	-27.09143	-179.63892	151.12775	72.519196	261.31836	62.741016	982.2687	1.4557412	984.3637	979.6773	1000.0	1000.0	655999	133.53134	18.117695	159.71733	-95.32895	133.53123	18.118778	160.4262	-93.912506	-8.180883	1.2174817	-5.0749297	-19.487288	55.29183	6.6616445	16939.722726345062
165	980.89246	1.654897	983.07135	977.6487	249.3162	25.024763	289.6163	224.52432	-6.69673	0.40078995	-6.0163937	-7.240615	-131.1627	25.180872	-88.22772	-152.46306	118.15348	49.074497	201.38858	80.55599	974.1957	1.6599085	977.05493	970.963	1000.0	1000.0	659999	133.60141	18.072403	163.61458	-82.47092	133.60123	18.076088	166.37814	-80.23422	-8.151508	1.2338122	-4.906128	-19.087326	47.42793	6.6543703	17055.275683641434
166	988.9081	2.8868291	993.3287	983.8292	236.69348	33.79534	278.64743	184.29272	-5.706208	0.27617854	-5.2793407	-6.131696	-124.1355	30.780602	-92.30114	-162.56894	112.55797	20.398497	144.35904	91.99158	983.20184	2.8858356	987.3577	978.4217	1000.0	1000.0	663999	133.70593	18.11146	161.43243	-84.2526	133.70605	18.114296	163.88489	-88.20771	-8.144212	1.2403462	-4.8351674	-18.392838	49.954117	6.6188297	17171.813806772232
167	990.0259	2.5947027	994.1492	985.9933	289.4201	43.3335	350.89655	228.34398	-9.523576	0.33568496	-9.092428	-10.233443	-91.13925	18.695694	-59.93694	-107.766426	198.28084	45.40068	243.13011	125.34269	980.5023	2.7355936	984.9268	976.6598	1000.0	1000.0	667999	133.78064	17.960064	165.34145	-96.78065	133.7804	17.964071	162.46053	-114.67095	-8.083479	1.269842	-4.431488	-18.547676	47.918	6.610386	17292.641968011856
168	991.0156	2.5341597	995.3379	986.69775	270.46933	25.366293	302.18872	234.31421	-8.432106	0.39236116	-7.484222	-9.030621	-110.07396	31.135872	-78.69761	-161.8595	160.39537	55.2716	223.4911	72.45471	982.5836	2.4645875	986.8309	978.498	1000.0	1000.0	671999	133.91957	17.84724	168.43129	-66.634636	133.91975	17.849169	166.1366	-72.818886	-8.093476	1.2645669	-4.731135	-19.578444	49.077496	6.562758	17413.51097512245
169	988.73584	1.6612805	991.39453	986.31616	270.30554	22.559252	301.49573	244.07751	-15.822757	0.6036974	-14.999766	-17.038347	-135.7332	71.051674	-38.04492	-238.35469	134.57237	85.357796	243.24492	5.722828	972.9131	1.8314327	975.7796	970.3359	1000.0	1000.0	675999	134.03638	17.761906	164.28008	-111.20471	134.03613	17.765564	162.9386	-107.38198	-8.119508	1.2496378	-4.70142	-17.382334	47.34751	6.8633614	17535.320699691772
170	989.04865	2.6887891	993.4916	985.5832	253.99332	16.024897	278.07254	233.11763	-4.7001257	0.30069897	-4.192043	-5.282854	-97.01064	17.366928	-68.896545	-113.86277	156.98267	11.162903	169.57309	140.32523	984.3485	2.5286553	988.7668	981.2366	1000.0	1000.0	679999	134.06691	17.780218	162.82626	-93.708466	134.06691	17.78461	162.05022	-105.6022	-8.0921335	1.2755007	-4.655341	-18.063145	48.678913	6.7015977	17654.100825309753
171	987.4974	2.1426468	992.69403	985.58344	274.46143	38.202133	336.9494	235.1227	-12.815023	0.32118493	-12.166546	-13.438341	-96.204865	32.580383	-67.55016	-148.40189	178.25656	56.782635	267.06192	122.146034	974.6823	2.0690413	979.25574	972.69824	1000.0	1000.0	683999	133.97543	17.826412	162.00261	-80.28405	133.97545	17.829094	164.66733	-79.392975	-8.093065	1.2739899	-4.450904	-19.605381	54.06783	6.65731	17756.573986291885
172	982.54736	2.4020767	986.03815	978.05054	255.87254	5.4058137	260.86917	246.95294	-10.561486	0.4151399	-9.945902	-11.043259	-113.91778	18.786497	-90.43621	-141.00655	141.95476	19.045677	165.86957	119.86262	971.98596	2.4026484	975.1217	967.15643	1000.0	1000.0	687999	134.13976	17.624153	161.87483	-57.306843	134.13963	17.628199	163.93529	-56.837418	-8.085261	1.2822851	-4.463668	-21.46516	54.095287	6.5302625	17858.69237422943
173	993.01953	1.7432762	995.57513	991.1964	246.22876	9.859455	259.81943	231.97472	-11.324387	0.5012429	-10.55722	-12.061715	-136.31293	32.604218	-89.53079	-179.50438	109.91583	31.590391	156.42491	67.6608	981.6952	1.8438135	984.9978	979.35645	1000.0	1000.0	691999	134.26892	17.434479	160.99126	-65.259056	134.26901	17.437542	162.30489	-61.960438	-8.118892	1.2595806	-4.747923	-18.975422	51.921383	6.6168737	17959.975217819214
174	983.49255	1.9222189	987.1179	980.7196	267.3704	20.724476	289.6186	233.5089	-4.723092	0.26405537	-4.2762303	-5.3225613	-104.055695	43.41766	-41.92077	-159.87288	163.3147	57.54885	233.37732	73.63602	978.7694	1.9636052	982.8417	976.10474	1000.0	1000.0	695999	134.32953	17.364998	164.06091	-71.05525	134.32935	17.369669	158.86665	-82.202965	-8.105352	1.2620599	-4.389798	-22.045382	56.661903	6.557772	18061.321085691452
175	993.3167	2.9427497	996.623	988.3939	271.72308	23.809292	295.61743	247.4028	-10.328495	0.15109356	-10.0533085	-10.527073	-96.44319	48.510765	-35.69371	-155.53502	175.27988	26.277443	211.70909	140.08241	982.9883	2.82059	986.19305	978.306	1000.0	1000.0	699999	134.42732	17.20046	162.64594	-66.3439	134.42725	17.203604	159.768	-69.63016	-8.108553	1.2542847	-4.6588507	-20.527843	57.013424	6.6128035	18162.545294761658
176	986.8275	2.2045064	989.6401	983.45966	236.63878	23.06481	268.9525	207.34337	-11.223879	0.5670225	-10.355769	-12.297976	-115.419876	41.408195	-61.070732	-176.98824	121.218895	32.6034	150.50883	68.652985	975.6037	2.3280385	978.76953	972.41473	1000.0	1000.0	703999	134.38126	17.323738	165.55486	-57.08325	134.3812	17.327047	161.81287	-50.71999	-8.116437	1.2591805	-4.5999813	-21.643003	54.996555	6.6355467	18264.00319671631
177	992.6133	2.8585272	996.9136	988.23755	265.39938	17.002977	288.10425	240.51959	-16.021255	0.47620893	-15.140398	-16.563395	-59.552666	27.634485	-13.460324	-86.93729	205.84671	35.020584	256.151	169.99312	976.592	2.81771	981.3855	972.77106	1000.0	1000.0	707999	134.31442	17.394938	161.47452	-83.02811	134.31439	17.398746	163.45177	-79.7617	-8.0514965	1.2961801	-4.450547	-18.870796	56.08027	6.669968	18365.365408182144
178	983.4548	2.647727	986.88043	978.5331	279.38815	19.136295	304.2659	252.35489	-15.090498	0.58001983	-14.099801	-16.070328	-49.022865	27.33484	-9.21857	-85.64216	230.3653	22.091133	259.05182	202.33269	968.36426	2.2710233	970.83325	964.4333	1000.0	1000.0	711999	134.51784	17.379133	164.21648	-100.781456	134.51767	17.382416	162.18472	-124.843956	-7.991946	1.3341353	-4.4585133	-19.196861	59.15546	6.7940254	18467.098798274994
179	996.6924	1.6397065	999.2938	993.999	209.7167	56.406364	294.95355	137.4398	-19.458714	0.48886758	-18.68731	-20.334932	-102.20703	13.826479	-87.16322	-124.47323	107.50966	66.8234	199.23041	12.966579	977.2336	1.8830719	980.0566	974.33435	1000.0	1000.0	715999	134.78244	17.149202	163.3344	-77.915184	134.7823	17.153131	166.17334	-95.626495	-8.047232	1.3088596	-4.4726853	-19.063324	55.63818	6.530649	18568.79891705513
180	994.9369	1.2298733	997.2302	993.0783	254.55786	36.216095	315.45023	223.18298	-11.159651	0.4870273	-10.203531	-11.984714	-71.66197	17.890318	-45.091736	-91.58814	182.89589	41.96404	249.27397	139.39124	983.7772	1.0961372	986.0452	982.1127	1000.0	1000.0	719999	134.91135	17.154133	162.6326	-94.159004	134.91156	17.15916	162.85068	-84.80928	-8.0614605	1.2954667	-4.5151234	-22.762222	52.533848	6.646025	18670.36994075775
181	974.3885	1.9975044	977.1871	970.7618	284.92413	66.183876	398.05652	230.51381	-9.415874	0.5494814	-8.638447	-10.326558	-56.905273	14.090003	-36.62301	-72.50168	228.01883	63.280556	330.7922	158.01213	964.97266	2.0850124	968.2036	961.30096	1000.0	1000.0	723999	134.95778	17.18961	162.67424	-70.84766	134.95753	17.19275	161.44511	-66.6457	-8.00343	1.3230274	-4.030276	-19.206945	55.720444	6.819676	18771.90420126915
182	988.3019	1.6983918	991.2131	986.2557	213.69753	19.03182	233.81131	189.65338	-13.560545	0.5350071	-12.689851	-14.521951	-78.6921	29.586842	-46.17429	-108.9851	135.00542	12.530719	154.34853	121.81747	974.7412	1.8456758	977.8354	971.7337	1000.0	1000.0	727999	135.13881	17.205431	162.07329	-76.79592	135.13878	17.209826	164.30377	-70.085754	-7.9781275	1.3351922	-4.285901	-22.418154	52.60278	6.933548	18873.6567633152
183	990.2189	2.593932	994.83606	986.0492	266.92606	40.901474	321.99146	211.41417	-13.912839	0.36046624	-13.032402	-14.392668	-71.7575	19.007315	-54.534912	-103.36646	195.16855	43.39891	267.45654	151.63965	976.30615	2.6910052	980.8241	972.2076	1000.0	1000.0	731999	135.10793	17.194536	162.64517	-41.660122	135.10768	17.199482	167.03816	-49.349064	-8.026833	1.3094324	-4.4541607	-19.53914	52.686535	6.825842	18975.390642404556
184	995.3429	3.0618207	999.90533	990.8167	254.63393	13.343821	268.35788	234.62724	-12.895246	0.477363	-11.878941	-13.542263	-82.928734	41.867752	-43.36379	-147.79588	171.70518	42.22733	216.13356	102.77247	982.44775	3.0352502	986.4525	977.5441	1000.0	1000.0	735999	135.06216	17.172031	163.07144	-35.930145	135.06203	17.175434	165.33206	-29.087753	-8.09642	1.279842	-4.483263	-18.249329	51.409714	6.8181853	19082.392927885056
185	981.5959	3.0036647	986.36914	977.8713	295.54398	39.31735	343.18173	244.96086	-10.54912	0.14267212	-10.21178	-10.744425	-101.2464	23.76846	-72.1452	-136.88478	194.29755	57.664024	252.9955	134.14076	971.04675	2.9818492	975.939	967.3326	1000.0	1000.0	739999	134.93062	17.261425	168.19742	-41.85096	134.93054	17.265705	162.80879	-38.543205	-8.074967	1.2855687	-4.4211426	-19.755363	52.083008	6.7541685	19191.493622541428
186	989.8667	2.6363118	995.6099	986.5296	235.84657	26.76914	259.96182	190.54327	-16.448547	0.48070085	-15.775866	-17.171638	-127.54433	51.050014	-71.240486	-196.38834	108.30225	38.024525	158.07413	52.045567	973.41815	2.2654567	978.4383	970.7537	1000.0	1000.0	743999	135.05672	17.171324	165.47693	-76.916885	135.05673	17.17343	166.52187	-79.74407	-8.017162	1.3155538	-4.4354324	-19.163214	53.733753	6.559338	19300.14579153061
187	993.7165	1.3892	995.5921	991.12836	235.67763	35.481274	276.45178	182.84897	-3.8995755	0.44540474	-3.3909922	-4.774732	-78.83803	34.41656	-26.042889	-121.18593	156.8396	59.519215	250.4089	104.55607	989.8169	1.4591776	991.9007	987.40204	1000.0	1000.0	747999	135.20201	17.112576	161.74994	-74.09602	135.20206	17.117502	165.44691	-81.69386	-8.065818	1.2836972	-4.5754595	-18.69013	46.37004	6.7270193	19408.974311590195
188	975.7627	2.2644455	979.3085	971.8312	303.73517	35.557182	363.56885	274.42798	-13.909555	0.2553304	-13.659577	-14.455804	-120.95375	63.73349	-40.229683	-217.70706	182.7814	43.87606	256.96964	145.86179	961.85315	2.392567	965.5057	957.59796	1000.0	1000.0	751999	135.06126	17.17209	160.94803	-73.02245	135.06091	17.17652	162.08315	-75.71599	-8.053898	1.2839519	-4.443726	-19.893055	48.38324	6.7100697	19516.953685045242
189	995.1388	1.7963953	998.21075	992.42633	260.39185	28.803186	290.1689	215.7369	-13.968582	0.47863784	-13.459519	-15.10698	-71.555435	43.974434	-28.646395	-145.12819	188.83638	48.16998	261.52252	135.49084	981.1702	1.9782163	984.7342	978.55725	1000.0	1000.0	755999	135.1663	17.081278	164.5662	-91.40834	135.16628	17.085962	160.54428	-98.66175	-8.016052	1.322366	-4.1068144	-18.704086	50.691025	6.6401134	19622.899134397507
190	993.2025	3.2896676	997.3959	988.2746	238.56197	22.870762	263.94916	206.55614	-16.097456	0.4915463	-15.292089	-16.897804	-114.643326	23.517338	-84.49395	-150.12877	123.918625	21.970167	148.11238	98.442345	977.1051	3.428233	980.9127	972.00775	1000.0	1000.0	759999	135.49596	16.894571	161.66545	-89.23273	135.49556	16.899061	166.48767	-100.64004	-8.0344715	1.3108302	-4.3667374	-18.575514	51.24193	6.6097703	19724.55084013939
191	990.23553	2.1203861	994.55975	987.11505	250.82736	55.105106	322.70413	168.06578	-15.644358	0.6480985	-14.657156	-16.662214	-109.60313	53.81509	-73.49035	-202.65518	141.22424	75.245766	242.01576	47.6437	974.5912	2.2610059	978.5534	970.5821	1000.0	1000.0	763999	135.52316	16.971157	163.06836	-68.38555	135.52335	16.973347	169.57732	-68.34579	-7.987025	1.3293215	-4.229536	-19.331158	46.60549	6.5130954	19823.33526992798
192	990.50745	2.770915	994.544	986.0783	272.607	41.997437	303.08224	200.54063	-17.083721	0.33885366	-16.331303	-17.458727	-70.19868	31.803156	-26.086542	-102.13372	202.40831	62.902176	261.48816	101.82692	973.42365	2.7141073	977.3513	969.17554	1000.0	1000.0	767999	135.7311	16.870008	165.98303	-90.36472	135.731	16.872704	163.85112	-91.90817	-8.067288	1.2855991	-4.306603	-21.157375	49.149986	6.7288575	19921.643249988556
193	984.6696	2.3255317	988.5653	981.26434	254.00107	17.172535	278.5081	232.77588	-14.993111	0.27316102	-14.40765	-15.41385	-99.59732	34.815212	-65.74151	-155.21628	154.40373	27.752083	185.12585	123.29181	969.67645	2.3065624	973.63544	966.18616	1000.0	1000.0	771999	135.65703	16.998014	164.6368	-91.61156	135.65685	17.001703	162.44962	-95.60166	-8.043902	1.2968742	-4.00634	-18.51549	47.87547	6.682524	20019.760229587555
194	978.70734	2.0562632	981.4439	974.8566	242.61024	28.761652	269.34656	197.75606	-11.911224	0.4229295	-11.239228	-12.623895	-91.33629	51.494034	-33.93662	-173.42653	151.27399	52.366898	235.40994	92.70077	966.7961	2.1671185	969.71576	962.6382	1000.0	1000.0	775999	135.7026	17.06108	166.05508	-72.51072	135.70251	17.064785	164.01181	-75.2676	-8.04155	1.3114592	-4.2991743	-20.546265	47.70789	6.753844	20117.92695403099
195	988.631	1.7422565	991.4518	986.27734	246.98572	15.00801	268.56717	227.67317	-17.095516	2.923893	-12.40873	-19.393847	-112.147316	17.987888	-91.045784	-133.56432	134.83841	26.80807	170.54619	101.71498	971.5355	3.2237933	976.6692	967.0705	1000.0	1000.0	779999	135.72871	17.099773	166.7295	-78.59609	135.72878	17.103836	164.35408	-96.81985	-8.009264	1.322569	-4.4717703	-19.538229	48.06558	6.701308	20218.879939317703
196	990.84717	2.5109339	994.00494	986.13544	285.5036	45.73862	345.08963	221.89592	-15.938944	0.40195197	-15.472337	-16.738714	-80.159	30.47069	-52.264946	-131.02959	205.3446	51.02904	282.89948	146.74461	974.9081	2.6440291	978.2715	969.6605	1000.0	1000.0	783999	135.81898	17.023937	165.05453	-70.559845	135.81886	17.0264	165.33691	-81.79217	-7.988527	1.3333102	-4.3350267	-19.753567	48.247437	6.66862	20321.041152477264
197	986.2665	1.9098963	988.3357	983.0743	221.38129	40.786575	285.91888	177.49718	-18.046219	2.6361003	-12.615125	-20.129484	-57.386406	16.005459	-37.870453	-77.90356	163.99487	47.295834	239.57753	110.06691	968.22034	3.6011877	974.80896	963.1182	1000.0	1000.0	787999	135.9916	16.887127	163.50534	-51.42509	135.99147	16.888746	163.33997	-58.723515	-7.9961524	1.3317295	-4.515626	-21.272568	48.394062	6.608015	20423.05056142807
198	991.596	2.65009	995.74274	987.0631	290.35483	32.084778	337.3838	255.57854	-16.375177	0.5052584	-15.582824	-17.208845	-98.678535	47.432537	-57.342136	-179.392	191.6763	68.97187	257.7835	76.18653	975.2208	2.596841	979.1703	971.4803	1000.0	1000.0	791999	136.12592	16.76207	167.34052	-24.72184	136.1259	16.765446	164.3689	-27.559881	-7.9663806	1.3362973	-4.30567	-18.968264	46.99014	6.597746	20523.566747903824
199	983.238	2.0129838	987.4866	979.9923	278.43774	22.007988	303.41638	243.81099	-12.149118	0.52510124	-11.303446	-12.851839	-85.4526	43.84259	-48.40922	-157.52594	192.98517	47.1972	251.42186	119.90846	971.08887	2.022357	975.05365	968.3168	1000.0	1000.0	795999	136.24548	16.73289	169.8464	-33.349567	136.24532	16.736834	166.43503	-45.45484	-7.9899964	1.3317467	-3.990796	-17.452084	46.243484	6.6687527	20622.139960289
200	974.3656	2.6343844	977.9143	970.654	233.58188	47.13305	291.5392	180.54552	-23.45885	0.69733137	-22.533146	-24.37936	-62.291195	18.73917	-38.63394	-90.92625	171.29068	60.7066	234.24738	103.43865	950.9066	2.4867418	954.0328	947.1041	1000.0	1000.0	799999	136.24858	16.807245	167.83986	-16.172476	136.24855	16.808659	164.23834	-19.65161	-7.967097	1.3242857	-4.1323423	-19.3117	41.182377	6.769942	20720.891689538956
