Epoch	AverageTestEnv0Ret	StdTestEnv0Ret	MaxTestEnv0Ret	MinTestEnv0Ret	AverageEnv0Ret	StdEnv0Ret	MaxEnv0Ret	MinEnv0Ret	AverageEpRet	StdEpRet	MaxEpRet	MinEpRet	AverageTestEpRet	StdTestEpRet	MaxTestEpRet	MinTestEpRet	EpLen	TestEpLen	TotalEnvInteracts	AverageQ1Vals	StdQ1Vals	MaxQ1Vals	MinQ1Vals	AverageQ2Vals	StdQ2Vals	MaxQ2Vals	MinQ2Vals	AverageLogPi	StdLogPi	MaxLogPi	MinLogPi	LossPi	LossQ	Time
1	-135.30997	9.519556	-113.364784	-147.52467	-195.50725	69.793526	-110.78244	-301.7088	-195.50725	69.793526	-110.78244	-301.7088	-135.30997	9.519556	-113.364784	-147.52467	1000.0	1000.0	3999	4.2229	3.3097095	20.402216	-1.9990648	4.2235227	3.3067355	18.649931	-0.48951256	-3.190631	1.4411288	7.6711807	-13.794043	-4.2578464	0.8542937	113.42187070846558
2	-213.08752	42.618084	-157.63582	-295.50214	-269.36133	65.28054	-182.71443	-358.224	-269.36133	65.28054	-182.71443	-358.224	-213.08752	42.618084	-157.63582	-295.50214	1000.0	1000.0	7999	18.511274	7.449431	47.244724	-2.0513055	18.512331	7.442098	46.32629	-0.4641464	0.074595146	2.8217397	14.652835	-13.757304	-19.72139	2.8129485	258.4385275840759
3	619.6659	200.54822	912.85	317.5607	-115.78739	250.1892	309.97128	-328.98016	-115.78739	250.1892	309.97128	-328.98016	619.6659	200.54822	912.85	317.5607	1000.0	1000.0	11999	35.8099	5.9335904	63.931854	3.3082802	35.80982	5.929467	65.725945	8.381589	-0.63743705	2.741522	16.04541	-13.908678	-36.861	4.148518	405.68860483169556
4	455.5296	324.14178	1045.917	35.996983	63.702065	126.15902	250.77509	-54.078606	63.702065	126.15902	250.77509	-54.078606	455.5296	324.14178	1045.917	35.996983	1000.0	1000.0	15999	39.583622	7.104665	68.87999	14.63351	39.583534	7.102069	70.108665	13.9352	-2.306497	1.8657506	9.494325	-13.073637	-40.159107	3.4397612	554.8458828926086
5	181.91939	81.21661	284.08447	57.482254	-71.17278	55.84386	-14.165586	-158.82144	-71.17278	55.84386	-14.165586	-158.82144	181.91939	81.21661	284.08447	57.482254	1000.0	1000.0	19999	39.799084	9.851435	75.78247	15.071293	39.798824	9.850422	74.61917	16.655241	-2.4682474	1.8514	11.142596	-12.891355	-40.386185	2.8167534	704.1672658920288
6	2194.1738	73.23994	2336.2717	2108.0278	640.74255	571.2268	1346.8308	-18.20361	640.74255	571.2268	1346.8308	-18.20361	2194.1738	73.23994	2336.2717	2108.0278	1000.0	1000.0	23999	41.582653	13.098664	89.27869	19.082872	41.582485	13.098974	90.60358	20.636522	-2.4066224	1.9762671	12.036459	-12.681465	-42.202763	2.795391	847.4054751396179
7	2503.0552	57.890373	2628.9963	2429.6172	1879.822	327.09567	2295.7761	1386.0033	1879.822	327.09567	2295.7761	1386.0033	2503.0552	57.890373	2628.9963	2429.6172	1000.0	1000.0	27999	49.567715	18.905888	120.020676	22.454817	49.56763	18.90652	120.02083	22.01748	-1.9011211	2.3185735	14.258945	-13.043632	-50.184845	4.0085692	991.3445501327515
8	3030.4595	90.130196	3141.3037	2845.7617	2275.6885	600.1678	2836.6982	1291.6877	2275.6885	600.1678	2836.6982	1291.6877	3030.4595	90.130196	3141.3037	2845.7617	1000.0	1000.0	31999	63.368923	28.15893	158.86493	22.613773	63.36814	28.158726	155.7053	22.600372	-0.8954706	2.901636	16.710709	-16.513018	-64.07296	6.7645936	1135.2364737987518
9	3577.0503	165.5562	3787.9863	3291.044	2914.7778	238.96376	3146.3208	2538.2664	2914.7778	238.96376	3146.3208	2538.2664	3577.0503	165.5562	3787.9863	3291.044	1000.0	1000.0	35999	80.9048	37.91001	179.14677	24.13427	80.90459	37.90878	178.30615	24.024086	-0.22116	3.1755006	18.22583	-14.027065	-81.63767	9.716554	1278.4460742473602
10	3504.875	148.75708	3821.7314	3320.6682	3353.5664	157.56967	3579.5176	3160.989	3353.5664	157.56967	3579.5176	3160.989	3504.875	148.75708	3821.7314	3320.6682	1000.0	1000.0	39999	100.71042	46.931152	209.99794	24.814127	100.70909	46.930298	208.2152	24.715975	0.26689488	3.3830433	20.500614	-14.458316	-101.39519	11.775693	1423.1642882823944
11	3842.396	104.20649	3968.7922	3604.29	3630.2434	159.70657	3856.885	3413.9543	3630.2434	159.70657	3856.885	3413.9543	3842.396	104.20649	3968.7922	3604.29	1000.0	1000.0	43999	120.91323	54.974014	234.7708	24.913662	120.91256	54.97371	233.29358	25.3941	0.6864643	3.5778613	19.087204	-12.724009	-121.56053	13.523898	1567.4959087371826
12	4428.5303	96.03431	4629.174	4293.7573	3688.7908	77.154396	3763.1792	3573.96	3688.7908	77.154396	3763.1792	3573.96	4428.5303	96.03431	4629.174	4293.7573	1000.0	1000.0	47999	140.8903	62.231174	255.1877	25.630737	140.89043	62.22951	255.94861	25.871532	0.93338835	3.63673	20.918444	-15.513136	-141.45662	15.276205	1711.7584760189056
13	4339.9297	63.09465	4422.687	4223.0596	3131.9265	1473.7935	4242.942	617.48035	3131.9265	1473.7935	4242.942	617.48035	4339.9297	63.09465	4422.687	4223.0596	1000.0	1000.0	51999	158.33347	69.08208	272.87158	22.847519	158.33333	69.081184	274.71982	27.057503	1.1500237	3.6892362	24.040499	-12.836017	-158.8525	17.649128	1857.7634885311127
14	4733.329	96.30797	4963.7246	4619.798	4232.1235	258.65567	4548.053	3827.3997	4232.1235	258.65567	4548.053	3827.3997	4733.329	96.30797	4963.7246	4619.798	1000.0	1000.0	55999	174.6382	76.01669	297.72116	23.263742	174.6386	76.01507	297.5457	26.499268	1.3688798	3.7746859	24.574556	-14.044786	-175.15703	19.726305	2016.7997736930847
15	5464.3643	88.1114	5571.3413	5280.5273	4373.8433	191.65102	4600.2163	4155.415	4373.8433	191.65102	4600.2163	4155.415	5464.3643	88.1114	5571.3413	5280.5273	1000.0	1000.0	59999	192.62372	81.44012	313.9223	16.87222	192.6245	81.43813	314.71457	27.589813	1.5583762	3.7917178	29.14497	-16.09616	-193.12784	21.031328	2182.022763490677
16	5445.828	42.226917	5553.8105	5392.1226	4617.439	239.13208	4962.192	4317.8213	4617.439	239.13208	4962.192	4317.8213	5445.828	42.226917	5553.8105	5392.1226	1000.0	1000.0	63999	210.36842	86.13786	335.355	18.820345	210.369	86.13598	334.84818	25.136505	1.6490166	3.7649238	26.32354	-16.290648	-210.83458	21.266117	2342.0813999176025
17	6282.5723	84.04954	6436.7544	6149.9863	5200.3823	79.68686	5276.1597	5075.8823	5200.3823	79.68686	5276.1597	5075.8823	6282.5723	84.04954	6436.7544	6149.9863	1000.0	1000.0	67999	227.74957	91.21732	367.40866	22.444902	227.74936	91.21518	368.90845	26.3222	1.8536341	3.8084488	27.542774	-16.268595	-228.21657	22.154808	2518.871190071106
18	5883.139	50.242214	5953.3696	5788.4253	5188.367	47.1975	5268.4893	5152.1523	5188.367	47.1975	5268.4893	5152.1523	5883.139	50.242214	5953.3696	5788.4253	1000.0	1000.0	71999	245.4246	96.77489	386.44058	17.630714	245.42513	96.77223	392.35794	27.804005	2.20058	3.9428892	28.258337	-16.352036	-245.90976	25.418648	2730.422063589096
19	4239.9834	1629.2367	5637.386	1058.6578	5677.9434	160.72867	5861.9473	5472.3477	5677.9434	160.72867	5861.9473	5472.3477	4239.9834	1629.2367	5637.386	1058.6578	1000.0	1000.0	75999	263.70502	101.91358	413.0468	17.929924	263.7053	101.91125	410.63412	27.520897	2.4517927	4.004564	27.396317	-16.123056	-264.19156	27.075014	2946.0630519390106
20	6535.331	68.48057	6687.8384	6445.931	5680.3584	203.98375	5959.751	5383.562	5680.3584	203.98375	5959.751	5383.562	6535.331	68.48057	6687.8384	6445.931	1000.0	1000.0	79999	282.06445	106.90877	431.82474	23.882263	282.0645	106.90754	433.31042	26.594059	2.742079	4.0638533	33.36052	-12.680151	-282.5496	30.393082	3173.225350856781
21	5692.5347	1478.146	6473.2324	1292.9806	5994.541	209.13278	6228.506	5775.568	5994.541	209.13278	6228.506	5775.568	5692.5347	1478.146	6473.2324	1292.9806	1000.0	1000.0	83999	299.59332	110.9969	450.8012	19.940716	299.59415	110.99405	449.46866	25.614647	2.899452	4.098621	42.436966	-13.041021	-300.05862	31.35703	3414.414216041565
22	6995.3438	80.82461	7158.615	6869.4526	6097.4053	100.14599	6225.178	5952.886	6097.4053	100.14599	6225.178	5952.886	6995.3438	80.82461	7158.615	6869.4526	1000.0	1000.0	87999	316.2772	115.82999	472.37054	18.488691	316.27744	115.82751	470.60577	25.44392	3.0878015	4.1388035	39.1362	-12.8619	-316.74484	31.905474	3653.7923691272736
23	7108.5947	81.492004	7225.727	6972.3423	6250.128	168.9466	6400.558	5975.5137	6250.128	168.9466	6400.558	5975.5137	7108.5947	81.492004	7225.727	6972.3423	1000.0	1000.0	91999	333.1219	119.087036	487.365	19.119867	333.12137	119.084854	483.7224	26.263327	3.2870216	4.1920257	32.17915	-13.474098	-333.57248	35.379543	3875.4712886810303
24	7114.46	77.98842	7262.2114	7004.876	6341.5366	74.75748	6407.107	6215.197	6341.5366	74.75748	6407.107	6215.197	7114.46	77.98842	7262.2114	7004.876	1000.0	1000.0	95999	348.4692	122.83562	498.82956	21.725359	348.46967	122.83285	499.53806	25.341928	3.3710086	4.133351	34.483395	-16.772455	-348.89227	34.266155	4096.782765865326
25	7184.4727	65.07654	7298.2827	7083.6216	6587.4053	193.98544	6845.2354	6331.9746	6587.4053	193.98544	6845.2354	6331.9746	7184.4727	65.07654	7298.2827	7083.6216	1000.0	1000.0	99999	363.1834	125.7349	521.1413	17.436705	363.1842	125.73129	520.7953	24.470705	3.5294838	4.1566415	40.362556	-12.632176	-363.5963	35.226738	4316.627797365189
26	6622.7773	37.23562	6666.3564	6531.385	6665.7646	141.96504	6852.519	6453.8096	6665.7646	141.96504	6852.519	6453.8096	6622.7773	37.23562	6666.3564	6531.385	1000.0	1000.0	103999	377.3175	128.0983	529.0382	16.92277	377.31793	128.09674	529.63916	22.867619	3.5920365	4.1228595	42.341988	-16.6824	-377.68195	33.995117	4533.405706882477
27	7106.6455	79.64993	7231.1533	7006.7837	6638.761	129.80922	6826.1426	6483.463	6638.761	129.80922	6826.1426	6483.463	7106.6455	79.64993	7231.1533	7006.7837	1000.0	1000.0	107999	390.00815	130.11533	540.9787	20.079578	390.00848	130.11336	541.9178	25.392326	3.7428248	4.185233	34.391453	-14.307939	-390.32642	34.245277	4750.698966264725
28	7179.8203	66.63789	7262.037	7064.4214	6807.2524	153.97885	6975.3994	6650.009	6807.2524	153.97885	6975.3994	6650.009	7179.8203	66.63789	7262.037	7064.4214	1000.0	1000.0	111999	401.98465	132.36958	555.5996	1.4919318	401.9847	132.36746	551.8214	23.53185	3.8147228	4.1606407	36.10017	-13.323903	-402.2809	36.120117	4975.751597166061
29	7464.926	36.039856	7526.611	7403.6333	6834.8154	124.87698	6953.8315	6632.259	6834.8154	124.87698	6953.8315	6632.259	7464.926	36.039856	7526.611	7403.6333	1000.0	1000.0	115999	413.6672	133.57729	566.2475	13.645315	413.6686	133.57318	565.9199	23.330173	3.8487864	4.121584	38.83484	-12.808782	-413.93152	35.500225	5206.862414360046
30	7522.7163	47.388668	7582.7334	7432.7046	6938.29	87.35791	7015.189	6797.6978	6938.29	87.35791	7015.189	6797.6978	7522.7163	47.388668	7582.7334	7432.7046	1000.0	1000.0	119999	423.49063	135.31108	575.31476	17.455276	423.49133	135.30821	575.19543	22.04202	3.9901698	4.16277	44.1359	-12.300023	-423.73166	35.614243	5437.726083755493
31	7465.9805	68.68297	7653.9004	7380.537	6870.1587	38.716415	6920.0547	6831.378	6870.1587	38.716415	6920.0547	6831.378	7465.9805	68.68297	7653.9004	7380.537	1000.0	1000.0	123999	433.19647	136.6465	586.6859	14.328758	433.1977	136.6442	587.3819	19.38899	3.9888265	4.1243787	37.521145	-12.989552	-433.41376	34.274845	5611.231230258942
32	7439.694	108.89467	7672.9575	7269.8755	7068.5005	103.83507	7185.784	6923.917	7068.5005	103.83507	7185.784	6923.917	7439.694	108.89467	7672.9575	7269.8755	1000.0	1000.0	127999	442.5044	137.415	592.137	15.249904	442.50403	137.41347	591.7105	21.979599	4.0006876	4.1206913	41.34082	-13.15481	-442.7035	34.872066	5780.8430025577545
33	7573.0283	107.90608	7812.0264	7457.2974	7097.575	228.45319	7321.6606	6754.6875	7097.575	228.45319	7321.6606	6754.6875	7573.0283	107.90608	7812.0264	7457.2974	1000.0	1000.0	131999	451.0338	138.51077	602.95087	15.235817	451.03473	138.50919	603.4423	18.831455	4.007081	4.09072	39.338577	-15.103781	-451.1992	34.287727	5951.726478099823
34	7570.324	147.1281	7813.055	7325.8926	6068.0303	2074.4192	7339.941	2475.9504	6068.0303	2074.4192	7339.941	2475.9504	7570.324	147.1281	7813.055	7325.8926	1000.0	1000.0	135999	457.77856	141.49673	609.99896	7.0475063	457.7788	141.49611	613.3974	17.186577	4.0790696	4.123827	38.606266	-13.6013565	-457.92776	37.622547	6144.8080797195435
35	7997.721	117.92295	8153.819	7712.364	7331.2656	118.39536	7524.927	7203.944	7331.2656	118.39536	7524.927	7203.944	7997.721	117.92295	8153.819	7712.364	1000.0	1000.0	139999	465.2531	142.7841	621.2189	5.2898154	465.25327	142.78273	621.4588	12.065521	4.080475	4.109104	47.49725	-12.739677	-465.39035	38.403694	6367.443537712097
36	7690.1265	166.87547	7984.8174	7503.1016	7344.013	90.03585	7489.889	7250.095	7344.013	90.03585	7489.889	7250.095	7690.1265	166.87547	7984.8174	7503.1016	1000.0	1000.0	143999	473.55515	143.39485	635.7455	4.371639	473.55533	143.39351	638.2438	14.104697	4.204442	4.1571817	47.90404	-12.77589	-473.67017	37.691696	6590.453089475632
37	7424.1943	162.61142	7729.62	7259.074	7316.458	211.37744	7551.976	7089.2554	7316.458	211.37744	7551.976	7089.2554	7424.1943	162.61142	7729.62	7259.074	1000.0	1000.0	147999	480.68784	144.22154	644.74023	3.2840466	480.68793	144.22151	646.1604	10.581322	4.214975	4.150637	45.255074	-11.926158	-480.79324	40.04318	6783.846661806107
38	7992.9795	99.54924	8157.5073	7829.9463	7309.419	225.49066	7500.1753	6935.3784	7309.419	225.49066	7500.1753	6935.3784	7992.9795	99.54924	8157.5073	7829.9463	1000.0	1000.0	151999	487.36148	144.9806	650.8419	12.140719	487.3618	144.97858	650.67365	17.301378	4.284791	4.112706	57.364296	-11.588762	-487.4622	39.186947	6968.832387447357
39	7999.428	144.92107	8172.5366	7678.757	7311.111	126.83738	7526.86	7205.604	7311.111	126.83738	7526.86	7205.604	7999.428	144.92107	8172.5366	7678.757	1000.0	1000.0	155999	495.06747	145.17653	659.28125	5.2684727	495.0677	145.17264	658.89655	9.158933	4.3242235	4.1042747	41.47154	-12.162514	-495.15775	39.578705	7154.159523010254
40	7990.202	104.114395	8156.6475	7840.4336	7490.0986	165.92923	7632.5337	7207.7656	7490.0986	165.92923	7632.5337	7207.7656	7990.202	104.114395	8156.6475	7840.4336	1000.0	1000.0	159999	501.88235	146.46413	666.9539	7.859604	501.8839	146.46054	664.9505	11.911582	4.306742	4.0734825	68.8788	-13.783405	-501.95276	38.57928	7360.323230266571
41	8099.6045	93.2158	8259.703	7997.0625	7631.9434	76.86648	7728.328	7550.3105	7631.9434	76.86648	7728.328	7550.3105	8099.6045	93.2158	8259.703	7997.0625	1000.0	1000.0	163999	508.95804	146.50662	675.075	8.756229	508.9587	146.50438	675.7204	12.614562	4.4053736	4.0873957	49.604855	-13.266556	-508.9985	42.253628	7583.603644609451
42	8568.193	186.17943	8903.851	8321.487	7788.1787	119.897	7920.0405	7663.67	7788.1787	119.897	7920.0405	7663.67	8568.193	186.17943	8903.851	8321.487	1000.0	1000.0	167999	515.7596	146.59454	688.19965	14.357451	515.7597	146.59352	688.6743	14.930649	4.3962264	4.0670257	43.29978	-12.521084	-515.8129	40.559246	7806.093602657318
43	8260.647	151.54056	8504.432	8051.639	7702.058	135.33553	7869.137	7559.8706	7702.058	135.33553	7869.137	7559.8706	8260.647	151.54056	8504.432	8051.639	1000.0	1000.0	171999	522.07806	146.95268	694.51776	13.325385	522.0783	146.95215	695.2219	13.459281	4.454598	4.0685315	54.092186	-14.243535	-522.11255	40.36751	7985.663988351822
44	8362.183	147.08452	8615.827	8164.235	7916.8374	165.0742	8139.6733	7693.0693	7916.8374	165.0742	8139.6733	7693.0693	8362.183	147.08452	8615.827	8164.235	1000.0	1000.0	175999	527.4442	147.95361	702.6151	11.851154	527.4448	147.95268	701.84906	8.990381	4.505319	4.089524	51.05814	-13.751528	-527.4673	40.92177	8155.419680118561
45	7995.353	1652.2574	8833.605	3053.8516	7893.2056	216.8692	8251.989	7674.0225	7893.2056	216.8692	8251.989	7674.0225	7995.353	1652.2574	8833.605	3053.8516	1000.0	1000.0	179999	534.5857	147.90903	707.25006	1.9926473	534.5863	147.90642	710.0401	10.431371	4.6104164	4.0901103	49.749126	-13.290217	-534.59937	42.950607	8324.906695365906
46	8805.853	102.70575	8958.515	8595.9375	8056.8696	188.79245	8251.541	7758.962	8056.8696	188.79245	8251.541	7758.962	8805.853	102.70575	8958.515	8595.9375	1000.0	1000.0	183999	540.6245	148.33464	710.37506	10.686166	540.6248	148.33362	712.6181	2.0277123	4.6661816	4.083869	51.35819	-11.641333	-540.6383	44.12091	8499.564223527908
47	8906.092	115.81335	9167.684	8731.469	7980.95	108.1523	8087.044	7800.5034	7980.95	108.1523	8087.044	7800.5034	8906.092	115.81335	9167.684	8731.469	1000.0	1000.0	187999	546.1614	149.20894	719.3034	8.493126	546.1614	149.20856	719.7236	6.152005	4.6857862	4.086881	61.390205	-11.969254	-546.1392	48.13073	8677.75539779663
48	8796.634	132.64784	8974.232	8571.678	8220.361	183.28323	8489.105	8045.6426	8220.361	183.28323	8489.105	8045.6426	8796.634	132.64784	8974.232	8571.678	1000.0	1000.0	191999	552.80554	148.47523	723.2994	2.061255	552.8056	148.47462	723.7273	5.529296	4.777366	4.0920424	59.068066	-14.630318	-552.78577	44.83323	8855.4535882473
49	8763.541	176.25443	9089.609	8505.409	8237.273	103.71577	8407.345	8144.1836	8237.273	103.71577	8407.345	8144.1836	8763.541	176.25443	9089.609	8505.409	1000.0	1000.0	195999	558.27924	149.66446	731.9166	2.088772	558.2793	149.66287	732.1506	3.765469	4.746126	4.0411377	47.8782	-12.07149	-558.238	46.158806	9034.820270776749
50	8806.557	218.3934	9106.936	8355.698	8375.688	137.41835	8591.244	8232.348	8375.688	137.41835	8591.244	8232.348	8806.557	218.3934	9106.936	8355.698	1000.0	1000.0	199999	564.45306	149.0601	740.8161	6.110021	564.4533	149.06013	738.98584	10.878181	4.776435	4.0514436	67.84268	-12.457741	-564.396	46.864086	9213.686203479767
51	8584.311	145.89218	8785.704	8333.108	8332.515	184.81541	8540.782	8033.9224	8332.515	184.81541	8540.782	8033.9224	8584.311	145.89218	8785.704	8333.108	1000.0	1000.0	203999	569.1686	150.20456	745.87445	9.182646	569.1687	150.20453	744.9967	11.93565	4.8792443	4.079192	50.975014	-14.892313	-569.1052	47.013603	9392.915229797363
52	9131.865	95.27019	9285.962	8939.754	8143.316	219.68367	8427.259	7809.979	8143.316	219.68367	8427.259	7809.979	9131.865	95.27019	9285.962	8939.754	1000.0	1000.0	207999	574.7884	150.00273	745.61804	9.333545	574.78845	150.00267	748.0194	9.829546	4.9073424	4.065842	50.070137	-14.304705	-574.73987	47.033516	9571.756933689117
53	9272.841	73.47311	9380.452	9146.175	8451.923	144.26067	8603.451	8232.4375	8451.923	144.26067	8603.451	8232.4375	9272.841	73.47311	9380.452	9146.175	1000.0	1000.0	211999	579.73254	150.56409	753.5768	2.1802835	579.7329	150.56285	754.2637	6.787673	4.9642754	4.0787444	51.054985	-13.4118	-579.6285	48.6119	9749.771440505981
54	8961.82	169.96245	9259.395	8673.909	8562.486	103.613205	8649.774	8386.834	8562.486	103.613205	8649.774	8386.834	8961.82	169.96245	9259.395	8673.909	1000.0	1000.0	215999	585.10803	151.13208	756.8304	2.2162316	585.1078	151.13063	758.55615	8.54077	5.007269	4.0716295	64.199585	-12.576023	-585.00323	50.6409	9927.440296173096
55	7593.06	104.964584	7786.8125	7500.5835	8588.384	123.36092	8759.307	8420.829	8588.384	123.36092	8759.307	8420.829	7593.06	104.964584	7786.8125	7500.5835	1000.0	1000.0	219999	589.7558	151.053	762.0123	8.711585	589.7555	151.05432	762.90576	9.620298	5.1062245	4.1099277	50.17124	-13.037954	-589.6635	50.74912	10104.9198346138
56	9258.604	81.32837	9388.483	9094.897	8555.023	162.28462	8717.771	8302.831	8555.023	162.28462	8717.771	8302.831	9258.604	81.32837	9388.483	9094.897	1000.0	1000.0	223999	595.30133	150.99138	777.56934	2.2575378	595.30194	150.99225	778.3081	6.49325	5.090506	4.1084547	50.30678	-15.022451	-595.21027	50.04807	10292.118233203888
57	8342.519	104.737976	8607.762	8236.304	8746.428	111.34682	8921.95	8613.471	8746.428	111.34682	8921.95	8613.471	8342.519	104.737976	8607.762	8236.304	1000.0	1000.0	227999	600.02545	151.92233	778.70734	2.2797327	600.02484	151.92206	776.87604	6.5461087	5.1812844	4.1170826	45.008114	-12.306715	-599.92426	50.629654	10519.979373455048
58	9324.368	117.35177	9501.612	9114.402	8728.728	78.78169	8816.525	8638.048	8728.728	78.78169	8816.525	8638.048	9324.368	117.35177	9501.612	9114.402	1000.0	1000.0	231999	605.35474	151.60454	783.85376	5.9566283	605.3543	151.6053	781.53595	12.376338	5.205346	4.102023	52.623295	-11.444328	-605.26324	50.982647	10746.722332000732
59	8771.243	170.89339	9025.383	8387.644	8972.257	98.218315	9057.732	8807.287	8972.257	98.218315	9057.732	8807.287	8771.243	170.89339	9025.383	8387.644	1000.0	1000.0	235999	610.25854	152.29634	782.12915	5.3291364	610.25885	152.29646	783.26904	4.7776394	5.2298727	4.127288	55.603928	-12.377336	-610.1701	53.022022	10945.130044698715
60	9188.211	73.89667	9294.486	9076.225	8762.849	282.56934	9086.025	8428.674	8762.849	282.56934	9086.025	8428.674	9188.211	73.89667	9294.486	9076.225	1000.0	1000.0	239999	615.58514	153.11559	795.98126	2.3336835	615.5853	153.11403	795.2648	4.7601595	5.238661	4.113812	50.101288	-13.335812	-615.47314	50.77459	11119.892508268356
61	9421.25	103.06467	9531.859	9157.962	8858.015	168.83522	9050.512	8614.449	8858.015	168.83522	9050.512	8614.449	9421.25	103.06467	9531.859	9157.962	1000.0	1000.0	243999	620.03674	153.79128	797.9936	2.358972	620.03687	153.79173	794.7063	7.618287	5.3083262	4.1457143	56.52738	-12.834443	-619.9265	51.923767	11295.119841814041
62	9206.4795	166.8828	9539.133	8961.287	8809.591	194.19284	9055.82	8614.243	8809.591	194.19284	9055.82	8614.243	9206.4795	166.8828	9539.133	8961.287	1000.0	1000.0	247999	625.50653	153.05292	802.92365	3.1631627	625.5059	153.05377	800.1406	7.870204	5.360049	4.1178575	59.586926	-14.850023	-625.3541	52.488945	11478.182096481323
63	9597.429	88.51506	9738.707	9449.93	9038.986	191.02614	9230.412	8761.05	9038.986	191.02614	9230.412	8761.05	9597.429	88.51506	9738.707	9449.93	1000.0	1000.0	251999	629.96356	153.3281	807.98737	4.1701446	629.96344	153.32846	805.65497	7.257283	5.3349314	4.099667	65.753876	-14.331695	-629.81036	52.87834	11716.311955451965
64	9565.537	132.49612	9748.996	9328.893	8978.149	113.24508	9161.612	8863.7	8978.149	113.24508	9161.612	8863.7	9565.537	132.49612	9748.996	9328.893	1000.0	1000.0	255999	634.47876	153.0847	815.6762	2.4230263	634.479	153.0844	811.83014	2.450278	5.3603206	4.0982223	55.685318	-12.534393	-634.32166	54.1229	11954.500466823578
65	9784.167	156.59396	10036.535	9506.645	9057.353	42.840775	9100.35	8987.799	9057.353	42.840775	9100.35	8987.799	9784.167	156.59396	10036.535	9506.645	1000.0	1000.0	259999	638.5705	153.35028	818.98206	3.3013432	638.5705	153.35068	818.7206	9.723	5.413236	4.1048427	56.50895	-13.338276	-638.42584	53.46163	12158.278852701187
66	9918.58	100.63093	10061.751	9733.687	9028.332	174.5949	9255.709	8844.965	9028.332	174.5949	9255.709	8844.965	9918.58	100.63093	10061.751	9733.687	1000.0	1000.0	263999	642.48285	154.44865	822.1474	-0.054107428	642.48315	154.44742	821.03577	9.482872	5.4612265	4.102125	60.304596	-13.058862	-642.30145	54.67965	12338.846091032028
67	9427.223	153.08218	9684.293	9195.098	9154.524	132.8331	9339.022	8972.226	9154.524	132.8331	9339.022	8972.226	9427.223	153.08218	9684.293	9195.098	1000.0	1000.0	267999	647.24194	153.22299	826.0136	0.73888993	647.2424	153.22163	822.9601	2.5158403	5.5456195	4.1453323	64.21226	-13.99547	-647.05	55.48343	12518.803612232208
68	9349.572	103.455215	9506.287	9186.091	9478.058	177.80022	9747.427	9297.849	9478.058	177.80022	9747.427	9297.849	9349.572	103.455215	9506.287	9186.091	1000.0	1000.0	271999	651.2728	153.57251	828.5403	-6.06674	651.27295	153.57129	829.4317	6.602419	5.5368443	4.132993	61.606846	-15.017422	-651.092	56.069798	12698.543985843658
69	9663.443	137.71553	9863.036	9491.81	9259.811	222.63844	9609.001	8996.438	9259.811	222.63844	9609.001	8996.438	9663.443	137.71553	9863.036	9491.81	1000.0	1000.0	275999	655.33887	153.47931	834.29474	3.078283	655.3387	153.47946	833.5425	3.5265365	5.6113005	4.139715	63.33823	-12.490947	-655.1306	57.59448	12884.966005563736
70	9902.359	153.63304	10125.34	9534.972	9220.13	238.09178	9515.944	8850.724	9220.13	238.09178	9515.944	8850.724	9902.359	153.63304	10125.34	9534.972	1000.0	1000.0	279999	658.84375	154.85811	838.44824	-7.4151382	658.84357	154.85672	838.4862	6.92051	5.5345387	4.073984	70.988235	-16.008644	-658.61676	57.79497	13071.58800625801
71	9796.915	137.5438	9925.867	9417.714	9375.104	161.63571	9603.588	9201.905	9375.104	161.63571	9603.588	9201.905	9796.915	137.5438	9925.867	9417.714	1000.0	1000.0	283999	663.30963	154.0127	841.6079	-7.5954857	663.31006	154.01016	840.9912	4.5966196	5.606414	4.116733	101.54824	-12.222542	-663.0895	59.241833	13260.618718862534
72	9868.566	110.60065	10073.002	9745.556	9522.85	132.92482	9699.009	9327.708	9522.85	132.92482	9699.009	9327.708	9868.566	110.60065	10073.002	9745.556	1000.0	1000.0	287999	666.6247	155.78935	852.021	-6.439441	666.6249	155.7904	850.8736	2.6221013	5.5869493	4.157765	73.907425	-11.907485	-666.3749	57.562035	13489.240846395493
73	9864.467	196.48892	10090.842	9467.061	9542.123	127.61829	9706.001	9400.25	9542.123	127.61829	9706.001	9400.25	9864.467	196.48892	10090.842	9467.061	1000.0	1000.0	291999	671.08575	155.34749	854.8545	2.6316888	671.0857	155.3475	857.1741	5.210142	5.635204	4.1065426	62.958717	-14.65882	-670.8688	57.928024	13717.717744112015
74	9563.089	983.7609	10035.475	6621.71	9575.771	121.403076	9700.266	9432.731	9575.771	121.403076	9700.266	9432.731	9563.089	983.7609	10035.475	6621.71	1000.0	1000.0	295999	674.3569	156.49364	856.99225	-9.062983	674.3565	156.49333	860.88544	2.669668	5.662669	4.106987	91.29683	-15.385332	-674.1521	58.74668	13927.251143932343
75	9590.645	146.96286	9836.812	9252.348	9589.632	143.2582	9790.82	9385.832	9589.632	143.2582	9790.82	9385.832	9590.645	146.96286	9836.812	9252.348	1000.0	1000.0	299999	678.97754	156.1586	865.31854	-2.0360458	678.9774	156.15996	865.5413	2.6865659	5.7093425	4.1159754	62.744816	-12.483532	-678.75195	59.315437	14112.326236248016
76	10242.436	104.03462	10418.786	10093.039	9509.492	169.47348	9695.726	9309.553	9509.492	169.47348	9695.726	9309.553	10242.436	104.03462	10418.786	10093.039	1000.0	1000.0	303999	683.3992	156.20755	867.82056	-2.7892687	683.3999	156.20592	867.38965	2.6980343	5.7426963	4.12022	95.0631	-13.5362	-683.1636	59.461258	14298.021813631058
77	10201.703	71.29329	10331.188	10096.434	9743.435	83.518456	9835.904	9638.356	9743.435	83.518456	9835.904	9638.356	10201.703	71.29329	10331.188	10096.434	1000.0	1000.0	307999	687.6014	157.11726	871.2352	-3.9367895	687.60175	157.11563	869.21796	2.7123804	5.7601523	4.094256	48.108715	-11.9385605	-687.3762	61.525192	14490.512644290924
78	9896.406	102.48092	10041.202	9715.874	9503.568	126.705605	9657.536	9360.061	9503.568	126.705605	9657.536	9360.061	9896.406	102.48092	10041.202	9715.874	1000.0	1000.0	311999	691.18536	157.2056	877.03735	-5.56489	691.1848	157.2069	876.19226	3.8511386	5.789003	4.1100307	58.90718	-13.199025	-690.9453	61.557842	14714.036838054657
79	9468.0205	2823.7483	10536.246	1001.8337	9673.584	47.502415	9753.8955	9631.465	9673.584	47.502415	9753.8955	9631.465	9468.0205	2823.7483	10536.246	1001.8337	1000.0	1000.0	315999	696.0453	155.79277	877.67566	6.8045645	696.04486	155.79288	876.3887	3.5651708	5.864922	4.1442385	50.674244	-11.726528	-695.81036	64.00668	14937.293019294739
80	9963.394	125.968025	10184.326	9736.29	9766.705	110.686676	9881.094	9609.643	9766.705	110.686676	9881.094	9609.643	9963.394	125.968025	10184.326	9736.29	1000.0	1000.0	319999	699.0293	157.27118	881.1413	4.26206	699.0292	157.27269	885.07434	7.901808	5.844037	4.1305876	57.769268	-12.110004	-698.7721	63.52262	15137.212480306625
81	10422.576	58.122475	10505.831	10289.262	9753.53	153.40988	9917.194	9512.135	9753.53	153.40988	9917.194	9512.135	10422.576	58.122475	10505.831	10289.262	1000.0	1000.0	323999	702.78125	156.84059	885.1248	-13.519836	702.7816	156.83784	884.43256	3.3645356	5.8087077	4.1278667	90.580086	-13.817785	-702.4816	61.217213	15314.02901148796
82	9692.976	121.805046	9910.208	9465.103	9645.016	181.52367	9827.373	9357.145	9645.016	181.52367	9827.373	9357.145	9692.976	121.805046	9910.208	9465.103	1000.0	1000.0	327999	706.1268	156.99803	888.6754	-1.7762992	706.1268	156.99924	887.0144	3.9738271	5.798564	4.1080055	65.27014	-13.522431	-705.84174	62.81555	15490.343815803528
83	9712.363	118.78904	9867.87	9511.512	7770.3022	3459.246	9929.582	1782.563	7770.3022	3459.246	9929.582	1782.563	9712.363	118.78904	9867.87	9511.512	1000.0	1000.0	331999	707.0988	160.20235	897.7315	-12.455741	707.09784	160.20454	895.49084	2.8584533	5.8679795	4.145001	44.61248	-12.516491	-706.8076	63.666492	15671.903086423874
84	10531.307	133.70941	10776.782	10248.563	9679.742	227.31538	10024.928	9389.154	9679.742	227.31538	10024.928	9389.154	10531.307	133.70941	10776.782	10248.563	1000.0	1000.0	335999	709.6862	160.92119	895.5575	-6.104846	709.6872	160.91989	896.55817	2.8659966	5.9490814	4.1919484	102.4163	-12.431323	-709.3804	66.620766	15895.29985833168
85	10022.707	125.748856	10226.986	9793.456	9959.299	164.79489	10203.12	9740.299	9959.299	164.79489	10203.12	9740.299	10022.707	125.748856	10226.986	9793.456	1000.0	1000.0	339999	712.6782	160.07025	897.04663	-27.48909	712.6772	160.07115	898.3793	2.8795128	5.8821588	4.168151	52.952827	-15.28046	-712.33215	66.284935	16119.193436861038
86	10443.483	65.40734	10562.878	10344.996	9947.452	124.06139	10118.29	9799.445	9947.452	124.06139	10118.29	9799.445	10443.483	65.40734	10562.878	10344.996	1000.0	1000.0	343999	715.01794	160.91083	903.8153	-40.120857	715.0188	160.90926	903.5211	2.900421	5.9603	4.176437	60.52986	-12.871028	-714.67377	70.39085	16355.628915786743
87	10499.65	102.1027	10673.353	10312.321	9872.604	72.02423	9994.502	9814.851	9872.604	72.02423	9994.502	9814.851	10499.65	102.1027	10673.353	10312.321	1000.0	1000.0	347999	717.9632	161.162	910.7946	-30.091381	717.96313	161.15907	907.42737	2.9207056	5.972182	4.1929483	61.471313	-11.642141	-717.6137	68.44658	16608.106004476547
88	10235.115	167.19589	10557.856	10001.249	9835.83	140.05624	10018.247	9647.183	9835.83	140.05624	10018.247	9647.183	10235.115	167.19589	10557.856	10001.249	1000.0	1000.0	351999	721.2468	160.28699	911.6071	-24.664957	721.24646	160.28862	911.4378	2.941593	5.9760237	4.1682696	59.82151	-11.761452	-720.9394	65.9103	16857.927807569504
89	10622.666	217.33943	10887.062	10207.5	10044.399	125.046455	10172.917	9874.194	10044.399	125.046455	10172.917	9874.194	10622.666	217.33943	10887.062	10207.5	1000.0	1000.0	355999	724.76373	161.16551	915.0716	-8.493651	724.7636	161.16406	913.9158	2.9630082	6.009241	4.186919	52.304676	-13.84338	-724.4338	67.268135	17038.548268079758
90	10578.955	111.63698	10728.424	10393.293	9922.697	117.41644	10077.585	9760.101	9922.697	117.41644	10077.585	9760.101	10578.955	111.63698	10728.424	10393.293	1000.0	1000.0	359999	727.8594	161.27249	915.5355	-6.9780874	727.8596	161.27284	916.05255	2.9811237	6.1297545	4.1929	73.05245	-12.215947	-727.5249	66.83752	17220.2588429451
91	10470.198	107.347946	10705.657	10364.621	10110.186	301.40073	10450.332	9783.055	10110.186	301.40073	10450.332	9783.055	10470.198	107.347946	10705.657	10364.621	1000.0	1000.0	363999	730.5651	161.60414	919.792	-16.24593	730.5653	161.60347	917.6391	3.0027387	6.0982914	4.192458	72.30423	-13.322187	-730.1909	69.79389	17400.514389276505
92	10574.4795	211.0983	10875.186	10207.926	10018.69	145.80045	10238.042	9861.062	10018.69	145.80045	10238.042	9861.062	10574.4795	211.0983	10875.186	10207.926	1000.0	1000.0	367999	733.69775	161.04202	923.5972	-18.141699	733.69855	161.04016	923.3185	3.024488	6.110799	4.1926274	56.47546	-11.431738	-733.34576	68.78444	17580.58337855339
93	10470.857	139.35774	10681.169	10248.288	10157.738	151.71332	10364.874	9958.096	10157.738	151.71332	10364.874	9958.096	10470.857	139.35774	10681.169	10248.288	1000.0	1000.0	371999	736.0544	161.90231	924.40137	-3.5500689	736.0541	161.90298	921.6214	3.0577202	6.1007333	4.2070227	75.61867	-15.447495	-735.7003	67.55264	17760.36870932579
94	10864.421	84.685005	11001.448	10720.24	10091.22	117.34307	10271.916	9943.377	10091.22	117.34307	10271.916	9943.377	10864.421	84.685005	11001.448	10720.24	1000.0	1000.0	375999	739.2394	161.31625	926.5488	-13.07267	739.23865	161.31696	925.04205	3.0623417	6.153445	4.203942	75.85515	-12.881022	-738.8757	69.665375	17941.229873418808
95	10543.8125	115.3865	10668.158	10281.977	10123.391	221.68474	10341.357	9761.249	10123.391	221.68474	10341.357	9761.249	10543.8125	115.3865	10668.158	10281.977	1000.0	1000.0	379999	741.8976	160.73172	930.8489	-3.8117502	741.8986	160.72925	928.0247	3.0814242	6.1579037	4.1738524	64.87196	-11.903069	-741.512	70.0528	18128.250429868698
96	10836.855	131.22113	11052.412	10627.808	9969.847	43.61923	10028.258	9905.681	9969.847	43.61923	10028.258	9905.681	10836.855	131.22113	11052.412	10627.808	1000.0	1000.0	383999	744.1681	161.7177	926.40314	-7.1241436	744.1679	161.71913	925.8321	3.0999203	6.1729026	4.2190113	91.17896	-11.935166	-743.787	67.842834	18308.036292791367
97	10686.641	171.14029	10955.825	10332.306	10058.619	110.66172	10213.278	9904.82	10058.619	110.66172	10213.278	9904.82	10686.641	171.14029	10955.825	10332.306	1000.0	1000.0	387999	746.84265	161.05962	928.62604	2.2217824	746.84296	161.05913	928.1965	3.1256523	6.211107	4.2016635	50.19012	-11.84502	-746.4795	69.3275	18487.626366615295
98	10700.24	94.18108	10813.39	10560.038	10182.37	185.31271	10479.126	9969.185	10182.37	185.31271	10479.126	9969.185	10700.24	94.18108	10813.39	10560.038	1000.0	1000.0	391999	748.88544	161.03711	926.6803	-11.6678505	748.8854	161.0371	929.4058	3.146695	6.2063155	4.211312	99.81415	-14.528571	-748.4721	67.453766	18668.305453538895
99	10742.575	165.53929	11084.842	10506.215	9968.412	224.38695	10309.038	9712.7705	9968.412	224.38695	10309.038	9712.7705	10742.575	165.53929	11084.842	10506.215	1000.0	1000.0	395999	751.32513	161.0516	937.1302	0.83247805	751.32495	161.05057	934.3961	3.162581	6.224447	4.222573	58.140076	-11.715031	-750.94055	67.75371	18860.22280406952
100	10714.908	215.51205	11006.023	10385.157	10221.347	65.23554	10293.772	10150.239	10221.347	65.23554	10293.772	10150.239	10714.908	215.51205	11006.023	10385.157	1000.0	1000.0	399999	754.1999	160.09088	931.5434	-10.026366	754.1998	160.09132	931.1617	3.190389	6.2041435	4.216262	58.132904	-12.871945	-753.7773	66.397835	19052.49543118477
101	10616.793	167.82828	10897.772	10259.66	10236.374	170.12593	10449.348	9991.282	10236.374	170.12593	10449.348	9991.282	10616.793	167.82828	10897.772	10259.66	1000.0	1000.0	403999	756.074	160.89803	932.15424	1.5539572	756.0744	160.8981	932.6062	3.209275	6.1574974	4.130265	90.22092	-14.576395	-755.6591	68.67706	19244.58902001381
102	10655.436	103.215355	10835.757	10500.893	10229.277	114.407455	10341.572	10044.705	10229.277	114.407455	10341.572	10044.705	10655.436	103.215355	10835.757	10500.893	1000.0	1000.0	407999	757.7874	160.8809	933.2703	-20.781776	757.78784	160.8798	932.4589	3.2187073	6.2095737	4.1599054	53.08017	-11.294393	-757.371	65.87991	19425.20823264122
103	10194.318	171.9684	10427.304	9752.873	10190.572	79.977264	10310.234	10095.303	10190.572	79.977264	10310.234	10095.303	10194.318	171.9684	10427.304	9752.873	1000.0	1000.0	411999	760.4396	160.04611	934.04565	-26.092028	760.439	160.04523	931.2836	3.235777	6.210734	4.1240673	43.921993	-11.685574	-759.9886	67.6858	19605.87275338173
104	10925.611	212.76015	11201.765	10491.901	10317.33	240.80676	10536.794	9911.864	10317.33	240.80676	10536.794	9911.864	10925.611	212.76015	11201.765	10491.901	1000.0	1000.0	415999	762.7829	159.79964	938.43536	3.2370377	762.7832	159.80023	940.77423	3.2564418	6.184491	4.1403484	60.116013	-11.72355	-762.362	66.80712	19787.64114022255
105	10144.225	76.33812	10253.337	10015.055	10118.9375	135.62917	10347.369	9991.585	10118.9375	135.62917	10347.369	9991.585	10144.225	76.33812	10253.337	10015.055	1000.0	1000.0	419999	765.19806	160.32901	947.2748	-20.417997	765.19806	160.33028	939.7053	3.2744057	6.2009864	4.1511307	53.447826	-12.363897	-764.7608	68.47229	19966.92458128929
106	10512.327	135.71689	10763.53	10342.8545	10318.048	87.90594	10408.626	10203.161	10318.048	87.90594	10408.626	10203.161	10512.327	135.71689	10763.53	10342.8545	1000.0	1000.0	423999	766.8721	159.96822	939.2774	-6.8640532	766.87225	159.96828	938.3245	3.298965	6.258516	4.1527276	71.339485	-14.983575	-766.4202	69.15699	20144.627367019653
107	10909.861	163.73221	11241.677	10595.053	10422.836	97.12026	10579.502	10337.859	10422.836	97.12026	10579.502	10337.859	10909.861	163.73221	11241.677	10595.053	1000.0	1000.0	427999	768.59503	160.14081	943.1733	-11.240628	768.5953	160.14032	943.53217	3.318261	6.2776756	4.1619515	58.25727	-12.320557	-768.1253	68.791595	20322.36924982071
108	10770.41	94.97151	10915.305	10613.437	10373.452	202.7913	10700.975	10164.152	10373.452	202.7913	10700.975	10164.152	10770.41	94.97151	10915.305	10613.437	1000.0	1000.0	431999	770.3527	160.43239	938.9222	-25.738743	770.3523	160.4322	941.5313	3.3324912	6.273294	4.1759706	53.497112	-12.866806	-769.9221	67.081894	20503.15956711769
109	10557.106	85.455246	10713.659	10427.308	10311.162	196.61531	10570.2705	10070.572	10311.162	196.61531	10570.2705	10070.572	10557.106	85.455246	10713.659	10427.308	1000.0	1000.0	435999	773.60736	158.97116	944.9872	-2.8024352	773.60785	158.9715	947.2314	3.355384	6.2696586	4.172771	68.6923	-11.244401	-773.1559	68.24314	20691.1678917408
110	10844.54	112.10587	11026.944	10593.895	10408.378	297.9404	10707.218	9912.344	10408.378	297.9404	10707.218	9912.344	10844.54	112.10587	11026.944	10593.895	1000.0	1000.0	439999	774.8024	160.24554	945.8261	-4.32672	774.8025	160.24312	946.70825	3.370986	6.356661	4.1673098	49.995285	-11.782673	-774.317	70.269165	20879.12916827202
111	11113.508	142.95764	11330.79	10843.047	10509.776	152.95007	10725.339	10333.39	10509.776	152.95007	10725.339	10333.39	11113.508	142.95764	11330.79	10843.047	1000.0	1000.0	443999	777.20386	158.42227	950.6996	-1.4438679	777.20447	158.42065	948.6014	3.3866155	6.292925	4.144457	44.178165	-13.827308	-776.7106	67.69667	21067.92116856575
112	10855.423	110.77482	11045.221	10632.023	10436.968	307.0206	10875.143	10045.218	10436.968	307.0206	10875.143	10045.218	10855.423	110.77482	11045.221	10632.023	1000.0	1000.0	447999	778.02216	159.9731	951.8014	-14.806462	778.0221	159.97087	950.6092	3.415448	6.308107	4.158226	52.069984	-11.778047	-777.4997	69.85539	21265.40296769142
113	11175.494	95.005646	11356.76	11055.208	10407.229	89.774734	10494.62	10257.611	10407.229	89.774734	10494.62	10257.611	11175.494	95.005646	11356.76	11055.208	1000.0	1000.0	451999	779.61475	159.11061	953.7082	-16.310007	779.615	159.11209	954.42505	3.4215815	6.352456	4.183948	59.3342	-12.317278	-779.0849	70.12916	21463.16125369072
114	11024.358	144.23967	11265.073	10832.531	10160.582	136.76302	10366.357	9984.225	10160.582	136.76302	10366.357	9984.225	11024.358	144.23967	11265.073	10832.531	1000.0	1000.0	455999	781.40466	159.39697	954.8078	-5.650484	781.405	159.3951	954.9233	3.440411	6.2703342	4.1822467	57.4173	-11.34674	-780.8975	67.26558	21661.368046998978
115	10988.686	144.78314	11223.236	10681.341	10433.918	235.32611	10689.619	10056.281	10433.918	235.32611	10689.619	10056.281	10988.686	144.78314	11223.236	10681.341	1000.0	1000.0	459999	783.1887	159.5821	965.70233	3.4492245	783.1888	159.58264	964.95074	4.2801404	6.3317556	4.2113643	58.81889	-12.750879	-782.66113	66.78696	21859.449931383133
116	11041.935	97.66484	11184.195	10856.53	10473.645	218.284	10815.154	10227.966	10473.645	218.284	10815.154	10227.966	11041.935	97.66484	11184.195	10856.53	1000.0	1000.0	463999	784.98535	158.64182	959.53314	2.4609225	784.98505	158.64397	961.67334	8.08835	6.3300743	4.1784887	57.45273	-13.014196	-784.4307	69.47543	22057.296999931335
117	11250.888	90.60775	11374.73	11111.701	10653.062	164.07211	10846.118	10428.097	10653.062	164.07211	10846.118	10428.097	11250.888	90.60775	11374.73	11111.701	1000.0	1000.0	467999	787.00934	158.48537	963.0529	-18.378374	787.0092	158.48471	962.3896	3.5086548	6.346812	4.2101345	91.555885	-11.285856	-786.49054	69.120415	22257.11002779007
118	10189.0205	153.77962	10450.761	9887.973	10484.982	175.96684	10694.263	10230.255	10484.982	175.96684	10694.263	10230.255	10189.0205	153.77962	10450.761	9887.973	1000.0	1000.0	471999	788.9699	158.75548	967.04443	-21.948915	788.96985	158.75464	966.63763	3.5091846	6.347455	4.235047	95.1856	-11.925037	-788.3959	71.57058	22512.625710964203
119	10820.092	105.52722	11027.079	10653.653	10582.033	235.86058	10866.519	10252.26	10582.033	235.86058	10866.519	10252.26	10820.092	105.52722	11027.079	10653.653	1000.0	1000.0	475999	791.1082	158.65213	971.98517	-10.9295025	791.10736	158.65222	968.78424	3.5310102	6.4314823	4.2167206	64.38264	-12.5853615	-790.581	70.26075	22769.375590085983
120	11029.265	158.56956	11231.946	10638.142	10560.721	221.1152	10780.517	10240.687	10560.721	221.1152	10780.517	10240.687	11029.265	158.56956	11231.946	10638.142	1000.0	1000.0	479999	793.42535	157.84781	973.51215	-6.4045625	793.42584	157.84683	971.84357	3.5467875	6.4437275	4.1987276	67.86937	-13.199415	-792.86584	70.03386	23010.765320062637
121	11038.182	114.71506	11217.661	10895.423	10613.681	88.67937	10706.984	10509.943	10613.681	88.67937	10706.984	10509.943	11038.182	114.71506	11217.661	10895.423	1000.0	1000.0	483999	794.7077	158.62358	969.6067	3.55621	794.7076	158.6241	968.9705	4.540432	6.419042	4.2117286	62.597557	-14.13425	-794.17145	71.090065	23243.42686367035
122	11039.666	157.89603	11323.139	10686.467	10572.35	229.43916	10872.551	10258.144	10572.35	229.43916	10872.551	10258.144	11039.666	157.89603	11323.139	10686.467	1000.0	1000.0	487999	796.6006	158.54109	974.30884	-1.6867504	796.60126	158.54147	977.3942	3.5875015	6.4710736	4.2007565	40.76	-13.297874	-796.0572	71.55807	23479.636116981506
123	10476.282	1881.9286	11300.047	4841.495	10746.151	72.34331	10807.735	10622.83	10746.151	72.34331	10807.735	10622.83	10476.282	1881.9286	11300.047	4841.495	1000.0	1000.0	491999	798.22	158.6948	978.0105	-14.925625	798.2201	158.69342	980.1902	3.6001437	6.501048	4.2007136	50.838074	-14.269836	-797.6699	72.009575	23727.534940481186
124	11095.86	127.74203	11297.357	10913.576	10619.742	83.97196	10750.144	10522.198	10619.742	83.97196	10750.144	10522.198	11095.86	127.74203	11297.357	10913.576	1000.0	1000.0	495999	800.3715	157.2326	971.7814	3.5999422	800.37054	157.23637	973.5224	3.62336	6.4569445	4.198723	70.240036	-11.938917	-799.79236	69.21176	23975.20270371437
125	11063.52	137.05237	11258.176	10782.548	10680.942	119.31293	10793.44	10480.83	10680.942	119.31293	10793.44	10480.83	11063.52	137.05237	11258.176	10782.548	1000.0	1000.0	499999	801.2027	158.98988	977.65485	0.12635422	801.2037	158.9865	975.02203	4.730229	6.4616013	4.2138543	70.18415	-12.352751	-800.6024	70.31975	24179.65986442566
126	11214.566	106.65124	11400.723	11034.665	8567.454	3489.2722	10724.084	2525.754	8567.454	3489.2722	10724.084	2525.754	11214.566	106.65124	11400.723	11034.665	1000.0	1000.0	503999	802.19867	160.24419	979.7061	-23.23444	802.1983	160.2479	980.12885	3.6542566	6.5347295	4.2058234	99.892914	-12.016968	-801.6021	71.036125	24366.072836637497
127	11143.584	99.17174	11290.452	10994.539	10612.949	94.10571	10754.252	10524.106	10612.949	94.10571	10754.252	10524.106	11143.584	99.17174	11290.452	10994.539	1000.0	1000.0	507999	803.1126	161.47606	976.57556	-27.595257	803.1136	161.47252	976.9409	3.6699333	6.5440435	4.252105	106.1676	-12.721838	-802.5166	74.09655	24552.933793783188
128	11059.298	157.37938	11300.951	10816.433	10545.97	193.7081	10772.515	10340.162	10545.97	193.7081	10772.515	10340.162	11059.298	157.37938	11300.951	10816.433	1000.0	1000.0	511999	805.1154	160.70367	980.1279	1.4641366	805.11536	160.7028	979.7414	3.6857932	6.4771276	4.20282	81.577705	-13.757837	-804.4994	71.967476	24736.638206720352
129	10796.225	113.55366	10976.713	10540.012	10518.873	162.22392	10755.239	10351.331	10518.873	162.22392	10755.239	10351.331	10796.225	113.55366	10976.713	10540.012	1000.0	1000.0	515999	806.7458	160.51797	985.23126	-7.9332423	806.74664	160.51631	980.99475	3.7029839	6.5570507	4.2139616	73.33195	-12.557241	-806.13916	72.723404	24915.71376824379
130	11310.609	153.41652	11482.221	11022.606	10518.828	118.44559	10669.264	10343.683	10518.828	118.44559	10669.264	10343.683	11310.609	153.41652	11482.221	11022.606	1000.0	1000.0	519999	807.83575	161.04625	986.1095	-3.2397842	807.835	161.04736	984.881	3.722121	6.535359	4.242554	64.29372	-14.303926	-807.214	70.84319	25095.582666397095
131	11370.574	125.009865	11530.369	11092.86	10571.771	75.284134	10670.801	10474.4795	10571.771	75.284134	10670.801	10474.4795	11370.574	125.009865	11530.369	11092.86	1000.0	1000.0	523999	808.3371	161.46484	978.52124	-27.162289	808.33777	161.46295	978.383	3.740042	6.462796	4.219724	66.98889	-12.6441345	-807.6807	76.35949	25275.809282302856
132	11006.015	178.84767	11249.471	10672.764	10733.172	116.399414	10839.623	10550.553	10733.172	116.399414	10839.623	10550.553	11006.015	178.84767	11249.471	10672.764	1000.0	1000.0	527999	809.54565	160.11426	972.85016	-18.985281	809.5459	160.1129	975.8111	3.75879	6.556349	4.23702	84.93297	-13.79441	-808.91	76.33862	25455.105941534042
133	11075.31	136.12396	11245.973	10759.671	10582.512	154.61214	10820.078	10420.236	10582.512	154.61214	10820.078	10420.236	11075.31	136.12396	11245.973	10759.671	1000.0	1000.0	531999	810.10394	160.79276	978.85864	-15.005214	810.1044	160.79219	976.6034	3.7769566	6.6135163	4.184512	66.92993	-12.4926	-809.4246	74.24459	25635.117609500885
134	10441.553	101.2604	10641.366	10316.159	10681.623	76.41099	10806.299	10601.056	10681.623	76.41099	10806.299	10601.056	10441.553	101.2604	10641.366	10316.159	1000.0	1000.0	535999	811.3841	160.38237	976.97394	-29.924847	811.38416	160.38106	980.96533	3.7974668	6.56687	4.2545652	50.379837	-13.501398	-810.70886	72.32729	25814.827615261078
135	11107.493	130.16817	11316.699	10914.6045	10574.758	77.3824	10664.6455	10487.556	10574.758	77.3824	10664.6455	10487.556	11107.493	130.16817	11316.699	10914.6045	1000.0	1000.0	539999	812.66223	159.4791	981.3813	-5.079031	812.6619	159.4776	978.9696	3.8169532	6.5033827	4.2490306	55.888977	-13.503164	-811.97076	72.72094	25996.731833934784
136	10955.076	98.626045	11190.986	10823.925	10610.82	86.45135	10703.077	10473.916	10610.82	86.45135	10703.077	10473.916	10955.076	98.626045	11190.986	10823.925	1000.0	1000.0	543999	813.54755	159.79944	979.0413	3.306631	813.5472	159.80072	980.4448	3.836064	6.544994	4.2725782	60.547405	-11.335471	-812.8743	75.41706	26178.417911052704
137	11221.1455	196.42485	11495.529	10907.548	8943.477	3077.8079	10806.239	3614.5469	8943.477	3077.8079	10806.239	3614.5469	11221.1455	196.42485	11495.529	10907.548	1000.0	1000.0	547999	814.8056	160.41133	981.0423	-2.5279498	814.80585	160.41467	980.83704	3.8592505	6.5652695	4.2538676	69.314674	-12.911792	-814.1242	74.1583	26360.425973415375
138	11334.006	100.32826	11517.262	11141.982	10840.151	111.339226	10960.96	10699.745	10840.151	111.339226	10960.96	10699.745	11334.006	100.32826	11517.262	11141.982	1000.0	1000.0	551999	814.8848	161.78111	981.8647	-17.305138	814.88495	161.77843	984.15076	3.8805063	6.5408425	4.2684727	92.85698	-12.077705	-814.18677	74.08883	26542.328208446503
139	11256.928	94.87339	11407.209	11124.408	10597.727	222.90813	10821.834	10226.716	10597.727	222.90813	10821.834	10226.716	11256.928	94.87339	11407.209	11124.408	1000.0	1000.0	555999	816.44305	161.15126	983.61096	-28.01627	816.44336	161.15279	981.4342	3.9029374	6.547629	4.254469	52.98404	-11.81775	-815.761	74.12784	26724.828026771545
140	10889.116	130.12785	11098.79	10596.969	10469.996	159.47586	10701.677	10287.167	10469.996	159.47586	10701.677	10287.167	10889.116	130.12785	11098.79	10596.969	1000.0	1000.0	559999	817.0087	162.32948	984.2056	-22.14494	817.00806	162.33197	981.9355	3.9258513	6.517821	4.251465	98.28965	-12.309177	-816.32764	72.38459	26907.390929222107
141	11236.971	138.59492	11484.266	11016.694	10758.779	132.15334	10985.423	10662.081	10758.779	132.15334	10985.423	10662.081	11236.971	138.59492	11484.266	11016.694	1000.0	1000.0	563999	819.3355	161.09442	984.3529	3.9329567	819.3356	161.09665	988.0536	3.9496472	6.5342917	4.20538	92.78218	-12.553473	-818.6291	72.779396	27091.12351822853
142	10905.829	82.749374	11082.521	10763.866	10745.064	237.83514	10934.885	10337.135	10745.064	237.83514	10934.885	10337.135	10905.829	82.749374	11082.521	10763.866	1000.0	1000.0	567999	819.756	161.41269	989.3936	-27.49536	819.7559	161.41472	987.26373	3.9729166	6.492111	4.1850066	53.925495	-13.095565	-819.00824	77.58014	27283.071121931076
143	11307.897	417.868	11639.001	10100.016	10679.038	100.83169	10786.258	10513.566	10679.038	100.83169	10786.258	10513.566	11307.897	417.868	11639.001	10100.016	1000.0	1000.0	571999	820.69354	161.14554	983.51105	-10.722172	820.69446	161.14648	984.01025	3.99749	6.50324	4.2549396	52.479603	-11.278238	-819.96655	78.02061	27472.660944461823
144	11264.287	124.51421	11545.317	11107.152	10742.859	102.382866	10899.463	10632.015	10742.859	102.382866	10899.463	10632.015	11264.287	124.51421	11545.317	11107.152	1000.0	1000.0	575999	821.74133	160.27106	988.307	-11.415417	821.7416	160.27145	985.7624	4.0185623	6.463872	4.2419987	45.910305	-12.773991	-820.9653	75.72631	27665.49398446083
145	11173.949	124.62695	11447.306	10987.148	10793.947	109.12443	10958.58	10651.665	10793.947	109.12443	10958.58	10651.665	11173.949	124.62695	11447.306	10987.148	1000.0	1000.0	579999	822.0991	161.10217	988.0072	-12.660652	822.0997	161.10074	990.5093	4.0401483	6.5497313	4.237902	45.74117	-11.619013	-821.3516	74.640366	27899.212239265442
146	11064.484	96.54487	11258.058	10841.729	10730.674	160.73653	10953.881	10524.006	10730.674	160.73653	10953.881	10524.006	11064.484	96.54487	11258.058	10841.729	1000.0	1000.0	583999	823.6716	160.28229	988.4306	-9.012179	823.6728	160.28041	988.4015	4.0621686	6.5516005	4.2507486	70.56678	-12.019309	-822.9406	76.78753	28132.94470000267
147	11229.796	178.78157	11519.752	10946.813	10177.982	911.29193	10847.783	8612.981	10177.982	911.29193	10847.783	8612.981	11229.796	178.78157	11519.752	10946.813	1000.0	1000.0	587999	825.0061	161.03287	994.01483	-12.953991	825.0062	161.03183	990.84644	4.0855985	6.5930996	4.2595706	50.905796	-12.181621	-824.27026	75.33516	28347.172220230103
148	11127.439	280.00137	11503.307	10489.526	10838.35	227.83383	11068.351	10521.2705	10838.35	227.83383	11068.351	10521.2705	11127.439	280.00137	11503.307	10489.526	1000.0	1000.0	591999	826.688	159.76157	994.3382	-15.018957	826.6881	159.76845	997.2781	4.10716	6.56206	4.2651567	91.09895	-13.603268	-825.9231	84.379776	28542.671135902405
149	10963.195	130.18864	11193.954	10778.285	10657.893	98.731995	10808.701	10534.228	10657.893	98.731995	10808.701	10534.228	10963.195	130.18864	11193.954	10778.285	1000.0	1000.0	595999	827.26794	161.12932	992.5937	-18.387487	827.2682	161.13066	995.5528	4.130287	6.6488175	4.2370696	73.58079	-11.474541	-826.5145	85.10873	28737.701558351517
150	11062.368	126.3522	11281.919	10892.736	10777.217	198.53313	11085.598	10533.754	10777.217	198.53313	11085.598	10533.754	11062.368	126.3522	11281.919	10892.736	1000.0	1000.0	599999	827.87726	160.51802	992.24097	-26.521889	827.8779	160.51833	992.3938	4.153694	6.600822	4.2399516	96.6481	-12.763136	-827.04736	81.567795	28928.422317028046
151	10333.169	861.51013	11009.883	7847.2046	10867.902	100.64801	10943.093	10697.705	10867.902	100.64801	10943.093	10697.705	10333.169	861.51013	11009.883	7847.2046	1000.0	1000.0	603999	829.303	159.92285	992.6822	0.91603494	829.3028	159.92491	991.69006	4.1770425	6.580132	4.271523	82.5058	-13.397536	-828.54175	80.7072	29111.323996543884
152	11125.006	122.06964	11304.905	10916.318	10906.432	147.9663	11074.003	10698.706	10906.432	147.9663	11074.003	10698.706	11125.006	122.06964	11304.905	10916.318	1000.0	1000.0	607999	830.38	159.7124	992.76154	-7.905748	830.3803	159.71591	991.352	4.2027416	6.6389375	4.2652087	57.283085	-12.977634	-829.6239	75.73151	29294.646078824997
153	11029.1045	115.45759	11175.73	10803.358	10743.778	133.89542	10947.918	10597.667	10743.778	133.89542	10947.918	10597.667	11029.1045	115.45759	11175.73	10803.358	1000.0	1000.0	611999	831.8379	159.1254	993.8652	-6.6961026	831.837	159.13165	993.3789	4.2276297	6.5565095	4.2342935	65.11247	-12.866663	-831.0749	75.19494	29484.411681175232
154	10260.682	104.52232	10397.019	10113.957	10793.569	84.22478	10908.626	10671.287	10793.569	84.22478	10908.626	10671.287	10260.682	104.52232	10397.019	10113.957	1000.0	1000.0	615999	832.73145	158.93773	995.5147	-4.778891	832.7324	158.93477	994.43536	4.253079	6.5890117	4.262414	64.512856	-12.768628	-831.94965	74.37111	29712.665653705597
155	11329.502	151.30936	11503.564	11028.705	10811.664	148.51457	11031.735	10637.307	10811.664	148.51457	11031.735	10637.307	11329.502	151.30936	11503.564	11028.705	1000.0	1000.0	619999	833.57434	159.61893	992.57196	4.263104	833.5734	159.62515	993.32056	4.277381	6.603272	4.2786407	76.936165	-12.708879	-832.7853	78.49668	29941.127353429794
156	11366.304	105.0109	11522.7	11208.057	11003.526	161.8671	11195.552	10823.355	11003.526	161.8671	11195.552	10823.355	11366.304	105.0109	11522.7	11208.057	1000.0	1000.0	623999	834.30414	159.6209	997.0592	-6.891413	834.3041	159.62466	995.6905	4.3012843	6.5803533	4.253258	96.82046	-11.888075	-833.475	84.25445	30173.249081373215
157	11399.846	150.08188	11693.558	11214.429	10906.846	239.37155	11237.051	10577.891	10906.846	239.37155	11237.051	10577.891	11399.846	150.08188	11693.558	11214.429	1000.0	1000.0	627999	835.2556	159.25156	997.79755	-11.7550335	835.25635	159.25197	1003.29553	4.3237815	6.644167	4.269114	72.34073	-12.113873	-834.4487	80.36134	30408.348273038864
158	11380.864	172.14616	11591.384	11133.282	10898.892	85.24245	11031.099	10814.975	10898.892	85.24245	11031.099	10814.975	11380.864	172.14616	11591.384	11133.282	1000.0	1000.0	631999	836.49176	158.3716	998.23	-10.938122	836.49286	158.37102	1000.9816	4.347459	6.7046323	4.294837	64.99304	-11.696598	-835.6794	80.35839	30643.621437072754
159	10676.547	2052.597	11851.933	4548.3374	10962.064	172.18976	11197.667	10716.975	10962.064	172.18976	11197.667	10716.975	10676.547	2052.597	11851.933	4548.3374	1000.0	1000.0	635999	837.7208	158.00063	998.9351	-14.278833	837.72	158.00267	1001.39526	4.371778	6.66594	4.2399287	58.44073	-13.842298	-836.9126	77.93398	30902.59880256653
160	10432.033	2469.4556	11839.917	4411.9365	10993.808	157.92072	11186.528	10802.312	10993.808	157.92072	11186.528	10802.312	10432.033	2469.4556	11839.917	4411.9365	1000.0	1000.0	639999	838.9295	157.9043	1004.8446	-0.9537144	838.93005	157.9085	1007.78204	4.3970647	6.62937	4.2511444	65.725494	-16.527866	-838.1739	77.94233	31162.040256261826
161	11411.998	77.05228	11530.136	11283.894	10919.448	110.4317	11032.255	10750.248	10919.448	110.4317	11032.255	10750.248	11411.998	77.05228	11530.136	11283.894	1000.0	1000.0	643999	840.49713	158.13742	1003.58014	-1.3182817	840.4972	158.13806	1005.6752	4.422078	6.6689987	4.2123194	59.217667	-11.96887	-839.6747	78.132454	31372.194486379623
162	10853.706	229.35367	11251.288	10520.579	10853.372	120.779526	10991.901	10713.84	10853.372	120.779526	10991.901	10713.84	10853.706	229.35367	11251.288	10520.579	1000.0	1000.0	647999	840.93146	159.62196	1003.47864	2.4099083	840.9315	159.62071	1008.005	4.4470162	6.6601706	4.273828	74.10905	-14.076242	-840.16437	79.57445	31555.830622196198
163	11238.881	158.40549	11476.52	10934.096	9255.172	2945.2769	11230.119	4172.4204	9255.172	2945.2769	11230.119	4172.4204	11238.881	158.40549	11476.52	10934.096	1000.0	1000.0	651999	842.7291	159.0032	1002.3137	4.457887	842.7301	159.00226	1006.64325	4.471494	6.7107487	4.265131	54.3855	-14.4433565	-841.9059	80.55962	31739.939489603043
164	11364.8545	141.97452	11614.765	11150.6045	8525.126	3994.7314	10944.477	1608.716	8525.126	3994.7314	10944.477	1608.716	11364.8545	141.97452	11614.765	11150.6045	1000.0	1000.0	655999	841.7547	163.0861	1005.3805	-7.1318984	841.7539	163.08852	1004.6659	4.4958816	6.5444174	4.278146	62.04073	-14.162283	-840.9408	81.94178	31925.00188422203
165	9549.436	2555.2537	10855.464	1985.4893	10916.494	124.62663	11061.119	10718.275	10916.494	124.62663	11061.119	10718.275	9549.436	2555.2537	10855.464	1985.4893	1000.0	1000.0	659999	842.65063	162.24368	1002.0494	-21.058996	842.6501	162.24315	1006.4108	4.5222497	6.6986127	4.3215213	59.885315	-11.208314	-841.76733	91.23028	32112.79236793518
166	11552.376	138.61267	11781.859	11322.225	10884.795	204.7219	11121.078	10557.384	10884.795	204.7219	11121.078	10557.384	11552.376	138.61267	11781.859	11322.225	1000.0	1000.0	663999	842.93384	162.3664	1005.5455	-17.458347	842.9349	162.36314	1006.9327	4.5492606	6.731366	4.260658	66.454666	-11.714918	-842.10876	84.31826	32304.21318435669
167	11259.48	81.22775	11413.2295	11142.106	10858.354	148.79984	11028.05	10618.929	10858.354	148.79984	11028.05	10618.929	11259.48	81.22775	11413.2295	11142.106	1000.0	1000.0	667999	844.36945	161.81184	1005.26355	-14.428886	844.36975	161.81302	1004.48444	4.5744886	6.68077	4.2271466	66.154564	-13.91341	-843.52527	86.0072	32499.735503435135
168	11522.837	125.17523	11710.693	11257.767	10892.349	135.14668	11104.389	10762.918	10892.349	135.14668	11104.389	10762.918	11522.837	125.17523	11710.693	11257.767	1000.0	1000.0	671999	845.14294	162.27109	1006.48724	-9.908013	845.1429	162.2698	1010.5059	4.60047	6.653659	4.2126966	89.60944	-13.245413	-844.29315	78.80432	32688.139350891113
169	11546.555	125.298096	11822.604	11351.103	10922.035	160.95938	11111.726	10680.991	10922.035	160.95938	11111.726	10680.991	11546.555	125.298096	11822.604	11351.103	1000.0	1000.0	675999	846.1223	162.17712	1004.4899	-12.940714	846.1233	162.17639	1003.8513	4.6267815	6.614822	4.2743325	62.858486	-14.5903425	-845.29614	78.41902	32876.680673360825
170	11441.679	212.12656	11800.856	11097.923	10914.689	146.86232	11160.073	10787.9795	10914.689	146.86232	11160.073	10787.9795	11441.679	212.12656	11800.856	11097.923	1000.0	1000.0	679999	846.9477	162.1949	1004.47906	-19.87769	846.94727	162.19312	1011.44763	4.6524343	6.574754	4.271719	66.81502	-12.603124	-846.0705	80.07807	33066.46612787247
171	10894.87	1694.7487	11655.095	5828.8433	10932.092	75.69413	10990.94	10805.192	10932.092	75.69413	10990.94	10805.192	10894.87	1694.7487	11655.095	5828.8433	1000.0	1000.0	683999	848.08093	161.36858	1007.04974	-12.458374	848.0816	161.37184	1004.1793	4.676992	6.6620255	4.288105	84.63977	-12.186037	-847.2086	80.934875	33254.86392498016
172	11379.017	108.64591	11593.83	11257.009	10921.381	52.2412	10981.382	10868.134	10921.381	52.2412	10981.382	10868.134	11379.017	108.64591	11593.83	11257.009	1000.0	1000.0	687999	848.7484	161.5301	1009.0763	2.594717	848.7484	161.5324	1007.68427	4.702925	6.6085644	4.239208	58.13028	-13.000519	-847.90063	80.12407	33442.66966056824
173	11051.354	183.20047	11355.549	10712.178	10949.447	91.11698	11035.758	10796.465	10949.447	91.11698	11035.758	10796.465	11051.354	183.20047	11355.549	10712.178	1000.0	1000.0	691999	849.66754	161.69414	1012.3793	-4.1785655	849.66846	161.69281	1011.602	4.731861	6.6749377	4.284104	92.901825	-12.45777	-848.80176	77.63226	33680.75651168823
174	11434.467	201.05693	11737.236	11017.641	10887.786	142.4271	11133.352	10783.796	10887.786	142.4271	11133.352	10783.796	11434.467	201.05693	11737.236	11017.641	1000.0	1000.0	695999	850.21295	161.73277	1014.66144	-6.2011023	850.2129	161.73587	1014.1442	4.7556334	6.6412487	4.262949	75.61497	-14.543564	-849.3373	91.62638	33938.94557952881
175	11387.486	96.89484	11529.244	11209.938	10921.53	152.92467	11167.126	10772.38	10921.53	152.92467	11167.126	10772.38	11387.486	96.89484	11529.244	11209.938	1000.0	1000.0	699999	851.5917	161.77074	1013.4691	-25.869413	851.5912	161.77031	1012.17755	4.782296	6.542632	4.221584	86.94076	-14.818726	-850.72833	78.46155	34188.43153882027
176	11468.209	140.83588	11665.711	11226.156	10985.117	84.46069	11127.379	10908.005	10985.117	84.46069	11127.379	10908.005	11468.209	140.83588	11665.711	11226.156	1000.0	1000.0	703999	853.22327	160.6642	1010.5915	-13.7930355	853.2235	160.66168	1011.99384	4.8068604	6.678609	4.243459	66.16498	-11.188897	-852.33673	81.0096	34420.01382160187
177	11365.973	135.40968	11542.741	11120.894	10750.333	203.58182	11067.265	10499.619	10750.333	203.58182	11067.265	10499.619	11365.973	135.40968	11542.741	11120.894	1000.0	1000.0	707999	853.53174	161.22299	1020.02106	-11.620588	853.5328	161.21991	1017.84467	4.8335595	6.7442718	4.232966	86.293396	-11.994912	-852.6777	81.57577	34651.22934174538
178	11163.643	202.31552	11475.434	10788.899	11032.595	198.89792	11300.62	10771.925	11032.595	198.89792	11300.62	10771.925	11163.643	202.31552	11475.434	10788.899	1000.0	1000.0	711999	854.7217	160.14586	1017.4928	-24.77805	854.72186	160.1461	1014.0394	4.8577843	6.695268	4.215405	51.78409	-13.764713	-853.8089	81.082	34895.51000189781
179	11335.314	77.573044	11452.968	11221.416	11084.102	115.78566	11221.791	10941.469	11084.102	115.78566	11221.791	10941.469	11335.314	77.573044	11452.968	11221.416	1000.0	1000.0	715999	855.5175	159.4855	1016.1898	-20.566294	855.5167	159.49017	1019.75824	4.885293	6.77603	4.279331	62.544384	-13.123047	-854.65656	78.58713	35148.99578022957
180	11638.289	131.22404	11779.098	11345.314	10134.051	1228.6938	11026.039	8015.0303	10134.051	1228.6938	11026.039	8015.0303	11638.289	131.22404	11779.098	11345.314	1000.0	1000.0	719999	856.41034	160.5134	1023.547	-14.696775	856.4099	160.51758	1019.65	4.9109116	6.7919693	4.3273582	67.00111	-15.288706	-855.5094	86.491844	35388.490944862366
181	11573.898	104.56168	11693.457	11392.305	11001.177	211.63377	11350.388	10783.223	11001.177	211.63377	11350.388	10783.223	11573.898	104.56168	11693.457	11392.305	1000.0	1000.0	723999	856.8234	161.57422	1022.01794	-15.008504	856.82336	161.57811	1024.253	4.9381347	6.7138	4.2964973	79.99079	-11.200243	-855.9479	88.662544	35574.19772338867
182	11295.549	108.634544	11505.527	11059.526	11156.231	86.77026	11229.582	11014.86	11156.231	86.77026	11229.582	11014.86	11295.549	108.634544	11505.527	11059.526	1000.0	1000.0	727999	857.8421	161.7823	1019.4191	-3.5626583	857.8427	161.78053	1018.2523	4.960371	6.764388	4.3386383	66.58396	-11.881193	-856.9415	100.020454	35759.982666015625
183	11423.7	125.156876	11654.024	11267.245	10926.402	153.83318	11157.251	10735.814	10926.402	153.83318	11157.251	10735.814	11423.7	125.156876	11654.024	11267.245	1000.0	1000.0	731999	859.1044	160.76321	1026.8042	-16.929276	859.10504	160.76091	1026.8287	4.9875665	6.7972875	4.295733	100.96096	-11.734125	-858.1881	87.30202	35945.78857469559
184	11492.779	149.09128	11819.871	11341.905	11044.971	84.4398	11107.16	10899.52	11044.971	84.4398	11107.16	10899.52	11492.779	149.09128	11819.871	11341.905	1000.0	1000.0	735999	859.16547	160.62468	1022.7477	-2.8655005	859.16504	160.62674	1022.756	5.0146637	6.7925396	4.3098574	72.60288	-13.545573	-858.2499	84.68073	36130.56030893326
185	11656.247	156.75887	11947.741	11352.469	11131.572	184.51212	11317.822	10831.633	11131.572	184.51212	11317.822	10831.633	11656.247	156.75887	11947.741	11352.469	1000.0	1000.0	739999	860.1318	160.14897	1023.3128	-11.432079	860.13153	160.1496	1023.0165	5.0431314	6.790327	4.3445244	70.60411	-12.672791	-859.2211	86.745544	36315.059190273285
186	11526.838	145.26846	11865.385	11309.237	11221.455	92.1163	11343.256	11097.871	11221.455	92.1163	11343.256	11097.871	11526.838	145.26846	11865.385	11309.237	1000.0	1000.0	743999	861.33075	160.05388	1027.1233	-3.4751887	861.3318	160.05751	1029.5155	5.070568	6.7547164	4.297004	73.96725	-14.093725	-860.4264	78.561325	36499.525577783585
187	11550.404	153.94258	11753.325	11284.954	10767.168	380.72305	11070.145	10118.505	10767.168	380.72305	11070.145	10118.505	11550.404	153.94258	11753.325	11284.954	1000.0	1000.0	747999	861.8637	160.19821	1026.5679	-11.607697	861.86456	160.19048	1028.3947	5.0966105	6.8148894	4.3229795	83.31401	-12.662392	-860.8962	89.31725	36723.51426386833
188	10836.673	53.02934	10936.996	10737.015	10922.431	187.67339	11200.146	10672.945	10922.431	187.67339	11200.146	10672.945	10836.673	53.02934	10936.996	10737.015	1000.0	1000.0	751999	862.13184	160.14333	1022.8499	-23.006836	862.1318	160.14436	1023.7515	5.1225433	6.7589264	4.322948	94.029564	-12.309208	-861.17346	90.162766	36961.079215049744
189	11450.026	113.385376	11591.198	11173.03	11155.172	118.83949	11303.468	11008.637	11155.172	118.83949	11303.468	11008.637	11450.026	113.385376	11591.198	11173.03	1000.0	1000.0	755999	862.8012	159.7533	1023.8542	-17.974121	862.80206	159.75424	1029.5077	5.1493154	6.7692375	4.2832355	78.68537	-12.375366	-861.86285	86.28341	37188.41410136223
190	11176.926	84.74957	11309.34	10977.774	10874.816	189.22559	11076.113	10623.436	10874.816	189.22559	11076.113	10623.436	11176.926	84.74957	11309.34	10977.774	1000.0	1000.0	759999	863.0364	160.03456	1025.0353	-23.444191	863.03613	160.03238	1022.26715	5.17694	6.779564	4.331511	80.15087	-13.753988	-862.08154	86.97831	37374.4064180851
191	11601.62	119.52722	11814.971	11378.065	10868.372	247.33339	11267.506	10596.6875	10868.372	247.33339	11267.506	10596.6875	11601.62	119.52722	11814.971	11378.065	1000.0	1000.0	763999	863.38416	159.33939	1020.648	-26.130983	863.3844	159.33975	1026.0963	5.2060633	6.870867	4.321995	72.09833	-13.094212	-862.41986	95.326485	37558.9014852047
192	11177.244	131.95605	11356.382	10908.349	10923.721	99.19583	11028.932	10789.475	10923.721	99.19583	11028.932	10789.475	11177.244	131.95605	11356.382	10908.349	1000.0	1000.0	767999	863.1681	159.47261	1026.0931	-15.534826	863.168	159.47594	1026.5475	5.234949	6.9325795	4.354145	66.595314	-12.365389	-862.2017	96.216125	37744.10826873779
193	11487.933	128.01558	11787.092	11244.652	11051.273	108.19314	11174.213	10931.071	11051.273	108.19314	11174.213	10931.071	11487.933	128.01558	11787.092	11244.652	1000.0	1000.0	771999	864.21326	158.2845	1033.5713	0.29633522	864.2136	158.28564	1030.1703	5.2607484	6.93231	4.3199797	75.02549	-12.008303	-863.2517	85.45127	38004.21947360039
194	11684.88	79.95064	11788.81	11561.437	11003.744	150.5681	11172.4	10785.071	11003.744	150.5681	11172.4	10785.071	11684.88	79.95064	11788.81	11561.437	1000.0	1000.0	775999	864.7748	158.76581	1029.8857	-21.184114	864.77454	158.769	1029.1948	5.287525	6.9067783	4.339195	93.889496	-14.01164	-863.8394	87.52187	38268.324875593185
195	11586.234	164.59744	11813.005	11335.096	11044.151	235.22733	11262.288	10676.452	11044.151	235.22733	11262.288	10676.452	11586.234	164.59744	11813.005	11335.096	1000.0	1000.0	779999	865.2888	159.19266	1028.0778	-6.622611	865.2887	159.1937	1030.4622	5.3142037	6.8555193	4.323265	115.70174	-12.197813	-864.2983	88.28689	38483.83500123024
196	11164.913	104.34829	11382.242	11004.675	11043.207	84.81568	11148.244	10919.9375	11043.207	84.81568	11148.244	10919.9375	11164.913	104.34829	11382.242	11004.675	1000.0	1000.0	783999	866.00073	158.94543	1029.8417	-8.167643	866.00085	158.94777	1029.1744	5.3424163	6.8986325	4.3093553	99.695564	-12.506041	-865.0346	93.68158	38677.7631585598
197	11202.355	85.69406	11312.596	11070.314	11084.547	152.64294	11287.655	10890.326	11084.547	152.64294	11287.655	10890.326	11202.355	85.69406	11312.596	11070.314	1000.0	1000.0	787999	866.2216	159.38135	1032.1926	-9.584654	866.2204	159.3857	1031.7566	5.3705873	6.915253	4.2943745	73.94026	-11.438888	-865.19385	101.10508	38871.48064279556
198	11460.424	124.5716	11708.066	11265.619	11020.64	170.29712	11257.748	10821.778	11020.64	170.29712	11257.748	10821.778	11460.424	124.5716	11708.066	11265.619	1000.0	1000.0	791999	867.0415	158.62373	1035.7878	-21.3685	867.0417	158.62126	1033.4117	5.3974156	6.873687	4.262902	53.297142	-11.292866	-866.0482	92.368675	39092.57906794548
199	11689.101	102.99108	11891.708	11563.037	11116.296	45.45135	11190.529	11071.37	11116.296	45.45135	11190.529	11071.37	11689.101	102.99108	11891.708	11563.037	1000.0	1000.0	795999	867.5002	158.82986	1033.5771	-16.164886	867.5004	158.83429	1028.989	5.423369	6.878246	4.2662077	85.12153	-14.34309	-866.52625	90.42905	39331.906133413315
200	11544.755	124.64934	11709.147	11279.585	11085.324	121.29036	11258.491	10945.085	11085.324	121.29036	11258.491	10945.085	11544.755	124.64934	11709.147	11279.585	1000.0	1000.0	799999	869.01154	157.22966	1030.0311	-18.799675	869.01184	157.22919	1036.5338	5.449991	6.8767495	4.29488	74.21777	-14.746578	-868.02484	89.11343	39567.352548360825
